0 0.26564220814977973 0.43461820851688693 0.0265625 0.0375
0 0.23828125 0.5770833333333333 0.0265625 0.0375
0 0.24216197709163345 0.85625 0.0265625 0.0375
0 0.19453125 0.8458333333333333 0.0265625 0.0375
0 0.08359375 0.80625 0.0265625 0.0375
0 0.017901872568093384 0.7562013618677043 0.0265625 0.0375
0 0.13515625 0.18958333333333333 0.0265625 0.0375
0 0.246875 0.19166666666666668 0.0265625 0.041666666666666664
0 0.25517578125 0.137890625 0.0265625 0.0375
0 0.2821380395683453 0.22069094724220623 0.0265625 0.0375
0 0.28349414840637455 0.3397161354581673 0.0265625 0.0375
0 0.13546875 0.5289583333333333 0.028125 0.04999999999999994
0 0.53974609375 0.9610677083333333 0.0265625 0.0375
0 0.6345272775423729 0.5877471751412429 0.0265625 0.0375
0 0.48828125 0.86875 0.0265625 0.0375
0 0.8445115269985974 0.8516216690042077 0.0265625 0.0375
0 0.8351365269985974 0.9766216690042077 0.0265625 0.0375
0 0.851938332748948 0.7526238896680691 0.0265625 0.0375
0 0.828125 0.43645833333333334 0.025 0.03958333333333333
0 0.8666347163865546 0.409375 0.025 0.03958333333333333
0 0.6622936958874459 0.17960858585858588 0.0265625 0.03333333333333333
0 0.770503890562249 0.08242971887550202 0.0265625 0.03333333333333333
0 0.71015625 0.6354166666666666 0.0265625 0.03333333333333333
0 0.5721433683206106 0.5284112595419848 0.02752862595419847 0.033333333333333395
0 0.4860438959143969 0.4057149805447471 0.0265625 0.03333333333333333
0 0.00546875 0.30520833333333336 0.0109375 0.035416666666666666
0 0.5109375 0.47291666666666665 0.028125 0.0375
0 0.7403645833333333 0.12708333333333333 0.0265625 0.03333333333333333
0 0.9765342620481927 0.8502635542168675 0.0234375 0.035416666666666666
0 0.58828125 0.11875 0.0296875 0.05
0 0.6015625 0.20625 0.025 0.04583333333333333
0 0.02109375 0.059375 0.0296875 0.03958333333333333
0 0.85625 0.22395833333333334 0.0375 0.04375
0 0.9921875 0.3 0.015625 0.0375
0 0.49828330592105263 0.7413856907894736 0.0421875 0.04375
0 0.5023809523809524 0.022602513227513225 0.025 0.02708333333333333
0 0.23020833333333335 0.2652777777777778 0.028125 0.037500000000000026
0 0.5174479166666667 0.01215277777777778 0.0296875 0.01875
0 0.36988839285714287 0.018355654761904764 0.0234375 0.02516369047619048
1 0.57109375 0.13333333333333333 0.0890625 0.1125
1 0.3203125 0.21041666666666667 0.103125 0.09583333333333334
