0 0.27419109513274337 0.41815388397246805 0.0265625 0.0375
0 0.23828125 0.5799589201877935 0.0265625 0.0375
0 0.24440654342723006 0.8524158841940532 0.0265625 0.0375
0 0.19453125 0.8458333333333333 0.0265625 0.0375
0 0.08359375 0.80625 0.0265625 0.0375
0 0.02793794014084507 0.7293329420970267 0.0265625 0.0375
0 0.13515625 0.18958333333333333 0.0265625 0.0375
0 0.20717329545454546 0.13996212121212123 0.0265625 0.03750000000000001
0 0.301328125 0.10222222222222223 0.0265625 0.0375
0 0.28450989208633093 0.21752847721822544 0.0265625 0.0375
0 0.31315654342723004 0.3075410798122066 0.0265625 0.0375
0 0.35442708333333334 0.21319444444444444 0.0265625 0.041666666666666664
0 0.5782827171361502 0.8830399061032864 0.0265625 0.0375
0 0.6445402817919075 0.5659621868978806 0.0265625 0.0375
0 0.48828125 0.86875 0.0265625 0.0375
0 0.64609375 0.8125 0.0234375 0.0375
0 0.848210685483871 0.840524193548387 0.0265625 0.0375
0 0.838835685483871 0.965524193548387 0.0265625 0.0375
0 0.8547127016129032 0.7489247311827957 0.0265625 0.0375
0 0.96875 0.7833333333333333 0.0265625 0.04375
0 0.828125 0.43645833333333334 0.025 0.03958333333333333
0 0.868297006302521 0.409375 0.025 0.03958333333333333
0 0.6549479166666667 0.14479166666666668 0.0234375 0.035416666666666666
0 0.6717345910138249 0.13910330261136714 0.0265625 0.03333333333333335
0 0.770917014781491 0.06619537275064266 0.0265625 0.033333333333333326
0 0.71159404342723 0.63733372456964 0.0265625 0.03333333333333333
0 0.58996845657277 0.48704029733959314 0.0265625 0.03333333333333333
0 0.49909404342723 0.38670774647887324 0.0265625 0.03333333333333333
0 0.024531249999999998 0.4708333333333333 0.0296875 0.0375
0 0.01611328125 0.2298828125 0.0265625 0.03333333333333333
0 0.1296875 0.30885416666666665 0.028125 0.0375
0 0.753125 0.734375 0.0265625 0.03333333333333333
0 0.9903285435267858 0.7735630580357143 0.019342912946428648 0.034402901785714236
0 0.634375 0.403125 0.025 0.035416666666666666
0 0.58828125 0.11875 0.0296875 0.05
0 0.6015625 0.20625 0.025 0.04583333333333333
0 0.29453125 0.61875 0.0390625 0.041666666666666664
0 0.5359375 0.5822916666666667 0.028125 0.035416666666666666
0 0.85625 0.22395833333333334 0.0375 0.04375
0 0.5112972861842106 0.7211417214912281 0.0421875 0.04375
1 0.57109375 0.13333333333333333 0.0890625 0.1125
1 0.3203125 0.21041666666666667 0.103125 0.09583333333333334
