0 0.273873064159292 0.41928466076696164 0.0265625 0.0375
0 0.23828125 0.5792840375586855 0.0265625 0.0375
0 0.24406910211267605 0.8533157276995306 0.0265625 0.0375
0 0.19453125 0.8458333333333333 0.0265625 0.0375
0 0.08359375 0.80625 0.0265625 0.0375
0 0.027431778169014088 0.7297828638497652 0.0265625 0.0375
0 0.13515625 0.18958333333333333 0.0265625 0.0375
0 0.21380208333333334 0.15307539682539684 0.0265625 0.0375
0 0.2986328125 0.10381944444444445 0.0265625 0.0375
0 0.28438062050359714 0.21770083932853718 0.0265625 0.0375
0 0.31281910211267605 0.30821596244131455 0.0265625 0.0375
0 0.3671875 0.26875 0.0265625 0.041666666666666664
0 0.5765955105633803 0.8850645539906102 0.0265625 0.0375
0 0.643917088150289 0.5666546242774566 0.0265625 0.0375
0 0.48828125 0.86875 0.0265625 0.0375
0 0.68828125 0.8236111111111111 0.0234375 0.0375
0 0.8480090725806452 0.8411290322580646 0.0265625 0.0375
0 0.8386340725806452 0.9661290322580646 0.0265625 0.0375
0 0.8545614919354838 0.7491263440860215 0.0265625 0.0375
0 0.97109375 0.7989583333333333 0.0265625 0.04375
0 0.828125 0.43645833333333334 0.025 0.03958333333333333
0 0.8682064075630253 0.409375 0.025 0.03958333333333333
0 0.6328125 0.16197916666666667 0.0234375 0.035416666666666666
0 0.6712377592165899 0.1410906298003072 0.0265625 0.03333333333333332
0 0.7711941677377891 0.06693444730077121 0.0265625 0.03333333333333333
0 0.711256602112676 0.6368838028169015 0.0265625 0.03333333333333333
0 0.5903058978873239 0.4886150234741784 0.0265625 0.03333333333333333
0 0.4987566021126761 0.3873826291079812 0.0265625 0.03333333333333333
0 0.019791666666666666 0.529513888888889 0.02395833333333333 0.039583333333333394
0 0.01536458333333333 0.234375 0.0265625 0.03333333333333333
0 0.1625 0.25833333333333336 0.028125 0.0375
0 0.76484375 0.69375 0.0265625 0.03333333333333333
0 0.9910505022321429 0.7745256696428572 0.017898995535714234 0.03461681547619051
0 0.62625 0.4475 0.025 0.03333333333333333
0 0.58828125 0.11875 0.0296875 0.05
0 0.6015625 0.20625 0.025 0.04583333333333333
0 0.27578125 0.5875 0.0359375 0.04583333333333333
0 0.44296875 0.5291666666666667 0.0328125 0.0375
0 0.85625 0.22395833333333334 0.0375 0.04375
0 0.5105879934210527 0.7222450657894737 0.0421875 0.04375
1 0.57109375 0.13333333333333333 0.0890625 0.1125
1 0.3203125 0.21041666666666667 0.103125 0.09583333333333334
