0 0.26484375 0.4354166666666667 0.0265625 0.0375
0 0.23828125 0.5770833333333333 0.0265625 0.0375
0 0.2409269173306773 0.85625 0.0265625 0.0375
0 0.19453125 0.8458333333333333 0.0265625 0.0375
0 0.08359375 0.80625 0.0265625 0.0375
0 0.0055078125 0.8092187499999999 0.011015625 0.03322916666666664
0 0.13515625 0.18958333333333333 0.0265625 0.0375
0 0.31048519736842106 0.22247807017543858 0.0265625 0.041666666666666664
0 0.23834375 0.17479999999999998 0.0265625 0.0375
0 0.2733324795081967 0.2378688524590164 0.0265625 0.0375
0 0.24000719142259413 0.3760373082287308 0.0265625 0.0375
0 0.5375560486822841 0.9781997315763787 0.0265625 0.0375
0 0.6303148234200744 0.609448574969021 0.0265625 0.0375
0 0.48828125 0.86875 0.0265625 0.0375
0 0.84296875 0.85625 0.0265625 0.0375
0 0.83359375 0.98125 0.0265625 0.0375
0 0.8425091911764706 0.7541666666666667 0.0265625 0.0375
0 0.828125 0.43645833333333334 0.025 0.03958333333333333
0 0.8646809348739495 0.409375 0.025 0.03958333333333333
0 0.632359375 0.23529166666666665 0.0265625 0.03333333333333333
0 0.7570867703045685 0.10617597292724197 0.0265625 0.03333333333333333
0 0.71015625 0.6354166666666666 0.0265625 0.03333333333333333
0 0.5256651182432432 0.5941582207207207 0.0296875 0.03333333333333333
0 0.4640285326086956 0.4369565217391304 0.0265625 0.03333333333333333
0 0.9145833333333334 0.41111111111111115 0.028125 0.0375
0 0.9370266879562044 0.9610477493917275 0.0234375 0.035416666666666666
0 0.58828125 0.11875 0.0296875 0.05
0 0.6015625 0.20625 0.025 0.04583333333333333
0 0.85625 0.22395833333333334 0.0375 0.04375
0 0.4904524423543689 0.7523134101941747 0.0421875 0.04375
0 0.90546875 0.571875 0.0296875 0.03958333333333333
0 0.13971656976744187 0.9497335271317829 0.025 0.03958333333333333
0 0.4852495107632094 0.045708985649054144 0.025 0.027083333333333338
0 0.5074741633858267 0.023056102362204723 0.0296875 0.03125
0 0.3573135080645161 0.06246639784946237 0.0234375 0.027083333333333334
1 0.57109375 0.13333333333333333 0.0890625 0.1125
1 0.3203125 0.21041666666666667 0.103125 0.09583333333333334
