0 0.26484375 0.4354166666666667 0.0265625 0.0375
0 0.23828125 0.5770833333333333 0.0265625 0.0375
0 0.24103896912350598 0.85625 0.0265625 0.0375
0 0.19453125 0.8458333333333333 0.0265625 0.0375
0 0.08359375 0.80625 0.0265625 0.0375
0 0.005667613636363636 0.8043181818181818 0.011335227272727273 0.03280303030303031
0 0.13515625 0.18958333333333333 0.0265625 0.0375
0 0.31171875 0.22083333333333333 0.0265625 0.041666666666666664
0 0.23928124999999997 0.1718 0.0265625 0.0375
0 0.27494620901639344 0.2344877049180328 0.0265625 0.0375
0 0.24324333158995817 0.3740760111576011 0.0265625 0.0375
0 0.5371442624450952 0.9776506832601268 0.0265625 0.0375
0 0.6299227462825279 0.6087515489467162 0.0265625 0.0375
0 0.48828125 0.86875 0.0265625 0.0375
0 0.84296875 0.85625 0.0265625 0.0375
0 0.83359375 0.98125 0.0265625 0.0375
0 0.8436724494485294 0.7541666666666667 0.0265625 0.0375
0 0.828125 0.43645833333333334 0.025 0.03958333333333333
0 0.8648581932773108 0.409375 0.025 0.03958333333333333
0 0.63728125 0.2334166666666667 0.0265625 0.03333333333333333
0 0.7585144352791878 0.10427241962774958 0.0265625 0.03333333333333333
0 0.71015625 0.6354166666666666 0.0265625 0.03333333333333333
0 0.5289907094594595 0.590990990990991 0.0296875 0.03333333333333333
0 0.46530230978260867 0.43272192028985507 0.0265625 0.03333333333333333
0 0.865625 0.4027777777777778 0.028125 0.0375
0 0.941424209770115 0.9514128352490422 0.0234375 0.035416666666666666
0 0.58828125 0.11875 0.0296875 0.05
0 0.6015625 0.20625 0.025 0.04583333333333333
0 0.85625 0.22395833333333334 0.0375 0.04375
0 0.4910497572815534 0.7515169902912622 0.0421875 0.04375
0 0.9296875 0.5229166666666667 0.0296875 0.03958333333333333
0 0.14517045454545455 0.9767045454545454 0.0203125 0.03125
0 0.4856623043052838 0.045158594259621654 0.025 0.02708333333333333
0 0.507197342519685 0.022317913385826775 0.0296875 0.03125000000000001
0 0.3583719758064516 0.058434139784946236 0.0234375 0.027083333333333334
1 0.57109375 0.13333333333333333 0.0890625 0.1125
1 0.3203125 0.21041666666666667 0.103125 0.09583333333333334
