0 0.26484375 0.4354166666666667 0.0265625 0.0375
0 0.23828125 0.5770833333333333 0.0265625 0.0375
0 0.24203249501992033 0.85625 0.0265625 0.0375
0 0.19453125 0.8458333333333333 0.0265625 0.0375
0 0.08359375 0.80625 0.0265625 0.0375
0 0.01663728112840467 0.7602059014267186 0.0265625 0.0375
0 0.13515625 0.18958333333333333 0.0265625 0.0375
0 0.25546875 0.20810185185185184 0.0265625 0.041666666666666664
0 0.2513671875 0.14296875 0.0265625 0.0375
0 0.28184577338129496 0.2210806354916067 0.0265625 0.0375
0 0.27928598107569724 0.3453270252324037 0.0265625 0.0375
0 0.11927083333333333 0.523263888888889 0.028125 0.05000000000000006
0 0.53466796875 0.9708478009259259 0.0265625 0.0375
0 0.6321173199152542 0.5932556497175141 0.0265625 0.0375
0 0.48828125 0.86875 0.0265625 0.0375
0 0.8440557065217391 0.8529891304347825 0.0265625 0.0375
0 0.8346807065217391 0.9779891304347825 0.0265625 0.0375
0 0.8515964673913043 0.7530797101449275 0.0265625 0.0375
0 0.828125 0.43645833333333334 0.025 0.03958333333333333
0 0.8664298844537814 0.409375 0.025 0.03958333333333333
0 0.6615902326839826 0.18289141414141413 0.0265625 0.03333333333333333
0 0.7691986696787149 0.08504016064257029 0.0265625 0.03333333333333333
0 0.71015625 0.6354166666666666 0.0265625 0.03333333333333333
0 0.5678017652671755 0.5346135496183206 0.028148854961832104 0.03333333333333333
0 0.48288241731517506 0.4061365110246433 0.0265625 0.03333333333333333
0 0.5640625 0.5333333333333333 0.028125 0.0375
0 0.6902901785714286 0.10029761904761904 0.0265625 0.03333333333333333
0 0.9755408653846154 0.8588942307692308 0.0234375 0.035416666666666666
0 0.58828125 0.11875 0.0296875 0.05
0 0.6015625 0.20625 0.025 0.04583333333333333
0 0.85625 0.22395833333333334 0.0375 0.04375
0 0.94140625 0.27291666666666664 0.0328125 0.041666666666666664
0 0.4966796875 0.7438802083333333 0.0421875 0.04375
0 0.5039285714285715 0.023978174603174602 0.025 0.027083333333333334
0 0.14375 0.284375 0.028125 0.0375
0 0.5149857954545454 0.012973484848484847 0.0296875 0.01875
0 0.36775705645161294 0.022681451612903226 0.0234375 0.027083333333333334
1 0.57109375 0.13333333333333333 0.0890625 0.1125
1 0.3203125 0.21041666666666667 0.103125 0.09583333333333334
