0 0.26484375 0.4354166666666667 0.0265625 0.0375
0 0.23828125 0.5770833333333333 0.0265625 0.0375
0 0.2412730328685259 0.85625 0.0265625 0.0375
0 0.19453125 0.8458333333333333 0.0265625 0.0375
0 0.08359375 0.80625 0.0265625 0.0375
0 0.006001420454545455 0.7940814393939394 0.01200284090909091 0.031912878787878775
0 0.13515625 0.18958333333333333 0.0265625 0.0375
0 0.31171875 0.23333333333333334 0.0265625 0.041666666666666664
0 0.24123958333333334 0.16553333333333334 0.0265625 0.0375
0 0.2783171106557377 0.22742486338797813 0.0265625 0.0375
0 0.25000326882845186 0.3699790794979079 0.0265625 0.0375
0 0.536284086749634 0.9765037823328453 0.0265625 0.0375
0 0.6291037407063197 0.6072955390334572 0.0265625 0.0375
0 0.48828125 0.86875 0.0265625 0.0375
0 0.84296875 0.85625 0.0265625 0.0375
0 0.83359375 0.98125 0.0265625 0.0375
0 0.8461023667279411 0.7541666666666667 0.0265625 0.0375
0 0.828125 0.43645833333333334 0.025 0.03958333333333333
0 0.8652284663865546 0.409375 0.025 0.03958333333333333
0 0.6456364329268293 0.22627032520325202 0.0265625 0.03333333333333333
0 0.761496668781726 0.10029610829103215 0.0265625 0.03333333333333333
0 0.71015625 0.6354166666666666 0.0265625 0.03333333333333333
0 0.539907525510204 0.5811933106575964 0.0296875 0.03333333333333333
0 0.469986548013245 0.4263245033112583 0.0265625 0.03333333333333333
0 0.7625 0.37916666666666665 0.028125 0.0375
0 0.9498653017241379 0.9300287356321839 0.0234375 0.035416666666666666
0 0.58828125 0.11875 0.0296875 0.05
0 0.6015625 0.20625 0.025 0.04583333333333333
0 0.85625 0.22395833333333334 0.0375 0.04375
0 0.49229748179611654 0.7498533576051779 0.0421875 0.04375
0 0.9703125 0.39479166666666665 0.028125 0.04375
0 0.49040485395189004 0.04066795532646048 0.025 0.027083333333333334
0 0.50703125 0.01982230392156863 0.0296875 0.02714460784313726
0 0.36058299731182797 0.05001120071684588 0.0234375 0.027083333333333334
1 0.57109375 0.13333333333333333 0.0890625 0.1125
1 0.3203125 0.21041666666666667 0.103125 0.09583333333333334
