0 0.26484375 0.4354166666666667 0.0265625 0.0375
0 0.23828125 0.5770833333333333 0.0265625 0.0375
0 0.24021974601593626 0.85625 0.0265625 0.0375
0 0.19453125 0.8458333333333333 0.0265625 0.0375
0 0.08359375 0.80625 0.0265625 0.0375
0 0.13515625 0.18958333333333333 0.0265625 0.0375
0 0.25703125 0.19375 0.0265625 0.041666666666666664
0 0.2129294829842932 0.18342059336823732 0.0265625 0.0375
0 0.2670819256756757 0.25563063063063063 0.0265625 0.0375
0 0.22451171875 0.3951822916666667 0.0265625 0.0375
0 0.53984375 0.98125 0.0265625 0.0375
0 0.6303249215481171 0.6094665271966526 0.0265625 0.0375
0 0.48828125 0.86875 0.0265625 0.0375
0 0.84296875 0.85625 0.0265625 0.0375
0 0.83359375 0.98125 0.0265625 0.0375
0 0.84140625 0.7672794117647059 0.0265625 0.0375
0 0.828125 0.43645833333333334 0.025 0.03958333333333333
0 0.8640625 0.409375 0.025 0.03958333333333333
0 0.6289892465357967 0.23812066974595844 0.0265625 0.03333333333333333
0 0.742362406716418 0.13762437810945274 0.0265625 0.03333333333333333
0 0.71015625 0.6354166666666666 0.0265625 0.03333333333333333
0 0.5031512605042017 0.6066526610644257 0.0296875 0.03333333333333333
0 0.4594174947698745 0.46303172942817294 0.0265625 0.03333333333333333
0 0.58828125 0.11875 0.0296875 0.05
0 0.6015625 0.20625 0.025 0.04583333333333333
0 0.85625 0.22395833333333334 0.0375 0.04375
0 0.48668272148058256 0.7573397046925566 0.0421875 0.04375
0 0.7599609375 0.90078125 0.0296875 0.03958333333333333
0 0.19036458333333334 0.8159722222222222 0.025000000000000022 0.03958333333333333
0 0.48264432485322895 0.04918256686236138 0.025 0.027083333333333334
0 0.5092212106299213 0.027714895013123356 0.0296875 0.031249999999999997
0 0.35703125 0.06354166666666666 0.0234375 0.027083333333333334
0 0.778125 0.25104166666666666 0.034375 0.03958333333333333
0 0.9763839285714286 0.031021825396825395 0.023303571428571423 0.03279761904761904
1 0.57109375 0.13333333333333333 0.0890625 0.1125
1 0.3203125 0.21041666666666667 0.103125 0.09583333333333334
