0 0.26484375 0.4354166666666667 0.0265625 0.0375
0 0.23828125 0.5770833333333333 0.0265625 0.0375
0 0.24141496513944224 0.85625 0.0265625 0.0375
0 0.19453125 0.8458333333333333 0.0265625 0.0375
0 0.08359375 0.80625 0.0265625 0.0375
0 0.006203835227272727 0.7878740530303029 0.012407670454545454 0.03137310606060607
0 0.13515625 0.18958333333333333 0.0265625 0.0375
0 0.30593750000000003 0.23916666666666667 0.0265625 0.041666666666666664
0 0.24242708333333335 0.16173333333333334 0.0265625 0.0375
0 0.2803611680327869 0.22314207650273224 0.0265625 0.0375
0 0.25410237970711297 0.367494769874477 0.0265625 0.0375
0 0.5357624908491947 0.9758083211322596 0.0265625 0.0375
0 0.6286071096654275 0.6064126394052045 0.0265625 0.0375
0 0.48828125 0.86875 0.0265625 0.0375
0 0.84296875 0.85625 0.0265625 0.0375
0 0.83359375 0.98125 0.0265625 0.0375
0 0.8475758272058824 0.7541666666666667 0.0265625 0.0375
0 0.828125 0.43645833333333334 0.025 0.03958333333333333
0 0.865452993697479 0.409375 0.025 0.03958333333333333
0 0.6492568597560975 0.21951219512195122 0.0265625 0.03333333333333333
0 0.7629737700803213 0.09748995983935743 0.0265625 0.03333333333333333
0 0.71015625 0.6354166666666666 0.0265625 0.03333333333333333
0 0.5471779336734695 0.5747307256235827 0.0296875 0.03333333333333333
0 0.47234581953642385 0.4223923841059603 0.0265625 0.03333333333333333
0 0.7125 0.421875 0.028125 0.0375
0 0.9550357680722892 0.9161772088353414 0.0234375 0.035416666666666666
0 0.58828125 0.11875 0.0296875 0.05
0 0.6015625 0.20625 0.025 0.04583333333333333
0 0.85625 0.22395833333333334 0.0375 0.04375
0 0.78203125 0.05 0.0296875 0.03333333333333333
0 0.49305408070388346 0.7488445590614887 0.0421875 0.04375
0 0.9857812499999999 0.325 0.0234375 0.03333333333333333
0 0.4943835910652921 0.03699527491408935 0.025 0.027083333333333334
0 0.50703125 0.01807598039215686 0.0296875 0.023651960784313728
0 0.3619237231182796 0.04490367383512545 0.0234375 0.027083333333333334
1 0.57109375 0.13333333333333333 0.0890625 0.1125
1 0.3203125 0.21041666666666667 0.103125 0.09583333333333334
