0 0.26484375 0.4354166666666667 0.0265625 0.0375
0 0.23828125 0.5770833333333333 0.0265625 0.0375
0 0.24140749501992032 0.85625 0.0265625 0.0375
0 0.19453125 0.8458333333333333 0.0265625 0.0375
0 0.08359375 0.80625 0.0265625 0.0375
0 0.006193181818181818 0.7882007575757577 0.012386363636363636 0.03140151515151513
0 0.13515625 0.18958333333333333 0.0265625 0.0375
0 0.30734374999999997 0.23791666666666667 0.0265625 0.041666666666666664
0 0.24236458333333336 0.16193333333333332 0.0265625 0.0375
0 0.28025358606557377 0.2233674863387978 0.0265625 0.0375
0 0.2538866370292887 0.3676255230125523 0.0265625 0.0375
0 0.5357899432650073 0.975844924353343 0.0265625 0.0375
0 0.628633248141264 0.6064591078066914 0.0265625 0.0375
0 0.48828125 0.86875 0.0265625 0.0375
0 0.84296875 0.85625 0.0265625 0.0375
0 0.83359375 0.98125 0.0265625 0.0375
0 0.8474982766544118 0.7541666666666667 0.0265625 0.0375
0 0.828125 0.43645833333333334 0.025 0.03958333333333333
0 0.8654411764705883 0.409375 0.025 0.03958333333333333
0 0.6490663109756097 0.21986788617886177 0.0265625 0.03333333333333333
0 0.7628984688755021 0.09764056224899598 0.0265625 0.03333333333333333
0 0.71015625 0.6354166666666666 0.0265625 0.03333333333333333
0 0.5467952806122449 0.5750708616780045 0.0296875 0.03333333333333333
0 0.47222164735099337 0.4225993377483444 0.0265625 0.03333333333333333
0 0.715625 0.41458333333333336 0.028125 0.0375
0 0.9547533885542169 0.9170808232931726 0.0234375 0.035416666666666666
0 0.58828125 0.11875 0.0296875 0.05
0 0.6015625 0.20625 0.025 0.04583333333333333
0 0.85625 0.22395833333333334 0.0375 0.04375
0 0.78046875 0.04375 0.0296875 0.03333333333333333
0 0.49301425970873786 0.7488976537216828 0.0421875 0.04375
0 0.9829687500000001 0.31875 0.0234375 0.03333333333333333
0 0.4941741838487973 0.03718857388316151 0.025 0.027083333333333334
0 0.50703125 0.018167892156862746 0.0296875 0.023835784313725492
0 0.36185315860215056 0.04517249103942652 0.0234375 0.02708333333333333
1 0.57109375 0.13333333333333333 0.0890625 0.1125
1 0.3203125 0.21041666666666667 0.103125 0.09583333333333334
