0 0.26484375 0.4354166666666667 0.0265625 0.0375
0 0.23828125 0.5770833333333333 0.0265625 0.0375
0 0.24172124003984066 0.85625 0.0265625 0.0375
0 0.19453125 0.8458333333333333 0.0265625 0.0375
0 0.08359375 0.80625 0.0265625 0.0375
0 0.013597397859922178 0.7698321984435798 0.0265625 0.0375
0 0.13515625 0.18958333333333333 0.0265625 0.0375
0 0.30078125 0.25833333333333336 0.0265625 0.041666666666666664
0 0.24498958333333332 0.15353333333333333 0.0265625 0.0375
0 0.2811432104316547 0.22201738609112712 0.0265625 0.0375
0 0.27042214912280704 0.35899122807017547 0.0265625 0.0375
0 0.01484375 0.5793750000000001 0.0234375 0.052083333333333336
0 0.5346369418008785 0.974307589067838 0.0265625 0.0375
0 0.6275354321561338 0.604507434944238 0.0265625 0.0375
0 0.48828125 0.86875 0.0265625 0.0375
0 0.84296875 0.85625 0.0265625 0.0375
0 0.83359375 0.98125 0.0265625 0.0375
0 0.8507553998161764 0.7541666666666667 0.0265625 0.0375
0 0.828125 0.43645833333333334 0.025 0.03958333333333333
0 0.8659375 0.409375 0.025 0.03958333333333333
0 0.6597064393939394 0.19438131313131313 0.0265625 0.03333333333333333
0 0.7660611194779117 0.09131526104417671 0.0265625 0.03333333333333333
0 0.71015625 0.6354166666666666 0.0265625 0.03333333333333333
0 0.5573652194656489 0.5495229007633587 0.02963979007633588 0.03333333333333333
0 0.4774368791390729 0.4139072847682119 0.0265625 0.03333333333333333
0 0.6640625 0.51875 0.028125 0.0375
0 0.5565104166666667 0.03333333333333333 0.0265625 0.030555555555555555
0 0.965859375 0.8818750000000001 0.0234375 0.035416666666666666
0 0.58828125 0.11875 0.0296875 0.05
0 0.6015625 0.20625 0.025 0.04583333333333333
0 0.85625 0.22395833333333334 0.0375 0.04375
0 0.86453125 0.17854166666666668 0.0328125 0.04375
0 0.4946867415048544 0.7466676779935274 0.0421875 0.04375
0 0.5029692869415807 0.02907001718213058 0.025 0.02708333333333333
0 0.5090672348484848 0.014946338383838383 0.0296875 0.01875
0 0.3648168682795699 0.03388216845878136 0.0234375 0.027083333333333334
1 0.57109375 0.13333333333333333 0.0890625 0.1125
1 0.3203125 0.21041666666666667 0.103125 0.09583333333333334
