0 0.26484375 0.4354166666666667 0.0265625 0.0375
0 0.23828125 0.5770833333333333 0.0265625 0.0375
0 0.24084474601593625 0.85625 0.0265625 0.0375
0 0.19453125 0.8458333333333333 0.0265625 0.0375
0 0.08359375 0.80625 0.0265625 0.0375
0 0.00546875 0.8104166666666667 0.0109375 0.03333333333333333
0 0.13515625 0.18958333333333333 0.0265625 0.0375
0 0.3087296195652174 0.22101449275362317 0.0265625 0.041666666666666664
0 0.23530505952380953 0.17450396825396824 0.0265625 0.0375
0 0.27214907786885245 0.2403483606557377 0.0265625 0.0375
0 0.23781249999999998 0.37770833333333337 0.0265625 0.0375
0 0.5378580252562226 0.9786023670082967 0.0265625 0.0375
0 0.6306023466542751 0.609959727385378 0.0265625 0.0375
0 0.48828125 0.86875 0.0265625 0.0375
0 0.84296875 0.85625 0.0265625 0.0375
0 0.83359375 0.98125 0.0265625 0.0375
0 0.8416561351102942 0.7541666666666667 0.0265625 0.0375
0 0.828125 0.43645833333333334 0.025 0.03958333333333333
0 0.8645509453781512 0.409375 0.025 0.03958333333333333
0 0.6317064809468822 0.23570535026943804 0.0265625 0.03333333333333333
0 0.7560398159898477 0.10757191201353637 0.0265625 0.03333333333333333
0 0.71015625 0.6354166666666666 0.0265625 0.03333333333333333
0 0.5232263513513513 0.5964808558558559 0.0296875 0.03333333333333333
0 0.46328125 0.4402777777777778 0.0265625 0.03333333333333333
0 0.94765625 0.36770833333333336 0.028125 0.0375
0 0.9328866332116789 0.9665678223844283 0.0234375 0.035416666666666666
0 0.58828125 0.11875 0.0296875 0.05
0 0.6015625 0.20625 0.025 0.04583333333333333
0 0.85625 0.22395833333333334 0.0375 0.04375
0 0.490014411407767 0.7528974514563107 0.0421875 0.04375
0 0.89140625 0.603125 0.0296875 0.03958333333333333
0 0.14211482558139535 0.944937015503876 0.025 0.03958333333333333
0 0.48494679549902153 0.04611260600130463 0.025 0.027083333333333334
0 0.5076771653543307 0.02359744094488189 0.0296875 0.03125
0 0.35703125 0.06354166666666666 0.0234375 0.027083333333333334
0 0.9889899553571428 0.011723710317460317 0.020502232142857225 0.02159226190476191
1 0.57109375 0.13333333333333333 0.0890625 0.1125
1 0.3203125 0.21041666666666667 0.103125 0.09583333333333334
