0 0.26883604074889866 0.431424375917768 0.0265625 0.0375
0 0.23828125 0.5770833333333333 0.0265625 0.0375
0 0.2424508217131474 0.85625 0.0265625 0.0375
0 0.19453125 0.8458333333333333 0.0265625 0.0375
0 0.08359375 0.80625 0.0265625 0.0375
0 0.02072288424124514 0.7472681582360571 0.0265625 0.0375
0 0.13515625 0.18958333333333333 0.0265625 0.0375
0 0.22276785714285716 0.18229166666666666 0.0265625 0.041666666666666664
0 0.263671875 0.1265625 0.0265625 0.0375
0 0.2827900179856115 0.2198216426858513 0.0265625 0.0375
0 0.29288159860557766 0.3271995351925631 0.0265625 0.0375
0 0.2083984375 0.5276041666666667 0.028125 0.04583333333333333
0 0.5509157698675498 0.9385899558498897 0.0265625 0.0375
0 0.63828125 0.5771780303030304 0.0265625 0.0375
0 0.48828125 0.86875 0.0265625 0.0375
0 0.8455283572931276 0.8485711781206171 0.0265625 0.0375
0 0.8361533572931276 0.9735711781206171 0.0265625 0.0375
0 0.8527009554698457 0.751607059373539 0.0265625 0.0375
0 0.828125 0.43645833333333334 0.025 0.03958333333333333
0 0.8670916491596639 0.409375 0.025 0.03958333333333333
0 0.6643693066801619 0.17028508771929823 0.0265625 0.03333333333333333
0 0.7734155371485943 0.07660642570281125 0.0265625 0.03333333333333334
0 0.71015625 0.6354166666666666 0.0265625 0.03333333333333333
0 0.5808948863636363 0.5141098484848485 0.0265625 0.03333333333333333
0 0.4930964250972763 0.40477464332036317 0.0265625 0.03333333333333333
0 0.007985197368421054 0.2869078947368421 0.015970394736842107 0.03333333333333333
0 0.4046875 0.4708333333333333 0.028125 0.0375
0 0.78203125 0.2847222222222222 0.0265625 0.03333333333333333
0 0.9828164457070707 0.8273463804713805 0.01940498737373737 0.035416666666666666
0 0.803125 0.9401041666666666 0.0328125 0.041666666666666664
0 0.58828125 0.11875 0.0296875 0.05
0 0.6015625 0.20625 0.025 0.04583333333333333
0 0.09375 0.25416666666666665 0.0359375 0.04583333333333333
0 0.85625 0.22395833333333334 0.0375 0.04375
0 0.5018606085526316 0.7358209978070176 0.0421875 0.04375
0 0.433984375 0.04635416666666667 0.0234375 0.029166666666666667
0 0.4989285714285714 0.01953373015873016 0.025 0.027083333333333334
0 0.361328125 0.084375 0.028125 0.0375
0 0.5229403409090909 0.010321969696969698 0.0296875 0.01875
0 0.36573660714285716 0.010416666666666666 0.0234375 0.020833333333333332
1 0.57109375 0.13333333333333333 0.0890625 0.1125
1 0.3203125 0.21041666666666667 0.103125 0.09583333333333334
