0 0.26484375 0.4354166666666667 0.0265625 0.0375
0 0.23828125 0.5770833333333333 0.0265625 0.0375
0 0.23992592131474103 0.85625 0.0265625 0.0375
0 0.19453125 0.8458333333333333 0.0265625 0.0375
0 0.08359375 0.80625 0.0265625 0.0375
0 0.13515625 0.18958333333333333 0.0265625 0.0375
0 0.20390625 0.25 0.0265625 0.041666666666666664
0 0.20713759816753927 0.1962914485165794 0.0265625 0.0375
0 0.26080729166666666 0.27027777777777773 0.0265625 0.03749999999999997
0 0.21587114726027398 0.402796803652968 0.0265625 0.0375
0 0.53984375 0.98125 0.0265625 0.0375
0 0.6280105910041841 0.6053521617852162 0.0265625 0.0375
0 0.48828125 0.86875 0.0265625 0.0375
0 0.84296875 0.85625 0.0265625 0.0375
0 0.83359375 0.98125 0.0265625 0.0375
0 0.84140625 0.78125 0.0265625 0.0375
0 0.828125 0.43645833333333334 0.025 0.03958333333333333
0 0.8640625 0.409375 0.025 0.03958333333333333
0 0.6277118215935336 0.2392561585835258 0.0265625 0.03333333333333333
0 0.73671875 0.15439814814814815 0.0265625 0.03333333333333333
0 0.71015625 0.6354166666666666 0.0265625 0.03333333333333333
0 0.491530987394958 0.6128501400560223 0.0296875 0.03333333333333333
0 0.45864605125523017 0.47228905160390516 0.0265625 0.03333333333333333
0 0.58828125 0.11875 0.0296875 0.05
0 0.6015625 0.20625 0.025 0.04583333333333333
0 0.85625 0.22395833333333334 0.0375 0.04375
0 0.48515625 0.759375 0.0421875 0.04375
0 0.6857278963414635 0.9733485772357723 0.0296875 0.03958333333333333
0 0.1909906914893617 0.7105274822695036 0.025000000000000022 0.03958333333333333
0 0.4815618884540117 0.05062581539465101 0.025 0.027083333333333334
0 0.5099470964566929 0.0296505905511811 0.0296875 0.03125
0 0.35703125 0.06354166666666666 0.0234375 0.027083333333333334
0 0.7838541666666666 0.40381944444444445 0.03437499999999991 0.03958333333333333
0 0.9704575892857144 0.04009424603174603 0.02462053571428573 0.03806547619047619
1 0.57109375 0.13333333333333333 0.0890625 0.1125
1 0.3203125 0.21041666666666667 0.103125 0.09583333333333334
