0 0.26484375 0.4354166666666667 0.0265625 0.0375
0 0.23828125 0.5770833333333333 0.0265625 0.0375
0 0.24180839143426294 0.85625 0.0265625 0.0375
0 0.19453125 0.8458333333333333 0.0265625 0.0375
0 0.08359375 0.80625 0.0265625 0.0375
0 0.014448565175097277 0.7671368352788586 0.0265625 0.0375
0 0.13515625 0.18958333333333333 0.0265625 0.0375
0 0.28828125 0.24166666666666667 0.0265625 0.041666666666666664
0 0.24571874999999999 0.15119999999999997 0.0265625 0.037499999999999985
0 0.281339928057554 0.22175509592326137 0.0265625 0.0375
0 0.2728207236842105 0.35515350877192986 0.0265625 0.0375
0 0.02890625 0.5739583333333333 0.028125 0.05
0 0.5343166636163982 0.9738805514885309 0.0265625 0.0375
0 0.6279462394067796 0.6027895480225989 0.0265625 0.0375
0 0.48828125 0.86875 0.0265625 0.0375
0 0.843266786465638 0.8553558906030856 0.0265625 0.0375
0 0.8338917864656381 0.9803558906030856 0.0265625 0.0375
0 0.8510047773492285 0.7538686302010285 0.0265625 0.0375
0 0.828125 0.43645833333333334 0.025 0.03958333333333333
0 0.8660753676470587 0.409375 0.025 0.03958333333333333
0 0.6603727002164502 0.18857323232323234 0.0265625 0.03333333333333333
0 0.7669396335341365 0.0895582329317269 0.0265625 0.03333333333333333
0 0.71015625 0.6354166666666666 0.0265625 0.03333333333333333
0 0.5602874522900764 0.5453482824427481 0.02922232824427482 0.03333333333333333
0 0.4788855546357616 0.41149282560706407 0.0265625 0.03333333333333333
0 0.65703125 0.5510416666666667 0.028125 0.0375
0 0.60703125 0.052777777777777785 0.0265625 0.03333333333333334
0 0.970560213414634 0.8738058943089431 0.0234375 0.035416666666666666
0 0.58828125 0.11875 0.0296875 0.05
0 0.6015625 0.20625 0.025 0.04583333333333333
0 0.85625 0.22395833333333334 0.0375 0.04375
0 0.88734375 0.21354166666666666 0.0328125 0.04375
0 0.4951513197815534 0.7460482402912622 0.0421875 0.04375
0 0.5054123711340206 0.026814862542955325 0.025 0.02708333333333333
0 0.01484375 0.2760416666666667 0.0296875 0.03958333333333333
0 0.5107244318181818 0.014393939393939396 0.0296875 0.01875
0 0.3656401209677419 0.030745967741935484 0.0234375 0.027083333333333334
1 0.57109375 0.13333333333333333 0.0890625 0.1125
1 0.3203125 0.21041666666666667 0.103125 0.09583333333333334
