0 0.26484375 0.4354166666666667 0.0265625 0.0375
0 0.23828125 0.5770833333333333 0.0265625 0.0375
0 0.240441359561753 0.85625 0.0265625 0.0375
0 0.19453125 0.8458333333333333 0.0265625 0.0375
0 0.08359375 0.80625 0.0265625 0.0375
0 0.13515625 0.18958333333333333 0.0265625 0.0375
0 0.28671875 0.20833333333333334 0.0265625 0.041666666666666664
0 0.21955818965517243 0.1764727011494253 0.0265625 0.0375
0 0.26850873161764705 0.2499234068627451 0.0265625 0.0375
0 0.228857421875 0.3855251736111111 0.0265625 0.0375
0 0.5393404557101025 0.9805789409468033 0.0265625 0.0375
0 0.6320138243494424 0.6124690210656752 0.0265625 0.0375
0 0.48828125 0.86875 0.0265625 0.0375
0 0.84296875 0.85625 0.0265625 0.0375
0 0.83359375 0.98125 0.0265625 0.0375
0 0.8374684053308824 0.7541666666666667 0.0265625 0.0375
0 0.828125 0.43645833333333334 0.025 0.03958333333333333
0 0.8640625 0.409375 0.025 0.03958333333333333
0 0.6299527280600462 0.23726424172440339 0.0265625 0.03333333333333333
0 0.7537779850746269 0.12101990049751242 0.0265625 0.03333333333333332
0 0.71015625 0.6354166666666666 0.0265625 0.03333333333333333
0 0.5118558114035088 0.602046783625731 0.0296875 0.03333333333333333
0 0.4599993462343096 0.4560495118549512 0.0265625 0.03333333333333333
0 0.913096438172043 0.9899081541218637 0.025722446236559192 0.0201836917562724
0 0.58828125 0.11875 0.0296875 0.05
0 0.6015625 0.20625 0.025 0.04583333333333333
0 0.85625 0.22395833333333334 0.0375 0.04375
0 0.4878640776699029 0.7557645631067961 0.0421875 0.04375
0 0.8173677884615385 0.8202724358974359 0.0296875 0.03958333333333333
0 0.175 0.847878086419753 0.025 0.03958333333333333
0 0.07109375 0.8302083333333333 0.03125 0.03958333333333333
0 0.4834607387475538 0.04809401500326158 0.025 0.027083333333333334
0 0.508673720472441 0.026254921259842516 0.0296875 0.031249999999999997
0 0.35703125 0.06354166666666666 0.0234375 0.027083333333333334
0 0.7541666666666667 0.15034722222222224 0.021875 0.039583333333333345
0 0.9808537946428573 0.02417906746031746 0.02231026785714274 0.028824404761904766
1 0.57109375 0.13333333333333333 0.0890625 0.1125
1 0.3203125 0.21041666666666667 0.103125 0.09583333333333334
