0 0.26484375 0.4354166666666667 0.0265625 0.0375
0 0.23828125 0.5770833333333333 0.0265625 0.0375
0 0.24035420816733066 0.85625 0.0265625 0.0375
0 0.19453125 0.8458333333333333 0.0265625 0.0375
0 0.08359375 0.80625 0.0265625 0.0375
0 0.13515625 0.18958333333333333 0.0265625 0.0375
0 0.2830078125 0.19817708333333334 0.0265625 0.041666666666666664
0 0.21625808189655174 0.17835847701149424 0.0265625 0.0375
0 0.26810661764705884 0.2515318627450981 0.0265625 0.037500000000000026
0 0.2271484375 0.3893229166666667 0.0265625 0.0375
0 0.5396607338945827 0.9810059785261103 0.0265625 0.0375
0 0.6313840219665272 0.6113493723849373 0.0265625 0.0375
0 0.48828125 0.86875 0.0265625 0.0375
0 0.84296875 0.85625 0.0265625 0.0375
0 0.83359375 0.98125 0.0265625 0.0375
0 0.8372301136363637 0.755530303030303 0.0265625 0.0375
0 0.828125 0.43645833333333334 0.025 0.03958333333333333
0 0.8640625 0.409375 0.025 0.03958333333333333
0 0.6295738308314088 0.23760103926096995 0.0265625 0.03333333333333333
0 0.7492887126865672 0.1275497512437811 0.0265625 0.03333333333333333
0 0.71015625 0.6354166666666666 0.0265625 0.03333333333333333
0 0.508469012605042 0.6038165266106443 0.0296875 0.03333333333333333
0 0.45977052824267783 0.4587953277545328 0.0265625 0.03333333333333333
0 0.91015625 0.9927083333333333 0.0265625 0.014583333333333334
0 0.58828125 0.11875 0.0296875 0.05
0 0.6015625 0.20625 0.025 0.04583333333333333
0 0.85625 0.22395833333333334 0.0375 0.04375
0 0.48739949939320387 0.7563840008090615 0.0421875 0.04375
0 0.7770312500000001 0.855625 0.0296875 0.03958333333333333
0 0.1878216911764706 0.8561887254901961 0.025000000000000022 0.03958333333333333
0 0.024609375 0.796875 0.0265625 0.03333333333333333
0 0.48313967710371825 0.0485220971950424 0.025 0.027083333333333334
0 0.5088890255905512 0.026829068241469814 0.0296875 0.03125
0 0.35703125 0.06354166666666666 0.0234375 0.027083333333333334
0 0.79375 0.159375 0.034375 0.03958333333333333
0 0.9790959821428572 0.026870039682539683 0.02270089285714274 0.03038690476190476
1 0.57109375 0.13333333333333333 0.0890625 0.1125
1 0.3203125 0.21041666666666667 0.103125 0.09583333333333334
