0 0.27421875 0.4180555555555555 0.0265625 0.0375
0 0.23828125 0.5800176056338028 0.0265625 0.0375
0 0.24443588615023476 0.8523376369327074 0.0265625 0.0375
0 0.19453125 0.8458333333333333 0.0265625 0.0375
0 0.08359375 0.80625 0.0265625 0.0375
0 0.027981954225352112 0.7292938184663538 0.0265625 0.0375
0 0.13515625 0.18958333333333333 0.0265625 0.0375
0 0.2066998106060606 0.14008838383838385 0.0265625 0.03750000000000001
0 0.3015625 0.10208333333333333 0.0265625 0.0375
0 0.28452113309352517 0.2175134892086331 0.0265625 0.0375
0 0.31318588615023474 0.3074823943661972 0.0265625 0.0375
0 0.35286458333333337 0.20555555555555557 0.0265625 0.041666666666666664
0 0.5784294307511737 0.8828638497652582 0.0265625 0.0375
0 0.6445944725433526 0.5659019749518304 0.0265625 0.0375
0 0.48828125 0.86875 0.0265625 0.0375
0 0.634375 0.803125 0.0234375 0.0375
0 0.8482282170406732 0.8404715988779804 0.0265625 0.0375
0 0.8388532170406732 0.9654715988779804 0.0265625 0.0375
0 0.8547258502805049 0.7489071996259934 0.0265625 0.0375
0 0.96015625 0.7760416666666666 0.0265625 0.04375
0 0.828125 0.43645833333333334 0.025 0.03958333333333333
0 0.8683048844537815 0.409375 0.025 0.03958333333333333
0 0.6528645833333333 0.14270833333333333 0.0234375 0.035416666666666666
0 0.6717777937788019 0.13893049155145928 0.0265625 0.03333333333333332
0 0.7708929145244217 0.0661311053984576 0.0265625 0.03333333333333334
0 0.7116233861502347 0.6373728482003129 0.0265625 0.03333333333333333
0 0.5899391138497653 0.4869033646322379 0.0265625 0.03333333333333333
0 0.4991233861502347 0.38664906103286384 0.0265625 0.03333333333333333
0 0.02828125 0.4625 0.0296875 0.0375
0 0.01617838541666667 0.2294921875 0.0265625 0.03333333333333333
0 0.1265625 0.30572916666666666 0.028125 0.0375
0 0.76953125 0.7354166666666667 0.0265625 0.03333333333333333
0 0.9902657645089284 0.7734793526785715 0.019468470982142883 0.03438430059523808
0 0.6354166666666667 0.3934027777777778 0.025 0.035416666666666666
0 0.58828125 0.11875 0.0296875 0.05
0 0.6015625 0.20625 0.025 0.04583333333333333
0 0.3028645833333333 0.617361111111111 0.0390625 0.041666666666666664
0 0.5384375 0.5610416666666667 0.028125 0.035416666666666666
0 0.85625 0.22395833333333334 0.0375 0.04375
0 0.5113589638157895 0.7210457785087719 0.0421875 0.04375
1 0.57109375 0.13333333333333333 0.0890625 0.1125
1 0.3203125 0.21041666666666667 0.103125 0.09583333333333334
