0 0.26484375 0.4354166666666667 0.0265625 0.0375
0 0.23828125 0.5770833333333333 0.0265625 0.0375
0 0.24106137948207168 0.85625 0.0265625 0.0375
0 0.19453125 0.8458333333333333 0.0265625 0.0375
0 0.08359375 0.80625 0.0265625 0.0375
0 0.005699573863636363 0.8033380681818182 0.011399147727272727 0.032717803030303
0 0.13515625 0.18958333333333333 0.0265625 0.0375
0 0.31551339285714286 0.22857142857142856 0.0265625 0.041666666666666664
0 0.23946874999999998 0.1712 0.0265625 0.0375
0 0.2752689549180328 0.23381147540983607 0.0265625 0.0375
0 0.24389055962343095 0.37368375174337515 0.0265625 0.0375
0 0.5370619051976574 0.9775408735968765 0.0265625 0.0375
0 0.6298443308550186 0.6086121437422553 0.0265625 0.0375
0 0.48828125 0.86875 0.0265625 0.0375
0 0.84296875 0.85625 0.0265625 0.0375
0 0.83359375 0.98125 0.0265625 0.0375
0 0.8439051011029411 0.7541666666666667 0.0265625 0.0375
0 0.828125 0.43645833333333334 0.025 0.03958333333333333
0 0.8648936449579832 0.409375 0.025 0.03958333333333333
0 0.6382656250000001 0.23304166666666667 0.0265625 0.03333333333333333
0 0.7587999682741117 0.10389170896785109 0.0265625 0.03333333333333333
0 0.71015625 0.6354166666666666 0.0265625 0.03333333333333333
0 0.5296558277027027 0.590357545045045 0.0296875 0.03333333333333333
0 0.4657608695652174 0.43211050724637684 0.0265625 0.03333333333333333
0 0.8625 0.3854166666666667 0.028125 0.0375
0 0.9422323994252875 0.9493654214559387 0.0234375 0.035416666666666666
0 0.58828125 0.11875 0.0296875 0.05
0 0.6015625 0.20625 0.025 0.04583333333333333
0 0.85625 0.22395833333333334 0.0375 0.04375
0 0.4911692202669903 0.7513577063106797 0.0421875 0.04375
0 0.96015625 0.5135416666666667 0.0296875 0.03958333333333333
0 0.14453125 0.984375 0.0203125 0.03125
0 0.48574486301369857 0.04504851598173516 0.025 0.027083333333333334
0 0.5071419783464567 0.02217027559055118 0.0296875 0.03125
0 0.3585836693548387 0.057627688172043 0.0234375 0.027083333333333327
1 0.57109375 0.13333333333333333 0.0890625 0.1125
1 0.3203125 0.21041666666666667 0.103125 0.09583333333333334
