0 0.27388689159292035 0.4192354965585054 0.0265625 0.0375
0 0.23828125 0.5793133802816901 0.0265625 0.0375
0 0.2440837734741784 0.8532766040688576 0.0265625 0.0375
0 0.19453125 0.8458333333333333 0.0265625 0.0375
0 0.08359375 0.80625 0.0265625 0.0375
0 0.027453785211267605 0.7297633020344289 0.0265625 0.0375
0 0.13515625 0.18958333333333333 0.0265625 0.0375
0 0.21328125 0.1529761904761905 0.0265625 0.0375
0 0.29874999999999996 0.10375 0.0265625 0.0375
0 0.28438624100719423 0.217693345323741 0.0265625 0.0375
0 0.3128337734741784 0.30818661971830985 0.0265625 0.0375
0 0.36171875 0.26666666666666666 0.0265625 0.041666666666666664
0 0.576668867370892 0.8849765258215962 0.0265625 0.0375
0 0.6439441835260116 0.5666245183044316 0.0265625 0.0375
0 0.48828125 0.86875 0.0265625 0.0375
0 0.68359375 0.8229166666666666 0.0234375 0.0375
0 0.8480178383590463 0.8411027349228611 0.0265625 0.0375
0 0.8386428383590463 0.9661027349228611 0.0265625 0.0375
0 0.8545680662692847 0.7491175783076204 0.0265625 0.0375
0 0.9700520833333334 0.8038194444444444 0.0265625 0.04375
0 0.828125 0.43645833333333334 0.025 0.03958333333333333
0 0.8682103466386554 0.409375 0.025 0.03958333333333333
0 0.63515625 0.16354166666666667 0.0234375 0.035416666666666666
0 0.6712593605990784 0.14100422427035328 0.0265625 0.03333333333333332
0 0.7711821176092545 0.06690231362467866 0.0265625 0.03333333333333333
0 0.7112712734741784 0.6369033646322378 0.0265625 0.03333333333333333
0 0.5902912265258216 0.4885465571205008 0.0265625 0.03333333333333333
0 0.4987712734741784 0.3873532863849765 0.0265625 0.03333333333333333
0 0.0171875 0.5270833333333333 0.021875 0.041666666666666664
0 0.01539713541666667 0.2341796875 0.0265625 0.03333333333333333
0 0.163671875 0.2609375 0.028125 0.0375
0 0.76328125 0.6989583333333333 0.0265625 0.03333333333333333
0 0.9910191127232142 0.7744838169642857 0.017961774553571352 0.034607514880952435
0 0.6265625 0.44583333333333336 0.025 0.03333333333333333
0 0.58828125 0.11875 0.0296875 0.05
0 0.6015625 0.20625 0.025 0.04583333333333333
0 0.27994791666666663 0.5840277777777777 0.0359375 0.04583333333333333
0 0.446875 0.5427083333333333 0.0328125 0.0375
0 0.85625 0.22395833333333334 0.0375 0.04375
0 0.5106188322368421 0.7221970942982456 0.0421875 0.04375
1 0.57109375 0.13333333333333333 0.0890625 0.1125
1 0.3203125 0.21041666666666667 0.103125 0.09583333333333334
