0 0.26484375 0.4354166666666667 0.0265625 0.0375
0 0.23828125 0.5770833333333333 0.0265625 0.0375
0 0.2409742280876494 0.85625 0.0265625 0.0375
0 0.19453125 0.8458333333333333 0.0265625 0.0375
0 0.08359375 0.80625 0.0265625 0.0375
0 0.005575284090909091 0.8071496212121212 0.011150568181818182 0.033049242424242446
0 0.13515625 0.18958333333333333 0.0265625 0.0375
0 0.31100603070175437 0.22178362573099414 0.0265625 0.041666666666666664
0 0.2387395833333333 0.17353333333333332 0.0265625 0.0375
0 0.2740138319672131 0.23644125683060108 0.0265625 0.0375
0 0.24137356171548116 0.3752092050209205 0.0265625 0.0375
0 0.5373821833821376 0.9779679111761834 0.0265625 0.0375
0 0.630149279739777 0.6091542750929368 0.0265625 0.0375
0 0.48828125 0.86875 0.0265625 0.0375
0 0.84296875 0.85625 0.0265625 0.0375
0 0.83359375 0.98125 0.0265625 0.0375
0 0.8430003446691176 0.7541666666666667 0.0265625 0.0375
0 0.828125 0.43645833333333334 0.025 0.03958333333333333
0 0.8647557773109243 0.409375 0.025 0.03958333333333333
0 0.6344375 0.23450000000000001 0.0265625 0.03333333333333333
0 0.7576895621827411 0.10537225042301185 0.0265625 0.03333333333333333
0 0.71015625 0.6354166666666666 0.0265625 0.03333333333333333
0 0.5270692567567568 0.5928209459459459 0.0296875 0.03333333333333333
0 0.4644587862318841 0.4350442834138486 0.0265625 0.03333333333333333
0 0.8875 0.4125 0.028125 0.0375
0 0.9390894396551724 0.9573275862068965 0.0234375 0.035416666666666666
0 0.58828125 0.11875 0.0296875 0.05
0 0.6015625 0.20625 0.025 0.04583333333333333
0 0.85625 0.22395833333333334 0.0375 0.04375
0 0.4907046419902913 0.751977144012945 0.0421875 0.04375
0 0.93203125 0.553125 0.0296875 0.03958333333333333
0 0.14266826923076922 0.9542467948717949 0.025 0.03958333333333333
0 0.485423801369863 0.045476598173515986 0.025 0.027083333333333338
0 0.507357283464567 0.02274442257217848 0.0296875 0.03125
0 0.3577604166666667 0.0607638888888889 0.0234375 0.02708333333333334
1 0.57109375 0.13333333333333333 0.0890625 0.1125
1 0.3203125 0.21041666666666667 0.103125 0.09583333333333334
