0 0.26619286894273125 0.4340675477239354 0.0265625 0.0375
0 0.23828125 0.5770833333333333 0.0265625 0.0375
0 0.24221177788844622 0.85625 0.0265625 0.0375
0 0.19453125 0.8458333333333333 0.0265625 0.0375
0 0.08359375 0.80625 0.0265625 0.0375
0 0.01838825389105058 0.7546611543450065 0.0265625 0.0375
0 0.13515625 0.18958333333333333 0.0265625 0.0375
0 0.237890625 0.18958333333333333 0.0265625 0.041666666666666664
0 0.256640625 0.1359375 0.0265625 0.0375
0 0.2822504496402878 0.220541067146283 0.0265625 0.0375
0 0.28511267430278886 0.33755810092961486 0.0265625 0.0375
0 0.143359375 0.5380208333333333 0.028125 0.05
0 0.54169921875 0.9573061342592593 0.0265625 0.0375
0 0.6354541843220339 0.5856285310734464 0.0265625 0.0375
0 0.48828125 0.86875 0.0265625 0.0375
0 0.84468684256662 0.8510957223001403 0.0265625 0.0375
0 0.8353118425666199 0.9760957223001403 0.0265625 0.0375
0 0.8520698194249648 0.7524485741000467 0.0265625 0.0375
0 0.828125 0.43645833333333334 0.025 0.03958333333333333
0 0.8667134978991596 0.409375 0.025 0.03958333333333333
0 0.6625642586580087 0.1783459595959596 0.0265625 0.03333333333333333
0 0.7710058985943775 0.08142570281124499 0.0265625 0.03333333333333334
0 0.71015625 0.6354166666666666 0.0265625 0.03333333333333333
0 0.5738132156488549 0.5260257633587787 0.027290076335877878 0.033333333333333395
0 0.48725984922178983 0.4055528534370947 0.0265625 0.03333333333333333
0 0.00546875 0.30520833333333336 0.0109375 0.035416666666666666
0 0.47109375 0.496875 0.028125 0.0375
0 0.72890625 0.15104166666666666 0.0265625 0.03333333333333333
0 0.9769107680722892 0.8467494979919679 0.0234375 0.035416666666666666
0 0.58828125 0.11875 0.0296875 0.05
0 0.6015625 0.20625 0.025 0.04583333333333333
0 0.03515625 0.084375 0.0296875 0.03958333333333333
0 0.85625 0.22395833333333334 0.0375 0.04375
0 0.4989000822368421 0.7404262609649124 0.0421875 0.04375
0 0.5017857142857143 0.022073412698412696 0.025 0.027083333333333334
0 0.25729166666666664 0.2423611111111111 0.028125 0.0375
0 0.5183948863636363 0.011837121212121212 0.0296875 0.01875
0 0.37078125 0.01671875 0.0234375 0.02427083333333334
1 0.57109375 0.13333333333333333 0.0890625 0.1125
1 0.3203125 0.21041666666666667 0.103125 0.09583333333333334
