0 0.2741357853982301 0.418350540806293 0.0265625 0.0375
0 0.23828125 0.5798415492957747 0.0265625 0.0375
0 0.24434785798122066 0.852572378716745 0.0265625 0.0375
0 0.19453125 0.8458333333333333 0.0265625 0.0375
0 0.08359375 0.80625 0.0265625 0.0375
0 0.02784991197183099 0.7294111893583725 0.0265625 0.0375
0 0.13515625 0.18958333333333333 0.0265625 0.0375
0 0.20812026515151513 0.13970959595959595 0.02656249999999998 0.0375
0 0.30085937500000004 0.10250000000000001 0.0265625 0.0375
0 0.28448741007194245 0.21755845323741008 0.0265625 0.0375
0 0.31309785798122064 0.3076584507042253 0.0265625 0.0375
0 0.35546875 0.22569444444444445 0.0265625 0.041666666666666664
0 0.5779892899061033 0.8833920187793427 0.0265625 0.0375
0 0.6444319002890173 0.5660826107899807 0.0265625 0.0375
0 0.48828125 0.86875 0.0265625 0.0375
0 0.64765625 0.8291666666666667 0.0234375 0.0375
0 0.8481756223702664 0.8406293828892006 0.0265625 0.0375
0 0.8388006223702664 0.9656293828892006 0.0265625 0.0375
0 0.8546864042776999 0.7489597942964002 0.0265625 0.0375
0 0.95703125 0.7979166666666667 0.0265625 0.04375
0 0.828125 0.43645833333333334 0.025 0.03958333333333333
0 0.8682812500000001 0.409375 0.025 0.03958333333333333
0 0.65234375 0.15104166666666666 0.0234375 0.035416666666666666
0 0.671648185483871 0.1394489247311828 0.0265625 0.03333333333333333
0 0.7709652152956299 0.06632390745501285 0.0265625 0.03333333333333333
0 0.7115353579812207 0.6372554773082942 0.0265625 0.03333333333333333
0 0.5900271420187793 0.4873141627543036 0.0265625 0.03333333333333333
0 0.4990353579812207 0.386825117370892 0.0265625 0.03333333333333333
0 0.031640625 0.5015625 0.0296875 0.0375
0 0.015983072916666667 0.2306640625 0.0265625 0.03333333333333333
0 0.13671875 0.303125 0.028125 0.0375
0 0.7703125 0.7166666666666667 0.0265625 0.03333333333333333
0 0.9904541015625 0.77373046875 0.019091796875 0.034440104166666666
0 0.6390625 0.415625 0.025 0.035416666666666666
0 0.58828125 0.11875 0.0296875 0.05
0 0.6015625 0.20625 0.025 0.04583333333333333
0 0.28359375 0.63125 0.0390625 0.041666666666666664
0 0.5109375 0.5614583333333333 0.028125 0.035416666666666666
0 0.85625 0.22395833333333334 0.0375 0.04375
0 0.5111739309210527 0.7213336074561403 0.0421875 0.04375
1 0.57109375 0.13333333333333333 0.0890625 0.1125
1 0.3203125 0.21041666666666667 0.103125 0.09583333333333334
