0 0.2716330199115044 0.4272492625368731 0.0265625 0.0375
0 0.23828125 0.5770833333333333 0.0265625 0.0375
0 0.24275211653386455 0.85625 0.0265625 0.0375
0 0.19453125 0.8458333333333333 0.0265625 0.0375
0 0.08359375 0.80625 0.0265625 0.0375
0 0.023665491245136182 0.7379499027237355 0.0265625 0.0375
0 0.13515625 0.18958333333333333 0.0265625 0.0375
0 0.22265625 0.17384259259259258 0.0265625 0.039351851851851846
0 0.27827990301724137 0.11651400862068965 0.0265625 0.0375
0 0.2834700989208633 0.2189148681055156 0.0265625 0.0375
0 0.3035077600671141 0.31649888143176735 0.0265625 0.0375
0 0.28359375 0.41875 0.0265625 0.041666666666666664
0 0.5624289772727272 0.9131628787878788 0.0265625 0.0375
0 0.639527637283237 0.5715317919075145 0.0265625 0.0375
0 0.48828125 0.86875 0.0265625 0.0375
0 0.96484375 0.9541666666666667 0.0234375 0.0375
0 0.8465890164796633 0.8453892005610099 0.0265625 0.0375
0 0.8372140164796633 0.9703892005610099 0.0265625 0.0375
0 0.8534964498597475 0.7505464001870032 0.0265625 0.0375
0 0.828125 0.43645833333333334 0.025 0.03958333333333333
0 0.8675682773109245 0.409375 0.025 0.03958333333333333
0 0.6674310475708503 0.1570175438596491 0.0265625 0.03333333333333333
0 0.7731462885604113 0.0721401028277635 0.0265625 0.03333333333333333
0 0.71015625 0.6354166666666666 0.0265625 0.03333333333333333
0 0.5873179041353384 0.5005639097744361 0.0265625 0.03333333333333333
0 0.49765625 0.3991228070175438 0.0265625 0.03333333333333333
0 0.01328125 0.26875 0.0265625 0.03333333333333333
0 0.315625 0.4114583333333333 0.028125 0.0375
0 0.7747395833333333 0.5034722222222222 0.0265625 0.03333333333333333
0 0.9918876262626263 0.8018834175084175 0.012720959595959513 0.035416666666666666
0 0.73984375 0.7166666666666667 0.0296875 0.041666666666666664
0 0.58828125 0.11875 0.0296875 0.05
0 0.6015625 0.20625 0.025 0.04583333333333333
0 0.196484375 0.4046875 0.0359375 0.04583333333333333
0 0.024739583333333336 0.24583333333333332 0.03072916666666667 0.0347222222222222
0 0.85625 0.22395833333333334 0.0375 0.04375
0 0.5055921052631579 0.730016447368421 0.0421875 0.04375
1 0.57109375 0.13333333333333333 0.0890625 0.1125
1 0.3203125 0.21041666666666667 0.103125 0.09583333333333334
