0 0.2750207411504425 0.41520403146509344 0.0265625 0.0375
0 0.23828125 0.5817194835680751 0.0265625 0.0375
0 0.2452868251173709 0.8500684663536776 0.0265625 0.0375
0 0.19453125 0.8458333333333333 0.0265625 0.0375
0 0.08359375 0.80625 0.0265625 0.0375
0 0.02925836267605634 0.7281592331768388 0.0265625 0.0375
0 0.13515625 0.18958333333333333 0.0265625 0.0375
0 0.19737215909090908 0.12698863636363636 0.0265625 0.0375
0 0.308359375 0.09805555555555556 0.0265625 0.0375
0 0.2848471223021583 0.21707883693045563 0.0265625 0.0375
0 0.3140368251173709 0.3057805164319249 0.0265625 0.0375
0 0.41796875 0.15833333333333333 0.0265625 0.041666666666666664
0 0.5826841255868545 0.8777582159624413 0.0265625 0.0375
0 0.6461660043352601 0.5641558285163776 0.0265625 0.0375
0 0.48828125 0.86875 0.0265625 0.0375
0 0.53671875 0.778125 0.0265625 0.0375
0 0.8487366321879384 0.8389463534361852 0.0265625 0.0375
0 0.8393616321879384 0.9639463534361852 0.0265625 0.0375
0 0.8551071616409537 0.7483987844787284 0.0265625 0.0375
0 0.92890625 0.68125 0.0265625 0.0375
0 0.828125 0.43645833333333334 0.025 0.03958333333333333
0 0.8685333508403362 0.409375 0.025 0.03958333333333333
0 0.6971354166666667 0.17534722222222224 0.0234375 0.035416666666666666
0 0.6730306739631337 0.13391897081413212 0.0265625 0.03333333333333335
0 0.7701940070694088 0.06426735218508998 0.0265625 0.03333333333333334
0 0.7124743251173709 0.6385074334898279 0.0265625 0.03333333333333333
0 0.5890881748826291 0.4829323161189359 0.0265625 0.03333333333333333
0 0.4999743251173709 0.38494718309859155 0.0265625 0.03333333333333333
0 0.11536458333333333 0.5319444444444444 0.0296875 0.03749999999999994
0 0.01780711206896552 0.2185344827586207 0.0265625 0.03333333333333333
0 0.072265625 0.25104166666666666 0.028125 0.0375
0 0.74765625 0.7979166666666667 0.0265625 0.03333333333333333
0 0.9884451729910715 0.7710518973214284 0.02310965401785712 0.033844866071428586
0 0.5973958333333333 0.2857638888888889 0.025 0.035416666666666666
0 0.58828125 0.11875 0.0296875 0.05
0 0.6015625 0.20625 0.025 0.04583333333333333
0 0.35457589285714286 0.7267857142857143 0.0390625 0.041666666666666664
0 0.6828125 0.5822916666666667 0.028125 0.035416666666666666
0 0.85625 0.22395833333333334 0.0375 0.04375
0 0.5131476151315789 0.7182634320175438 0.0421875 0.04375
