0 0.26503648127753304 0.4352239353891336 0.0265625 0.0375
0 0.23828125 0.5770833333333333 0.0265625 0.0375
0 0.24210719621513946 0.85625 0.0265625 0.0375
0 0.19453125 0.8458333333333333 0.0265625 0.0375
0 0.08359375 0.80625 0.0265625 0.0375
0 0.017366853112840464 0.7578955901426718 0.0265625 0.0375
0 0.13515625 0.18958333333333333 0.0265625 0.0375
0 0.24765625 0.20555555555555557 0.0265625 0.041666666666666664
0 0.253564453125 0.1400390625 0.0265625 0.0375
0 0.2820143884892086 0.22085581534772183 0.0265625 0.0375
0 0.2817137699203187 0.34208997343957503 0.0265625 0.0375
0 0.1296875 0.5270833333333333 0.028125 0.05
0 0.53759765625 0.9652054398148148 0.0265625 0.0375
0 0.6335076800847458 0.5900776836158192 0.0265625 0.0375
0 0.48828125 0.86875 0.0265625 0.0375
0 0.8443186798737727 0.8522002103786817 0.0265625 0.0375
0 0.8349436798737727 0.9772002103786817 0.0265625 0.0375
0 0.8517936974053295 0.752816736792894 0.0265625 0.0375
0 0.828125 0.43645833333333334 0.025 0.03958333333333333
0 0.866548056722689 0.409375 0.025 0.03958333333333333
0 0.6619960768398269 0.18099747474747474 0.0265625 0.03333333333333333
0 0.7699516817269076 0.08353413654618475 0.0265625 0.03333333333333333
0 0.71015625 0.6354166666666666 0.0265625 0.03333333333333333
0 0.5703065362595419 0.5310353053435115 0.02779103053435117 0.033333333333333395
0 0.4847063472762646 0.40589332036316467 0.0265625 0.03333333333333333
0 0.00546875 0.30520833333333336 0.0109375 0.035416666666666666
0 0.5359375 0.475 0.028125 0.0375
0 0.73828125 0.10416666666666667 0.0265625 0.03333333333333333
0 0.9761201054216867 0.8541290160642571 0.0234375 0.035416666666666666
0 0.58828125 0.11875 0.0296875 0.05
0 0.6015625 0.20625 0.025 0.04583333333333333
0 0.0328125 0.016666666666666666 0.0265625 0.03125
0 0.85625 0.22395833333333334 0.0375 0.04375
0 0.969921875 0.29131944444444446 0.024739583333333214 0.0375
0 0.49760485197368426 0.7424410635964912 0.0421875 0.04375
0 0.5030357142857143 0.02318452380952381 0.025 0.027083333333333338
0 0.19453125 0.2869791666666667 0.028125 0.0375
0 0.51640625 0.0125 0.0296875 0.01875
0 0.36890625 0.020156249999999997 0.0234375 0.02614583333333333
1 0.57109375 0.13333333333333333 0.0890625 0.1125
1 0.3203125 0.21041666666666667 0.103125 0.09583333333333334
