0 0.26484375 0.4354166666666667 0.0265625 0.0375
0 0.23828125 0.5770833333333333 0.0265625 0.0375
0 0.24137512450199203 0.85625 0.0265625 0.0375
0 0.19453125 0.8458333333333333 0.0265625 0.0375
0 0.08359375 0.80625 0.0265625 0.0375
0 0.006147017045454546 0.7896164772727272 0.012294034090909092 0.0315246212121212
0 0.13515625 0.18958333333333333 0.0265625 0.0375
0 0.3150669642857143 0.2380952380952381 0.0265625 0.041666666666666664
0 0.24209375 0.1628 0.0265625 0.0375
0 0.2797873975409836 0.22434426229508198 0.0265625 0.0375
0 0.25295175209205023 0.368192119944212 0.0265625 0.0375
0 0.5359089037335285 0.9760035383113713 0.0265625 0.0375
0 0.6287465148698884 0.6066604708798018 0.0265625 0.0375
0 0.48828125 0.86875 0.0265625 0.0375
0 0.84296875 0.85625 0.0265625 0.0375
0 0.83359375 0.98125 0.0265625 0.0375
0 0.8471622242647058 0.7541666666666667 0.0265625 0.0375
0 0.828125 0.43645833333333334 0.025 0.03958333333333333
0 0.865389968487395 0.409375 0.025 0.03958333333333333
0 0.6482405995934959 0.22140921409214093 0.0265625 0.03333333333333333
0 0.7625721636546186 0.09829317269076304 0.0265625 0.03333333333333333
0 0.71015625 0.6354166666666666 0.0265625 0.03333333333333333
0 0.5451371173469388 0.5765447845804988 0.0296875 0.03333333333333333
0 0.47168356788079474 0.42349613686534215 0.0265625 0.03333333333333333
0 0.75390625 0.43854166666666666 0.028125 0.0375
0 0.9535470545977012 0.9207016283524905 0.0234375 0.035416666666666666
0 0.58828125 0.11875 0.0296875 0.05
0 0.6015625 0.20625 0.025 0.04583333333333333
0 0.85625 0.22395833333333334 0.0375 0.04375
0 0.76328125 0.035416666666666666 0.0296875 0.03333333333333333
0 0.4928417020631068 0.7491277305825242 0.0421875 0.04375
0 0.976953125 0.3380208333333333 0.028125 0.04375
0 0.4932667525773196 0.0380262027491409 0.025 0.027083333333333338
0 0.50703125 0.018566176470588235 0.0296875 0.024632352941176473
0 0.36154737903225803 0.04633736559139785 0.0234375 0.027083333333333338
1 0.57109375 0.13333333333333333 0.0890625 0.1125
1 0.3203125 0.21041666666666667 0.103125 0.09583333333333334
