0 0.26484375 0.4354166666666667 0.0265625 0.0375
0 0.23828125 0.5770833333333333 0.0265625 0.0375
0 0.2419503237051793 0.85625 0.0265625 0.0375
0 0.19453125 0.8458333333333333 0.0265625 0.0375
0 0.08359375 0.80625 0.0265625 0.0375
0 0.015834751945525295 0.7627472438391699 0.0265625 0.0375
0 0.13515625 0.18958333333333333 0.0265625 0.0375
0 0.26640625 0.2375 0.0265625 0.041666666666666664
0 0.2489501953125 0.14619140625 0.0265625 0.0375
0 0.28166029676258997 0.2213279376498801 0.0265625 0.0375
0 0.2767269736842105 0.3489035087719298 0.0265625 0.0375
0 0.085546875 0.5369791666666667 0.028125 0.05
0 0.533795067715959 0.9731850902879453 0.0265625 0.0375
0 0.6305879237288136 0.5967514124293786 0.0265625 0.0375
0 0.48828125 0.86875 0.0265625 0.0375
0 0.8437664358345021 0.8538569424964937 0.0265625 0.0375
0 0.8343914358345021 0.9788569424964937 0.0265625 0.0375
0 0.8513795143758764 0.7533689808321645 0.0265625 0.0375
0 0.828125 0.43645833333333334 0.025 0.03958333333333333
0 0.8662998949579832 0.409375 0.025 0.03958333333333333
0 0.6611438041125541 0.18497474747474746 0.0265625 0.03333333333333333
0 0.7683703564257028 0.08669678714859438 0.0265625 0.03333333333333333
0 0.71015625 0.6354166666666666 0.0265625 0.03333333333333333
0 0.5650465171755725 0.5385496183206107 0.02854246183206106 0.03333333333333333
0 0.48124482615894043 0.407560706401766 0.0265625 0.03333333333333333
0 0.61484375 0.521875 0.028125 0.0375
0 0.6783854166666667 0.06875 0.0265625 0.03333333333333333
0 0.9748798076923076 0.863301282051282 0.0234375 0.035416666666666666
0 0.58828125 0.11875 0.0296875 0.05
0 0.6015625 0.20625 0.025 0.04583333333333333
0 0.85625 0.22395833333333334 0.0375 0.04375
0 0.93046875 0.24791666666666667 0.0328125 0.041666666666666664
0 0.4959079186893204 0.7450394417475728 0.0421875 0.04375
0 0.5049107142857143 0.024851190476190475 0.025 0.02708333333333333
0 0.096484375 0.28177083333333336 0.0296875 0.03958333333333333
0 0.5134232954545455 0.01349431818181818 0.0296875 0.01875
0 0.36698084677419357 0.02563844086021505 0.0234375 0.02708333333333333
0 0.05078125 0.071875 0.0296875 0.03333333333333333
1 0.57109375 0.13333333333333333 0.0890625 0.1125
1 0.3203125 0.21041666666666667 0.103125 0.09583333333333334
