0 0.26484375 0.4354166666666667 0.0265625 0.0375
0 0.23828125 0.5770833333333333 0.0265625 0.0375
0 0.24096426792828685 0.85625 0.0265625 0.0375
0 0.19453125 0.8458333333333333 0.0265625 0.0375
0 0.08359375 0.80625 0.0265625 0.0375
0 0.005561079545454545 0.8075852272727272 0.01112215909090909 0.0330871212121212
0 0.13515625 0.18958333333333333 0.0265625 0.0375
0 0.3108963815789474 0.2219298245614035 0.0265625 0.041666666666666664
0 0.23865625000000001 0.1738 0.0265625 0.0375
0 0.27387038934426233 0.23674180327868852 0.0265625 0.0375
0 0.2410859048117155 0.37538354253835426 0.0265625 0.0375
0 0.5374187866032211 0.9780167154709614 0.0265625 0.0375
0 0.6301841310408922 0.6092162329615861 0.0265625 0.0375
0 0.48828125 0.86875 0.0265625 0.0375
0 0.84296875 0.85625 0.0265625 0.0375
0 0.83359375 0.98125 0.0265625 0.0375
0 0.8428969439338235 0.7541666666666667 0.0265625 0.0375
0 0.828125 0.43645833333333334 0.025 0.03958333333333333
0 0.8647400210084033 0.409375 0.025 0.03958333333333333
0 0.634 0.23466666666666666 0.0265625 0.03333333333333333
0 0.7575626586294416 0.10554145516074451 0.0265625 0.03333333333333333
0 0.71015625 0.6354166666666666 0.0265625 0.03333333333333333
0 0.5267736486486487 0.5931024774774775 0.0296875 0.03333333333333333
0 0.46436820652173916 0.43544685990338167 0.0265625 0.03333333333333333
0 0.909375 0.40625 0.028125 0.0375
0 0.9387302442528735 0.9582375478927203 0.0234375 0.035416666666666666
0 0.58828125 0.11875 0.0296875 0.05
0 0.6015625 0.20625 0.025 0.04583333333333333
0 0.85625 0.22395833333333334 0.0375 0.04375
0 0.4906515473300971 0.7520479368932039 0.0421875 0.04375
0 0.94453125 0.5572916666666666 0.0296875 0.03958333333333333
0 0.14122596153846154 0.9529647435897436 0.025 0.03958333333333333
0 0.48538710861056755 0.04552552185257665 0.025 0.027083333333333334
0 0.5073818897637795 0.022810039370078743 0.0296875 0.03125
0 0.3576663306451613 0.061122311827956986 0.0234375 0.027083333333333334
1 0.57109375 0.13333333333333333 0.0890625 0.1125
1 0.3203125 0.21041666666666667 0.103125 0.09583333333333334
