0 0.26484375 0.4354166666666667 0.0265625 0.0375
0 0.23828125 0.5770833333333333 0.0265625 0.0375
0 0.2411460408366534 0.85625 0.0265625 0.0375
0 0.19453125 0.8458333333333333 0.0265625 0.0375
0 0.08359375 0.80625 0.0265625 0.0375
0 0.0058203125 0.7996354166666667 0.011640625 0.03239583333333336
0 0.13515625 0.18958333333333333 0.0265625 0.0375
0 0.31744791666666666 0.22569444444444445 0.0265625 0.041666666666666664
0 0.24017708333333335 0.16893333333333332 0.0265625 0.0375
0 0.2764882172131148 0.2312568306010929 0.0265625 0.0375
0 0.24633564330543933 0.3722018828451883 0.0265625 0.0375
0 0.536750777818448 0.977126037091264 0.0265625 0.0375
0 0.629548094795539 0.6080855018587361 0.0265625 0.0375
0 0.48828125 0.86875 0.0265625 0.0375
0 0.84296875 0.85625 0.0265625 0.0375
0 0.83359375 0.98125 0.0265625 0.0375
0 0.8447840073529411 0.7541666666666667 0.0265625 0.0375
0 0.828125 0.43645833333333334 0.025 0.03958333333333333
0 0.8650275735294117 0.409375 0.025 0.03958333333333333
0 0.641984375 0.23162500000000003 0.0265625 0.03333333333333333
0 0.7598786484771574 0.10245346869712352 0.0265625 0.03333333333333333
0 0.71015625 0.6354166666666666 0.0265625 0.03333333333333333
0 0.5334024234693878 0.5869756235827664 0.0296875 0.03333333333333333
0 0.46749320652173915 0.4298007246376812 0.0265625 0.03333333333333333
0 0.821875 0.41625 0.028125 0.0375
0 0.9452855603448276 0.9416307471264368 0.0234375 0.035416666666666666
0 0.58828125 0.11875 0.0296875 0.05
0 0.6015625 0.20625 0.025 0.04583333333333333
0 0.85625 0.22395833333333334 0.0375 0.04375
0 0.49162052487864083 0.7507559668284789 0.0421875 0.04375
0 0.946875 0.446875 0.028125 0.04375
0 0.48684493127147765 0.04395403780068728 0.025 0.02708333333333333
0 0.50703125 0.021384803921568628 0.0296875 0.03026960784313726
0 0.3593834005376344 0.05458109318996417 0.0234375 0.02708333333333334
1 0.57109375 0.13333333333333333 0.0890625 0.1125
1 0.3203125 0.21041666666666667 0.103125 0.09583333333333334
