0 0.27526963495575224 0.414319075712881 0.0265625 0.0375
0 0.23828125 0.5822476525821596 0.0265625 0.0375
0 0.24555090962441314 0.8493642410015649 0.0265625 0.0375
0 0.19453125 0.8458333333333333 0.0265625 0.0375
0 0.08359375 0.80625 0.0265625 0.0375
0 0.02965448943661972 0.7278071205007826 0.0265625 0.0375
0 0.13515625 0.18958333333333333 0.0265625 0.0375
0 0.1922585227272727 0.12528409090909093 0.02656249999999998 0.03750000000000001
0 0.3104805424528302 0.09665880503144654 0.0265625 0.0375
0 0.28494829136690647 0.21694394484412471 0.0265625 0.0375
0 0.31430090962441315 0.3052523474178404 0.0265625 0.0375
0 0.4388020833333333 0.14444444444444443 0.0265625 0.04166666666666665
0 0.5840045481220657 0.8761737089201878 0.0265625 0.0375
0 0.6466537210982659 0.5636139210019269 0.0265625 0.0375
0 0.48828125 0.86875 0.0265625 0.0375
0 0.49296875 0.8083333333333333 0.0265625 0.0375
0 0.8488944161991585 0.8384730014025246 0.0265625 0.0375
0 0.8395194161991585 0.9634730014025246 0.0265625 0.0375
0 0.8552254996493689 0.7482410004675082 0.0265625 0.0375
0 0.88359375 0.68125 0.0265625 0.0375
0 0.828125 0.43645833333333334 0.025 0.03958333333333333
0 0.8686042542016807 0.409375 0.025 0.03958333333333333
0 0.66796875 0.17083333333333334 0.0234375 0.03333333333333333
0 0.6734194988479263 0.1323636712749616 0.0265625 0.03333333333333333
0 0.77109375 0.058333333333333334 0.0265625 0.03333333333333333
0 0.7699771047557841 0.06368894601542417 0.0265625 0.03333333333333334
0 0.7127384096244131 0.6388595461658841 0.0265625 0.03333333333333333
0 0.5888240903755869 0.4816999217527387 0.0265625 0.03333333333333333
0 0.5002384096244131 0.38441901408450707 0.0265625 0.03333333333333333
0 0.16140625 0.5700000000000001 0.0265625 0.03333333333333333
0 0.01683728448275862 0.21724137931034485 0.0265625 0.03333333333333333
0 0.07890625 0.21041666666666667 0.0265625 0.03333333333333333
0 0.647265625 0.9927083333333333 0.02578125 0.014583333333333334
0 0.75859375 0.8447916666666667 0.0265625 0.03333333333333333
0 0.9878801618303571 0.7702985491071428 0.024239676339285764 0.033677455357142824
0 0.5890625 0.2635416666666667 0.025 0.035416666666666666
0 0.58828125 0.11875 0.0296875 0.05
0 0.6015625 0.20625 0.025 0.04583333333333333
0 0.3484375 0.7520833333333333 0.0390625 0.041666666666666664
0 0.7572916666666667 0.592013888888889 0.028125 0.035416666666666666
0 0.85625 0.22395833333333334 0.0375 0.04375
0 0.5137027138157895 0.7173999451754386 0.0421875 0.04375
