0 0.26484375 0.4354166666666667 0.0265625 0.0375
0 0.23828125 0.5770833333333333 0.0265625 0.0375
0 0.24031187749003985 0.85625 0.0265625 0.0375
0 0.19453125 0.8458333333333333 0.0265625 0.0375
0 0.08359375 0.80625 0.0265625 0.0375
0 0.13515625 0.18958333333333333 0.0265625 0.0375
0 0.2752604166666667 0.20347222222222222 0.0265625 0.041666666666666664
0 0.214745582460733 0.17938481675392673 0.0265625 0.0375
0 0.26786317567567564 0.25250563063063064 0.0265625 0.0375
0 0.226318359375 0.3911675347222222 0.0265625 0.0375
0 0.5398162975841874 0.9812133967789165 0.0265625 0.0375
0 0.6310506014644351 0.6107566248256624 0.0265625 0.0375
0 0.48828125 0.86875 0.0265625 0.0375
0 0.84296875 0.85625 0.0265625 0.0375
0 0.83359375 0.98125 0.0265625 0.0375
0 0.8386789772727272 0.7593939393939394 0.0265625 0.0375
0 0.828125 0.43645833333333334 0.025 0.03958333333333333
0 0.8640625 0.409375 0.025 0.03958333333333333
0 0.6293897950346421 0.23776462663587375 0.0265625 0.03333333333333333
0 0.7471082089552239 0.13072139303482588 0.0265625 0.03333333333333335
0 0.71015625 0.6354166666666666 0.0265625 0.03333333333333333
0 0.5067949054621849 0.6047093837535014 0.0296875 0.03333333333333333
0 0.4596593880753138 0.460129009762901 0.0265625 0.03333333333333333
0 0.91015625 0.9927083333333333 0.0265625 0.014583333333333334
0 0.58828125 0.11875 0.0296875 0.05
0 0.6015625 0.20625 0.025 0.04583333333333333
0 0.85625 0.22395833333333334 0.0375 0.04375
0 0.48717384708737865 0.7566848705501618 0.0421875 0.04375
0 0.7760416666666667 0.8913194444444444 0.0296875 0.03958333333333333
0 0.19890625 0.85875 0.025000000000000022 0.03958333333333333
0 0.4829837328767123 0.048730022831050226 0.025 0.027083333333333334
0 0.5089936023622047 0.027107939632545933 0.0296875 0.03125
0 0.35703125 0.06354166666666666 0.0234375 0.027083333333333334
0 0.77421875 0.21979166666666666 0.034375 0.03958333333333333
0 0.9782421875 0.028177083333333335 0.022890624999999963 0.03114583333333333
1 0.57109375 0.13333333333333333 0.0890625 0.1125
1 0.3203125 0.21041666666666667 0.103125 0.09583333333333334
