0 0.26484375 0.4354166666666667 0.0265625 0.0375
0 0.23828125 0.5770833333333333 0.0265625 0.0375
0 0.2400305029880478 0.85625 0.0265625 0.0375
0 0.19453125 0.8458333333333333 0.0265625 0.0375
0 0.08359375 0.80625 0.0265625 0.0375
0 0.13515625 0.18958333333333333 0.0265625 0.0375
0 0.21015625 0.21666666666666667 0.0265625 0.041666666666666664
0 0.2091991164921466 0.19171029668411868 0.0265625 0.0375
0 0.2635416666666667 0.2644444444444444 0.0265625 0.0375
0 0.21856806506849313 0.3992009132420092 0.0265625 0.0375
0 0.53984375 0.98125 0.0265625 0.0375
0 0.6288343357740586 0.6068165969316597 0.0265625 0.0375
0 0.48828125 0.86875 0.0265625 0.0375
0 0.84296875 0.85625 0.0265625 0.0375
0 0.83359375 0.98125 0.0265625 0.0375
0 0.84140625 0.776593137254902 0.0265625 0.0375
0 0.828125 0.43645833333333334 0.025 0.03958333333333333
0 0.8640625 0.409375 0.025 0.03958333333333333
0 0.6281664982678984 0.23885200153964586 0.0265625 0.03333333333333333
0 0.73671875 0.14953703703703702 0.0265625 0.03333333333333332
0 0.71015625 0.6354166666666666 0.0265625 0.03333333333333333
0 0.49566701680672265 0.6106442577030812 0.0296875 0.03333333333333333
0 0.45892063284518825 0.4689940725244073 0.0265625 0.03333333333333333
0 0.58828125 0.11875 0.0296875 0.05
0 0.6015625 0.20625 0.025 0.04583333333333333
0 0.85625 0.22395833333333334 0.0375 0.04375
0 0.4856739229368932 0.7586847694174758 0.0421875 0.04375
0 0.7094460227272728 0.9482007575757575 0.0296875 0.03958333333333333
0 0.2117897727272727 0.7386679292929293 0.024999999999999977 0.03958333333333333
0 0.48194716242661445 0.05011211676451402 0.025 0.027083333333333334
0 0.5096887303149606 0.02896161417322835 0.0296875 0.03125
0 0.35703125 0.06354166666666666 0.0234375 0.027083333333333334
0 0.809375 0.3302083333333333 0.034375 0.03958333333333333
0 0.9725669642857142 0.036865079365079365 0.0241517857142858 0.03619047619047619
1 0.57109375 0.13333333333333333 0.0890625 0.1125
1 0.3203125 0.21041666666666667 0.103125 0.09583333333333334
