0 0.26484375 0.4354166666666667 0.0265625 0.0375
0 0.23828125 0.5770833333333333 0.0265625 0.0375
0 0.2414274153386454 0.85625 0.0265625 0.0375
0 0.19453125 0.8458333333333333 0.0265625 0.0375
0 0.08359375 0.80625 0.0265625 0.0375
0 0.006221590909090909 0.7873295454545454 0.012443181818181819 0.031325757575757625
0 0.13515625 0.18958333333333333 0.0265625 0.0375
0 0.31171875 0.23854166666666668 0.0265625 0.041666666666666664
0 0.24253125 0.1614 0.0265625 0.0375
0 0.28047999100719423 0.22290167865707433 0.0265625 0.0375
0 0.2544619508368201 0.3672768479776848 0.0265625 0.0375
0 0.5357167368228404 0.9757473157637871 0.0265625 0.0375
0 0.6285635455390335 0.6063351920693928 0.0265625 0.0375
0 0.48828125 0.86875 0.0265625 0.0375
0 0.84296875 0.85625 0.0265625 0.0375
0 0.83359375 0.98125 0.0265625 0.0375
0 0.847705078125 0.7541666666666667 0.0265625 0.0375
0 0.828125 0.43645833333333334 0.025 0.03958333333333333
0 0.8654726890756302 0.409375 0.025 0.03958333333333333
0 0.6495744410569106 0.21891937669376693 0.0265625 0.03333333333333333
0 0.7630992720883534 0.09723895582329317 0.0265625 0.03333333333333333
0 0.71015625 0.6354166666666666 0.0265625 0.03333333333333333
0 0.5478156887755101 0.5741638321995465 0.0296875 0.03333333333333333
0 0.47255277317880795 0.42204746136865345 0.0265625 0.03333333333333333
0 0.7375 0.44166666666666665 0.028125 0.0375
0 0.9555064006024097 0.9146711847389558 0.0234375 0.035416666666666666
0 0.58828125 0.11875 0.0296875 0.05
0 0.6015625 0.20625 0.025 0.04583333333333333
0 0.85625 0.22395833333333334 0.0375 0.04375
0 0.7643229166666667 0.06388888888888888 0.0296875 0.033333333333333326
0 0.4931204490291262 0.7487560679611651 0.0421875 0.04375
0 0.98734375 0.32125 0.0234375 0.03333333333333333
0 0.4947326030927835 0.03667310996563574 0.025 0.027083333333333334
0 0.50703125 0.01792279411764706 0.0296875 0.02334558823529412
0 0.3620413306451613 0.04445564516129032 0.0234375 0.027083333333333334
1 0.57109375 0.13333333333333333 0.0890625 0.1125
1 0.3203125 0.21041666666666667 0.103125 0.09583333333333334
