0 0.26484375 0.4354166666666667 0.0265625 0.0375
0 0.23828125 0.5770833333333333 0.0265625 0.0375
0 0.24010520418326692 0.85625 0.0265625 0.0375
0 0.19453125 0.8458333333333333 0.0265625 0.0375
0 0.08359375 0.80625 0.0265625 0.0375
0 0.13515625 0.18958333333333333 0.0265625 0.0375
0 0.234375 0.21979166666666666 0.0265625 0.041666666666666664
0 0.21067162958115185 0.18843804537521816 0.0265625 0.0375
0 0.2654947916666667 0.2602777777777778 0.0265625 0.0375
0 0.22080965909090908 0.39734848484848484 0.0265625 0.0375
0 0.53984375 0.98125 0.0265625 0.0375
0 0.6294227248953975 0.6078626220362622 0.0265625 0.0375
0 0.48828125 0.86875 0.0265625 0.0375
0 0.84296875 0.85625 0.0265625 0.0375
0 0.83359375 0.98125 0.0265625 0.0375
0 0.84140625 0.7729166666666667 0.0265625 0.0375
0 0.828125 0.43645833333333334 0.025 0.03958333333333333
0 0.8640625 0.409375 0.025 0.03958333333333333
0 0.6284912673210161 0.23856331793687452 0.0265625 0.03333333333333333
0 0.73671875 0.14606481481481481 0.0265625 0.03333333333333333
0 0.71015625 0.6354166666666666 0.0265625 0.03333333333333333
0 0.4986213235294118 0.6090686274509804 0.0296875 0.03333333333333333
0 0.45911676255230127 0.4666405160390516 0.0265625 0.03333333333333333
0 0.58828125 0.11875 0.0296875 0.05
0 0.6015625 0.20625 0.025 0.04583333333333333
0 0.85625 0.22395833333333334 0.0375 0.04375
0 0.48607213288834955 0.7581538228155339 0.0421875 0.04375
0 0.7247622282608696 0.9333786231884058 0.0296875 0.03958333333333333
0 0.22014802631578947 0.7964364035087719 0.025 0.03958333333333333
0 0.4822223581213307 0.04974518917155903 0.025 0.027083333333333334
0 0.5095041830708661 0.02846948818897638 0.0296875 0.03125000000000001
0 0.35703125 0.06354166666666666 0.0234375 0.027083333333333334
0 0.7796875 0.315625 0.034375 0.03958333333333333
0 0.9740736607142857 0.03455853174603175 0.02381696428571427 0.03485119047619047
1 0.57109375 0.13333333333333333 0.0890625 0.1125
1 0.3203125 0.21041666666666667 0.103125 0.09583333333333334
