0 0.26484375 0.4354166666666667 0.0265625 0.0375
0 0.23828125 0.5770833333333333 0.0265625 0.0375
0 0.24009524402390436 0.85625 0.0265625 0.0375
0 0.19453125 0.8458333333333333 0.0265625 0.0375
0 0.08359375 0.80625 0.0265625 0.0375
0 0.13515625 0.18958333333333333 0.0265625 0.0375
0 0.23359375 0.22291666666666668 0.0265625 0.041666666666666664
0 0.21047529450261782 0.18887434554973823 0.026562500000000024 0.0375
0 0.265234375 0.2608333333333333 0.0265625 0.03749999999999997
0 0.22046875 0.3975 0.0265625 0.0375
0 0.53984375 0.98125 0.0265625 0.0375
0 0.6293442730125524 0.6077231520223152 0.0265625 0.0375
0 0.48828125 0.86875 0.0265625 0.0375
0 0.84296875 0.85625 0.0265625 0.0375
0 0.83359375 0.98125 0.0265625 0.0375
0 0.84140625 0.7734068627450981 0.0265625 0.0375
0 0.828125 0.43645833333333334 0.025 0.03958333333333333
0 0.8640625 0.409375 0.025 0.03958333333333333
0 0.6284479647806005 0.23860180908391068 0.0265625 0.03333333333333333
0 0.73671875 0.14652777777777776 0.0265625 0.03333333333333332
0 0.71015625 0.6354166666666666 0.0265625 0.03333333333333333
0 0.49822741596638653 0.6092787114845938 0.0296875 0.03333333333333333
0 0.45909061192468614 0.4669543235704323 0.0265625 0.03333333333333333
0 0.58828125 0.11875 0.0296875 0.05
0 0.6015625 0.20625 0.025 0.04583333333333333
0 0.85625 0.22395833333333334 0.0375 0.04375
0 0.48601903822815534 0.7582246156957929 0.0421875 0.04375
0 0.7220448369565218 0.9362771739130434 0.0296875 0.03958333333333333
0 0.2198190789473684 0.7872258771929824 0.025 0.03958333333333333
0 0.4821856653620352 0.0497941128506197 0.025 0.027083333333333334
0 0.5095287893700787 0.028535104986876645 0.0296875 0.03125000000000001
0 0.35703125 0.06354166666666666 0.0234375 0.027083333333333334
0 0.7989583333333334 0.3121527777777778 0.034375000000000086 0.03958333333333333
0 0.9738727678571429 0.034866071428571434 0.023861607142857188 0.035029761904761904
1 0.57109375 0.13333333333333333 0.0890625 0.1125
1 0.3203125 0.21041666666666667 0.103125 0.09583333333333334
