0 0.2722275995575221 0.4251352015732547 0.0265625 0.0375
0 0.23828125 0.5770833333333333 0.0265625 0.0375
0 0.24285918824701197 0.85625 0.0265625 0.0375
0 0.19453125 0.8458333333333333 0.0265625 0.0375
0 0.08359375 0.80625 0.0265625 0.0375
0 0.024711211089494162 0.7346384565499352 0.0265625 0.0375
0 0.13515625 0.18958333333333333 0.0265625 0.0375
0 0.22114762931034485 0.17708333333333334 0.0265625 0.0375
0 0.2837823275862069 0.11303879310344828 0.0265625 0.0375
0 0.2837117805755396 0.21859262589928058 0.0265625 0.0375
0 0.30756606543624165 0.3134927293064877 0.0265625 0.0375
0 0.31119791666666663 0.3944444444444445 0.0265625 0.041666666666666664
0 0.5682291666666667 0.9012152777777778 0.0265625 0.0375
0 0.6406927384393064 0.5702372350674374 0.0265625 0.0375
0 0.48828125 0.86875 0.0265625 0.0375
0 0.90546875 0.8604166666666667 0.0234375 0.0375
0 0.8469659449509116 0.8442584151472651 0.0265625 0.0375
0 0.8375909449509116 0.9692584151472651 0.0265625 0.0375
0 0.8537791462131837 0.7501694717157551 0.0265625 0.0375
0 0.828125 0.43645833333333334 0.025 0.03958333333333333
0 0.8677376575630251 0.409375 0.025 0.03958333333333333
0 0.6685191042510121 0.15230263157894738 0.0265625 0.03333333333333333
0 0.772628133033419 0.07075835475578406 0.0265625 0.03333333333333333
0 0.71015625 0.6354166666666666 0.0265625 0.03333333333333333
0 0.5893385808270677 0.49719611528822055 0.0265625 0.03333333333333333
0 0.49765625 0.3944078947368421 0.0265625 0.03333333333333333
0 0.01328125 0.2571908602150537 0.0265625 0.033333333333333305
0 0.28802083333333334 0.37083333333333335 0.028125 0.0375
0 0.7565104166666667 0.5506944444444444 0.0265625 0.03333333333333333
0 0.9930338541666666 0.7886284722222222 0.0125 0.035416666666666666
0 0.71015625 0.6104166666666667 0.0296875 0.041666666666666664
0 0.58828125 0.11875 0.0296875 0.05
0 0.6015625 0.20625 0.025 0.04583333333333333
0 0.22890625 0.45208333333333334 0.0359375 0.04583333333333333
0 0.09765625 0.33958333333333335 0.0328125 0.0375
0 0.85625 0.22395833333333334 0.0375 0.04375
0 0.5069181743421052 0.727953673245614 0.0421875 0.04375
1 0.57109375 0.13333333333333333 0.0890625 0.1125
1 0.3203125 0.21041666666666667 0.103125 0.09583333333333334
