0 0.2753387721238938 0.4140732546705998 0.0265625 0.0375
0 0.23828125 0.5823943661971831 0.0265625 0.0375
0 0.2456242664319249 0.8491686228482003 0.0265625 0.0375
0 0.19453125 0.8458333333333333 0.0265625 0.0375
0 0.08359375 0.80625 0.0265625 0.0375
0 0.029764524647887324 0.7277093114241001 0.0265625 0.0375
0 0.13515625 0.18958333333333333 0.0265625 0.0375
0 0.19229910714285717 0.12202380952380952 0.026562500000000024 0.0375
0 0.3110701650943396 0.09626572327044025 0.0265625 0.0375
0 0.28497639388489204 0.21690647482014389 0.0265625 0.0375
0 0.3143742664319249 0.3051056338028169 0.0265625 0.0375
0 0.44140625 0.12916666666666668 0.0265625 0.041666666666666664
0 0.5843713321596244 0.8757335680751174 0.0265625 0.0375
0 0.6467891979768786 0.5634633911368016 0.0265625 0.0375
0 0.48828125 0.86875 0.0265625 0.0375
0 0.47734375 0.80625 0.0265625 0.0375
0 0.8489382450911641 0.8383415147265078 0.0265625 0.0375
0 0.8395632450911641 0.9633415147265078 0.0265625 0.0375
0 0.8552583713183731 0.7481971715755026 0.0265625 0.0375
0 0.904296875 0.6557291666666667 0.0265625 0.0375
0 0.828125 0.43645833333333334 0.025 0.03958333333333333
0 0.8686239495798318 0.409375 0.025 0.03958333333333333
0 0.66515625 0.17791666666666667 0.0234375 0.03333333333333333
0 0.6735275057603687 0.13193164362519202 0.0265625 0.03333333333333335
0 0.76171875 0.058333333333333334 0.0265625 0.03333333333333333
0 0.7699168541131105 0.06352827763496144 0.0265625 0.033333333333333326
0 0.7128117664319249 0.6389573552425666 0.0265625 0.03333333333333333
0 0.5887507335680751 0.4813575899843505 0.0265625 0.03333333333333333
0 0.5003117664319249 0.3842723004694836 0.0265625 0.03333333333333333
0 0.17359375 0.5683333333333334 0.0265625 0.03333333333333333
0 0.016567887931034482 0.21688218390804598 0.0265625 0.03333333333333333
0 0.07296875 0.2075 0.0265625 0.03333333333333333
0 0.647265625 0.9864583333333333 0.02578125 0.027083333333333334
0 0.75546875 0.8583333333333333 0.0265625 0.03333333333333333
0 0.9877232142857142 0.7700892857142857 0.024553571428571352 0.033630952380952435
0 0.57890625 0.25104166666666666 0.025 0.035416666666666666
0 0.58828125 0.11875 0.0296875 0.05
0 0.6015625 0.20625 0.025 0.04583333333333333
0 0.3703125 0.73125 0.0390625 0.041666666666666664
0 0.7625 0.5989583333333334 0.028125 0.035416666666666666
0 0.85625 0.22395833333333334 0.0375 0.04375
0 0.5138569078947368 0.7171600877192983 0.0421875 0.04375
