0 0.270377890969163 0.4298825256975037 0.0265625 0.0375
0 0.23828125 0.5770833333333333 0.0265625 0.0375
0 0.2425902639442231 0.85625 0.0265625 0.0375
0 0.19453125 0.8458333333333333 0.0265625 0.0375
0 0.08359375 0.80625 0.0265625 0.0375
0 0.022084751945525293 0.7429555771725033 0.0265625 0.0375
0 0.13515625 0.18958333333333333 0.0265625 0.0375
0 0.22057291666666665 0.18472222222222223 0.0265625 0.041666666666666664
0 0.2699622844827586 0.12176724137931035 0.0265625 0.0375
0 0.2831047661870504 0.2194019784172662 0.0265625 0.0375
0 0.29741347111553784 0.32115703851261623 0.0265625 0.0375
0 0.22879464285714285 0.4708333333333333 0.028125 0.04583333333333333
0 0.5561310016556291 0.9270005518763796 0.0265625 0.0375
0 0.63828125 0.5739962121212121 0.0265625 0.0375
0 0.48828125 0.86875 0.0265625 0.0375
0 0.8460192408835905 0.8470985273492286 0.0265625 0.0375
0 0.8366442408835905 0.9720985273492286 0.0265625 0.0375
0 0.8530691181626928 0.7511161757830762 0.0265625 0.0375
0 0.828125 0.43645833333333334 0.025 0.03958333333333333
0 0.867312237394958 0.409375 0.025 0.03958333333333333
0 0.665786310728745 0.16414473684210526 0.0265625 0.03333333333333333
0 0.773929546915167 0.07422879177377892 0.0265625 0.03333333333333333
0 0.71015625 0.6354166666666666 0.0265625 0.03333333333333333
0 0.5840767045454546 0.5066856060606061 0.0265625 0.03333333333333333
0 0.4965010943579767 0.40432068741893645 0.0265625 0.03333333333333333
0 0.01120888157894737 0.2758552631578947 0.02241776315789474 0.03333333333333333
0 0.3689732142857143 0.4401785714285714 0.028125 0.0375
0 0.78359375 0.39895833333333336 0.0265625 0.03333333333333333
0 0.9870146780303031 0.8155618686868688 0.01631155303030294 0.035416666666666666
0 0.775 0.8260416666666667 0.0296875 0.041666666666666664
0 0.58828125 0.11875 0.0296875 0.05
0 0.6015625 0.20625 0.025 0.04583333333333333
0 0.15703125 0.31666666666666665 0.0359375 0.04583333333333333
0 0.85625 0.22395833333333334 0.0375 0.04375
0 0.5035875822368421 0.7331345942982457 0.0421875 0.04375
0 0.33125 0.057291666666666664 0.0234375 0.029166666666666667
0 0.49726190476190474 0.018052248677248677 0.025 0.027083333333333334
0 0.45 0.007291666666666667 0.028125 0.014583333333333334
0 0.5255918560606061 0.009438131313131315 0.0296875 0.01875
1 0.57109375 0.13333333333333333 0.0890625 0.1125
1 0.3203125 0.21041666666666667 0.103125 0.09583333333333334
