0 0.26484375 0.4354166666666667 0.0265625 0.0375
0 0.23828125 0.5770833333333333 0.0265625 0.0375
0 0.24132781374501994 0.85625 0.0265625 0.0375
0 0.19453125 0.8458333333333333 0.0265625 0.0375
0 0.08359375 0.80625 0.0265625 0.0375
0 0.006079545454545455 0.791685606060606 0.01215909090909091 0.03170454545454551
0 0.13515625 0.18958333333333333 0.0265625 0.0375
0 0.31588541666666664 0.23402777777777778 0.0265625 0.041666666666666664
0 0.24169791666666668 0.16406666666666667 0.0265625 0.0375
0 0.27910604508196724 0.22577185792349724 0.0265625 0.0375
0 0.2515853817991632 0.3690202231520223 0.0265625 0.0375
0 0.536082769033675 0.9762353587115666 0.0265625 0.0375
0 0.628912058550186 0.606954770755886 0.0265625 0.0375
0 0.48828125 0.86875 0.0265625 0.0375
0 0.84296875 0.85625 0.0265625 0.0375
0 0.83359375 0.98125 0.0265625 0.0375
0 0.8466710707720588 0.7541666666666667 0.0265625 0.0375
0 0.828125 0.43645833333333334 0.025 0.03958333333333333
0 0.8653151260504203 0.409375 0.025 0.03958333333333333
0 0.6470337906504066 0.22366192411924118 0.0265625 0.03333333333333333
0 0.7620952560240963 0.09924698795180723 0.0265625 0.03333333333333333
0 0.71015625 0.6354166666666666 0.0265625 0.03333333333333333
0 0.5427136479591836 0.5786989795918367 0.0296875 0.03333333333333333
0 0.47089714403973504 0.42480684326710816 0.0265625 0.03333333333333333
0 0.78125 0.4375 0.028125 0.0375
0 0.9518408764367816 0.9250239463601532 0.0234375 0.035416666666666666
0 0.58828125 0.11875 0.0296875 0.05
0 0.6015625 0.20625 0.025 0.04583333333333333
0 0.85625 0.22395833333333334 0.0375 0.04375
0 0.75703125 0.01875 0.0296875 0.03333333333333333
0 0.49258950242718447 0.7494639967637541 0.0421875 0.04375
0 0.9643750000000001 0.35562499999999997 0.028125 0.04375
0 0.4919405068728523 0.03925042955326461 0.025 0.027083333333333338
0 0.50703125 0.01914828431372549 0.0296875 0.025796568627450982
0 0.3611004704301075 0.048039874551971326 0.0234375 0.027083333333333334
1 0.57109375 0.13333333333333333 0.0890625 0.1125
1 0.3203125 0.21041666666666667 0.103125 0.09583333333333334
