0 0.26484375 0.4354166666666667 0.0265625 0.0375
0 0.23828125 0.5770833333333333 0.0265625 0.0375
0 0.23996078187250997 0.85625 0.0265625 0.0375
0 0.19453125 0.8458333333333333 0.0265625 0.0375
0 0.08359375 0.80625 0.0265625 0.0375
0 0.13515625 0.18958333333333333 0.0265625 0.0375
0 0.21171875 0.2421875 0.0265625 0.041666666666666664
0 0.20782477094240837 0.19476439790575917 0.0265625 0.0375
0 0.26171875 0.26833333333333337 0.0265625 0.037500000000000026
0 0.2167701198630137 0.40159817351598176 0.0265625 0.0375
0 0.53984375 0.98125 0.0265625 0.0375
0 0.6282851725941423 0.6058403068340307 0.0265625 0.0375
0 0.48828125 0.86875 0.0265625 0.0375
0 0.84296875 0.85625 0.0265625 0.0375
0 0.83359375 0.98125 0.0265625 0.0375
0 0.84140625 0.7800245098039216 0.0265625 0.0375
0 0.828125 0.43645833333333334 0.025 0.03958333333333333
0 0.8640625 0.409375 0.025 0.03958333333333333
0 0.6278633804849885 0.23912143956889914 0.0265625 0.03333333333333333
0 0.73671875 0.15277777777777776 0.0265625 0.03333333333333333
0 0.71015625 0.6354166666666666 0.0265625 0.03333333333333333
0 0.49290966386554624 0.6121148459383754 0.0296875 0.03333333333333333
0 0.45873757845188284 0.4711907252440725 0.0265625 0.03333333333333333
0 0.58828125 0.11875 0.0296875 0.05
0 0.6015625 0.20625 0.025 0.04583333333333333
0 0.85625 0.22395833333333334 0.0375 0.04375
0 0.48530226031553403 0.759180319579288 0.0421875 0.04375
0 0.6937309451219512 0.9648119918699187 0.0296875 0.03958333333333333
0 0.19588068181818183 0.710385101010101 0.025000000000000022 0.03958333333333333
0 0.481690313111546 0.05045458251793868 0.025 0.027083333333333334
0 0.5098609744094488 0.029420931758530184 0.0296875 0.03125
0 0.35703125 0.06354166666666666 0.0234375 0.027083333333333334
0 0.7765625 0.37395833333333334 0.034375 0.03958333333333333
0 0.9711607142857144 0.03901785714285714 0.024464285714285872 0.0374404761904762
1 0.57109375 0.13333333333333333 0.0890625 0.1125
1 0.3203125 0.21041666666666667 0.103125 0.09583333333333334
