0 0.26484375 0.4354166666666667 0.0265625 0.0375
0 0.23828125 0.5770833333333333 0.0265625 0.0375
0 0.24115102091633464 0.85625 0.0265625 0.0375
0 0.19453125 0.8458333333333333 0.0265625 0.0375
0 0.08359375 0.80625 0.0265625 0.0375
0 0.005827414772727272 0.7994176136363637 0.011654829545454545 0.03237689393939398
0 0.13515625 0.18958333333333333 0.0265625 0.0375
0 0.31703125 0.22624999999999998 0.0265625 0.041666666666666664
0 0.24021875 0.1688 0.0265625 0.0375
0 0.27655993852459015 0.23110655737704916 0.0265625 0.0375
0 0.24647947175732215 0.3721147140864714 0.0265625 0.0375
0 0.5367324762079063 0.977101634943875 0.0265625 0.0375
0 0.6295306691449813 0.6080545229244113 0.0265625 0.0375
0 0.48828125 0.86875 0.0265625 0.0375
0 0.84296875 0.85625 0.0265625 0.0375
0 0.83359375 0.98125 0.0265625 0.0375
0 0.8448357077205882 0.7541666666666667 0.0265625 0.0375
0 0.828125 0.43645833333333334 0.025 0.03958333333333333
0 0.8650354516806722 0.409375 0.025 0.03958333333333333
0 0.642203125 0.23154166666666667 0.0265625 0.03333333333333333
0 0.759942100253807 0.10236886632825719 0.0265625 0.03333333333333333
0 0.71015625 0.6354166666666666 0.0265625 0.03333333333333333
0 0.5336575255102041 0.586748866213152 0.0296875 0.03333333333333333
0 0.46759510869565213 0.4296648550724637 0.0265625 0.03333333333333333
0 0.8201562499999999 0.41520833333333335 0.028125 0.0375
0 0.945465158045977 0.941175766283525 0.0234375 0.035416666666666666
0 0.58828125 0.11875 0.0296875 0.05
0 0.6015625 0.20625 0.025 0.04583333333333333
0 0.85625 0.22395833333333334 0.0375 0.04375
0 0.4916470722087379 0.7507205703883495 0.0421875 0.04375
0 0.9455357142857143 0.44389880952380956 0.028125 0.04375
0 0.4869845360824742 0.04382517182130584 0.025 0.02708333333333333
0 0.50703125 0.021323529411764703 0.0296875 0.03014705882352941
0 0.3594304435483871 0.054401881720430104 0.0234375 0.027083333333333327
1 0.57109375 0.13333333333333333 0.0890625 0.1125
1 0.3203125 0.21041666666666667 0.103125 0.09583333333333334
