0 0.26484375 0.4354166666666667 0.0265625 0.0375
0 0.23828125 0.5770833333333333 0.0265625 0.0375
0 0.24029942729083667 0.85625 0.0265625 0.0375
0 0.19453125 0.8458333333333333 0.0265625 0.0375
0 0.08359375 0.80625 0.0265625 0.0375
0 0.13515625 0.18958333333333333 0.0265625 0.0375
0 0.27421875 0.20555555555555557 0.0265625 0.041666666666666664
0 0.21450016361256546 0.17993019197207677 0.0265625 0.0375
0 0.26775760135135135 0.25292792792792795 0.0265625 0.037500000000000026
0 0.22607421875 0.3917100694444445 0.0265625 0.0375
0 0.53984375 0.98125 0.0265625 0.0375
0 0.6309525366108787 0.6105822873082288 0.0265625 0.0375
0 0.48828125 0.86875 0.0265625 0.0375
0 0.84296875 0.85625 0.0265625 0.0375
0 0.83359375 0.98125 0.0265625 0.0375
0 0.8391051136363636 0.760530303030303 0.0265625 0.0375
0 0.828125 0.43645833333333334 0.025 0.03958333333333333
0 0.8640625 0.409375 0.025 0.03958333333333333
0 0.6293356668591225 0.23781274056966897 0.0265625 0.03333333333333333
0 0.7464668843283582 0.13165422885572137 0.0265625 0.03333333333333332
0 0.71015625 0.6354166666666666 0.0265625 0.03333333333333333
0 0.5063025210084033 0.6049719887955182 0.0296875 0.03333333333333333
0 0.459626699790795 0.46052126917712694 0.0265625 0.03333333333333333
0 0.58828125 0.11875 0.0296875 0.05
0 0.6015625 0.20625 0.025 0.04583333333333333
0 0.85625 0.22395833333333334 0.0375 0.04375
0 0.48710747876213595 0.7567733616504854 0.0421875 0.04375
0 0.7765625 0.8988095238095238 0.0296875 0.03958333333333333
0 0.20242187500000003 0.8592708333333333 0.025000000000000022 0.03958333333333333
0 0.482937866927593 0.048791177429876056 0.025 0.027083333333333334
0 0.5090243602362204 0.027189960629921257 0.0296875 0.03125
0 0.35703125 0.06354166666666666 0.0234375 0.027083333333333334
0 0.7720982142857143 0.22306547619047618 0.034375 0.03958333333333333
0 0.9779910714285714 0.028561507936507934 0.02294642857142861 0.031369047619047616
1 0.57109375 0.13333333333333333 0.0890625 0.1125
1 0.3203125 0.21041666666666667 0.103125 0.09583333333333334
