0 0.26484375 0.4354166666666667 0.0265625 0.0375
0 0.23828125 0.5770833333333333 0.0265625 0.0375
0 0.24066048306772908 0.85625 0.0265625 0.0375
0 0.19453125 0.8458333333333333 0.0265625 0.0375
0 0.08359375 0.80625 0.0265625 0.0375
0 0.13515625 0.18958333333333333 0.0265625 0.0375
0 0.30078125 0.20989583333333334 0.0265625 0.041666666666666664
0 0.22796378968253966 0.17328042328042328 0.0265625 0.0375
0 0.2695197610294118 0.24587928921568628 0.0265625 0.0375
0 0.23395833333333332 0.3828472222222222 0.0265625 0.0375
0 0.5385351848462665 0.9795052464616886 0.0265625 0.0375
0 0.631247095724907 0.6111059479553904 0.0265625 0.0375
0 0.48828125 0.86875 0.0265625 0.0375
0 0.84296875 0.85625 0.0265625 0.0375
0 0.83359375 0.98125 0.0265625 0.0375
0 0.8397432215073529 0.7541666666666667 0.0265625 0.0375
0 0.828125 0.43645833333333334 0.025 0.03958333333333333
0 0.8642594537815127 0.409375 0.025 0.03958333333333333
0 0.6309053839491916 0.2364174364896074 0.0265625 0.03333333333333333
0 0.754856861888112 0.11322843822843823 0.0265625 0.03333333333333333
0 0.71015625 0.6354166666666666 0.0265625 0.03333333333333333
0 0.5178865131578948 0.6004385964912281 0.0296875 0.03333333333333333
0 0.46160552536231886 0.44772544283413845 0.0265625 0.03333333333333333
0 0.9236028740875912 0.9789461678832116 0.0234375 0.035416666666666666
0 0.58828125 0.11875 0.0296875 0.05
0 0.6015625 0.20625 0.025 0.04583333333333333
0 0.85625 0.22395833333333334 0.0375 0.04375
0 0.4890321601941747 0.7542071197411003 0.0421875 0.04375
0 0.859375 0.7135416666666666 0.0296875 0.03958333333333333
0 0.165625 0.9288194444444444 0.025 0.03958333333333333
0 0.1453125 0.921875 0.03125 0.03958333333333333
0 0.48426797945205474 0.04701769406392694 0.025 0.027083333333333334
0 0.5081323818897638 0.024811351706036745 0.0296875 0.03125
0 0.35703125 0.06354166666666666 0.0234375 0.027083333333333334
0 0.74546875 0.05041666666666667 0.0296875 0.03333333333333334
0 0.9852734375000001 0.017413194444444446 0.021328124999999965 0.024895833333333336
1 0.57109375 0.13333333333333333 0.0890625 0.1125
1 0.3203125 0.21041666666666667 0.103125 0.09583333333333334
