0 0.2657798733480176 0.43448054331864905 0.0265625 0.0375
0 0.23828125 0.5770833333333333 0.0265625 0.0375
0 0.24217442729083666 0.85625 0.0265625 0.0375
0 0.19453125 0.8458333333333333 0.0265625 0.0375
0 0.08359375 0.80625 0.0265625 0.0375
0 0.018023467898832683 0.7558163099870298 0.0265625 0.0375
0 0.13515625 0.18958333333333333 0.0265625 0.0375
0 0.245703125 0.18958333333333333 0.0265625 0.041666666666666664
0 0.2555419921875 0.13740234375 0.0265625 0.0375
0 0.28216614208633095 0.22065347721822542 0.0265625 0.0375
0 0.28389877988047807 0.3391766268260292 0.0265625 0.0375
0 0.13468750000000002 0.5320833333333332 0.028125 0.04999999999999994
0 0.540234375 0.9601273148148147 0.0265625 0.0375
0 0.6347590042372881 0.5872175141242938 0.0265625 0.0375
0 0.48828125 0.86875 0.0265625 0.0375
0 0.8445553558906032 0.8514901823281907 0.0265625 0.0375
0 0.8351803558906031 0.9764901823281907 0.0265625 0.0375
0 0.8519712044179523 0.7525800607760635 0.0265625 0.0375
0 0.828125 0.43645833333333334 0.025 0.03958333333333333
0 0.8666544117647058 0.409375 0.025 0.03958333333333333
0 0.6623613365800866 0.1792929292929293 0.0265625 0.03333333333333333
0 0.7706293925702811 0.08217871485943776 0.0265625 0.03333333333333334
0 0.71015625 0.6354166666666666 0.0265625 0.03333333333333333
0 0.5725608301526718 0.5278148854961832 0.027468988549618344 0.03333333333333333
0 0.48634788424124514 0.405674448767834 0.0265625 0.03333333333333333
0 0.00546875 0.30520833333333336 0.0109375 0.035416666666666666
0 0.5119791666666667 0.4756944444444445 0.028125 0.0375
0 0.7247395833333333 0.1375 0.0265625 0.03333333333333333
0 0.9766283885542169 0.8493850401606425 0.0234375 0.035416666666666666
0 0.58828125 0.11875 0.0296875 0.05
0 0.6015625 0.20625 0.025 0.04583333333333333
0 0.04140625 0.042708333333333334 0.0296875 0.03958333333333333
0 0.85625 0.22395833333333334 0.0375 0.04375
0 0.9921875 0.32083333333333336 0.013020833333333214 0.0375
0 0.4984375 0.7411458333333333 0.0421875 0.04375
0 0.5022321428571429 0.022470238095238092 0.025 0.027083333333333334
0 0.25 0.2760416666666667 0.028125 0.0375
0 0.5176846590909091 0.012073863636363636 0.0296875 0.01875
0 0.3701116071428571 0.01794642857142857 0.0234375 0.02494047619047619
1 0.57109375 0.13333333333333333 0.0890625 0.1125
1 0.3203125 0.21041666666666667 0.103125 0.09583333333333334
