0 0.26484375 0.4354166666666667 0.0265625 0.0375
0 0.23828125 0.5770833333333333 0.0265625 0.0375
0 0.24101157868525896 0.85625 0.0265625 0.0375
0 0.19453125 0.8458333333333333 0.0265625 0.0375
0 0.08359375 0.80625 0.0265625 0.0375
0 0.005628551136363636 0.8055160984848484 0.011257102272727273 0.032907196969697
0 0.13515625 0.18958333333333333 0.0265625 0.0375
0 0.3114172149122807 0.22123538011695906 0.0265625 0.041666666666666664
0 0.23905208333333333 0.17253333333333334 0.0265625 0.0375
0 0.2745517418032787 0.23531420765027322 0.0265625 0.0375
0 0.2424522751046025 0.37455543933054397 0.0265625 0.0375
0 0.5372449213030747 0.9777848950707662 0.0265625 0.0375
0 0.6300185873605948 0.6089219330855019 0.0265625 0.0375
0 0.48828125 0.86875 0.0265625 0.0375
0 0.84296875 0.85625 0.0265625 0.0375
0 0.83359375 0.98125 0.0265625 0.0375
0 0.8433880974264707 0.7541666666666667 0.0265625 0.0375
0 0.828125 0.43645833333333334 0.025 0.03958333333333333
0 0.8648148634453781 0.409375 0.025 0.03958333333333333
0 0.6360781249999999 0.233875 0.0265625 0.03333333333333333
0 0.7581654505076142 0.10473773265651438 0.0265625 0.03333333333333333
0 0.71015625 0.6354166666666666 0.0265625 0.03333333333333333
0 0.5281777871621622 0.5917652027027027 0.0296875 0.03333333333333333
0 0.46479846014492754 0.43353462157809985 0.0265625 0.03333333333333333
0 0.8625 0.35625 0.028125 0.0375
0 0.9404364224137931 0.9539152298850574 0.0234375 0.035416666666666666
0 0.58828125 0.11875 0.0296875 0.05
0 0.6015625 0.20625 0.025 0.04583333333333333
0 0.85625 0.22395833333333334 0.0375 0.04375
0 0.4909037469660194 0.7517116707119741 0.0421875 0.04375
0 0.92609375 0.5352083333333333 0.0296875 0.039583333333333276
0 0.14595170454545453 0.9673295454545454 0.0203125 0.03125
0 0.4855613992172211 0.04529313437703849 0.025 0.027083333333333334
0 0.5072650098425198 0.02249835958005249 0.0296875 0.03125
0 0.3581132392473118 0.05941980286738351 0.0234375 0.027083333333333334
1 0.57109375 0.13333333333333333 0.0890625 0.1125
1 0.3203125 0.21041666666666667 0.103125 0.09583333333333334
