0 0.26756952092511016 0.43269089574155656 0.0265625 0.0375
0 0.23828125 0.5770833333333333 0.0265625 0.0375
0 0.2423362798804781 0.85625 0.0265625 0.0375
0 0.19453125 0.8458333333333333 0.0265625 0.0375
0 0.08359375 0.80625 0.0265625 0.0375
0 0.01960420719844358 0.750810635538262 0.0265625 0.0375
0 0.13515625 0.18958333333333333 0.0265625 0.0375
0 0.22927389705882356 0.1872549019607843 0.0265625 0.041666666666666664
0 0.260302734375 0.1310546875 0.0265625 0.0375
0 0.28253147482014385 0.22016636690647481 0.0265625 0.0375
0 0.2891589890438247 0.3321630146082338 0.0265625 0.0375
0 0.1665625 0.5308333333333334 0.028125 0.05
0 0.54658203125 0.947902199074074 0.0265625 0.0375
0 0.6377714512711864 0.5803319209039548 0.0265625 0.0375
0 0.48828125 0.86875 0.0265625 0.0375
0 0.8451251314866759 0.849780855539972 0.0265625 0.0375
0 0.835750131486676 0.974780855539972 0.0265625 0.0375
0 0.8523985361150069 0.7520102851799906 0.0265625 0.0375
0 0.828125 0.43645833333333334 0.025 0.03958333333333333
0 0.8669104516806723 0.409375 0.025 0.03958333333333333
0 0.6632406655844155 0.17518939393939395 0.0265625 0.03333333333333333
0 0.7722609186746988 0.07891566265060242 0.0265625 0.03333333333333334
0 0.71015625 0.6354166666666666 0.0265625 0.03333333333333333
0 0.5779878339694656 0.5200620229007633 0.02669370229007626 0.03333333333333328
0 0.49029973249027237 0.4051475356679637 0.0265625 0.03333333333333333
0 0.007484375 0.2899791666666667 0.01496875 0.033624999999999974
0 0.4234375 0.41041666666666665 0.028125 0.0375
0 0.77109375 0.22916666666666666 0.0265625 0.03333333333333333
0 0.9793678977272726 0.8370265151515152 0.02194602272727284 0.035416666666666666
0 0.828125 0.9875 0.028125 0.020833333333333332
0 0.58828125 0.11875 0.0296875 0.05
0 0.6015625 0.20625 0.025 0.04583333333333333
0 0.05546875 0.15833333333333333 0.0359375 0.04583333333333333
0 0.85625 0.22395833333333334 0.0375 0.04375
0 0.5004420230263158 0.7380276864035088 0.0421875 0.04375
0 0.500297619047619 0.020750661375661374 0.025 0.02708333333333333
0 0.29739583333333336 0.14375 0.028125 0.0375
0 0.5207623106060606 0.011047979797979798 0.0296875 0.01875
0 0.37301339285714286 0.012626488095238095 0.0234375 0.022038690476190472
1 0.57109375 0.13333333333333333 0.0890625 0.1125
1 0.3203125 0.21041666666666667 0.103125 0.09583333333333334
