0 0.2713702986725664 0.4281833824975418 0.0265625 0.0375
0 0.23828125 0.5770833333333333 0.0265625 0.0375
0 0.24270480577689243 0.85625 0.0265625 0.0375
0 0.19453125 0.8458333333333333 0.0265625 0.0375
0 0.08359375 0.80625 0.0265625 0.0375
0 0.023203428988326846 0.7394130998702982 0.0265625 0.0375
0 0.13515625 0.18958333333333333 0.0265625 0.0375
0 0.22176339285714283 0.17886904761904762 0.0265625 0.041666666666666664
0 0.275848599137931 0.11804956896551723 0.0265625 0.037499999999999985
0 0.28336330935251797 0.21905725419664268 0.0265625 0.0375
0 0.3017145553691275 0.31782718120805364 0.0265625 0.0375
0 0.25703125 0.41423611111111114 0.0265625 0.035416666666666666
0 0.5604149420529801 0.9174806843267108 0.0265625 0.0375
0 0.6390128251445086 0.5721038053949904 0.0265625 0.0375
0 0.48828125 0.86875 0.0265625 0.0375
0 0.99296875 0.946875 0.0140625 0.022916666666666665
0 0.8464224666900421 0.8458888499298738 0.0265625 0.0375
0 0.837047466690042 0.9708888499298738 0.0265625 0.0375
0 0.8533715375175316 0.7507129499766246 0.0265625 0.0375
0 0.828125 0.43645833333333334 0.025 0.03958333333333333
0 0.8674934348739496 0.409375 0.025 0.03958333333333333
0 0.6669502783400809 0.15910087719298244 0.0265625 0.03333333333333333
0 0.7733752410025707 0.07275064267352185 0.0265625 0.03333333333333333
0 0.71015625 0.6354166666666666 0.0265625 0.03333333333333333
0 0.5864250469924812 0.5020520050125313 0.0265625 0.03333333333333333
0 0.49765625 0.40120614035087715 0.0265625 0.03333333333333333
0 0.01328125 0.26875 0.0265625 0.03333333333333333
0 0.30703125 0.45208333333333334 0.028125 0.0375
0 0.7578125 0.47291666666666665 0.0265625 0.03333333333333333
0 0.9904632260101011 0.805881734006734 0.013770517676767647 0.035416666666666666
0 0.74765625 0.7520833333333333 0.0296875 0.041666666666666664
0 0.58828125 0.11875 0.0296875 0.05
0 0.6015625 0.20625 0.025 0.04583333333333333
0 0.19140625 0.34791666666666665 0.0359375 0.04583333333333333
0 0.85625 0.22395833333333334 0.0375 0.04375
0 0.5050061677631579 0.7309279057017544 0.0421875 0.04375
1 0.57109375 0.13333333333333333 0.0890625 0.1125
1 0.3203125 0.21041666666666667 0.103125 0.09583333333333334
