0 0.26484375 0.4354166666666667 0.0265625 0.0375
0 0.23828125 0.5770833333333333 0.0265625 0.0375
0 0.24077004482071712 0.85625 0.0265625 0.0375
0 0.19453125 0.8458333333333333 0.0265625 0.0375
0 0.08359375 0.80625 0.0265625 0.0375
0 0.00546875 0.8104166666666667 0.0109375 0.03333333333333333
0 0.13515625 0.18958333333333333 0.0265625 0.0375
0 0.30625 0.21458333333333332 0.0265625 0.041666666666666664
0 0.23232886904761907 0.1740079365079365 0.0265625 0.0375
0 0.27107325819672135 0.24260245901639343 0.0265625 0.0375
0 0.23625 0.3797916666666667 0.0265625 0.0375
0 0.5381325494143485 0.9789683992191313 0.0265625 0.0375
0 0.6308637314126394 0.6104244114002478 0.0265625 0.0375
0 0.48828125 0.86875 0.0265625 0.0375
0 0.84296875 0.85625 0.0265625 0.0375
0 0.83359375 0.98125 0.0265625 0.0375
0 0.8408806295955882 0.7541666666666667 0.0265625 0.0375
0 0.828125 0.43645833333333334 0.025 0.03958333333333333
0 0.8644327731092437 0.409375 0.025 0.03958333333333333
0 0.6313817118937644 0.23599403387220938 0.0265625 0.03333333333333333
0 0.7553376311188811 0.1093822843822844 0.0265625 0.03333333333333333
0 0.71015625 0.6354166666666666 0.0265625 0.03333333333333333
0 0.5210092905405406 0.5985923423423424 0.0296875 0.03333333333333333
0 0.46260190217391306 0.44329710144927537 0.0265625 0.03333333333333333
0 0.982421875 0.36822916666666666 0.028125 0.0375
0 0.929122947080292 0.9715860705596107 0.0234375 0.035416666666666666
0 0.58828125 0.11875 0.0296875 0.05
0 0.6015625 0.20625 0.025 0.04583333333333333
0 0.85625 0.22395833333333334 0.0375 0.04375
0 0.4896162014563107 0.7534283980582525 0.0421875 0.04375
0 0.8737723214285713 0.640327380952381 0.0296875 0.03958333333333333
0 0.1441105769230769 0.9319711538461539 0.025 0.03958333333333333
0 0.17421875 0.971875 0.028125 0.029166666666666667
0 0.4846715998043053 0.04647953359425962 0.025 0.02708333333333333
0 0.5078617125984252 0.024089566929133856 0.0296875 0.03125
0 0.35703125 0.06354166666666666 0.0234375 0.027083333333333334
0 0.9874832589285714 0.014030257936507936 0.020837053571428576 0.02293154761904762
1 0.57109375 0.13333333333333333 0.0890625 0.1125
1 0.3203125 0.21041666666666667 0.103125 0.09583333333333334
