0 0.26484375 0.4354166666666667 0.0265625 0.0375
0 0.23828125 0.5770833333333333 0.0265625 0.0375
0 0.24144982569721116 0.85625 0.0265625 0.0375
0 0.19453125 0.8458333333333333 0.0265625 0.0375
0 0.08359375 0.80625 0.0265625 0.0375
0 0.006322487113402062 0.7862972508591066 0.012644974226804124 0.031314432989690624
0 0.13515625 0.18958333333333333 0.0265625 0.0375
0 0.3064453125 0.24205729166666667 0.0265625 0.041666666666666664
0 0.24271875 0.1608 0.0265625 0.0375
0 0.28053057553956834 0.22283423261390886 0.0265625 0.0375
0 0.2551091788702929 0.36688458856345885 0.0265625 0.0375
0 0.5356343795754026 0.9756375061005368 0.0265625 0.0375
0 0.6284851301115242 0.6061957868649318 0.0265625 0.0375
0 0.48828125 0.86875 0.0265625 0.0375
0 0.84296875 0.85625 0.0265625 0.0375
0 0.83359375 0.98125 0.0265625 0.0375
0 0.8479377297794117 0.7541666666666667 0.0265625 0.0375
0 0.828125 0.43645833333333334 0.025 0.03958333333333333
0 0.8655081407563026 0.409375 0.025 0.03958333333333333
0 0.650146087398374 0.21785230352303522 0.0265625 0.03333333333333333
0 0.7633251757028112 0.0967871485943775 0.0265625 0.03333333333333333
0 0.71015625 0.6354166666666666 0.0265625 0.03333333333333333
0 0.5489636479591836 0.5731434240362812 0.0296875 0.03333333333333333
0 0.47292528973509934 0.4214266004415011 0.0265625 0.03333333333333333
0 0.7109375 0.4652777777777778 0.028125 0.0375
0 0.9563535391566266 0.9119603413654619 0.0234375 0.035416666666666666
0 0.58828125 0.11875 0.0296875 0.05
0 0.6015625 0.20625 0.025 0.04583333333333333
0 0.85625 0.22395833333333334 0.0375 0.04375
0 0.77578125 0.07916666666666666 0.0296875 0.03333333333333333
0 0.49323991201456313 0.7485967839805825 0.0421875 0.04375
0 0.49536082474226806 0.03609321305841925 0.025 0.027083333333333334
0 0.50703125 0.01764705882352941 0.0296875 0.022794117647058822
0 0.3622530241935484 0.0436491935483871 0.0234375 0.027083333333333338
1 0.57109375 0.13333333333333333 0.0890625 0.1125
1 0.3203125 0.21041666666666667 0.103125 0.09583333333333334
