0 0.26616533590308367 0.43409508076358294 0.0265625 0.0375
0 0.23828125 0.5770833333333333 0.0265625 0.0375
0 0.24220928784860557 0.85625 0.0265625 0.0375
0 0.19453125 0.8458333333333333 0.0265625 0.0375
0 0.08359375 0.80625 0.0265625 0.0375
0 0.01836393482490272 0.7547381647211414 0.0265625 0.0375
0 0.13515625 0.18958333333333333 0.0265625 0.0375
0 0.23828125 0.18958333333333333 0.0265625 0.041666666666666664
0 0.2565673828125 0.13603515625 0.0265625 0.0375
0 0.2822448291366907 0.22054856115107915 0.0265625 0.0375
0 0.28503174800796816 0.33766600265604246 0.0265625 0.0375
0 0.14296875 0.534375 0.028125 0.05
0 0.5416015625 0.957494212962963 0.0265625 0.0375
0 0.6354078389830509 0.5857344632768362 0.0265625 0.0375
0 0.48828125 0.86875 0.0265625 0.0375
0 0.8446780767882188 0.8511220196353436 0.0265625 0.0375
0 0.8353030767882188 0.9761220196353436 0.0265625 0.0375
0 0.8520632450911642 0.7524573398784479 0.0265625 0.0375
0 0.828125 0.43645833333333334 0.025 0.03958333333333333
0 0.8667095588235295 0.409375 0.025 0.03958333333333333
0 0.6625507305194805 0.1784090909090909 0.0265625 0.03333333333333333
0 0.7709807981927711 0.08147590361445783 0.0265625 0.03333333333333333
0 0.71015625 0.6354166666666666 0.0265625 0.03333333333333333
0 0.5737297232824428 0.526145038167939 0.027302003816793884 0.033333333333333395
0 0.48719905155642024 0.4055609597924773 0.0265625 0.03333333333333333
0 0.00546875 0.30520833333333336 0.0109375 0.035416666666666666
0 0.475 0.4979166666666667 0.028125 0.0375
0 0.73046875 0.14947916666666666 0.0265625 0.03333333333333333
0 0.9768919427710843 0.8469252008032129 0.0234375 0.035416666666666666
0 0.58828125 0.11875 0.0296875 0.05
0 0.6015625 0.20625 0.025 0.04583333333333333
0 0.0328125 0.078125 0.0296875 0.03958333333333333
0 0.85625 0.22395833333333334 0.0375 0.04375
0 0.49886924342105265 0.7404742324561403 0.0421875 0.04375
0 0.5018154761904762 0.022099867724867724 0.025 0.027083333333333334
0 0.2640625 0.24583333333333332 0.028125 0.0375
0 0.5183475378787878 0.01185290404040404 0.0296875 0.01875
0 0.37073660714285717 0.016800595238095236 0.0234375 0.02431547619047619
1 0.57109375 0.13333333333333333 0.0890625 0.1125
1 0.3203125 0.21041666666666667 0.103125 0.09583333333333334
