0 0.26484375 0.4354166666666667 0.0265625 0.0375
0 0.23828125 0.5770833333333333 0.0265625 0.0375
0 0.24009275398406374 0.85625 0.0265625 0.0375
0 0.19453125 0.8458333333333333 0.0265625 0.0375
0 0.08359375 0.80625 0.0265625 0.0375
0 0.13515625 0.18958333333333333 0.0265625 0.0375
0 0.23098958333333336 0.2201388888888889 0.0265625 0.041666666666666664
0 0.21042621073298431 0.18898342059336823 0.026562500000000024 0.0375
0 0.26516927083333336 0.26097222222222227 0.0265625 0.037500000000000026
0 0.2203835227272727 0.3975378787878788 0.0265625 0.0375
0 0.53984375 0.98125 0.0265625 0.0375
0 0.629324660041841 0.6076882845188284 0.0265625 0.0375
0 0.48828125 0.86875 0.0265625 0.0375
0 0.84296875 0.85625 0.0265625 0.0375
0 0.83359375 0.98125 0.0265625 0.0375
0 0.84140625 0.7735294117647059 0.0265625 0.0375
0 0.828125 0.43645833333333334 0.025 0.03958333333333333
0 0.8640625 0.409375 0.025 0.03958333333333333
0 0.6284371391454966 0.23861143187066974 0.0265625 0.03333333333333333
0 0.73671875 0.1466435185185185 0.0265625 0.03333333333333333
0 0.71015625 0.6354166666666666 0.0265625 0.03333333333333333
0 0.4981289390756302 0.6093312324929971 0.0296875 0.03333333333333333
0 0.4590840742677824 0.46703277545327754 0.0265625 0.03333333333333333
0 0.58828125 0.11875 0.0296875 0.05
0 0.6015625 0.20625 0.025 0.04583333333333333
0 0.85625 0.22395833333333334 0.0375 0.04375
0 0.4860057645631068 0.7582423139158576 0.0421875 0.04375
0 0.7213654891304347 0.9370018115942028 0.0296875 0.03958333333333333
0 0.21973684210526315 0.784923245614035 0.025 0.03958333333333333
0 0.48217649217221137 0.04980634377038486 0.025 0.027083333333333334
0 0.5095349409448818 0.028551509186351704 0.0296875 0.03125
0 0.35703125 0.06354166666666666 0.0234375 0.027083333333333334
0 0.8015625 0.31354166666666666 0.034375 0.03958333333333333
0 0.9738225446428572 0.03494295634920634 0.023872767857142742 0.03507440476190476
1 0.57109375 0.13333333333333333 0.0890625 0.1125
1 0.3203125 0.21041666666666667 0.103125 0.09583333333333334
