0 0.26484375 0.4354166666666667 0.0265625 0.0375
0 0.23828125 0.5770833333333333 0.0265625 0.0375
0 0.2407277141434263 0.85625 0.0265625 0.0375
0 0.19453125 0.8458333333333333 0.0265625 0.0375
0 0.08359375 0.80625 0.0265625 0.0375
0 0.00546875 0.8104166666666667 0.0109375 0.03333333333333333
0 0.13515625 0.18958333333333333 0.0265625 0.0375
0 0.30328125 0.2189583333333333 0.0265625 0.041666666666666664
0 0.2306423611111111 0.17372685185185185 0.0265625 0.0375
0 0.27046362704918037 0.24387978142076502 0.0265625 0.0375
0 0.23536458333333332 0.3809722222222222 0.0265625 0.0375
0 0.5382881131039532 0.9791758174719375 0.0265625 0.0375
0 0.6310118494423792 0.6106877323420075 0.0265625 0.0375
0 0.48828125 0.86875 0.0265625 0.0375
0 0.84296875 0.85625 0.0265625 0.0375
0 0.83359375 0.98125 0.0265625 0.0375
0 0.8404411764705882 0.7541666666666667 0.0265625 0.0375
0 0.828125 0.43645833333333334 0.025 0.03958333333333333
0 0.8643658088235295 0.409375 0.025 0.03958333333333333
0 0.6311976760969977 0.23615762124711318 0.0265625 0.03333333333333333
0 0.7551518793706293 0.11086829836829835 0.0265625 0.03333333333333333
0 0.71015625 0.6354166666666666 0.0265625 0.03333333333333333
0 0.5197529560810811 0.5997888513513513 0.0296875 0.03333333333333333
0 0.4622169384057971 0.44500805152979067 0.0265625 0.03333333333333333
0 0.99453125 0.36666666666666664 0.0109375 0.03333333333333333
0 0.9269901916058394 0.9744297445255474 0.0234375 0.035416666666666666
0 0.58828125 0.11875 0.0296875 0.05
0 0.6015625 0.20625 0.025 0.04583333333333333
0 0.85625 0.22395833333333334 0.0375 0.04375
0 0.48939054915048547 0.7537292677993527 0.0421875 0.04375
0 0.869140625 0.6786458333333333 0.0296875 0.03958333333333333
0 0.14717548076923076 0.9292467948717948 0.025 0.03958333333333333
0 0.1859375 0.9416666666666667 0.028125 0.029166666666666667
0 0.4845156555772994 0.046687459230267445 0.025 0.027083333333333334
0 0.5079662893700787 0.024368438320209976 0.0296875 0.03125000000000001
0 0.35703125 0.06354166666666666 0.0234375 0.027083333333333334
0 0.7271875 0.019791666666666666 0.021875 0.03125
0 0.9866294642857142 0.015337301587301589 0.0210267857142858 0.02369047619047619
1 0.57109375 0.13333333333333333 0.0890625 0.1125
1 0.3203125 0.21041666666666667 0.103125 0.09583333333333334
