0 0.26597260462555067 0.43428781204111605 0.0265625 0.0375
0 0.23828125 0.5770833333333333 0.0265625 0.0375
0 0.24219185756972111 0.85625 0.0265625 0.0375
0 0.19453125 0.8458333333333333 0.0265625 0.0375
0 0.08359375 0.80625 0.0265625 0.0375
0 0.018193701361867702 0.7552772373540856 0.0265625 0.0375
0 0.13515625 0.18958333333333333 0.0265625 0.0375
0 0.24265625000000002 0.18833333333333335 0.0265625 0.041666666666666664
0 0.2560546875 0.13671875 0.0265625 0.0375
0 0.28220548561151076 0.22060101918465227 0.0265625 0.0375
0 0.2844652639442231 0.3384213147410359 0.0265625 0.0375
0 0.13828125 0.5302083333333333 0.028125 0.05
0 0.54091796875 0.958810763888889 0.0265625 0.0375
0 0.6350834216101695 0.5864759887005649 0.0265625 0.0375
0 0.48828125 0.86875 0.0265625 0.0375
0 0.8446167163394109 0.8513061009817672 0.0265625 0.0375
0 0.835241716339411 0.9763061009817672 0.0265625 0.0375
0 0.8520172247545583 0.7525187003272558 0.0265625 0.0375
0 0.828125 0.43645833333333334 0.025 0.03958333333333333
0 0.8666819852941176 0.409375 0.025 0.03958333333333333
0 0.6624560335497836 0.1788510101010101 0.0265625 0.03333333333333333
0 0.7708050953815261 0.08182730923694778 0.0265625 0.03333333333333333
0 0.71015625 0.6354166666666666 0.0265625 0.03333333333333333
0 0.5731452767175573 0.5269799618320611 0.027385496183206116 0.03333333333333328
0 0.48677346789883263 0.40561770428015564 0.0265625 0.03333333333333333
0 0.00546875 0.30520833333333336 0.0109375 0.035416666666666666
0 0.4828125 0.48333333333333334 0.028125 0.0375
0 0.721875 0.14947916666666666 0.0265625 0.03333333333333333
0 0.9767601656626506 0.8481551204819276 0.0234375 0.035416666666666666
0 0.58828125 0.11875 0.0296875 0.05
0 0.6015625 0.20625 0.025 0.04583333333333333
0 0.04640625 0.065625 0.029687500000000006 0.03958333333333333
0 0.85625 0.22395833333333334 0.0375 0.04375
0 0.984375 0.33541666666666664 0.025 0.0375
0 0.49865337171052626 0.7408100328947369 0.0421875 0.04375
0 0.5020238095238095 0.022285052910052908 0.025 0.027083333333333334
0 0.26156250000000003 0.29041666666666666 0.028125 0.0375
0 0.5180160984848484 0.011963383838383837 0.0296875 0.01875
0 0.3704241071428572 0.017373511904761902 0.0234375 0.02462797619047619
1 0.57109375 0.13333333333333333 0.0890625 0.1125
1 0.3203125 0.21041666666666667 0.103125 0.09583333333333334
