0 0.27268390486725663 0.4235127826941986 0.0265625 0.0375
0 0.23828125 0.5770833333333333 0.0265625 0.0375
0 0.24294135956175297 0.85625 0.0265625 0.0375
0 0.19453125 0.8458333333333333 0.0265625 0.0375
0 0.08359375 0.80625 0.0265625 0.0375
0 0.02551374027237354 0.7320971141374837 0.0265625 0.0375
0 0.13515625 0.18958333333333333 0.0265625 0.0375
0 0.21685267857142856 0.1800595238095238 0.0265625 0.0375
0 0.28800511853448274 0.11037176724137931 0.0265625 0.0375
0 0.2838972571942446 0.21834532374100718 0.0265625 0.0375
0 0.3106805788590604 0.3111856823266219 0.0265625 0.0375
0 0.3265625 0.375 0.0265625 0.041666666666666664
0 0.5703776041666667 0.8940538194444444 0.0265625 0.0375
0 0.6415868858381503 0.5692437379576109 0.0265625 0.0375
0 0.48828125 0.86875 0.0265625 0.0375
0 0.8388020833333334 0.8402777777777778 0.0234375 0.0375
0 0.8472552156381485 0.843390603085554 0.0265625 0.0375
0 0.8378802156381486 0.968390603085554 0.0265625 0.0375
0 0.8539960992286115 0.7498802010285179 0.0265625 0.0375
0 0.828125 0.43645833333333334 0.025 0.03958333333333333
0 0.8678676470588235 0.409375 0.025 0.03958333333333333
0 0.590234375 0.058854166666666666 0.0234375 0.029166666666666667
0 0.6693541244939272 0.14868421052631578 0.0265625 0.03333333333333332
0 0.7722304787917738 0.06969794344473007 0.0265625 0.03333333333333333
0 0.71015625 0.6354166666666666 0.0265625 0.03333333333333333
0 0.5908893327067669 0.49461152882205517 0.0265625 0.03333333333333333
0 0.49765625 0.3907894736842105 0.0265625 0.03333333333333333
0 0.013541666666666669 0.24965277777777778 0.0265625 0.03333333333333333
0 0.24874999999999997 0.35291666666666666 0.028125 0.0375
0 0.76015625 0.5895833333333333 0.0265625 0.03333333333333333
0 0.99375 0.778125 0.0125 0.035416666666666666
0 0.6828125 0.5854166666666667 0.025 0.041666666666666664
0 0.58828125 0.11875 0.0296875 0.05
0 0.6015625 0.20625 0.025 0.04583333333333333
0 0.24828125 0.49583333333333335 0.0359375 0.04583333333333333
0 0.17682291666666666 0.4222222222222222 0.0328125 0.0375
0 0.85625 0.22395833333333334 0.0375 0.04375
0 0.5079358552631579 0.7263706140350876 0.0421875 0.04375
1 0.57109375 0.13333333333333333 0.0890625 0.1125
1 0.3203125 0.21041666666666667 0.103125 0.09583333333333334
