0 0.26484375 0.4354166666666667 0.0265625 0.0375
0 0.23828125 0.5770833333333333 0.0265625 0.0375
0 0.24004046314741037 0.85625 0.0265625 0.0375
0 0.19453125 0.8458333333333333 0.0265625 0.0375
0 0.08359375 0.80625 0.0265625 0.0375
0 0.13515625 0.18958333333333333 0.0265625 0.0375
0 0.215625 0.21979166666666666 0.0265625 0.041666666666666664
0 0.20939545157068062 0.19127399650959861 0.0265625 0.0375
0 0.2638020833333333 0.2638888888888889 0.0265625 0.03749999999999997
0 0.21882491438356166 0.39885844748858446 0.0265625 0.0375
0 0.53984375 0.98125 0.0265625 0.0375
0 0.6289127876569037 0.6069560669456067 0.0265625 0.0375
0 0.48828125 0.86875 0.0265625 0.0375
0 0.84296875 0.85625 0.0265625 0.0375
0 0.83359375 0.98125 0.0265625 0.0375
0 0.84140625 0.7761029411764705 0.0265625 0.0375
0 0.828125 0.43645833333333334 0.025 0.03958333333333333
0 0.8640625 0.409375 0.025 0.03958333333333333
0 0.6282098008083141 0.2388135103926097 0.0265625 0.03333333333333333
0 0.73671875 0.14907407407407408 0.0265625 0.03333333333333333
0 0.71015625 0.6354166666666666 0.0265625 0.03333333333333333
0 0.4960609243697479 0.6104341736694678 0.0296875 0.03333333333333333
0 0.4589467834728033 0.4686802649930265 0.0265625 0.03333333333333333
0 0.58828125 0.11875 0.0296875 0.05
0 0.6015625 0.20625 0.025 0.04583333333333333
0 0.85625 0.22395833333333334 0.0375 0.04375
0 0.4857270175970874 0.7586139765372167 0.0421875 0.04375
0 0.7111505681818182 0.9466856060606061 0.0296875 0.03958333333333333
0 0.2140625 0.7427083333333333 0.025 0.03958333333333333
0 0.48198385518590997 0.05006319308545336 0.025 0.027083333333333334
0 0.509664124015748 0.028895997375328088 0.0296875 0.03125000000000001
0 0.35703125 0.06354166666666666 0.0234375 0.027083333333333334
0 0.805859375 0.31927083333333334 0.034375 0.03958333333333333
0 0.9727678571428573 0.036557539682539685 0.024107142857142883 0.03601190476190476
1 0.57109375 0.13333333333333333 0.0890625 0.1125
1 0.3203125 0.21041666666666667 0.103125 0.09583333333333334
