0 0.26484375 0.4354166666666667 0.0265625 0.0375
0 0.23828125 0.5770833333333333 0.0265625 0.0375
0 0.240523530876494 0.85625 0.0265625 0.0375
0 0.19453125 0.8458333333333333 0.0265625 0.0375
0 0.08359375 0.80625 0.0265625 0.0375
0 0.13515625 0.18958333333333333 0.0265625 0.0375
0 0.29207589285714286 0.2119047619047619 0.0265625 0.041666666666666664
0 0.2226697198275862 0.17469468390804596 0.0265625 0.0375
0 0.26888786764705885 0.24840686274509807 0.0265625 0.037500000000000026
0 0.23078125 0.38458333333333333 0.0265625 0.0375
0 0.539038479136164 0.9801763055148852 0.0265625 0.0375
0 0.6317263011152416 0.6119578686493184 0.0265625 0.0375
0 0.48828125 0.86875 0.0265625 0.0375
0 0.84296875 0.85625 0.0265625 0.0375
0 0.83359375 0.98125 0.0265625 0.0375
0 0.8383214613970589 0.7541666666666667 0.0265625 0.0375
0 0.828125 0.43645833333333334 0.025 0.03958333333333333
0 0.8640625 0.409375 0.025 0.03958333333333333
0 0.6303099740184758 0.23694668976135488 0.0265625 0.03333333333333333
0 0.7542559003496503 0.11803613053613053 0.0265625 0.03333333333333332
0 0.71015625 0.6354166666666666 0.0265625 0.03333333333333333
0 0.5141173245614035 0.6014437134502923 0.0296875 0.03333333333333333
0 0.46036005434782606 0.4532608695652174 0.0265625 0.03333333333333333
0 0.9169774865591398 0.986211917562724 0.0246135752688172 0.027576164874551997
0 0.58828125 0.11875 0.0296875 0.05
0 0.6015625 0.20625 0.025 0.04583333333333333
0 0.85625 0.22395833333333334 0.0375 0.04375
0 0.48830210861650486 0.7551805218446602 0.0421875 0.04375
0 0.83828125 0.7947916666666667 0.0296875 0.03958333333333333
0 0.1515625 0.8497159090909091 0.025 0.03958333333333333
0 0.07734375 0.878125 0.03125 0.03958333333333333
0 0.4837634540117417 0.04769039465101109 0.025 0.027083333333333334
0 0.508470718503937 0.025713582677165354 0.0296875 0.03125
0 0.35703125 0.06354166666666666 0.0234375 0.027083333333333334
0 0.76875 0.11875 0.0296875 0.03333333333333333
0 0.9825111607142858 0.021641865079365077 0.0219419642857142 0.02735119047619048
1 0.57109375 0.13333333333333333 0.0890625 0.1125
1 0.3203125 0.21041666666666667 0.103125 0.09583333333333334
