0 0.26484375 0.4354166666666667 0.0265625 0.0375
0 0.23828125 0.5770833333333333 0.0265625 0.0375
0 0.24087462649402389 0.85625 0.0265625 0.0375
0 0.19453125 0.8458333333333333 0.0265625 0.0375
0 0.08359375 0.80625 0.0265625 0.0375
0 0.00546875 0.8104166666666667 0.0109375 0.03333333333333333
0 0.13515625 0.18958333333333333 0.0265625 0.0375
0 0.30954483695652174 0.2221014492753623 0.0265625 0.041666666666666664
0 0.23649553571428572 0.17470238095238097 0.0265625 0.0375
0 0.27257940573770495 0.2394467213114754 0.0265625 0.0375
0 0.23849699267782426 0.376952580195258 0.0265625 0.0375
0 0.5377482155929723 0.9784559541239629 0.0265625 0.0375
0 0.6304977927509293 0.6097738537794299 0.0265625 0.0375
0 0.48828125 0.86875 0.0265625 0.0375
0 0.84296875 0.85625 0.0265625 0.0375
0 0.83359375 0.98125 0.0265625 0.0375
0 0.8419663373161764 0.7541666666666667 0.0265625 0.0375
0 0.828125 0.43645833333333334 0.025 0.03958333333333333
0 0.8645982142857143 0.409375 0.025 0.03958333333333333
0 0.6318363885681293 0.2355898768283295 0.0265625 0.03333333333333333
0 0.7564205266497461 0.10706429780033841 0.0265625 0.03333333333333333
0 0.71015625 0.6354166666666666 0.0265625 0.03333333333333333
0 0.5241131756756757 0.5956362612612612 0.0296875 0.03333333333333333
0 0.46355298913043474 0.4390700483091788 0.0265625 0.03333333333333333
0 0.9401041666666666 0.3715277777777778 0.028125 0.0375
0 0.9343921076642335 0.9645605231143553 0.0234375 0.035416666666666666
0 0.58828125 0.11875 0.0296875 0.05
0 0.6015625 0.20625 0.025 0.04583333333333333
0 0.85625 0.22395833333333334 0.0375 0.04375
0 0.49017369538834954 0.752685072815534 0.0421875 0.04375
0 0.9141741071428571 0.6016369047619048 0.0296875 0.03958333333333333
0 0.14124273255813952 0.9466812015503876 0.025 0.03958333333333333
0 0.48505687377690804 0.04596583496412263 0.025 0.02708333333333333
0 0.5076033464566929 0.023400590551181103 0.0296875 0.03125
0 0.35703125 0.06354166666666666 0.0234375 0.027083333333333334
0 0.9895926339285716 0.01080109126984127 0.020368303571428648 0.021056547619047617
1 0.57109375 0.13333333333333333 0.0890625 0.1125
1 0.3203125 0.21041666666666667 0.103125 0.09583333333333334
