0 0.26484375 0.4354166666666667 0.0265625 0.0375
0 0.23828125 0.5770833333333333 0.0265625 0.0375
0 0.24191795318725098 0.85625 0.0265625 0.0375
0 0.19453125 0.8458333333333333 0.0265625 0.0375
0 0.08359375 0.80625 0.0265625 0.0375
0 0.015518604085603117 0.7637483787289234 0.0265625 0.0375
0 0.13515625 0.18958333333333333 0.0265625 0.0375
0 0.27085336538461535 0.23189102564102565 0.0265625 0.041666666666666664
0 0.247998046875 0.1474609375 0.0265625 0.0375
0 0.2815872302158273 0.2214253597122302 0.0265625 0.0375
0 0.2758360745614035 0.3503289473684211 0.0265625 0.0375
0 0.0625 0.55 0.028125 0.05
0 0.5339140281844802 0.9733437042459736 0.0265625 0.0375
0 0.6299854343220339 0.5981285310734463 0.0265625 0.0375
0 0.48828125 0.86875 0.0265625 0.0375
0 0.8436524807152874 0.8541988078541375 0.0265625 0.0375
0 0.8342774807152875 0.9791988078541375 0.0265625 0.0375
0 0.8512940480364657 0.7534829359513792 0.0265625 0.0375
0 0.828125 0.43645833333333334 0.025 0.03958333333333333
0 0.86624868697479 0.409375 0.025 0.03958333333333333
0 0.6609679383116883 0.18579545454545457 0.0265625 0.03333333333333333
0 0.7680440512048193 0.08734939759036145 0.0265625 0.03333333333333333
0 0.71015625 0.6354166666666666 0.0265625 0.03333333333333333
0 0.5639611164122138 0.5401001908396946 0.028697519083969426 0.03333333333333328
0 0.48070674668874175 0.4084575055187638 0.0265625 0.03333333333333333
0 0.6203125 0.5833333333333334 0.028125 0.0375
0 0.65546875 0.07864583333333333 0.0265625 0.03333333333333333
0 0.9746193910256411 0.8650373931623931 0.0234375 0.035416666666666666
0 0.58828125 0.11875 0.0296875 0.05
0 0.6015625 0.20625 0.025 0.04583333333333333
0 0.85625 0.22395833333333334 0.0375 0.04375
0 0.92265625 0.21666666666666667 0.0328125 0.041666666666666664
0 0.4957353610436893 0.7452695186084142 0.0421875 0.04375
0 0.505297619047619 0.025195105820105822 0.025 0.027083333333333338
0 0.08151041666666667 0.30243055555555554 0.0296875 0.03958333333333333
0 0.5128077651515152 0.013699494949494951 0.0296875 0.01875
0 0.3666750672043011 0.026803315412186383 0.0234375 0.027083333333333338
0 0.03359375 0.10625 0.0296875 0.03333333333333333
1 0.57109375 0.13333333333333333 0.0890625 0.1125
1 0.3203125 0.21041666666666667 0.103125 0.09583333333333334
