0 0.27278069690265483 0.4231686332350049 0.0265625 0.0375
0 0.23828125 0.5770833333333333 0.0265625 0.0375
0 0.24295878984063743 0.85625 0.0265625 0.0375
0 0.19453125 0.8458333333333333 0.0265625 0.0375
0 0.08359375 0.80625 0.0265625 0.0375
0 0.02568397373540856 0.7315580415045396 0.0265625 0.0375
0 0.13515625 0.18958333333333333 0.0265625 0.0375
0 0.21820913461538463 0.17884615384615382 0.0265625 0.0375
0 0.28890086206896554 0.10980603448275862 0.0265625 0.0375
0 0.2839366007194245 0.21829286570743406 0.0265625 0.0375
0 0.31134123322147655 0.3106963087248322 0.0265625 0.0375
0 0.33203125 0.37916666666666665 0.0265625 0.041666666666666664
0 0.5708333333333333 0.8925347222222223 0.0265625 0.0375
0 0.641776553468208 0.5690329961464354 0.0265625 0.0375
0 0.48828125 0.86875 0.0265625 0.0375
0 0.82265625 0.8302083333333333 0.0234375 0.0375
0 0.8473165760869564 0.8432065217391305 0.0265625 0.0375
0 0.8379415760869564 0.9682065217391305 0.0265625 0.0375
0 0.8540421195652174 0.7498188405797102 0.0265625 0.0375
0 0.828125 0.43645833333333334 0.025 0.03958333333333333
0 0.8678952205882353 0.409375 0.025 0.03958333333333333
0 0.603125 0.06354166666666666 0.0234375 0.029166666666666667
0 0.66953125 0.14791666666666667 0.0265625 0.03333333333333333
0 0.7721461278920309 0.06947300771208226 0.0265625 0.03333333333333333
0 0.71015625 0.6354166666666666 0.0265625 0.03333333333333333
0 0.591218280075188 0.49406328320802007 0.0265625 0.03333333333333333
0 0.49765625 0.3900219298245614 0.0265625 0.03333333333333333
0 0.013671875 0.2484375 0.0265625 0.03333333333333333
0 0.2515625 0.31805555555555554 0.028125 0.0375
0 0.753125 0.6 0.0265625 0.03333333333333333
0 0.9935302734375 0.77783203125 0.012939453125 0.0353515625
0 0.6703125 0.575 0.025 0.041666666666666664
0 0.58828125 0.11875 0.0296875 0.05
0 0.6015625 0.20625 0.025 0.04583333333333333
0 0.23270089285714285 0.5086309523809524 0.0359375 0.04583333333333333
0 0.20859375 0.44166666666666665 0.0328125 0.0375
0 0.85625 0.22395833333333334 0.0375 0.04375
0 0.5081517269736843 0.7260348135964912 0.0421875 0.04375
1 0.57109375 0.13333333333333333 0.0890625 0.1125
1 0.3203125 0.21041666666666667 0.103125 0.09583333333333334
