0 0.26484375 0.4354166666666667 0.0265625 0.0375
0 0.23828125 0.5770833333333333 0.0265625 0.0375
0 0.24142243525896415 0.85625 0.0265625 0.0375
0 0.19453125 0.8458333333333333 0.0265625 0.0375
0 0.08359375 0.80625 0.0265625 0.0375
0 0.006214488636363636 0.7875473484848484 0.012428977272727272 0.031344696969697
0 0.13515625 0.18958333333333333 0.0265625 0.0375
0 0.31171875 0.2375 0.0265625 0.041666666666666664
0 0.24248958333333331 0.16153333333333333 0.0265625 0.0375
0 0.28046875 0.22291666666666668 0.0265625 0.0375
0 0.25431812238493723 0.3673640167364017 0.0265625 0.0375
0 0.5357350384333821 0.9757717179111761 0.0265625 0.0375
0 0.6285809711895911 0.6063661710037175 0.0265625 0.0375
0 0.48828125 0.86875 0.0265625 0.0375
0 0.84296875 0.85625 0.0265625 0.0375
0 0.83359375 0.98125 0.0265625 0.0375
0 0.8476533777573529 0.7541666666666667 0.0265625 0.0375
0 0.828125 0.43645833333333334 0.025 0.03958333333333333
0 0.8654648109243697 0.409375 0.025 0.03958333333333333
0 0.6494474085365853 0.21915650406504064 0.0265625 0.03333333333333333
0 0.7630490712851405 0.09733935742971887 0.0265625 0.03333333333333333
0 0.71015625 0.6354166666666666 0.0265625 0.03333333333333333
0 0.5475605867346939 0.574390589569161 0.0296875 0.03333333333333333
0 0.47246999172185433 0.4221854304635762 0.0265625 0.03333333333333333
0 0.7125 0.43680555555555556 0.028125 0.0375
0 0.9553181475903614 0.91527359437751 0.0234375 0.035416666666666666
0 0.58828125 0.11875 0.0296875 0.05
0 0.6015625 0.20625 0.025 0.04583333333333333
0 0.85625 0.22395833333333334 0.0375 0.04375
0 0.76875 0.059375 0.0296875 0.03333333333333333
0 0.4930939016990291 0.7487914644012945 0.0421875 0.04375
0 0.98703125 0.32416666666666666 0.0234375 0.03333333333333333
0 0.49459299828178693 0.03680197594501718 0.025 0.027083333333333334
0 0.50703125 0.017984068627450982 0.0296875 0.023468137254901964
0 0.3619942876344086 0.04463485663082437 0.0234375 0.027083333333333334
1 0.57109375 0.13333333333333333 0.0890625 0.1125
1 0.3203125 0.21041666666666667 0.103125 0.09583333333333334
