0 0.27112140486725667 0.4290683382497542 0.0265625 0.0375
0 0.23828125 0.5770833333333333 0.0265625 0.0375
0 0.24265998505976097 0.85625 0.0265625 0.0375
0 0.19453125 0.8458333333333333 0.0265625 0.0375
0 0.08359375 0.80625 0.0265625 0.0375
0 0.02276568579766537 0.7407992866407264 0.0265625 0.0375
0 0.13515625 0.18958333333333333 0.0265625 0.0375
0 0.21975446428571427 0.18288690476190478 0.0265625 0.041666666666666664
0 0.2735452586206897 0.11950431034482759 0.0265625 0.0375
0 0.2832621402877698 0.21919214628297362 0.0265625 0.0375
0 0.30001572986577185 0.3190855704697987 0.0265625 0.0375
0 0.26875 0.46770833333333334 0.028125 0.04583333333333333
0 0.5587386175496689 0.9212058498896247 0.0265625 0.0375
0 0.6385251083815029 0.5726457129094412 0.0265625 0.0375
0 0.48828125 0.86875 0.0265625 0.0375
0 0.8462646826788219 0.8463622019635344 0.0265625 0.0375
0 0.8368896826788219 0.9713622019635344 0.0265625 0.0375
0 0.8532531995091164 0.7508707339878449 0.0265625 0.0375
0 0.828125 0.43645833333333334 0.025 0.03958333333333333
0 0.867422531512605 0.409375 0.025 0.03958333333333333
0 0.6664948127530365 0.16107456140350876 0.0265625 0.03333333333333333
0 0.7735921433161954 0.07332904884318767 0.0265625 0.03333333333333333
0 0.71015625 0.6354166666666666 0.0265625 0.03333333333333333
0 0.5855791823308271 0.5034617794486216 0.0265625 0.03333333333333333
0 0.49765625 0.4031798245614035 0.0265625 0.03333333333333333
0 0.012820723684210528 0.27032894736842106 0.025641447368421055 0.03333333333333333
0 0.34427083333333336 0.4395833333333333 0.028125 0.0375
0 0.76328125 0.43854166666666666 0.0265625 0.03333333333333333
0 0.9891137941919192 0.8096696127946128 0.014764835858585812 0.035416666666666666
0 0.7401041666666667 0.784375 0.0296875 0.041666666666666664
0 0.58828125 0.11875 0.0296875 0.05
0 0.6015625 0.20625 0.025 0.04583333333333333
0 0.16640625 0.325 0.0359375 0.04583333333333333
0 0.85625 0.22395833333333334 0.0375 0.04375
0 0.5044510690789473 0.7317913925438597 0.0421875 0.04375
1 0.57109375 0.13333333333333333 0.0890625 0.1125
1 0.3203125 0.21041666666666667 0.103125 0.09583333333333334
