0 0.26484375 0.4354166666666667 0.0265625 0.0375
0 0.23828125 0.5770833333333333 0.0265625 0.0375
0 0.24204992529880479 0.85625 0.0265625 0.0375
0 0.19453125 0.8458333333333333 0.0265625 0.0375
0 0.08359375 0.80625 0.0265625 0.0375
0 0.016807514591439688 0.7596668287937743 0.0265625 0.0375
0 0.13515625 0.18958333333333333 0.0265625 0.0375
0 0.25546875 0.21458333333333332 0.0265625 0.041666666666666664
0 0.2518798828125 0.14228515625 0.0265625 0.0375
0 0.28188511690647483 0.22102817745803358 0.0265625 0.0375
0 0.27985246513944223 0.34457171314741036 0.0265625 0.0375
0 0.12375 0.5216666666666666 0.028125 0.04999999999999994
0 0.5353515625 0.96953125 0.0265625 0.0375
0 0.6324417372881356 0.5925141242937854 0.0265625 0.0375
0 0.48828125 0.86875 0.0265625 0.0375
0 0.8441170669705469 0.852805049088359 0.0265625 0.0375
0 0.834742066970547 0.977805049088359 0.0265625 0.0375
0 0.8516424877279102 0.7530183496961197 0.0265625 0.0375
0 0.828125 0.43645833333333334 0.025 0.03958333333333333
0 0.8664574579831934 0.409375 0.025 0.03958333333333333
0 0.6616849296536796 0.18244949494949494 0.0265625 0.03333333333333333
0 0.7693743724899599 0.08468875502008032 0.0265625 0.03333333333333333
0 0.71015625 0.6354166666666666 0.0265625 0.03333333333333333
0 0.5683862118320611 0.5337786259541984 0.028065362595419786 0.03333333333333328
0 0.48330800097276266 0.406079766536965 0.0265625 0.03333333333333333
0 0.55390625 0.515625 0.028125 0.0375
0 0.703125 0.09010416666666667 0.0265625 0.03333333333333333
0 0.9756810897435898 0.8579594017094017 0.0234375 0.035416666666666666
0 0.58828125 0.11875 0.0296875 0.05
0 0.6015625 0.20625 0.025 0.04583333333333333
0 0.85625 0.22395833333333334 0.0375 0.04375
0 0.9451562499999999 0.28875 0.0390625 0.041666666666666664
0 0.4968955592105263 0.7435444078947369 0.0421875 0.04375
0 0.5037202380952381 0.023792989417989418 0.025 0.027083333333333334
0 0.16171875 0.3020833333333333 0.028125 0.0375
0 0.5153172348484849 0.01286300505050505 0.0296875 0.01875
0 0.3679217069892473 0.02205421146953405 0.0234375 0.027083333333333334
1 0.57109375 0.13333333333333333 0.0890625 0.1125
1 0.3203125 0.21041666666666667 0.103125 0.09583333333333334
