0 0.2728913163716814 0.422775319567355 0.0265625 0.0375
0 0.23828125 0.5772007042253521 0.0265625 0.0375
0 0.2430274354460094 0.8560935054773082 0.0265625 0.0375
0 0.19453125 0.8458333333333333 0.0265625 0.0375
0 0.08359375 0.80625 0.0265625 0.0375
0 0.025869278169014086 0.7311717527386541 0.0265625 0.0375
0 0.13515625 0.18958333333333333 0.0265625 0.0375
0 0.22109375 0.175 0.0265625 0.0375
0 0.28992456896551727 0.10915948275862068 0.0265625 0.0375
0 0.28398156474820146 0.21823291366906475 0.0265625 0.0375
0 0.3117774354460094 0.3102992957746479 0.0265625 0.0375
0 0.33828125 0.36041666666666666 0.0265625 0.041666666666666664
0 0.571387177230047 0.8913145539906103 0.0265625 0.0375
0 0.6419933164739884 0.568792148362235 0.0265625 0.0375
0 0.48828125 0.86875 0.0265625 0.0375
0 0.80234375 0.846875 0.0234375 0.0375
0 0.8473867023141655 0.8429961430575035 0.0265625 0.0375
0 0.8380117023141654 0.9679961430575035 0.0265625 0.0375
0 0.8540947142356241 0.7497487143525011 0.0265625 0.0375
0 0.828125 0.43645833333333334 0.025 0.03958333333333333
0 0.8679267331932774 0.409375 0.025 0.03958333333333333
0 0.610546875 0.05572916666666667 0.0234375 0.029166666666666667
0 0.6697040610599079 0.14722542242703532 0.0265625 0.03333333333333332
0 0.7720497268637532 0.06921593830334191 0.0265625 0.03333333333333334
0 0.7102149354460094 0.6354949139280125 0.0265625 0.03333333333333333
0 0.5913475645539906 0.49347613458528955 0.0265625 0.03333333333333333
0 0.4977149354460094 0.38946596244131454 0.0265625 0.03333333333333333
0 0.013820684523809523 0.2470486111111111 0.0265625 0.03333333333333333
0 0.228125 0.3 0.028125 0.0375
0 0.76796875 0.6020833333333333 0.0265625 0.03333333333333333
0 0.9932791573660715 0.7774972098214284 0.013441685267857117 0.035277157738095255
0 0.6571875 0.5675 0.025 0.041666666666666664
0 0.58828125 0.11875 0.0296875 0.05
0 0.6015625 0.20625 0.025 0.04583333333333333
0 0.23671875 0.5270833333333333 0.0359375 0.04583333333333333
0 0.23619791666666665 0.44583333333333336 0.0328125 0.0375
0 0.85625 0.22395833333333334 0.0375 0.04375
0 0.5083984375 0.7256510416666667 0.0421875 0.04375
1 0.57109375 0.13333333333333333 0.0890625 0.1125
1 0.3203125 0.21041666666666667 0.103125 0.09583333333333334
