0 0.26484375 0.4354166666666667 0.0265625 0.0375
0 0.23828125 0.5770833333333333 0.0265625 0.0375
0 0.2417934511952191 0.85625 0.0265625 0.0375
0 0.19453125 0.8458333333333333 0.0265625 0.0375
0 0.08359375 0.80625 0.0265625 0.0375
0 0.014302650778210118 0.767598897535668 0.0265625 0.0375
0 0.13515625 0.18958333333333333 0.0265625 0.0375
0 0.29036458333333337 0.24444444444444444 0.0265625 0.041666666666666664
0 0.24559375 0.1516 0.0265625 0.0375
0 0.28130620503597126 0.2218000599520384 0.0265625 0.0375
0 0.2724095394736842 0.35581140350877194 0.0265625 0.0375
0 0.01875 0.5682291666666667 0.028125 0.05
0 0.5343715684480234 0.9739537579306978 0.0265625 0.0375
0 0.6276681673728813 0.6034251412429378 0.0265625 0.0375
0 0.48828125 0.86875 0.0265625 0.0375
0 0.8432141917952315 0.8555136746143057 0.0265625 0.0375
0 0.8338391917952315 0.9805136746143057 0.0265625 0.0375
0 0.8509653313464236 0.7539212248714352 0.0265625 0.0375
0 0.828125 0.43645833333333334 0.025 0.03958333333333333
0 0.8660517331932773 0.409375 0.025 0.03958333333333333
0 0.6602915313852814 0.1889520202020202 0.0265625 0.03333333333333333
0 0.766789031124498 0.08985943775100402 0.0265625 0.03333333333333333
0 0.71015625 0.6354166666666666 0.0265625 0.03333333333333333
0 0.5597864980916031 0.5460639312977099 0.029293893129771043 0.03333333333333333
0 0.4786372102649007 0.4119067328918323 0.0265625 0.03333333333333333
0 0.66953125 0.5541666666666667 0.028125 0.0375
0 0.6106770833333333 0.028472222222222225 0.0265625 0.03333333333333333
0 0.9696455792682928 0.8753302845528456 0.0234375 0.035416666666666666
0 0.58828125 0.11875 0.0296875 0.05
0 0.6015625 0.20625 0.025 0.04583333333333333
0 0.85625 0.22395833333333334 0.0375 0.04375
0 0.87890625 0.21354166666666666 0.0328125 0.04375
0 0.49507167779126215 0.7461544296116505 0.0421875 0.04375
0 0.504993556701031 0.02720146048109966 0.025 0.027083333333333338
0 0.01015625 0.259375 0.0203125 0.035416666666666666
0 0.510440340909091 0.014488636363636365 0.0296875 0.01875
0 0.36549899193548385 0.03128360215053763 0.0234375 0.027083333333333334
1 0.57109375 0.13333333333333333 0.0890625 0.1125
1 0.3203125 0.21041666666666667 0.103125 0.09583333333333334
