0 0.2735826880530973 0.4203171091445428 0.0265625 0.0375
0 0.23828125 0.5786678403755868 0.0265625 0.0375
0 0.24376100352112676 0.854137323943662 0.0265625 0.0375
0 0.19453125 0.8458333333333333 0.0265625 0.0375
0 0.08359375 0.80625 0.0265625 0.0375
0 0.026969630281690138 0.7301936619718309 0.0265625 0.0375
0 0.13515625 0.18958333333333333 0.0265625 0.0375
0 0.21796875 0.1625 0.0265625 0.0375
0 0.29617187500000003 0.10527777777777778 0.0265625 0.0375
0 0.2842625899280576 0.2178582134292566 0.0265625 0.0375
0 0.31251100352112676 0.3088321596244131 0.0265625 0.0375
0 0.34609375 0.27569444444444446 0.0265625 0.0416666666666667
0 0.5750550176056338 0.8869131455399061 0.0265625 0.0375
0 0.6433480852601157 0.5672868497109828 0.0265625 0.0375
0 0.48828125 0.86875 0.0265625 0.0375
0 0.71796875 0.8208333333333333 0.0234375 0.0375
0 0.8478249912342216 0.8416812762973351 0.0265625 0.0375
0 0.8384499912342216 0.9666812762973351 0.0265625 0.0375
0 0.8544234309256662 0.749310425432445 0.0265625 0.0375
0 0.98671875 0.8552083333333333 0.0265625 0.04375
0 0.828125 0.43645833333333334 0.025 0.03958333333333333
0 0.8681236869747899 0.409375 0.025 0.03958333333333333
0 0.62734375 0.11979166666666667 0.0234375 0.035416666666666666
0 0.6707841301843318 0.14290514592933948 0.0265625 0.03333333333333333
0 0.771447220437018 0.06760925449871465 0.0265625 0.03333333333333333
0 0.7109485035211268 0.6364730046948357 0.0265625 0.03333333333333333
0 0.5906139964788732 0.49005281690140845 0.0265625 0.03333333333333333
0 0.4984485035211268 0.3879988262910798 0.0265625 0.03333333333333333
0 0.014750744047619047 0.23836805555555557 0.0265625 0.03333333333333333
0 0.1921875 0.2659722222222222 0.028125 0.03749999999999997
0 0.7890625 0.66875 0.0265625 0.03333333333333333
0 0.9917096819196429 0.7754045758928572 0.016580636160714236 0.03481212797619051
0 0.6453125 0.4784722222222222 0.025 0.03333333333333333
0 0.58828125 0.11875 0.0296875 0.05
0 0.6015625 0.20625 0.025 0.04583333333333333
0 0.26875 0.5458333333333333 0.0359375 0.04583333333333333
0 0.38046875 0.49583333333333335 0.0328125 0.0375
0 0.85625 0.22395833333333334 0.0375 0.04375
0 0.5099403782894737 0.7232524671052631 0.0421875 0.04375
1 0.57109375 0.13333333333333333 0.0890625 0.1125
1 0.3203125 0.21041666666666667 0.103125 0.09583333333333334
