0 0.26484375 0.4354166666666667 0.0265625 0.0375
0 0.23828125 0.5770833333333333 0.0265625 0.0375
0 0.24205739541832672 0.85625 0.0265625 0.0375
0 0.19453125 0.8458333333333333 0.0265625 0.0375
0 0.08359375 0.80625 0.0265625 0.0375
0 0.016880471789883267 0.7594357976653697 0.0265625 0.0375
0 0.13515625 0.18958333333333333 0.0265625 0.0375
0 0.254296875 0.21302083333333333 0.0265625 0.041666666666666664
0 0.252099609375 0.1419921875 0.0265625 0.0375
0 0.28190197841726616 0.2210056954436451 0.0265625 0.0375
0 0.2800952440239044 0.3442480079681275 0.0265625 0.0375
0 0.1265625 0.5166666666666667 0.028125 0.05
0 0.53564453125 0.968967013888889 0.0265625 0.0375
0 0.6325807733050848 0.5921963276836159 0.0265625 0.0375
0 0.48828125 0.86875 0.0265625 0.0375
0 0.8441433643057504 0.8527261570827489 0.0265625 0.0375
0 0.8347683643057504 0.9777261570827489 0.0265625 0.0375
0 0.8516622107293127 0.7529920523609164 0.0265625 0.0375
0 0.828125 0.43645833333333334 0.025 0.03958333333333333
0 0.8664692752100841 0.409375 0.025 0.03958333333333333
0 0.661725514069264 0.182260101010101 0.0265625 0.03333333333333333
0 0.7694496736947791 0.08453815261044177 0.0265625 0.03333333333333333
0 0.71015625 0.6354166666666666 0.0265625 0.03333333333333333
0 0.5686366889312977 0.5334208015267176 0.028029580152671763 0.03333333333333328
0 0.4834903939688716 0.4060554474708171 0.0265625 0.03333333333333333
0 0.5515625 0.5229166666666667 0.028125 0.0375
0 0.70546875 0.09166666666666666 0.0265625 0.03333333333333333
0 0.975741185897436 0.8575587606837607 0.0234375 0.035416666666666666
0 0.58828125 0.11875 0.0296875 0.05
0 0.6015625 0.20625 0.025 0.04583333333333333
0 0.85625 0.22395833333333334 0.0375 0.04375
0 0.9453125 0.2916666666666667 0.0390625 0.041666666666666664
0 0.49698807565789477 0.7434004934210526 0.0421875 0.04375
0 0.5036309523809523 0.02371362433862434 0.025 0.027083333333333334
0 0.159375 0.29791666666666666 0.028125 0.0375
0 0.5154592803030302 0.012815656565656567 0.0296875 0.01875
0 0.36801339285714285 0.02179315476190476 0.0234375 0.027038690476190473
1 0.57109375 0.13333333333333333 0.0890625 0.1125
1 0.3203125 0.21041666666666667 0.103125 0.09583333333333334
