0 0.26484375 0.4354166666666667 0.0265625 0.0375
0 0.23828125 0.5770833333333333 0.0265625 0.0375
0 0.24019484561752988 0.85625 0.0265625 0.0375
0 0.19453125 0.8458333333333333 0.0265625 0.0375
0 0.08359375 0.80625 0.0265625 0.0375
0 0.13515625 0.18958333333333333 0.0265625 0.0375
0 0.2525390625 0.19921875 0.0265625 0.041666666666666664
0 0.21243864528795814 0.18451134380453751 0.026562500000000024 0.0375
0 0.266870777027027 0.2564752252252252 0.0265625 0.03749999999999997
0 0.2238778409090909 0.39598484848484844 0.0265625 0.0375
0 0.53984375 0.98125 0.0265625 0.0375
0 0.6301287918410041 0.6091178521617853 0.0265625 0.0375
0 0.48828125 0.86875 0.0265625 0.0375
0 0.84296875 0.85625 0.0265625 0.0375
0 0.83359375 0.98125 0.0265625 0.0375
0 0.84140625 0.7685049019607842 0.0265625 0.0375
0 0.828125 0.43645833333333334 0.025 0.03958333333333333
0 0.8640625 0.409375 0.025 0.03958333333333333
0 0.6288809901847575 0.2382168976135489 0.0265625 0.03333333333333333
0 0.7410797574626866 0.1394900497512438 0.0265625 0.03333333333333333
0 0.71015625 0.6354166666666666 0.0265625 0.03333333333333333
0 0.5021664915966386 0.6071778711484594 0.0296875 0.03333333333333333
0 0.4593521182008368 0.4638162482566248 0.0265625 0.03333333333333333
0 0.58828125 0.11875 0.0296875 0.05
0 0.6015625 0.20625 0.025 0.04583333333333333
0 0.85625 0.22395833333333334 0.0375 0.04375
0 0.48654998483009704 0.757516686893204 0.0421875 0.04375
0 0.74921875 0.9072916666666667 0.0296875 0.03958333333333333
0 0.1960526315789474 0.8023574561403509 0.025000000000000022 0.03958333333333333
0 0.4825525929549902 0.04930487606001304 0.025 0.027083333333333334
0 0.5092827263779528 0.027878937007874013 0.0296875 0.031249999999999997
0 0.35703125 0.06354166666666666 0.0234375 0.027083333333333334
0 0.7828125 0.2552083333333333 0.034375 0.03958333333333333
0 0.9758816964285714 0.031790674603174605 0.02341517857142854 0.03324404761904762
1 0.57109375 0.13333333333333333 0.0890625 0.1125
1 0.3203125 0.21041666666666667 0.103125 0.09583333333333334
