0 0.26484375 0.4354166666666667 0.0265625 0.0375
0 0.23828125 0.5770833333333333 0.0265625 0.0375
0 0.2407949452191235 0.85625 0.0265625 0.0375
0 0.19453125 0.8458333333333333 0.0265625 0.0375
0 0.08359375 0.80625 0.0265625 0.0375
0 0.00546875 0.8104166666666667 0.0109375 0.03333333333333333
0 0.13515625 0.18958333333333333 0.0265625 0.0375
0 0.30546875 0.22083333333333333 0.0265625 0.041666666666666664
0 0.23332093253968256 0.17417328042328042 0.0265625 0.0375
0 0.27143186475409836 0.24185109289617485 0.0265625 0.0375
0 0.23677083333333332 0.37909722222222225 0.0265625 0.0375
0 0.5380410413616399 0.9788463884821864 0.0265625 0.0375
0 0.6307766031598513 0.6102695167286245 0.0265625 0.0375
0 0.48828125 0.86875 0.0265625 0.0375
0 0.84296875 0.85625 0.0265625 0.0375
0 0.83359375 0.98125 0.0265625 0.0375
0 0.8411391314338236 0.7541666666666667 0.0265625 0.0375
0 0.828125 0.43645833333333334 0.025 0.03958333333333333
0 0.8644721638655462 0.409375 0.025 0.03958333333333333
0 0.6314899682448037 0.23589780600461896 0.0265625 0.03333333333333333
0 0.7554468968531468 0.10850815850815851 0.0265625 0.03333333333333333
0 0.71015625 0.6354166666666666 0.0265625 0.03333333333333333
0 0.5217483108108107 0.5978885135135136 0.0296875 0.03333333333333333
0 0.46282835144927537 0.44229066022544283 0.0265625 0.03333333333333333
0 0.97890625 0.38697916666666665 0.028125 0.0375
0 0.9303775091240876 0.9699133211678832 0.0234375 0.035416666666666666
0 0.58828125 0.11875 0.0296875 0.05
0 0.6015625 0.20625 0.025 0.04583333333333333
0 0.85625 0.22395833333333334 0.0375 0.04375
0 0.48974893810679615 0.7532514158576051 0.0421875 0.04375
0 0.887890625 0.6390625 0.0296875 0.03958333333333333
0 0.1408967391304348 0.9310235507246376 0.025 0.03958333333333333
0 0.209375 0.9854166666666667 0.028125 0.029166666666666667
0 0.48476333170254404 0.04635722439660796 0.025 0.027083333333333334
0 0.5078001968503937 0.023925524934383203 0.0296875 0.03125
0 0.35703125 0.06354166666666666 0.0234375 0.027083333333333334
0 0.9879854910714286 0.013261408730158731 0.020725446428571458 0.022485119047619052
1 0.57109375 0.13333333333333333 0.0890625 0.1125
1 0.3203125 0.21041666666666667 0.103125 0.09583333333333334
