0 0.26484375 0.4354166666666667 0.0265625 0.0375
0 0.23828125 0.5770833333333333 0.0265625 0.0375
0 0.24006038346613545 0.85625 0.0265625 0.0375
0 0.19453125 0.8458333333333333 0.0265625 0.0375
0 0.08359375 0.80625 0.0265625 0.0375
0 0.13515625 0.18958333333333333 0.0265625 0.0375
0 0.225 0.22083333333333333 0.0265625 0.041666666666666664
0 0.2097881217277487 0.19040139616055848 0.02656249999999998 0.0375
0 0.26432291666666663 0.2627777777777778 0.0265625 0.03749999999999997
0 0.21933861301369864 0.39817351598173517 0.0265625 0.0375
0 0.53984375 0.98125 0.0265625 0.0375
0 0.6290696914225942 0.6072350069735006 0.0265625 0.0375
0 0.48828125 0.86875 0.0265625 0.0375
0 0.84296875 0.85625 0.0265625 0.0375
0 0.83359375 0.98125 0.0265625 0.0375
0 0.84140625 0.7751225490196079 0.0265625 0.0375
0 0.828125 0.43645833333333334 0.025 0.03958333333333333
0 0.8640625 0.409375 0.025 0.03958333333333333
0 0.6282964058891455 0.23873652809853732 0.0265625 0.03333333333333333
0 0.73671875 0.14814814814814817 0.0265625 0.03333333333333333
0 0.71015625 0.6354166666666666 0.0265625 0.03333333333333333
0 0.49684873949579833 0.6100140056022408 0.0296875 0.03333333333333333
0 0.4589990847280335 0.468052649930265 0.0265625 0.03333333333333333
0 0.58828125 0.11875 0.0296875 0.05
0 0.6015625 0.20625 0.025 0.04583333333333333
0 0.85625 0.22395833333333334 0.0375 0.04375
0 0.4858332069174757 0.758472390776699 0.0421875 0.04375
0 0.7145596590909091 0.943655303030303 0.0296875 0.03958333333333333
0 0.21822916666666664 0.7556712962962963 0.025 0.03958333333333333
0 0.48205724070450096 0.04996534572733203 0.025 0.027083333333333334
0 0.5096149114173228 0.028764763779527563 0.0296875 0.03125000000000001
0 0.35703125 0.06354166666666666 0.0234375 0.027083333333333334
0 0.7984375 0.3260416666666667 0.034375 0.03958333333333333
0 0.9731696428571428 0.03594246031746032 0.024017857142857223 0.035654761904761904
1 0.57109375 0.13333333333333333 0.0890625 0.1125
1 0.3203125 0.21041666666666667 0.103125 0.09583333333333334
