0 0.26484375 0.4354166666666667 0.0265625 0.0375
0 0.23828125 0.5770833333333333 0.0265625 0.0375
0 0.24051108067729085 0.85625 0.0265625 0.0375
0 0.19453125 0.8458333333333333 0.0265625 0.0375
0 0.08359375 0.80625 0.0265625 0.0375
0 0.13515625 0.18958333333333333 0.0265625 0.0375
0 0.29140625 0.20520833333333333 0.0265625 0.041666666666666664
0 0.22219827586206894 0.1749640804597701 0.0265625 0.0375
0 0.2688304227941177 0.24863664215686274 0.0265625 0.0375
0 0.23048828124999998 0.38471354166666666 0.0265625 0.0375
0 0.5390842331625183 0.9802373108833577 0.0265625 0.0375
0 0.6317698652416357 0.6120353159851302 0.0265625 0.0375
0 0.48828125 0.86875 0.0265625 0.0375
0 0.84296875 0.85625 0.0265625 0.0375
0 0.83359375 0.98125 0.0265625 0.0375
0 0.8381922104779411 0.7541666666666667 0.0265625 0.0375
0 0.828125 0.43645833333333334 0.025 0.03958333333333333
0 0.8640625 0.409375 0.025 0.03958333333333333
0 0.6302558458429561 0.2369948036951501 0.0265625 0.03333333333333333
0 0.7542012674825175 0.11847319347319347 0.0265625 0.03333333333333333
0 0.71015625 0.6354166666666666 0.0265625 0.03333333333333333
0 0.5137746710526316 0.6015350877192983 0.0296875 0.03333333333333333
0 0.4602468297101449 0.45376409017713365 0.0265625 0.03333333333333333
0 0.9163894489247312 0.9867719534050179 0.024781586021505396 0.026456093189964135
0 0.58828125 0.11875 0.0296875 0.05
0 0.6015625 0.20625 0.025 0.04583333333333333
0 0.85625 0.22395833333333334 0.0375 0.04375
0 0.48823574029126215 0.7552690129449838 0.0421875 0.04375
0 0.83515625 0.796875 0.0296875 0.03958333333333333
0 0.1623046875 0.8552083333333333 0.025 0.03958333333333333
0 0.0921875 0.8697916666666666 0.03125 0.03958333333333333
0 0.4837175880626223 0.04775154924983692 0.025 0.027083333333333334
0 0.5085014763779527 0.02579560367454068 0.0296875 0.031249999999999997
0 0.35703125 0.06354166666666666 0.0234375 0.027083333333333334
0 0.7614583333333333 0.1232638888888889 0.01875 0.03333333333333335
0 0.9822600446428572 0.022026289682539682 0.021997767857142848 0.02757440476190476
1 0.57109375 0.13333333333333333 0.0890625 0.1125
1 0.3203125 0.21041666666666667 0.103125 0.09583333333333334
