0 0.26484375 0.4354166666666667 0.0265625 0.0375
0 0.23828125 0.5770833333333333 0.0265625 0.0375
0 0.24017990537848605 0.85625 0.0265625 0.0375
0 0.19453125 0.8458333333333333 0.0265625 0.0375
0 0.08359375 0.80625 0.0265625 0.0375
0 0.13515625 0.18958333333333333 0.0265625 0.0375
0 0.24609375 0.19652777777777777 0.0265625 0.041666666666666664
0 0.21214414267015708 0.18516579406631764 0.026562500000000024 0.0375
0 0.2667440878378379 0.25698198198198197 0.0265625 0.0375
0 0.2233664772727273 0.39621212121212124 0.0265625 0.0375
0 0.53984375 0.98125 0.0265625 0.0375
0 0.6300111140167364 0.6089086471408647 0.0265625 0.0375
0 0.48828125 0.86875 0.0265625 0.0375
0 0.84296875 0.85625 0.0265625 0.0375
0 0.83359375 0.98125 0.0265625 0.0375
0 0.84140625 0.7692401960784314 0.0265625 0.0375
0 0.828125 0.43645833333333334 0.025 0.03958333333333333
0 0.8640625 0.409375 0.025 0.03958333333333333
0 0.628816036374134 0.23827463433410315 0.0265625 0.03333333333333333
0 0.7403101679104478 0.1406094527363184 0.0265625 0.03333333333333333
0 0.71015625 0.6354166666666666 0.0265625 0.03333333333333333
0 0.5015756302521008 0.6074929971988795 0.0296875 0.03333333333333333
0 0.45931289225941424 0.4642869595536959 0.0265625 0.03333333333333333
0 0.58828125 0.11875 0.0296875 0.05
0 0.6015625 0.20625 0.025 0.04583333333333333
0 0.85625 0.22395833333333334 0.0375 0.04375
0 0.4864703428398058 0.7576228762135923 0.0421875 0.04375
0 0.7451426630434782 0.9116394927536232 0.0296875 0.03958333333333333
0 0.19753289473684213 0.8049890350877192 0.025000000000000022 0.03958333333333333
0 0.4824975538160469 0.049378261578604046 0.025 0.027083333333333334
0 0.5093196358267716 0.027977362204724413 0.0296875 0.03125000000000001
0 0.35703125 0.06354166666666666 0.0234375 0.027083333333333334
0 0.7859375 0.245625 0.034375 0.03958333333333333
0 0.9755803571428572 0.03225198412698413 0.02348214285714274 0.03351190476190477
1 0.57109375 0.13333333333333333 0.0890625 0.1125
1 0.3203125 0.21041666666666667 0.103125 0.09583333333333334
