0 0.27344441371681416 0.42080875122910516 0.0265625 0.0375
0 0.23828125 0.5783744131455398 0.0265625 0.0375
0 0.2436142899061033 0.8545285602503913 0.0265625 0.0375
0 0.19453125 0.8458333333333333 0.0265625 0.0375
0 0.08359375 0.80625 0.0265625 0.0375
0 0.02674955985915493 0.7303892801251956 0.0265625 0.0375
0 0.13515625 0.18958333333333333 0.0265625 0.0375
0 0.21796875 0.16385869565217392 0.0265625 0.0375
0 0.29500000000000004 0.10597222222222222 0.0265625 0.0375
0 0.28420638489208633 0.21793315347721823 0.0265625 0.0375
0 0.3123642899061033 0.30912558685446007 0.0265625 0.0375
0 0.346875 0.32083333333333336 0.0265625 0.041666666666666664
0 0.5743214495305164 0.887793427230047 0.0265625 0.0375
0 0.6430771315028901 0.5675879094412332 0.0265625 0.0375
0 0.48828125 0.86875 0.0265625 0.0375
0 0.74765625 0.7916666666666666 0.0234375 0.0375
0 0.8477373334502104 0.8419442496493689 0.0265625 0.0375
0 0.8383623334502104 0.9669442496493689 0.0265625 0.0375
0 0.8543576875876578 0.7493980832164563 0.0265625 0.0375
0 0.828125 0.43645833333333334 0.025 0.03958333333333333
0 0.8680842962184874 0.409375 0.025 0.03958333333333333
0 0.63359375 0.10416666666666667 0.0234375 0.035416666666666666
0 0.670568116359447 0.14376920122887865 0.0265625 0.03333333333333333
0 0.771567721722365 0.06793059125964011 0.0265625 0.03333333333333334
0 0.7108017899061033 0.636277386541471 0.0265625 0.03333333333333333
0 0.5907607100938967 0.49073748043818466 0.0265625 0.03333333333333333
0 0.4983017899061033 0.38829225352112673 0.0265625 0.03333333333333333
0 0.015625 0.6020833333333333 0.021875 0.0375
0 0.014564732142857145 0.24010416666666667 0.0265625 0.03333333333333333
0 0.1953125 0.2808333333333334 0.028125 0.037500000000000026
0 0.7765625 0.65625 0.0265625 0.03333333333333333
0 0.9920235770089285 0.7758231026785716 0.01595284598214288 0.03490513392857141
0 0.6453125 0.5048611111111111 0.025 0.03333333333333333
0 0.58828125 0.11875 0.0296875 0.05
0 0.6015625 0.20625 0.025 0.04583333333333333
0 0.24765625 0.5712962962962963 0.0359375 0.04583333333333333
0 0.34765625 0.5076388888888889 0.0328125 0.0375
0 0.85625 0.22395833333333334 0.0375 0.04375
0 0.5096319901315789 0.7237321820175439 0.0421875 0.04375
1 0.57109375 0.13333333333333333 0.0890625 0.1125
1 0.3203125 0.21041666666666667 0.103125 0.09583333333333334
