0 0.27381775442477874 0.41948131760078666 0.0265625 0.0375
0 0.23828125 0.5791666666666667 0.0265625 0.0375
0 0.24401041666666665 0.8534722222222223 0.0265625 0.0375
0 0.19453125 0.8458333333333333 0.0265625 0.0375
0 0.08359375 0.80625 0.0265625 0.0375
0 0.02734375 0.7298611111111111 0.0265625 0.0375
0 0.13515625 0.18958333333333333 0.0265625 0.0375
0 0.21588541666666666 0.15347222222222223 0.0265625 0.0375
0 0.2981640625 0.10409722222222223 0.0265625 0.0375
0 0.2843581384892086 0.21773081534772182 0.0265625 0.0375
0 0.31276041666666665 0.30833333333333335 0.0265625 0.0375
0 0.37921875 0.27208333333333334 0.0265625 0.041666666666666664
0 0.5763020833333333 0.8854166666666666 0.0265625 0.0375
0 0.6438087066473989 0.5667750481695568 0.0265625 0.0375
0 0.48828125 0.86875 0.0265625 0.0375
0 0.71171875 0.8208333333333333 0.0234375 0.0375
0 0.8479740094670406 0.841234221598878 0.0265625 0.0375
0 0.8385990094670406 0.966234221598878 0.0265625 0.0375
0 0.8545351946002805 0.749161407199626 0.0265625 0.0375
0 0.984375 0.8166666666666667 0.0265625 0.04375
0 0.828125 0.43645833333333334 0.025 0.03958333333333333
0 0.8681906512605042 0.409375 0.025 0.03958333333333333
0 0.62703125 0.15520833333333334 0.0234375 0.035416666666666666
0 0.6711513536866359 0.1414362519201229 0.0265625 0.03333333333333333
0 0.771242368251928 0.0670629820051414 0.0265625 0.03333333333333334
0 0.7111979166666667 0.6368055555555556 0.0265625 0.03333333333333333
0 0.5903645833333333 0.4888888888888889 0.0265625 0.03333333333333333
0 0.4986979166666667 0.3875 0.0265625 0.03333333333333333
0 0.0203125 0.5697916666666667 0.03125 0.03958333333333333
0 0.015234375 0.23515625 0.0265625 0.03333333333333333
0 0.17250000000000001 0.25666666666666665 0.028125 0.03749999999999997
0 0.7643229166666667 0.6861111111111111 0.0265625 0.03333333333333333
0 0.9911760602678571 0.7746930803571428 0.017647879464285764 0.034654017857142824
0 0.625 0.45416666666666666 0.025 0.03333333333333333
0 0.58828125 0.11875 0.0296875 0.05
0 0.6015625 0.20625 0.025 0.04583333333333333
0 0.27109375 0.6083333333333333 0.0359375 0.04583333333333333
0 0.41953125 0.55 0.0328125 0.0375
0 0.85625 0.22395833333333334 0.0375 0.04375
0 0.5104646381578948 0.7224369517543859 0.0421875 0.04375
1 0.57109375 0.13333333333333333 0.0890625 0.1125
1 0.3203125 0.21041666666666667 0.103125 0.09583333333333334
