0 0.2668536618942731 0.43340675477239354 0.0265625 0.0375
0 0.23828125 0.5770833333333333 0.0265625 0.0375
0 0.2422715388446215 0.85625 0.0265625 0.0375
0 0.19453125 0.8458333333333333 0.0265625 0.0375
0 0.08359375 0.80625 0.0265625 0.0375
0 0.018971911478599224 0.7528129053177691 0.0265625 0.0375
0 0.13515625 0.18958333333333333 0.0265625 0.0375
0 0.23166360294117644 0.18566176470588236 0.0265625 0.041666666666666664
0 0.2583984375 0.13359375 0.0265625 0.0375
0 0.2823853417266187 0.22036121103117506 0.0265625 0.0375
0 0.28705490537848605 0.3349684594953519 0.0265625 0.0375
0 0.15625 0.5340277777777778 0.028125 0.04999999999999994
0 0.54404296875 0.9527922453703703 0.0265625 0.0375
0 0.6365664724576271 0.5830861581920904 0.0265625 0.0375
0 0.48828125 0.86875 0.0265625 0.0375
0 0.8448972212482468 0.8504645862552594 0.0265625 0.0375
0 0.8355222212482468 0.9754645862552594 0.0265625 0.0375
0 0.8522276034361852 0.7522381954184197 0.0265625 0.0375
0 0.828125 0.43645833333333334 0.025 0.03958333333333333
0 0.8668080357142858 0.409375 0.025 0.03958333333333333
0 0.662888933982684 0.17683080808080806 0.0265625 0.03333333333333333
0 0.7716083082329317 0.08022088353413655 0.0265625 0.03333333333333334
0 0.71015625 0.6354166666666666 0.0265625 0.03333333333333333
0 0.5758170324427481 0.5231631679389313 0.027003816793893166 0.03333333333333333
0 0.48871899319066153 0.4053583009079118 0.0265625 0.03333333333333333
0 0.0062656249999999995 0.29918750000000005 0.012531249999999999 0.03470833333333333
0 0.4640625 0.4640625 0.028125 0.0375
0 0.734375 0.18125 0.0265625 0.03333333333333333
0 0.9774187184343435 0.8424978956228956 0.023382260101010032 0.035416666666666666
0 0.58828125 0.11875 0.0296875 0.05
0 0.6015625 0.20625 0.025 0.04583333333333333
0 0.03671875 0.121875 0.0296875 0.03958333333333333
0 0.85625 0.22395833333333334 0.0375 0.04375
0 0.4996402138157895 0.7392749451754386 0.0421875 0.04375
0 0.5010714285714286 0.021438492063492066 0.025 0.027083333333333334
0 0.273046875 0.18802083333333333 0.028125 0.0375
0 0.51953125 0.011458333333333333 0.0296875 0.01875
0 0.37185267857142856 0.014754464285714286 0.0234375 0.02319940476190476
1 0.57109375 0.13333333333333333 0.0890625 0.1125
1 0.3203125 0.21041666666666667 0.103125 0.09583333333333334
