0 0.26484375 0.4354166666666667 0.0265625 0.0375
0 0.23828125 0.5770833333333333 0.0265625 0.0375
0 0.24092442729083668 0.85625 0.0265625 0.0375
0 0.19453125 0.8458333333333333 0.0265625 0.0375
0 0.08359375 0.80625 0.0265625 0.0375
0 0.005504261363636363 0.8093276515151515 0.011008522727272726 0.03323863636363633
0 0.13515625 0.18958333333333333 0.0265625 0.0375
0 0.3104577850877193 0.22251461988304091 0.0265625 0.041666666666666664
0 0.23832291666666666 0.17486666666666667 0.0265625 0.0375
0 0.273296618852459 0.23794398907103825 0.0265625 0.0375
0 0.2399352771966527 0.3760808926080893 0.0265625 0.0375
0 0.537565199487555 0.9782119326500732 0.0265625 0.0375
0 0.6303235362453532 0.6094640644361834 0.0265625 0.0375
0 0.48828125 0.86875 0.0265625 0.0375
0 0.84296875 0.85625 0.0265625 0.0375
0 0.83359375 0.98125 0.0265625 0.0375
0 0.8424833409926471 0.7541666666666667 0.0265625 0.0375
0 0.828125 0.43645833333333334 0.025 0.03958333333333333
0 0.8646769957983194 0.409375 0.025 0.03958333333333333
0 0.63225 0.2353333333333333 0.0265625 0.03333333333333333
0 0.7570550444162436 0.10621827411167513 0.0265625 0.03333333333333333
0 0.71015625 0.6354166666666666 0.0265625 0.03333333333333333
0 0.5255912162162162 0.5942286036036036 0.0296875 0.03333333333333333
0 0.46400588768115936 0.4370571658615137 0.0265625 0.03333333333333333
0 0.9151041666666666 0.4097222222222222 0.028125 0.0375
0 0.9369012317518248 0.9612150243309003 0.0234375 0.035416666666666666
0 0.58828125 0.11875 0.0296875 0.05
0 0.6015625 0.20625 0.025 0.04583333333333333
0 0.85625 0.22395833333333334 0.0375 0.04375
0 0.4904391686893204 0.7523311084142394 0.0421875 0.04375
0 0.90546875 0.5739583333333333 0.0296875 0.03958333333333333
0 0.1397892441860465 0.9495881782945736 0.025 0.03958333333333333
0 0.4852403375733855 0.04572121656881931 0.025 0.027083333333333338
0 0.50748031496063 0.023072506561679793 0.0296875 0.03125
0 0.3572899865591398 0.0625560035842294 0.0234375 0.02708333333333334
1 0.57109375 0.13333333333333333 0.0890625 0.1125
1 0.3203125 0.21041666666666667 0.103125 0.09583333333333334
