0 0.26484375 0.4354166666666667 0.0265625 0.0375
0 0.23828125 0.5770833333333333 0.0265625 0.0375
0 0.24126058266932268 0.85625 0.0265625 0.0375
0 0.19453125 0.8458333333333333 0.0265625 0.0375
0 0.08359375 0.80625 0.0265625 0.0375
0 0.0059836647727272724 0.7946259469696969 0.011967329545454545 0.03196022727272722
0 0.13515625 0.18958333333333333 0.0265625 0.0375
0 0.31015625 0.22916666666666666 0.0265625 0.041666666666666664
0 0.24113541666666666 0.16586666666666666 0.0265625 0.0375
0 0.2781378073770492 0.22780054644808742 0.0265625 0.0375
0 0.24964369769874475 0.3701970013947002 0.0265625 0.0375
0 0.5363298407759883 0.9765647877013177 0.0265625 0.0375
0 0.6291473048327137 0.6073729863692688 0.0265625 0.0375
0 0.48828125 0.86875 0.0265625 0.0375
0 0.84296875 0.85625 0.0265625 0.0375
0 0.83359375 0.98125 0.0265625 0.0375
0 0.8459731158088235 0.7541666666666667 0.0265625 0.0375
0 0.828125 0.43645833333333334 0.025 0.03958333333333333
0 0.8652087710084034 0.409375 0.025 0.03958333333333333
0 0.6453188516260162 0.2268631436314363 0.0265625 0.03333333333333333
0 0.7613380393401015 0.10050761421319797 0.0265625 0.03333333333333333
0 0.71015625 0.6354166666666666 0.0265625 0.03333333333333333
0 0.5392697704081633 0.5817602040816326 0.0296875 0.03333333333333333
0 0.4697795943708609 0.4266694260485651 0.0265625 0.03333333333333333
0 0.7703125 0.3645833333333333 0.028125 0.0375
0 0.9494163074712644 0.9311661877394636 0.0234375 0.035416666666666666
0 0.58828125 0.11875 0.0296875 0.05
0 0.6015625 0.20625 0.025 0.04583333333333333
0 0.85625 0.22395833333333334 0.0375 0.04375
0 0.4922311134708738 0.7499418487055016 0.0421875 0.04375
0 0.9625 0.39618055555555554 0.028125 0.04375
0 0.49005584192439866 0.04099012027491409 0.025 0.027083333333333334
0 0.50703125 0.01997549019607843 0.0296875 0.027450980392156862
0 0.36046538978494624 0.050459229390681 0.0234375 0.027083333333333334
1 0.57109375 0.13333333333333333 0.0890625 0.1125
1 0.3203125 0.21041666666666667 0.103125 0.09583333333333334
