0 0.27528346238938056 0.41426991150442477 0.0265625 0.0375
0 0.23828125 0.5822769953051643 0.0265625 0.0375
0 0.2455655809859155 0.849325117370892 0.0265625 0.0375
0 0.19453125 0.8458333333333333 0.0265625 0.0375
0 0.08359375 0.80625 0.0265625 0.0375
0 0.029676496478873236 0.727787558685446 0.0265625 0.0375
0 0.13515625 0.18958333333333333 0.0265625 0.0375
0 0.19197443181818183 0.12518939393939393 0.026562500000000024 0.0375
0 0.3105984669811321 0.09658018867924528 0.0265625 0.0375
0 0.2849539118705036 0.21693645083932853 0.0265625 0.0375
0 0.3143155809859155 0.30522300469483565 0.0265625 0.0375
0 0.4408854166666667 0.14097222222222222 0.0265625 0.04166666666666668
0 0.5840779049295775 0.8760856807511738 0.0265625 0.0375
0 0.6466808164739885 0.5635838150289018 0.0265625 0.0375
0 0.48828125 0.86875 0.0265625 0.0375
0 0.48515625 0.8104166666666667 0.0265625 0.0375
0 0.8489031819775595 0.8384467040673211 0.0265625 0.0375
0 0.8395281819775595 0.9634467040673211 0.0265625 0.0375
0 0.8552320739831696 0.748232234689107 0.0265625 0.0375
0 0.88984375 0.6739583333333333 0.0265625 0.0375
0 0.828125 0.43645833333333334 0.025 0.03958333333333333
0 0.868608193277311 0.409375 0.025 0.03958333333333333
0 0.66796875 0.171875 0.0234375 0.03333333333333333
0 0.6734411002304148 0.13227726574500767 0.0265625 0.03333333333333333
0 0.77109375 0.06041666666666667 0.0265625 0.03333333333333333
0 0.7699650546272494 0.06365681233933161 0.0265625 0.03333333333333333
0 0.7127530809859155 0.6388791079812207 0.0265625 0.03333333333333333
0 0.5888094190140845 0.481631455399061 0.0265625 0.03333333333333333
0 0.5002530809859155 0.3843896713615023 0.0265625 0.03333333333333333
0 0.16359375 0.5675 0.0265625 0.03333333333333333
0 0.01678340517241379 0.21716954022988505 0.0265625 0.03333333333333333
0 0.07734375 0.20833333333333334 0.0265625 0.03333333333333333
0 0.646875 0.9916666666666667 0.025 0.016666666666666666
0 0.75859375 0.8520833333333333 0.0265625 0.03333333333333333
0 0.9878487723214284 0.7702566964285715 0.024302455357142882 0.033668154761904746
0 0.5864583333333333 0.259375 0.025 0.035416666666666666
0 0.58828125 0.11875 0.0296875 0.05
0 0.6015625 0.20625 0.025 0.04583333333333333
0 0.35390625 0.7479166666666667 0.0390625 0.041666666666666664
0 0.75625 0.584375 0.028125 0.035416666666666666
0 0.85625 0.22395833333333334 0.0375 0.04375
0 0.5137335526315789 0.7173519736842106 0.0421875 0.04375
