0 0.2713564712389381 0.42823254670599803 0.0265625 0.0375
0 0.23828125 0.5770833333333333 0.0265625 0.0375
0 0.2427023157370518 0.85625 0.0265625 0.0375
0 0.19453125 0.8458333333333333 0.0265625 0.0375
0 0.08359375 0.80625 0.0265625 0.0375
0 0.023179109922178986 0.7394901102464332 0.0265625 0.0375
0 0.13515625 0.18958333333333333 0.0265625 0.0375
0 0.22165178571428573 0.17909226190476188 0.0265625 0.041666666666666664
0 0.27572063577586203 0.11813038793103449 0.0265625 0.0375
0 0.2833576888489209 0.21906474820143884 0.0265625 0.0375
0 0.30162017617449666 0.31789709172259506 0.0265625 0.0375
0 0.25546875 0.4149305555555555 0.0265625 0.035416666666666666
0 0.5603218129139073 0.9176876379690949 0.0265625 0.0375
0 0.6389857297687861 0.5721339113680154 0.0265625 0.0375
0 0.48828125 0.86875 0.0265625 0.0375
0 0.846413700911641 0.8459151472650771 0.0265625 0.0375
0 0.837038700911641 0.9709151472650771 0.0265625 0.0375
0 0.8533649631837307 0.7507217157550257 0.0265625 0.0375
0 0.828125 0.43645833333333334 0.025 0.03958333333333333
0 0.8674894957983194 0.409375 0.025 0.03958333333333333
0 0.6669249746963563 0.15921052631578947 0.0265625 0.03333333333333333
0 0.7733872911311054 0.0727827763496144 0.0265625 0.03333333333333333
0 0.71015625 0.6354166666666666 0.0265625 0.03333333333333333
0 0.5863780545112782 0.5021303258145363 0.0265625 0.03333333333333333
0 0.49765625 0.4013157894736842 0.0265625 0.03333333333333333
0 0.01328125 0.26875 0.0265625 0.03333333333333333
0 0.307421875 0.453125 0.028125 0.0375
0 0.75859375 0.47291666666666665 0.0265625 0.03333333333333333
0 0.9903882575757574 0.8060921717171717 0.013825757575757613 0.035416666666666666
0 0.750390625 0.7510416666666667 0.0296875 0.041666666666666664
0 0.58828125 0.11875 0.0296875 0.05
0 0.6015625 0.20625 0.025 0.04583333333333333
0 0.18828125 0.34861111111111115 0.0359375 0.04583333333333333
0 0.85625 0.22395833333333334 0.0375 0.04375
0 0.5049753289473684 0.7309758771929824 0.0421875 0.04375
1 0.57109375 0.13333333333333333 0.0890625 0.1125
1 0.3203125 0.21041666666666667 0.103125 0.09583333333333334
