0 0.26484375 0.4354166666666667 0.0265625 0.0375
0 0.23828125 0.5770833333333333 0.0265625 0.0375
0 0.24186068227091634 0.85625 0.0265625 0.0375
0 0.19453125 0.8458333333333333 0.0265625 0.0375
0 0.08359375 0.80625 0.0265625 0.0375
0 0.014959265564202334 0.7655196173800259 0.0265625 0.0375
0 0.13515625 0.18958333333333333 0.0265625 0.0375
0 0.27786458333333336 0.2361111111111111 0.0265625 0.041666666666666664
0 0.2463134765625 0.14970703125 0.0265625 0.0375
0 0.28145795863309353 0.22159772182254195 0.0265625 0.0375
0 0.2742598684210526 0.35285087719298247 0.0265625 0.0375
0 0.05390625 0.546875 0.028125 0.05
0 0.53412449670571 0.9736243289409467 0.0265625 0.0375
0 0.6289194915254237 0.6005649717514124 0.0265625 0.0375
0 0.48828125 0.86875 0.0265625 0.0375
0 0.8434508678120617 0.8548036465638148 0.0265625 0.0375
0 0.8340758678120617 0.9798036465638148 0.0265625 0.0375
0 0.8511428383590462 0.7536845488546049 0.0265625 0.0375
0 0.828125 0.43645833333333334 0.025 0.03958333333333333
0 0.8661580882352942 0.409375 0.025 0.03958333333333333
0 0.6606567911255412 0.18724747474747475 0.0265625 0.03333333333333333
0 0.7674667419678716 0.08850401606425702 0.0265625 0.03333333333333333
0 0.71015625 0.6354166666666666 0.0265625 0.03333333333333333
0 0.5620407919847328 0.5428435114503817 0.02897185114503813 0.03333333333333333
0 0.4797547599337748 0.41004415011037526 0.0265625 0.03333333333333333
0 0.6421875 0.5854166666666667 0.028125 0.0375
0 0.628515625 0.04739583333333333 0.0265625 0.03333333333333333
0 0.9737614329268294 0.8684705284552846 0.0234375 0.035416666666666666
0 0.58828125 0.11875 0.0296875 0.05
0 0.6015625 0.20625 0.025 0.04583333333333333
0 0.85625 0.22395833333333334 0.0375 0.04375
0 0.896484375 0.2203125 0.0328125 0.04375
0 0.4954300667475728 0.7456765776699029 0.0421875 0.04375
0 0.5059821428571428 0.02580357142857143 0.025 0.027083333333333334
0 0.043359375 0.29375 0.0296875 0.03958333333333333
0 0.51171875 0.0140625 0.0296875 0.01875
0 0.3661340725806451 0.02886424731182796 0.0234375 0.027083333333333334
1 0.57109375 0.13333333333333333 0.0890625 0.1125
1 0.3203125 0.21041666666666667 0.103125 0.09583333333333334
