0 0.26740432268722464 0.432856093979442 0.0265625 0.0375
0 0.23828125 0.5770833333333333 0.0265625 0.0375
0 0.24232133964143426 0.85625 0.0265625 0.0375
0 0.19453125 0.8458333333333333 0.0265625 0.0375
0 0.08359375 0.80625 0.0265625 0.0375
0 0.01945829280155642 0.7512726977950713 0.0265625 0.0375
0 0.13515625 0.18958333333333333 0.0265625 0.0375
0 0.22982536764705883 0.1868872549019608 0.0265625 0.041666666666666664
0 0.25986328125 0.131640625 0.0265625 0.0375
0 0.2824977517985611 0.22021133093525178 0.0265625 0.0375
0 0.2886734312749004 0.33281042496679947 0.0265625 0.0375
0 0.1609375 0.5375 0.028125 0.05
0 0.54599609375 0.9490306712962963 0.0265625 0.0375
0 0.6374933792372881 0.5809675141242938 0.0265625 0.0375
0 0.48828125 0.86875 0.0265625 0.0375
0 0.8450725368162694 0.8499386395511922 0.0265625 0.0375
0 0.8356975368162693 0.9749386395511922 0.0265625 0.0375
0 0.852359090112202 0.7520628798503974 0.0265625 0.0375
0 0.828125 0.43645833333333334 0.025 0.03958333333333333
0 0.8668868172268909 0.409375 0.025 0.03958333333333333
0 0.6631594967532467 0.17556818181818182 0.0265625 0.03333333333333333
0 0.7721103162650602 0.0792168674698795 0.0265625 0.033333333333333326
0 0.71015625 0.6354166666666666 0.0265625 0.03333333333333333
0 0.5774868797709923 0.5207776717557252 0.026765267175572482 0.03333333333333333
0 0.48993494649805447 0.4051961738002594 0.0265625 0.03333333333333333
0 0.007203125 0.29210416666666666 0.01440625 0.03387499999999998
0 0.4376953125 0.40598958333333335 0.028125 0.0375
0 0.7484375 0.21666666666666667 0.0265625 0.03333333333333333
0 0.9789180871212121 0.8382891414141415 0.02227746212121211 0.035416666666666666
0 0.58828125 0.11875 0.0296875 0.05
0 0.6015625 0.20625 0.025 0.04583333333333333
0 0.08046875 0.146875 0.0296875 0.03958333333333333
0 0.85625 0.22395833333333334 0.0375 0.04375
0 0.500256990131579 0.7383155153508771 0.0421875 0.04375
0 0.5004761904761905 0.020909391534391537 0.025 0.027083333333333338
0 0.29765625 0.15729166666666666 0.028125 0.0375
0 0.5204782196969697 0.011142676767676767 0.0296875 0.01875
0 0.3727455357142857 0.013117559523809524 0.0234375 0.022306547619047618
1 0.57109375 0.13333333333333333 0.0890625 0.1125
1 0.3203125 0.21041666666666667 0.103125 0.09583333333333334
