0 0.26484375 0.4354166666666667 0.0265625 0.0375
0 0.23828125 0.5770833333333333 0.0265625 0.0375
0 0.24134773406374502 0.85625 0.0265625 0.0375
0 0.19453125 0.8458333333333333 0.0265625 0.0375
0 0.08359375 0.80625 0.0265625 0.0375
0 0.006107954545454546 0.790814393939394 0.012215909090909092 0.03162878787878789
0 0.13515625 0.18958333333333333 0.0265625 0.0375
0 0.31328125 0.23472222222222222 0.0265625 0.041666666666666664
0 0.24186458333333333 0.16353333333333334 0.0265625 0.0375
0 0.2793929303278689 0.2251707650273224 0.0265625 0.0375
0 0.2521606956066945 0.36867154811715486 0.0265625 0.0375
0 0.5360095625915081 0.9761377501220108 0.0265625 0.0375
0 0.6288423559479555 0.6068308550185874 0.0265625 0.0375
0 0.48828125 0.86875 0.0265625 0.0375
0 0.84296875 0.85625 0.0265625 0.0375
0 0.83359375 0.98125 0.0265625 0.0375
0 0.8468778722426471 0.7541666666666667 0.0265625 0.0375
0 0.828125 0.43645833333333334 0.025 0.03958333333333333
0 0.8653466386554621 0.409375 0.025 0.03958333333333333
0 0.6475419207317074 0.22271341463414634 0.0265625 0.03333333333333333
0 0.7622960592369478 0.09884538152610442 0.0265625 0.03333333333333333
0 0.71015625 0.6354166666666666 0.0265625 0.03333333333333333
0 0.543734056122449 0.5777919501133787 0.0296875 0.03333333333333333
0 0.47122826986754973 0.42425496688741726 0.0265625 0.03333333333333333
0 0.7640625 0.4576388888888889 0.028125 0.0375
0 0.9525592672413794 0.9232040229885057 0.0234375 0.035416666666666666
0 0.58828125 0.11875 0.0296875 0.05
0 0.6015625 0.20625 0.025 0.04583333333333333
0 0.85625 0.22395833333333334 0.0375 0.04375
0 0.74921875 0.03854166666666667 0.0296875 0.03333333333333333
0 0.4926956917475728 0.7493224110032363 0.0421875 0.04375
0 0.9778125 0.3622916666666667 0.028125 0.04375
0 0.4924989261168385 0.03873496563573883 0.025 0.027083333333333334
0 0.50703125 0.018903186274509806 0.0296875 0.02530637254901961
0 0.36128864247311826 0.04732302867383512 0.0234375 0.027083333333333334
1 0.57109375 0.13333333333333333 0.0890625 0.1125
1 0.3203125 0.21041666666666667 0.103125 0.09583333333333334
