0 0.26484375 0.4354166666666667 0.0265625 0.0375
0 0.23828125 0.5770833333333333 0.0265625 0.0375
0 0.24022223605577692 0.85625 0.0265625 0.0375
0 0.19453125 0.8458333333333333 0.0265625 0.0375
0 0.08359375 0.80625 0.0265625 0.0375
0 0.13515625 0.18958333333333333 0.0265625 0.0375
0 0.2578125 0.19479166666666667 0.0265625 0.041666666666666664
0 0.2129785667539267 0.18331151832460735 0.0265625 0.0375
0 0.2671030405405405 0.2555461711711712 0.0265625 0.0375
0 0.224560546875 0.3950737847222222 0.0265625 0.0375
0 0.53984375 0.98125 0.0265625 0.0375
0 0.6303445345188284 0.6095013947001394 0.0265625 0.0375
0 0.48828125 0.86875 0.0265625 0.0375
0 0.84296875 0.85625 0.0265625 0.0375
0 0.83359375 0.98125 0.0265625 0.0375
0 0.84140625 0.7671568627450981 0.0265625 0.0375
0 0.828125 0.43645833333333334 0.025 0.03958333333333333
0 0.8640625 0.409375 0.025 0.03958333333333333
0 0.6290000721709007 0.2381110469591994 0.0265625 0.03333333333333333
0 0.7424906716417911 0.13743781094527366 0.0265625 0.03333333333333335
0 0.71015625 0.6354166666666666 0.0265625 0.03333333333333333
0 0.503249737394958 0.6066001400560224 0.0296875 0.03333333333333333
0 0.45942403242677826 0.4629532775453278 0.0265625 0.03333333333333333
0 0.58828125 0.11875 0.0296875 0.05
0 0.6015625 0.20625 0.025 0.04583333333333333
0 0.85625 0.22395833333333334 0.0375 0.04375
0 0.48669599514563106 0.7573220064724919 0.0421875 0.04375
0 0.76103515625 0.9001302083333333 0.0296875 0.03958333333333333
0 0.191015625 0.8171875 0.025 0.03958333333333333
0 0.48265349804305285 0.04917033594259622 0.025 0.027083333333333334
0 0.5092150590551181 0.027698490813648294 0.0296875 0.03125
0 0.35703125 0.06354166666666666 0.0234375 0.027083333333333334
0 0.7787499999999999 0.2497916666666667 0.034375 0.03958333333333333
0 0.9764341517857144 0.030944940476190473 0.023292410714285873 0.03275297619047619
1 0.57109375 0.13333333333333333 0.0890625 0.1125
1 0.3203125 0.21041666666666667 0.103125 0.09583333333333334
