0 0.2726009402654867 0.4238077679449361 0.0265625 0.0375
0 0.23828125 0.5770833333333333 0.0265625 0.0375
0 0.24292641932270914 0.85625 0.0265625 0.0375
0 0.19453125 0.8458333333333333 0.0265625 0.0375
0 0.08359375 0.80625 0.0265625 0.0375
0 0.02536782587548638 0.7325591763942931 0.0265625 0.0375
0 0.13515625 0.18958333333333333 0.0265625 0.0375
0 0.21901041666666665 0.17569444444444443 0.0265625 0.0375
0 0.28723733836206894 0.11085668103448275 0.0265625 0.0375
0 0.28386353417266186 0.21839028776978417 0.0265625 0.0375
0 0.31011430369127513 0.31160514541387024 0.0265625 0.0375
0 0.32890625 0.38125 0.0265625 0.041666666666666664
0 0.5699869791666667 0.8953559027777778 0.0265625 0.0375
0 0.641424313583815 0.569424373795761 0.0265625 0.0375
0 0.48828125 0.86875 0.0265625 0.0375
0 0.85234375 0.86875 0.0234375 0.0375
0 0.847202620967742 0.8435483870967742 0.0265625 0.0375
0 0.837827620967742 0.9685483870967742 0.0265625 0.0375
0 0.8539566532258064 0.7499327956989247 0.0265625 0.0375
0 0.828125 0.43645833333333334 0.025 0.03958333333333333
0 0.867844012605042 0.409375 0.025 0.03958333333333333
0 0.58515625 0.07708333333333334 0.0234375 0.029166666666666667
0 0.669202302631579 0.14934210526315791 0.0265625 0.03333333333333335
0 0.772302779562982 0.06989074550128535 0.0265625 0.03333333333333333
0 0.71015625 0.6354166666666666 0.0265625 0.03333333333333333
0 0.5906073778195489 0.4950814536340852 0.0265625 0.03333333333333333
0 0.49765625 0.3914473684210526 0.0265625 0.03333333333333333
0 0.013430059523809523 0.25069444444444444 0.0265625 0.03333333333333336
0 0.26979166666666665 0.36666666666666664 0.028125 0.0375
0 0.77265625 0.5708333333333333 0.0265625 0.03333333333333333
0 0.9936197916666666 0.7800347222222223 0.0125 0.035416666666666666
0 0.68828125 0.5682291666666667 0.025 0.03333333333333333
0 0.58828125 0.11875 0.0296875 0.05
0 0.6015625 0.20625 0.025 0.04583333333333333
0 0.2527043269230769 0.4955128205128205 0.0359375 0.04583333333333333
0 0.16875 0.3963541666666667 0.0328125 0.0375
0 0.85625 0.22395833333333334 0.0375 0.04375
0 0.5077508223684211 0.7266584429824562 0.0421875 0.04375
1 0.57109375 0.13333333333333333 0.0890625 0.1125
1 0.3203125 0.21041666666666667 0.103125 0.09583333333333334
