0 0.26484375 0.4354166666666667 0.0265625 0.0375
0 0.23828125 0.5770833333333333 0.0265625 0.0375
0 0.2399757221115538 0.85625 0.0265625 0.0375
0 0.19453125 0.8458333333333333 0.0265625 0.0375
0 0.08359375 0.80625 0.0265625 0.0375
0 0.13515625 0.18958333333333333 0.0265625 0.0375
0 0.20390625 0.23125 0.0265625 0.041666666666666664
0 0.2081192735602094 0.19410994764397904 0.02656249999999998 0.0375
0 0.262109375 0.2675 0.0265625 0.0375
0 0.2171553938356164 0.40108447488584476 0.0265625 0.0375
0 0.53984375 0.98125 0.0265625 0.0375
0 0.62840285041841 0.6060495118549513 0.0265625 0.0375
0 0.48828125 0.86875 0.0265625 0.0375
0 0.84296875 0.85625 0.0265625 0.0375
0 0.83359375 0.98125 0.0265625 0.0375
0 0.84140625 0.7792892156862745 0.0265625 0.0375
0 0.828125 0.43645833333333334 0.025 0.03958333333333333
0 0.8640625 0.409375 0.025 0.03958333333333333
0 0.627928334295612 0.23906370284834486 0.0265625 0.03333333333333333
0 0.73671875 0.15208333333333332 0.0265625 0.03333333333333333
0 0.71015625 0.6354166666666666 0.0265625 0.03333333333333333
0 0.49350052521008403 0.6117997198879551 0.0296875 0.03333333333333333
0 0.4587768043933054 0.4707200139470014 0.0265625 0.03333333333333333
0 0.58828125 0.11875 0.0296875 0.05
0 0.6015625 0.20625 0.025 0.04583333333333333
0 0.85625 0.22395833333333334 0.0375 0.04375
0 0.4853819023058253 0.7590741302588996 0.0421875 0.04375
0 0.6971608231707317 0.9611534552845529 0.0296875 0.03958333333333333
0 0.19928977272727275 0.716445707070707 0.025000000000000022 0.03958333333333333
0 0.4817453522504892 0.05038119699934769 0.025 0.027083333333333334
0 0.5098240649606299 0.02932250656167979 0.0296875 0.03125
0 0.35703125 0.06354166666666666 0.0234375 0.027083333333333334
0 0.7942708333333334 0.3802083333333333 0.034375000000000086 0.03958333333333333
0 0.9714620535714286 0.03855654761904762 0.024397321428571317 0.03717261904761905
1 0.57109375 0.13333333333333333 0.0890625 0.1125
1 0.3203125 0.21041666666666667 0.103125 0.09583333333333334
