0 0.26484375 0.4354166666666667 0.0265625 0.0375
0 0.23828125 0.5770833333333333 0.0265625 0.0375
0 0.2401973356573705 0.85625 0.0265625 0.0375
0 0.19453125 0.8458333333333333 0.0265625 0.0375
0 0.08359375 0.80625 0.0265625 0.0375
0 0.13515625 0.18958333333333333 0.0265625 0.0375
0 0.253515625 0.19947916666666668 0.0265625 0.041666666666666664
0 0.21248772905759164 0.1844022687609075 0.0265625 0.0375
0 0.2668918918918919 0.2563907657657658 0.0265625 0.037500000000000026
0 0.2239630681818182 0.3959469696969697 0.0265625 0.0375
0 0.53984375 0.98125 0.0265625 0.0375
0 0.6301484048117155 0.609152719665272 0.0265625 0.0375
0 0.48828125 0.86875 0.0265625 0.0375
0 0.84296875 0.85625 0.0265625 0.0375
0 0.83359375 0.98125 0.0265625 0.0375
0 0.84140625 0.7683823529411764 0.0265625 0.0375
0 0.828125 0.43645833333333334 0.025 0.03958333333333333
0 0.8640625 0.409375 0.025 0.03958333333333333
0 0.6288918158198614 0.23820727482678983 0.0265625 0.03333333333333333
0 0.7412080223880597 0.13930348258706465 0.0265625 0.03333333333333332
0 0.71015625 0.6354166666666666 0.0265625 0.03333333333333333
0 0.502264968487395 0.607125350140056 0.0296875 0.03333333333333333
0 0.4593586558577406 0.4637377963737796 0.0265625 0.03333333333333333
0 0.58828125 0.11875 0.0296875 0.05
0 0.6015625 0.20625 0.025 0.04583333333333333
0 0.85625 0.22395833333333334 0.0375 0.04375
0 0.4865632584951456 0.7574989886731393 0.0421875 0.04375
0 0.75029296875 0.906640625 0.0296875 0.03958333333333333
0 0.1958059210526316 0.8019188596491228 0.025000000000000022 0.03958333333333333
0 0.4825617661448141 0.04929264514024788 0.025 0.027083333333333334
0 0.5092765748031496 0.02786253280839895 0.0296875 0.03125
0 0.35703125 0.06354166666666666 0.0234375 0.027083333333333334
0 0.78359375 0.259375 0.034375 0.03958333333333333
0 0.9759319196428571 0.031713789682539684 0.02340401785714281 0.03319940476190476
1 0.57109375 0.13333333333333333 0.0890625 0.1125
1 0.3203125 0.21041666666666667 0.103125 0.09583333333333334
