0 0.26484375 0.4354166666666667 0.0265625 0.0375
0 0.23828125 0.5770833333333333 0.0265625 0.0375
0 0.24197771414342628 0.85625 0.0265625 0.0375
0 0.19453125 0.8458333333333333 0.0265625 0.0375
0 0.08359375 0.80625 0.0265625 0.0375
0 0.016102261673151753 0.7619001297016862 0.0265625 0.0375
0 0.13515625 0.18958333333333333 0.0265625 0.0375
0 0.26171875 0.22083333333333333 0.0265625 0.041666666666666664
0 0.249755859375 0.1451171875 0.0265625 0.0375
0 0.28172212230215826 0.2212455035971223 0.0265625 0.0375
0 0.27750560258964146 0.3477008632138114 0.0265625 0.0375
0 0.09609375 0.5697916666666667 0.028125 0.05
0 0.5336944088579795 0.973050878477306 0.0265625 0.0375
0 0.6310977224576271 0.5955861581920904 0.0265625 0.0375
0 0.48828125 0.86875 0.0265625 0.0375
0 0.8438628593969144 0.8535676718092566 0.0265625 0.0375
0 0.8344878593969144 0.9785676718092566 0.0265625 0.0375
0 0.8514518320476858 0.7532725572697523 0.0265625 0.0375
0 0.828125 0.43645833333333334 0.025 0.03958333333333333
0 0.8663432247899159 0.409375 0.025 0.03958333333333333
0 0.6612926136363637 0.18428030303030302 0.0265625 0.03333333333333333
0 0.7686464608433735 0.08614457831325302 0.0265625 0.03333333333333333
0 0.71015625 0.6354166666666666 0.0265625 0.03333333333333333
0 0.5659649332061069 0.5372375954198474 0.028411259541984802 0.033333333333333395
0 0.48170012417218544 0.40680187637969095 0.0265625 0.03333333333333333
0 0.60859375 0.5333333333333333 0.028125 0.0375
0 0.66640625 0.09166666666666666 0.0265625 0.03333333333333333
0 0.9751001602564102 0.861832264957265 0.0234375 0.035416666666666666
0 0.58828125 0.11875 0.0296875 0.05
0 0.6015625 0.20625 0.025 0.04583333333333333
0 0.85625 0.22395833333333334 0.0375 0.04375
0 0.92265625 0.27361111111111114 0.0328125 0.0416666666666667
0 0.4960539290048544 0.7448447613268608 0.0421875 0.04375
0 0.5045833333333334 0.02456018518518518 0.025 0.027083333333333334
0 0.10833333333333332 0.29791666666666666 0.02812499999999999 0.0375
0 0.5139441287878788 0.013320707070707071 0.0296875 0.01875
0 0.36723958333333334 0.024652777777777777 0.0234375 0.027083333333333334
0 0.08046875 0.04375 0.0296875 0.03333333333333333
1 0.57109375 0.13333333333333333 0.0890625 0.1125
1 0.3203125 0.21041666666666667 0.103125 0.09583333333333334
