0 0.26484375 0.4354166666666667 0.0265625 0.0375
0 0.23828125 0.5770833333333333 0.0265625 0.0375
0 0.2408547061752988 0.85625 0.0265625 0.0375
0 0.19453125 0.8458333333333333 0.0265625 0.0375
0 0.08359375 0.80625 0.0265625 0.0375
0 0.00546875 0.8104166666666667 0.0109375 0.03333333333333333
0 0.13515625 0.18958333333333333 0.0265625 0.0375
0 0.3090013586956522 0.2213768115942029 0.0265625 0.041666666666666664
0 0.23570188492063493 0.17457010582010582 0.0265625 0.0375
0 0.2722925204918033 0.24004781420765028 0.0265625 0.0375
0 0.23802083333333335 0.37743055555555555 0.0265625 0.0375
0 0.5378214220351392 0.9785535627135188 0.0265625 0.0375
0 0.6305674953531598 0.6098977695167286 0.0265625 0.0375
0 0.48828125 0.86875 0.0265625 0.0375
0 0.84296875 0.85625 0.0265625 0.0375
0 0.83359375 0.98125 0.0265625 0.0375
0 0.8417595358455883 0.7541666666666667 0.0265625 0.0375
0 0.828125 0.43645833333333334 0.025 0.03958333333333333
0 0.8645667016806723 0.409375 0.025 0.03958333333333333
0 0.6317497834872979 0.23566685912240184 0.0265625 0.03333333333333333
0 0.7561667195431472 0.10740270727580373 0.0265625 0.03333333333333333
0 0.71015625 0.6354166666666666 0.0265625 0.03333333333333333
0 0.5235219594594595 0.5961993243243243 0.0296875 0.03333333333333333
0 0.4633718297101449 0.43987520128824475 0.0265625 0.03333333333333333
0 0.9390625 0.3614583333333333 0.028125 0.0375
0 0.933388458029197 0.9658987226277371 0.0234375 0.035416666666666666
0 0.58828125 0.11875 0.0296875 0.05
0 0.6015625 0.20625 0.025 0.04583333333333333
0 0.85625 0.22395833333333334 0.0375 0.04375
0 0.4900675060679611 0.7528266585760518 0.0421875 0.04375
0 0.89765625 0.6010416666666667 0.0296875 0.03958333333333333
0 0.14182412790697674 0.9455184108527132 0.025 0.03958333333333333
0 0.48498348825831705 0.04606368232224397 0.025 0.027083333333333334
0 0.5076525590551182 0.023531824146981628 0.0296875 0.03125
0 0.35703125 0.06354166666666666 0.0234375 0.027083333333333334
0 0.9891908482142856 0.011416170634920635 0.020457589285714128 0.021413690476190475
1 0.57109375 0.13333333333333333 0.0890625 0.1125
1 0.3203125 0.21041666666666667 0.103125 0.09583333333333334
