0 0.26484375 0.4354166666666667 0.0265625 0.0375
0 0.23828125 0.5770833333333333 0.0265625 0.0375
0 0.24113359063745018 0.85625 0.0265625 0.0375
0 0.19453125 0.8458333333333333 0.0265625 0.0375
0 0.08359375 0.80625 0.0265625 0.0375
0 0.005802556818181819 0.8001799242424243 0.011605113636363637 0.0324431818181818
0 0.13515625 0.18958333333333333 0.0265625 0.0375
0 0.32265625 0.21875 0.0265625 0.041666666666666664
0 0.2400729166666667 0.16926666666666668 0.0265625 0.0375
0 0.27630891393442625 0.2316325136612022 0.0265625 0.0375
0 0.2459760721757322 0.3724198047419805 0.0265625 0.0375
0 0.5367965318448024 0.9771870424597364 0.0265625 0.0375
0 0.6295916589219331 0.6081629491945477 0.0265625 0.0375
0 0.48828125 0.86875 0.0265625 0.0375
0 0.84296875 0.85625 0.0265625 0.0375
0 0.83359375 0.98125 0.0265625 0.0375
0 0.8446547564338236 0.7541666666666667 0.0265625 0.0375
0 0.828125 0.43645833333333334 0.025 0.03958333333333333
0 0.8650078781512605 0.409375 0.025 0.03958333333333333
0 0.6414375 0.23183333333333334 0.0265625 0.03333333333333333
0 0.759720019035533 0.10266497461928935 0.0265625 0.03333333333333333
0 0.71015625 0.6354166666666666 0.0265625 0.03333333333333333
0 0.5327646683673469 0.5875425170068027 0.0296875 0.03333333333333333
0 0.46723845108695655 0.4301403985507246 0.0265625 0.03333333333333333
0 0.825 0.409375 0.028125 0.0375
0 0.944836566091954 0.9427681992337165 0.0234375 0.035416666666666666
0 0.58828125 0.11875 0.0296875 0.05
0 0.6015625 0.20625 0.025 0.04583333333333333
0 0.85625 0.22395833333333334 0.0375 0.04375
0 0.49155415655339807 0.7508444579288026 0.0421875 0.04375
0 0.9578125 0.465625 0.028125 0.04375
0 0.4864959192439863 0.044276202749140896 0.025 0.027083333333333338
0 0.50703125 0.02153799019607843 0.0296875 0.03057598039215686
0 0.3592657930107527 0.05502912186379928 0.0234375 0.027083333333333334
1 0.57109375 0.13333333333333333 0.0890625 0.1125
1 0.3203125 0.21041666666666667 0.103125 0.09583333333333334
