0 0.26484375 0.4354166666666667 0.0265625 0.0375
0 0.23828125 0.5770833333333333 0.0265625 0.0375
0 0.24158179780876493 0.85625 0.0265625 0.0375
0 0.19453125 0.8458333333333333 0.0265625 0.0375
0 0.08359375 0.80625 0.0265625 0.0375
0 0.01016430412371134 0.7777598797250859 0.02032860824742268 0.03472938144329897
0 0.13515625 0.18958333333333333 0.0265625 0.0375
0 0.3014508928571428 0.24583333333333332 0.0265625 0.041666666666666664
0 0.24382291666666664 0.15726666666666667 0.0265625 0.0375
0 0.28082846223021585 0.22243705035971223 0.0265625 0.0375
0 0.2628863324175824 0.36336996336996336 0.0265625 0.0375
0 0.5351493868960469 0.9749908491947291 0.0265625 0.0375
0 0.6280233503717472 0.6053748451053285 0.0265625 0.0375
0 0.48828125 0.86875 0.0265625 0.0375
0 0.84296875 0.85625 0.0265625 0.0375
0 0.83359375 0.98125 0.0265625 0.0375
0 0.8493077895220589 0.7541666666666667 0.0265625 0.0375
0 0.828125 0.43645833333333334 0.025 0.03958333333333333
0 0.8657169117647058 0.409375 0.025 0.03958333333333333
0 0.6572415865384615 0.2080528846153846 0.0265625 0.03333333333333333
0 0.7646554969879518 0.09412650602409638 0.0265625 0.03333333333333333
0 0.71015625 0.6354166666666666 0.0265625 0.03333333333333333
0 0.5530870752427185 0.5615695792880259 0.0296875 0.03333333333333333
0 0.4751189983443709 0.4177704194260486 0.0265625 0.03333333333333333
0 0.684375 0.49916666666666665 0.028125 0.0375
0 0.9613422439759036 0.895996485943775 0.0234375 0.035416666666666666
0 0.58828125 0.11875 0.0296875 0.05
0 0.6015625 0.20625 0.025 0.04583333333333333
0 0.85625 0.22395833333333334 0.0375 0.04375
0 0.81875 0.109375 0.0296875 0.035416666666666666
0 0.49394341626213595 0.7476587783171521 0.0421875 0.04375
0 0.49906035223367695 0.032678264604811 0.025 0.027083333333333334
0 0.50703125 0.016023284313725492 0.0296875 0.01954656862745098
0 0.3634996639784946 0.03890008960573477 0.0234375 0.027083333333333334
1 0.57109375 0.13333333333333333 0.0890625 0.1125
1 0.3203125 0.21041666666666667 0.103125 0.09583333333333334
