0 0.2748824668141593 0.4156956735496558 0.0265625 0.0375
0 0.23828125 0.5814260563380281 0.0265625 0.0375
0 0.2451401115023474 0.8504597026604069 0.0265625 0.0375
0 0.19453125 0.8458333333333333 0.0265625 0.0375
0 0.08359375 0.80625 0.0265625 0.0375
0 0.029038292253521125 0.7283548513302035 0.0265625 0.0375
0 0.13515625 0.18958333333333333 0.0265625 0.0375
0 0.20203125000000002 0.13708333333333333 0.026562500000000024 0.0375
0 0.3071875 0.09874999999999999 0.0265625 0.0375
0 0.28479091726618705 0.21715377697841726 0.0265625 0.0375
0 0.3138901115023474 0.3060739436619718 0.0265625 0.0375
0 0.4044270833333333 0.17430555555555557 0.026562499999999954 0.041666666666666664
0 0.5819505575117371 0.8786384976525822 0.0265625 0.0375
0 0.6458950505780348 0.5644568882466281 0.0265625 0.0375
0 0.48828125 0.86875 0.0265625 0.0375
0 0.55625 0.809375 0.0265625 0.0375
0 0.848648974403927 0.8392093267882188 0.0265625 0.0375
0 0.839273974403927 0.9642093267882188 0.0265625 0.0375
0 0.8550414183029453 0.7484864422627396 0.0265625 0.0375
0 0.89453125 0.7145833333333333 0.0265625 0.0375
0 0.828125 0.43645833333333334 0.025 0.03958333333333333
0 0.8684939600840336 0.409375 0.025 0.03958333333333333
0 0.69609375 0.16354166666666667 0.0234375 0.035416666666666666
0 0.6728146601382489 0.13478302611367127 0.0265625 0.03333333333333332
0 0.7703145083547558 0.06458868894601542 0.0265625 0.03333333333333333
0 0.7123276115023474 0.6383118153364632 0.0265625 0.03333333333333333
0 0.5892348884976526 0.48361697965571204 0.0265625 0.03333333333333333
0 0.4998276115023474 0.3852406103286385 0.0265625 0.03333333333333333
0 0.09328125000000001 0.5108333333333334 0.0296875 0.0375
0 0.017740885416666668 0.2201171875 0.0265625 0.03333333333333333
0 0.0859375 0.2669270833333333 0.028125 0.0375
0 0.7434895833333333 0.7923611111111111 0.0265625 0.03333333333333333
0 0.9887590680803571 0.7714704241071428 0.022481863839285764 0.03393787202380949
0 0.5890625 0.321875 0.025 0.035416666666666666
0 0.58828125 0.11875 0.0296875 0.05
0 0.6015625 0.20625 0.025 0.04583333333333333
0 0.34296875 0.69375 0.0390625 0.041666666666666664
0 0.6546875 0.596875 0.028125 0.035416666666666666
0 0.85625 0.22395833333333334 0.0375 0.04375
0 0.5128392269736842 0.7187431469298246 0.0421875 0.04375
