0 0.2731678650442478 0.42179203539823007 0.0265625 0.0375
0 0.23828125 0.577787558685446 0.0265625 0.0375
0 0.24332086267605635 0.8553110328638497 0.0265625 0.0375
0 0.19453125 0.8458333333333333 0.0265625 0.0375
0 0.08359375 0.80625 0.0265625 0.0375
0 0.026309419014084505 0.7307805164319249 0.0265625 0.0375
0 0.13515625 0.18958333333333333 0.0265625 0.0375
0 0.21796875 0.16657608695652174 0.0265625 0.0375
0 0.29248383620689655 0.10754310344827586 0.0265625 0.0375
0 0.28409397482014387 0.2180830335731415 0.0265625 0.0375
0 0.3120708626760563 0.309712441314554 0.0265625 0.0375
0 0.35130208333333335 0.3472222222222222 0.0265625 0.041666666666666664
0 0.5728543133802817 0.8895539906103287 0.0265625 0.0375
0 0.6425352239884393 0.5681900289017341 0.0265625 0.0375
0 0.48828125 0.86875 0.0265625 0.0375
0 0.78828125 0.8166666666666667 0.0234375 0.0375
0 0.8475620178821879 0.8424701963534361 0.0265625 0.0375
0 0.838187017882188 0.9674701963534361 0.0265625 0.0375
0 0.854226200911641 0.7495733987844787 0.0265625 0.0375
0 0.828125 0.43645833333333334 0.025 0.03958333333333333
0 0.8680055147058823 0.409375 0.025 0.03958333333333333
0 0.60546875 0.0921875 0.0234375 0.035416666666666666
0 0.6701360887096774 0.145497311827957 0.0265625 0.03333333333333335
0 0.7718087242930591 0.068573264781491 0.0265625 0.03333333333333334
0 0.7105083626760563 0.6358861502347417 0.0265625 0.03333333333333333
0 0.5910541373239437 0.4921068075117371 0.0265625 0.03333333333333333
0 0.4980083626760563 0.38887910798122066 0.0265625 0.03333333333333333
0 0.003125 0.6666666666666666 0.00625 0.04583333333333333
0 0.014192708333333331 0.2435763888888889 0.0265625 0.03333333333333333
0 0.21041666666666664 0.3142361111111111 0.028124999999999976 0.0375
0 0.79375 0.6244791666666667 0.0265625 0.03333333333333333
0 0.9926513671875 0.77666015625 0.014697265625 0.03509114583333333
0 0.6640625 0.4979166666666667 0.025 0.041666666666666664
0 0.58828125 0.11875 0.0296875 0.05
0 0.6015625 0.20625 0.025 0.04583333333333333
0 0.253515625 0.5447916666666667 0.0359375 0.04583333333333333
0 0.29296875 0.4708333333333333 0.0328125 0.0375
0 0.85625 0.22395833333333334 0.0375 0.04375
0 0.5090152138157895 0.7246916118421053 0.0421875 0.04375
1 0.57109375 0.13333333333333333 0.0890625 0.1125
1 0.3203125 0.21041666666666667 0.103125 0.09583333333333334
