0 0.26484375 0.4354166666666667 0.0265625 0.0375
0 0.23828125 0.5770833333333333 0.0265625 0.0375
0 0.24099912848605576 0.85625 0.0265625 0.0375
0 0.19453125 0.8458333333333333 0.0265625 0.0375
0 0.08359375 0.80625 0.0265625 0.0375
0 0.005610795454545454 0.806060606060606 0.011221590909090908 0.032954545454545445
0 0.13515625 0.18958333333333333 0.0265625 0.0375
0 0.3112801535087719 0.22141812865497074 0.0265625 0.041666666666666664
0 0.23894791666666668 0.17286666666666667 0.0265625 0.0375
0 0.27437243852459015 0.23568989071038252 0.0265625 0.0375
0 0.2420927039748954 0.3747733612273361 0.0265625 0.0375
0 0.537290675329429 0.9778459004392386 0.0265625 0.0375
0 0.6300621514869889 0.6089993804213135 0.0265625 0.0375
0 0.48828125 0.86875 0.0265625 0.0375
0 0.84296875 0.85625 0.0265625 0.0375
0 0.83359375 0.98125 0.0265625 0.0375
0 0.8432588465073529 0.7541666666666667 0.0265625 0.0375
0 0.828125 0.43645833333333334 0.025 0.03958333333333333
0 0.864795168067227 0.409375 0.025 0.03958333333333333
0 0.63553125 0.23408333333333334 0.0265625 0.03333333333333333
0 0.7580068210659898 0.1049492385786802 0.0265625 0.03333333333333333
0 0.71015625 0.6354166666666666 0.0265625 0.03333333333333333
0 0.527808277027027 0.5921171171171171 0.0296875 0.03333333333333333
0 0.4646852355072464 0.4340378421900161 0.0265625 0.03333333333333333
0 0.8822916666666666 0.3555555555555555 0.028125 0.0375
0 0.9399874281609195 0.9550526819923372 0.0234375 0.035416666666666666
0 0.58828125 0.11875 0.0296875 0.05
0 0.6015625 0.20625 0.025 0.04583333333333333
0 0.85625 0.22395833333333334 0.0375 0.04375
0 0.49083737864077664 0.7518001618122978 0.0421875 0.04375
0 0.9184895833333334 0.523263888888889 0.0296875 0.039583333333333394
0 0.14743303571428573 0.959375 0.0203125 0.03125
0 0.48551553326810176 0.04535428897586432 0.025 0.027083333333333334
0 0.5072957677165355 0.022580380577427825 0.0296875 0.03125000000000001
0 0.35799563172043014 0.059867831541218636 0.0234375 0.027083333333333327
1 0.57109375 0.13333333333333333 0.0890625 0.1125
1 0.3203125 0.21041666666666667 0.103125 0.09583333333333334
