0 0.2746612278761062 0.41648230088495575 0.0265625 0.0375
0 0.23828125 0.580956572769953 0.0265625 0.0375
0 0.24490536971830984 0.8510856807511737 0.0265625 0.0375
0 0.19453125 0.8458333333333333 0.0265625 0.0375
0 0.08359375 0.80625 0.0265625 0.0375
0 0.028686179577464787 0.7286678403755869 0.0265625 0.0375
0 0.13515625 0.18958333333333333 0.0265625 0.0375
0 0.20546875 0.13125 0.0265625 0.0375
0 0.3053125 0.09986111111111111 0.0265625 0.0375
0 0.28470098920863307 0.21727368105515588 0.0265625 0.0375
0 0.3136553697183099 0.30654342723004696 0.0265625 0.0375
0 0.37734375 0.16458333333333333 0.0265625 0.041666666666666664
0 0.5807768485915493 0.8800469483568075 0.0265625 0.0375
0 0.645461524566474 0.5649385838150288 0.0265625 0.0375
0 0.48828125 0.86875 0.0265625 0.0375
0 0.57578125 0.8109375 0.0265625 0.0375
0 0.8485087219495091 0.8396300841514727 0.0265625 0.0375
0 0.8391337219495091 0.9646300841514727 0.0265625 0.0375
0 0.8549362289621317 0.7486266947171576 0.0265625 0.0375
0 0.93828125 0.7244791666666667 0.0265625 0.040625
0 0.828125 0.43645833333333334 0.025 0.03958333333333333
0 0.8684309348739496 0.409375 0.025 0.03958333333333333
0 0.68828125 0.134375 0.0234375 0.035416666666666666
0 0.6724690380184332 0.13616551459293397 0.0265625 0.03333333333333335
0 0.770507310411311 0.06510282776349614 0.0265625 0.03333333333333333
0 0.7120928697183099 0.6379988262910798 0.0265625 0.03333333333333333
0 0.5894696302816901 0.484712441314554 0.0265625 0.03333333333333333
0 0.4995928697183099 0.3857100938967136 0.0265625 0.03333333333333333
0 0.07890625 0.5177083333333333 0.0296875 0.0375
0 0.017220052083333333 0.2232421875 0.0265625 0.03333333333333333
0 0.11484375 0.26145833333333335 0.028125 0.0375
0 0.76484375 0.7875 0.0265625 0.03333333333333333
0 0.9892613002232142 0.7721400669642856 0.021477399553571353 0.034086681547619097
0 0.6203125 0.328125 0.025 0.035416666666666666
0 0.58828125 0.11875 0.0296875 0.05
0 0.6015625 0.20625 0.025 0.04583333333333333
0 0.32421875 0.6786458333333333 0.0390625 0.041666666666666664
0 0.623828125 0.6036458333333333 0.028125 0.035416666666666666
0 0.85625 0.22395833333333334 0.0375 0.04375
0 0.5123458059210526 0.7195106907894736 0.0421875 0.04375
