0 0.2692765693832599 0.4309838472834067 0.0265625 0.0375
0 0.23828125 0.5770833333333333 0.0265625 0.0375
0 0.24249066235059763 0.85625 0.0265625 0.0375
0 0.19453125 0.8458333333333333 0.0265625 0.0375
0 0.08359375 0.80625 0.0265625 0.0375
0 0.021111989299610896 0.7460359922178987 0.0265625 0.0375
0 0.13515625 0.18958333333333333 0.0265625 0.0375
0 0.22109375 0.1845238095238095 0.0265625 0.041666666666666664
0 0.26484375 0.125 0.0265625 0.0375
0 0.28287994604316546 0.2197017386091127 0.0265625 0.0375
0 0.29417641932270916 0.3254731075697211 0.0265625 0.0375
0 0.19791666666666666 0.513888888888889 0.028124999999999976 0.04583333333333339
0 0.5524058360927152 0.935278697571744 0.0265625 0.0375
0 0.63828125 0.5762689393939394 0.0265625 0.0375
0 0.48828125 0.86875 0.0265625 0.0375
0 0.8456686097475457 0.8481504207573632 0.0265625 0.0375
0 0.8362936097475456 0.9731504207573632 0.0265625 0.0375
0 0.8528061448106591 0.751466806919121 0.0265625 0.0375
0 0.828125 0.43645833333333334 0.025 0.03958333333333333
0 0.867154674369748 0.409375 0.025 0.03958333333333333
0 0.6647741649797572 0.16853070175438595 0.0265625 0.03333333333333333
0 0.7738171435742972 0.07580321285140562 0.0265625 0.033333333333333326
0 0.71015625 0.6354166666666666 0.0265625 0.03333333333333333
0 0.5818039772727273 0.5119886363636363 0.0265625 0.03333333333333333
0 0.4940691877431907 0.40464494163424125 0.0265625 0.03333333333333333
0 0.00890625 0.28375 0.0178125 0.03333333333333333
0 0.390625 0.465625 0.028125 0.0375
0 0.77265625 0.31666666666666665 0.0265625 0.03333333333333333
0 0.9840159406565657 0.8239793771043772 0.01852114898989914 0.035416666666666666
0 0.79921875 0.9125 0.0390625 0.041666666666666664
0 0.58828125 0.11875 0.0296875 0.05
0 0.6015625 0.20625 0.025 0.04583333333333333
0 0.13984375 0.24479166666666666 0.0359375 0.04583333333333333
0 0.85625 0.22395833333333334 0.0375 0.04375
0 0.5023540296052632 0.7350534539473684 0.0421875 0.04375
0 0.4015625 0.10625 0.0234375 0.029166666666666667
0 0.4984523809523809 0.019110449735449737 0.025 0.027083333333333334
0 0.3765625 0.06041666666666667 0.028125 0.0375
0 0.5236979166666667 0.010069444444444445 0.0296875 0.01875
1 0.57109375 0.13333333333333333 0.0890625 0.1125
1 0.3203125 0.21041666666666667 0.103125 0.09583333333333334
