0 0.26484375 0.4354166666666667 0.0265625 0.0375
0 0.23828125 0.5770833333333333 0.0265625 0.0375
0 0.24199514442231074 0.85625 0.0265625 0.0375
0 0.19453125 0.8458333333333333 0.0265625 0.0375
0 0.08359375 0.80625 0.0265625 0.0375
0 0.01627249513618677 0.7613610570687419 0.0265625 0.0375
0 0.13515625 0.18958333333333333 0.0265625 0.0375
0 0.263671875 0.22916666666666666 0.0265625 0.041666666666666664
0 0.2502685546875 0.14443359375 0.0265625 0.0375
0 0.28176146582733813 0.22119304556354918 0.0265625 0.0375
0 0.27807208665338645 0.34694555112881803 0.0265625 0.0375
0 0.1140625 0.575 0.028125 0.05
0 0.5336303532210834 0.9729654709614446 0.0265625 0.0375
0 0.6314221398305084 0.5948446327683616 0.0265625 0.0375
0 0.48828125 0.86875 0.0265625 0.0375
0 0.8439242198457222 0.8533835904628331 0.0265625 0.0375
0 0.8345492198457223 0.9783835904628331 0.0265625 0.0375
0 0.8514978523842917 0.7532111968209443 0.0265625 0.0375
0 0.828125 0.43645833333333334 0.025 0.03958333333333333
0 0.8663707983193276 0.409375 0.025 0.03958333333333333
0 0.6613873106060606 0.18383838383838386 0.0265625 0.03333333333333333
0 0.7688221636546185 0.08579317269076304 0.0265625 0.03333333333333333
0 0.71015625 0.6354166666666666 0.0265625 0.03333333333333333
0 0.5665493797709924 0.5364026717557252 0.028327767175572484 0.03333333333333333
0 0.48198985927152316 0.40631898454746135 0.0265625 0.03333333333333333
0 0.5901041666666667 0.5305555555555556 0.028125 0.03750000000000006
0 0.69375 0.07447916666666667 0.0265625 0.03333333333333333
0 0.9752403846153846 0.8608974358974358 0.0234375 0.035416666666666666
0 0.58828125 0.11875 0.0296875 0.05
0 0.6015625 0.20625 0.025 0.04583333333333333
0 0.85625 0.22395833333333334 0.0375 0.04375
0 0.9370312500000001 0.2575 0.0328125 0.041666666666666664
0 0.4962171052631579 0.7445997807017544 0.0421875 0.04375
0 0.504375 0.024374999999999997 0.025 0.027083333333333334
0 0.12578125 0.31666666666666665 0.028125 0.0375
0 0.5142755681818182 0.013210227272727271 0.0296875 0.01875
0 0.3674042338709677 0.0240255376344086 0.0234375 0.027083333333333334
0 0.08567708333333333 0.013541666666666667 0.0265625 0.027083333333333334
1 0.57109375 0.13333333333333333 0.0890625 0.1125
1 0.3203125 0.21041666666666667 0.103125 0.09583333333333334
