0 0.26484375 0.4354166666666667 0.0265625 0.0375
0 0.23828125 0.5770833333333333 0.0265625 0.0375
0 0.24089454681274902 0.85625 0.0265625 0.0375
0 0.19453125 0.8458333333333333 0.0265625 0.0375
0 0.08359375 0.80625 0.0265625 0.0375
0 0.00546875 0.8104166666666667 0.0109375 0.03333333333333333
0 0.13515625 0.18958333333333333 0.0265625 0.0375
0 0.31008831521739133 0.22282608695652176 0.0265625 0.041666666666666664
0 0.2372891865079365 0.1748346560846561 0.0265625 0.0375
0 0.27286629098360654 0.23884562841530055 0.0265625 0.0375
0 0.23907230648535566 0.3766039051603905 0.0265625 0.0375
0 0.5376750091508053 0.978358345534407 0.0265625 0.0375
0 0.6304280901486988 0.6096499380421314 0.0265625 0.0375
0 0.48828125 0.86875 0.0265625 0.0375
0 0.84296875 0.85625 0.0265625 0.0375
0 0.83359375 0.98125 0.0265625 0.0375
0 0.8421731387867647 0.7541666666666667 0.0265625 0.0375
0 0.828125 0.43645833333333334 0.025 0.03958333333333333
0 0.8646297268907563 0.409375 0.025 0.03958333333333333
0 0.6319229936489608 0.23551289453425714 0.0265625 0.03333333333333333
0 0.7566743337563452 0.1067258883248731 0.0265625 0.03333333333333333
0 0.71015625 0.6354166666666666 0.0265625 0.03333333333333333
0 0.5247043918918919 0.5950731981981983 0.0296875 0.03333333333333333
0 0.4637341485507246 0.4382648953301127 0.0265625 0.03333333333333333
0 0.9354166666666666 0.37083333333333335 0.028125 0.0375
0 0.9353957572992702 0.9632223236009733 0.0234375 0.035416666666666666
0 0.58828125 0.11875 0.0296875 0.05
0 0.6015625 0.20625 0.025 0.04583333333333333
0 0.85625 0.22395833333333334 0.0375 0.04375
0 0.49027988470873785 0.7525434870550162 0.0421875 0.04375
0 0.91765625 0.5935416666666666 0.0296875 0.03958333333333333
0 0.14066133720930232 0.947843992248062 0.025 0.03958333333333333
0 0.485130259295499 0.045867987606001304 0.025 0.027083333333333334
0 0.5075541338582676 0.023269356955380578 0.0296875 0.03125
0 0.35703125 0.06354166666666666 0.0234375 0.027083333333333334
1 0.57109375 0.13333333333333333 0.0890625 0.1125
1 0.3203125 0.21041666666666667 0.103125 0.09583333333333334
