0 0.26484375 0.4354166666666667 0.0265625 0.0375
0 0.23828125 0.5770833333333333 0.0265625 0.0375
0 0.24122323207171315 0.85625 0.0265625 0.0375
0 0.19453125 0.8458333333333333 0.0265625 0.0375
0 0.08359375 0.80625 0.0265625 0.0375
0 0.005930397727272727 0.7962594696969698 0.011860795454545454 0.03210227272727278
0 0.13515625 0.18958333333333333 0.0265625 0.0375
0 0.315625 0.22864583333333333 0.0265625 0.041666666666666664
0 0.24082291666666666 0.16686666666666666 0.0265625 0.0375
0 0.2775998975409836 0.2289275956284153 0.0265625 0.0375
0 0.24856498430962343 0.37085076708507675 0.0265625 0.0375
0 0.5364671028550513 0.976747803806735 0.0265625 0.0375
0 0.6292779972118959 0.6076053283767038 0.0265625 0.0375
0 0.48828125 0.86875 0.0265625 0.0375
0 0.84296875 0.85625 0.0265625 0.0375
0 0.83359375 0.98125 0.0265625 0.0375
0 0.8455853630514707 0.7541666666666667 0.0265625 0.0375
0 0.828125 0.43645833333333334 0.025 0.03958333333333333
0 0.8651496848739496 0.409375 0.025 0.03958333333333333
0 0.6443661077235772 0.22864159891598917 0.0265625 0.03333333333333333
0 0.7608621510152285 0.10114213197969543 0.0265625 0.03333333333333333
0 0.71015625 0.6354166666666666 0.0265625 0.03333333333333333
0 0.5373565051020408 0.5834608843537414 0.0296875 0.03333333333333333
0 0.4690726902173913 0.4276947463768116 0.0265625 0.03333333333333333
0 0.8067708333333334 0.40069444444444446 0.028125000000000087 0.0375
0 0.9480693247126437 0.9345785440613027 0.0234375 0.035416666666666666
0 0.58828125 0.11875 0.0296875 0.05
0 0.6015625 0.20625 0.025 0.04583333333333333
0 0.85625 0.22395833333333334 0.0375 0.04375
0 0.4920320084951456 0.7502073220064726 0.0421875 0.04375
0 0.9651041666666667 0.4253472222222222 0.028125 0.04375
0 0.4890088058419244 0.04195661512027491 0.025 0.02708333333333333
0 0.50703125 0.020435049019607843 0.0296875 0.028370098039215686
0 0.36011256720430107 0.051803315412186385 0.0234375 0.027083333333333334
1 0.57109375 0.13333333333333333 0.0890625 0.1125
1 0.3203125 0.21041666666666667 0.103125 0.09583333333333334
