0 0.26484375 0.4354166666666667 0.0265625 0.0375
0 0.23828125 0.5770833333333333 0.0265625 0.0375
0 0.24181337151394425 0.85625 0.0265625 0.0375
0 0.19453125 0.8458333333333333 0.0265625 0.0375
0 0.08359375 0.80625 0.0265625 0.0375
0 0.014497203307392997 0.7669828145265889 0.0265625 0.0375
0 0.13515625 0.18958333333333333 0.0265625 0.0375
0 0.2875 0.24166666666666667 0.0265625 0.041666666666666664
0 0.24576041666666665 0.15106666666666665 0.0265625 0.0375
0 0.2813511690647482 0.22174010791366908 0.0265625 0.0375
0 0.2729577850877193 0.3549342105263158 0.0265625 0.0375
0 0.03359375 0.5802083333333333 0.028125 0.05
0 0.5342983620058565 0.973856149341142 0.0265625 0.0375
0 0.6280389300847458 0.6025776836158193 0.0265625 0.0375
0 0.48828125 0.86875 0.0265625 0.0375
0 0.8432843180224404 0.8553032959326788 0.0265625 0.0375
0 0.8339093180224404 0.9803032959326788 0.0265625 0.0375
0 0.8510179260168304 0.7538510986442263 0.0265625 0.0375
0 0.828125 0.43645833333333334 0.025 0.03958333333333333
0 0.8660832457983194 0.409375 0.025 0.03958333333333333
0 0.6603997564935065 0.1884469696969697 0.0265625 0.03333333333333333
0 0.7669898343373494 0.0894578313253012 0.0265625 0.03333333333333333
0 0.71015625 0.6354166666666666 0.0265625 0.03333333333333333
0 0.5604544370229008 0.5451097328244274 0.029198473282442718 0.03333333333333333
0 0.4789683360927152 0.41135485651214126 0.0265625 0.03333333333333333
0 0.6546875 0.5527777777777777 0.028125 0.0375
0 0.60703125 0.05999999999999999 0.0265625 0.033333333333333326
0 0.9708650914634147 0.8732977642276423 0.0234375 0.035416666666666666
0 0.58828125 0.11875 0.0296875 0.05
0 0.6015625 0.20625 0.025 0.04583333333333333
0 0.85625 0.22395833333333334 0.0375 0.04375
0 0.88671875 0.21770833333333334 0.0328125 0.04375
0 0.49517786711165046 0.7460128438511328 0.0421875 0.04375
0 0.5055519759450171 0.026685996563573882 0.025 0.027083333333333334
0 0.01484375 0.271875 0.0296875 0.03958333333333333
0 0.5108191287878788 0.014362373737373738 0.0296875 0.01875
0 0.3656871639784946 0.030566756272401432 0.0234375 0.027083333333333334
1 0.57109375 0.13333333333333333 0.0890625 0.1125
1 0.3203125 0.21041666666666667 0.103125 0.09583333333333334
