0 0.26484375 0.4354166666666667 0.0265625 0.0375
0 0.23828125 0.5770833333333333 0.0265625 0.0375
0 0.2402172559760956 0.85625 0.0265625 0.0375
0 0.19453125 0.8458333333333333 0.0265625 0.0375
0 0.08359375 0.80625 0.0265625 0.0375
0 0.13515625 0.18958333333333333 0.0265625 0.0375
0 0.25680803571428573 0.19464285714285715 0.0265625 0.041666666666666664
0 0.21288039921465968 0.18352966841186735 0.0265625 0.0375
0 0.2670608108108108 0.25571509009009014 0.0265625 0.037500000000000026
0 0.224462890625 0.3952907986111111 0.0265625 0.0375
0 0.53984375 0.98125 0.0265625 0.0375
0 0.6303053085774059 0.609431659693166 0.0265625 0.0375
0 0.48828125 0.86875 0.0265625 0.0375
0 0.84296875 0.85625 0.0265625 0.0375
0 0.83359375 0.98125 0.0265625 0.0375
0 0.84140625 0.7674019607843138 0.0265625 0.0375
0 0.828125 0.43645833333333334 0.025 0.03958333333333333
0 0.8640625 0.409375 0.025 0.03958333333333333
0 0.6289784209006928 0.23813029253271747 0.0265625 0.03333333333333333
0 0.7422341417910447 0.13781094527363183 0.0265625 0.03333333333333333
0 0.71015625 0.6354166666666666 0.0265625 0.03333333333333333
0 0.5030527836134453 0.6067051820728292 0.0296875 0.03333333333333333
0 0.45941095711297075 0.4631101813110181 0.0265625 0.03333333333333333
0 0.58828125 0.11875 0.0296875 0.05
0 0.6015625 0.20625 0.025 0.04583333333333333
0 0.85625 0.22395833333333334 0.0375 0.04375
0 0.486669447815534 0.7573574029126213 0.0421875 0.04375
0 0.75888671875 0.9014322916666667 0.0296875 0.03958333333333333
0 0.18971354166666665 0.8147569444444444 0.024999999999999977 0.03958333333333333
0 0.4826351516634051 0.04919479778212655 0.025 0.027083333333333334
0 0.5092273622047244 0.027731299212598426 0.0296875 0.03125
0 0.35703125 0.06354166666666666 0.0234375 0.027083333333333334
0 0.7765625 0.25243055555555555 0.034375 0.039583333333333304
0 0.9763337053571428 0.031098710317460317 0.023314732142857154 0.03284226190476191
1 0.57109375 0.13333333333333333 0.0890625 0.1125
1 0.3203125 0.21041666666666667 0.103125 0.09583333333333334
