0 0.26484375 0.4354166666666667 0.0265625 0.0375
0 0.23828125 0.5770833333333333 0.0265625 0.0375
0 0.24132532370517928 0.85625 0.0265625 0.0375
0 0.19453125 0.8458333333333333 0.0265625 0.0375
0 0.08359375 0.80625 0.0265625 0.0375
0 0.006075994318181818 0.7917945075757575 0.012151988636363636 0.0317140151515152
0 0.13515625 0.18958333333333333 0.0265625 0.0375
0 0.31380208333333337 0.23472222222222222 0.0265625 0.041666666666666664
0 0.24167708333333335 0.16413333333333335 0.0265625 0.0375
0 0.2790701844262295 0.22584699453551912 0.0265625 0.0375
0 0.25151346757322174 0.3690638075313808 0.0265625 0.0375
0 0.5360919198389459 0.9762475597852611 0.0265625 0.0375
0 0.6289207713754646 0.6069702602230483 0.0265625 0.0375
0 0.48828125 0.86875 0.0265625 0.0375
0 0.84296875 0.85625 0.0265625 0.0375
0 0.83359375 0.98125 0.0265625 0.0375
0 0.8466452205882353 0.7541666666666667 0.0265625 0.0375
0 0.828125 0.43645833333333334 0.025 0.03958333333333333
0 0.8653111869747899 0.409375 0.025 0.03958333333333333
0 0.6469702743902439 0.22378048780487805 0.0265625 0.03333333333333333
0 0.7620701556224899 0.09929718875502008 0.0265625 0.03333333333333333
0 0.71015625 0.6354166666666666 0.0265625 0.03333333333333333
0 0.5425860969387755 0.5788123582766439 0.0296875 0.03333333333333333
0 0.47085575331125823 0.42487582781456956 0.0265625 0.03333333333333333
0 0.77890625 0.43645833333333334 0.028125 0.0375
0 0.9517510775862069 0.9252514367816093 0.0234375 0.035416666666666666
0 0.58828125 0.11875 0.0296875 0.05
0 0.6015625 0.20625 0.025 0.04583333333333333
0 0.85625 0.22395833333333334 0.0375 0.04375
0 0.75859375 0.017708333333333333 0.0296875 0.03333333333333333
0 0.4925762287621359 0.7494816949838188 0.0421875 0.04375
0 0.9621875 0.356875 0.028125 0.04375
0 0.491870704467354 0.039314862542955326 0.025 0.02708333333333333
0 0.50703125 0.019178921568627452 0.0296875 0.025857843137254904
0 0.3610769489247312 0.04812948028673835 0.0234375 0.027083333333333334
1 0.57109375 0.13333333333333333 0.0890625 0.1125
1 0.3203125 0.21041666666666667 0.103125 0.09583333333333334
