0 0.27479950221238936 0.4159906588003933 0.0265625 0.0375
0 0.23828125 0.58125 0.0265625 0.0375
0 0.24505208333333334 0.8506944444444444 0.0265625 0.0375
0 0.19453125 0.8458333333333333 0.0265625 0.0375
0 0.08359375 0.80625 0.0265625 0.0375
0 0.02890625 0.7284722222222223 0.0265625 0.0375
0 0.13515625 0.18958333333333333 0.0265625 0.0375
0 0.19921875 0.13958333333333334 0.0265625 0.0375
0 0.30648437500000003 0.09916666666666667 0.0265625 0.0375
0 0.28475719424460433 0.21719874100719425 0.0265625 0.0375
0 0.31380208333333337 0.30625 0.0265625 0.0375
0 0.39609375 0.16458333333333333 0.0265625 0.041666666666666664
0 0.5815104166666667 0.8791666666666667 0.0265625 0.0375
0 0.6457324783236994 0.5646375240847784 0.0265625 0.0375
0 0.48828125 0.86875 0.0265625 0.0375
0 0.55546875 0.7770833333333333 0.0265625 0.0375
0 0.8485963797335204 0.8393671107994389 0.0265625 0.0375
0 0.8392213797335204 0.9643671107994389 0.0265625 0.0375
0 0.8550019723001402 0.7485390369331463 0.0265625 0.0375
0 0.9122395833333334 0.736111111111111 0.0265625 0.0375
0 0.828125 0.43645833333333334 0.025 0.03958333333333333
0 0.8684703256302522 0.409375 0.025 0.03958333333333333
0 0.6875 0.14895833333333333 0.0234375 0.035416666666666666
0 0.672685051843318 0.1353014592933948 0.0265625 0.03333333333333333
0 0.770386809125964 0.0647814910025707 0.0265625 0.03333333333333333
0 0.7122395833333333 0.6381944444444444 0.0265625 0.03333333333333333
0 0.5893229166666667 0.4840277777777778 0.0265625 0.03333333333333333
0 0.4997395833333333 0.3854166666666667 0.0265625 0.03333333333333333
0 0.09095982142857142 0.5208333333333334 0.029687499999999988 0.0375
0 0.01754557291666667 0.2212890625 0.0265625 0.03333333333333333
0 0.103125 0.2625 0.028125 0.0375
0 0.73203125 0.7941666666666667 0.0265625 0.03333333333333333
0 0.9889474051339284 0.7717215401785715 0.022105189732142882 0.033993675595238075
0 0.58125 0.3302083333333333 0.025 0.035416666666666666
0 0.58828125 0.11875 0.0296875 0.05
0 0.6015625 0.20625 0.025 0.04583333333333333
0 0.32578125 0.71875 0.0390625 0.041666666666666664
0 0.640625 0.595486111111111 0.028125 0.035416666666666666
0 0.85625 0.22395833333333334 0.0375 0.04375
0 0.5126541940789473 0.719030975877193 0.0421875 0.04375
