0 0.26484375 0.4354166666666667 0.0265625 0.0375
0 0.23828125 0.5770833333333333 0.0265625 0.0375
0 0.2417511205179283 0.85625 0.0265625 0.0375
0 0.19453125 0.8458333333333333 0.0265625 0.0375
0 0.08359375 0.80625 0.0265625 0.0375
0 0.013889226653696496 0.7689080739299611 0.0265625 0.0375
0 0.13515625 0.18958333333333333 0.0265625 0.0375
0 0.2953125 0.24583333333333332 0.0265625 0.041666666666666664
0 0.24523958333333334 0.15273333333333333 0.0265625 0.0375
0 0.28121065647482013 0.22192745803357314 0.0265625 0.0375
0 0.27124451754385964 0.3576754385964912 0.0265625 0.0375
0 0.01533203125 0.5459635416666667 0.0275390625 0.05026041666666667
0 0.5345271321376281 0.9741611761835042 0.0265625 0.0375
0 0.6274308782527881 0.60432156133829 0.0265625 0.0375
0 0.48828125 0.86875 0.0265625 0.0375
0 0.8430651735624123 0.8559607293127629 0.0265625 0.0375
0 0.8336901735624123 0.9809607293127629 0.0265625 0.0375
0 0.8508535676718093 0.7540702431042543 0.0265625 0.0375
0 0.828125 0.43645833333333334 0.025 0.03958333333333333
0 0.8659847689075629 0.409375 0.025 0.03958333333333333
0 0.6599905303030302 0.1913510101010101 0.0265625 0.03333333333333333
0 0.7663623242971888 0.09071285140562249 0.0265625 0.03333333333333333
0 0.71015625 0.6354166666666666 0.0265625 0.03333333333333333
0 0.5583671278625955 0.5480916030534352 0.029496660305343526 0.03333333333333333
0 0.4779335678807947 0.41307947019867547 0.0265625 0.03333333333333333
0 0.6625 0.5395833333333333 0.028125 0.0375
0 0.58359375 0.024479166666666666 0.0265625 0.03333333333333333
0 0.9672656249999999 0.879375 0.0234375 0.035416666666666666
0 0.58828125 0.11875 0.0296875 0.05
0 0.6015625 0.20625 0.025 0.04583333333333333
0 0.85625 0.22395833333333334 0.0375 0.04375
0 0.89140625 0.159375 0.0328125 0.04375
0 0.4948460254854369 0.7464552993527509 0.0421875 0.04375
0 0.5038069158075602 0.028296821305841924 0.025 0.027083333333333334
0 0.5096354166666667 0.014756944444444446 0.0296875 0.01875
0 0.36509912634408603 0.03280689964157706 0.0234375 0.027083333333333338
1 0.57109375 0.13333333333333333 0.0890625 0.1125
1 0.3203125 0.21041666666666667 0.103125 0.09583333333333334
