0 0.26484375 0.4354166666666667 0.0265625 0.0375
0 0.23828125 0.5770833333333333 0.0265625 0.0375
0 0.24166894920318724 0.85625 0.0265625 0.0375
0 0.19453125 0.8458333333333333 0.0265625 0.0375
0 0.08359375 0.80625 0.0265625 0.0375
0 0.012701353092783505 0.7721219931271477 0.02540270618556701 0.03698453608247417
0 0.13515625 0.18958333333333333 0.0265625 0.0375
0 0.30703125 0.25625 0.0265625 0.041666666666666664
0 0.2445520833333333 0.1549333333333333 0.0265625 0.0375
0 0.2810251798561151 0.22217476019184654 0.0265625 0.0375
0 0.26829498626373627 0.3609661172161172 0.0265625 0.0375
0 0.5348291087115666 0.9745638116154222 0.0265625 0.0375
0 0.6277184014869889 0.6048327137546469 0.0265625 0.0375
0 0.48828125 0.86875 0.0265625 0.0375
0 0.84296875 0.85625 0.0265625 0.0375
0 0.83359375 0.98125 0.0265625 0.0375
0 0.8502125459558825 0.7541666666666667 0.0265625 0.0375
0 0.828125 0.43645833333333334 0.025 0.03958333333333333
0 0.8658547794117647 0.409375 0.025 0.03958333333333333
0 0.6592092803030303 0.19968434343434344 0.0265625 0.03333333333333333
0 0.7655340110441766 0.09236947791164658 0.0265625 0.03333333333333333
0 0.71015625 0.6354166666666666 0.0265625 0.03333333333333333
0 0.5557418082524272 0.5537823624595469 0.0296875 0.03333333333333333
0 0.4765676738410596 0.4153559602649006 0.0265625 0.03333333333333333
0 0.6609375 0.5055555555555555 0.028125 0.0375
0 0.53359375 0.014930555555555555 0.0203125 0.027083333333333334
0 0.9633984375000001 0.88625 0.0234375 0.035416666666666666
0 0.58828125 0.11875 0.0296875 0.05
0 0.6015625 0.20625 0.025 0.04583333333333333
0 0.85625 0.22395833333333334 0.0375 0.04375
0 0.854296875 0.14947916666666666 0.0328125 0.0375
0 0.49440799453883494 0.7470393406148867 0.0421875 0.04375
0 0.5015034364261168 0.03042310996563574 0.025 0.027083333333333334
0 0.5080729166666667 0.015277777777777776 0.0296875 0.01875
0 0.36432291666666666 0.03576388888888889 0.0234375 0.02708333333333333
1 0.57109375 0.13333333333333333 0.0890625 0.1125
1 0.3203125 0.21041666666666667 0.103125 0.09583333333333334
