0 0.26484375 0.4354166666666667 0.0265625 0.0375
0 0.23828125 0.5770833333333333 0.0265625 0.0375
0 0.24029693725099605 0.85625 0.0265625 0.0375
0 0.19453125 0.8458333333333333 0.0265625 0.0375
0 0.08359375 0.80625 0.0265625 0.0375
0 0.13515625 0.18958333333333333 0.0265625 0.0375
0 0.2734375 0.20590277777777777 0.0265625 0.041666666666666664
0 0.21445107984293194 0.1800392670157068 0.0265625 0.0375
0 0.2677364864864865 0.25301238738738735 0.0265625 0.03749999999999997
0 0.226025390625 0.3918185763888889 0.0265625 0.0375
0 0.53984375 0.98125 0.0265625 0.0375
0 0.6309329236401673 0.610547419804742 0.0265625 0.0375
0 0.48828125 0.86875 0.0265625 0.0375
0 0.84296875 0.85625 0.0265625 0.0375
0 0.83359375 0.98125 0.0265625 0.0375
0 0.839190340909091 0.7607575757575759 0.0265625 0.0375
0 0.828125 0.43645833333333334 0.025 0.03958333333333333
0 0.8640625 0.409375 0.025 0.03958333333333333
0 0.6293248412240184 0.23782236335642803 0.0265625 0.03333333333333333
0 0.7463386194029851 0.1318407960199005 0.0265625 0.03333333333333333
0 0.71015625 0.6354166666666666 0.0265625 0.03333333333333333
0 0.5062040441176471 0.6050245098039216 0.0296875 0.03333333333333333
0 0.45962016213389123 0.4605997210599721 0.0265625 0.03333333333333333
0 0.58828125 0.11875 0.0296875 0.05
0 0.6015625 0.20625 0.025 0.04583333333333333
0 0.85625 0.22395833333333334 0.0375 0.04375
0 0.4870942050970874 0.7567910598705502 0.0421875 0.04375
0 0.776171875 0.898735119047619 0.0296875 0.03958333333333333
0 0.203125 0.859375 0.025 0.03958333333333333
0 0.4829286937377691 0.048803408349641225 0.025 0.027083333333333334
0 0.5090305118110237 0.027206364829396326 0.0296875 0.03125
0 0.35703125 0.06354166666666666 0.0234375 0.027083333333333334
0 0.7709821428571428 0.22336309523809522 0.034375 0.03958333333333333
0 0.9779408482142857 0.028638392857142855 0.022957589285714165 0.03141369047619048
1 0.57109375 0.13333333333333333 0.0890625 0.1125
1 0.3203125 0.21041666666666667 0.103125 0.09583333333333334
