0 0.26484375 0.4354166666666667 0.0265625 0.0375
0 0.23828125 0.5770833333333333 0.0265625 0.0375
0 0.24036665836653387 0.85625 0.0265625 0.0375
0 0.19453125 0.8458333333333333 0.0265625 0.0375
0 0.08359375 0.80625 0.0265625 0.0375
0 0.13515625 0.18958333333333333 0.0265625 0.0375
0 0.28046875 0.19375 0.0265625 0.041666666666666664
0 0.21672952586206895 0.1780890804597701 0.0265625 0.0375
0 0.2681640625 0.2513020833333333 0.0265625 0.0375
0 0.227392578125 0.3887803819444445 0.0265625 0.0375
0 0.5396149798682284 0.9809449731576378 0.0265625 0.0375
0 0.6314820868200837 0.611523709902371 0.0265625 0.0375
0 0.48828125 0.86875 0.0265625 0.0375
0 0.84296875 0.85625 0.0265625 0.0375
0 0.83359375 0.98125 0.0265625 0.0375
0 0.8368039772727272 0.7543939393939394 0.0265625 0.0375
0 0.828125 0.43645833333333334 0.025 0.03958333333333333
0 0.8640625 0.409375 0.025 0.03958333333333333
0 0.6296279590069285 0.23755292532717476 0.0265625 0.03333333333333333
0 0.7499300373134329 0.12661691542288558 0.0265625 0.03333333333333333
0 0.71015625 0.6354166666666666 0.0265625 0.03333333333333333
0 0.5089613970588236 0.6035539215686274 0.0296875 0.03333333333333333
0 0.4598032165271967 0.4584030683403068 0.0265625 0.03333333333333333
0 0.91015625 0.9927083333333333 0.0265625 0.014583333333333334
0 0.58828125 0.11875 0.0296875 0.05
0 0.6015625 0.20625 0.025 0.04583333333333333
0 0.85625 0.22395833333333334 0.0375 0.04375
0 0.4874658677184466 0.7562955097087378 0.0421875 0.04375
0 0.7957812499999999 0.861875 0.029687499999999912 0.03958333333333333
0 0.1857536764705882 0.8543504901960783 0.025 0.03958333333333333
0 0.0294921875 0.8098958333333334 0.0265625 0.03333333333333333
0 0.48318554305283756 0.04846094259621657 0.025 0.027083333333333334
0 0.5088582677165354 0.02674704724409449 0.0296875 0.03125000000000001
0 0.35703125 0.06354166666666666 0.0234375 0.027083333333333334
0 0.7901041666666666 0.15659722222222222 0.03437499999999991 0.03958333333333333
0 0.9793470982142857 0.02648561507936508 0.022645089285714272 0.030163690476190476
1 0.57109375 0.13333333333333333 0.0890625 0.1125
1 0.3203125 0.21041666666666667 0.103125 0.09583333333333334
