0 0.26484375 0.4354166666666667 0.0265625 0.0375
0 0.23828125 0.5770833333333333 0.0265625 0.0375
0 0.24053349103585658 0.85625 0.0265625 0.0375
0 0.19453125 0.8458333333333333 0.0265625 0.0375
0 0.08359375 0.80625 0.0265625 0.0375
0 0.13515625 0.18958333333333333 0.0265625 0.0375
0 0.29296875 0.21666666666666667 0.0265625 0.041666666666666664
0 0.223046875 0.17447916666666666 0.0265625 0.0375
0 0.26893382352941175 0.24822303921568628 0.0265625 0.037500000000000026
0 0.231015625 0.3844791666666667 0.0265625 0.0375
0 0.5390018759150805 0.9801275012201073 0.0265625 0.0375
0 0.6316914498141264 0.6118959107806692 0.0265625 0.0375
0 0.48828125 0.86875 0.0265625 0.0375
0 0.84296875 0.85625 0.0265625 0.0375
0 0.83359375 0.98125 0.0265625 0.0375
0 0.8384248621323529 0.7541666666666667 0.0265625 0.0375
0 0.828125 0.43645833333333334 0.025 0.03958333333333333
0 0.8640625 0.409375 0.025 0.03958333333333333
0 0.6303532765588915 0.23690819861431872 0.0265625 0.03333333333333333
0 0.7542996066433567 0.11768648018648019 0.0265625 0.03333333333333335
0 0.71015625 0.6354166666666666 0.0265625 0.03333333333333333
0 0.514391447368421 0.6013706140350876 0.0296875 0.03333333333333333
0 0.460450634057971 0.45285829307568437 0.0265625 0.03333333333333333
0 0.9174479166666668 0.9857638888888888 0.024479166666666607 0.028472222222222263
0 0.58828125 0.11875 0.0296875 0.05
0 0.6015625 0.20625 0.025 0.04583333333333333
0 0.85625 0.22395833333333334 0.0375 0.04375
0 0.488355203276699 0.7551097289644013 0.0421875 0.04375
0 0.84203125 0.7997916666666666 0.0296875 0.03958333333333333
0 0.1453125 0.8512310606060606 0.025 0.03958333333333333
0 0.065625 0.8947916666666667 0.03125 0.03958333333333333
0 0.4838001467710372 0.04764147097195042 0.025 0.027083333333333334
0 0.5084461122047245 0.025647965879265093 0.0296875 0.03125
0 0.35703125 0.06354166666666666 0.0234375 0.027083333333333334
0 0.7731770833333333 0.09444444444444446 0.0296875 0.03333333333333333
0 0.9827120535714287 0.021334325396825397 0.02189732142857146 0.02717261904761905
1 0.57109375 0.13333333333333333 0.0890625 0.1125
1 0.3203125 0.21041666666666667 0.103125 0.09583333333333334
