0 0.26484375 0.4354166666666667 0.0265625 0.0375
0 0.23828125 0.5770833333333333 0.0265625 0.0375
0 0.2414000249003984 0.85625 0.0265625 0.0375
0 0.19453125 0.8458333333333333 0.0265625 0.0375
0 0.08359375 0.80625 0.0265625 0.0375
0 0.006182528409090909 0.7885274621212122 0.012365056818181818 0.031429924242424315
0 0.13515625 0.18958333333333333 0.0265625 0.0375
0 0.30874999999999997 0.23666666666666666 0.0265625 0.041666666666666664
0 0.2423020833333333 0.16213333333333332 0.0265625 0.0375
0 0.28014600409836066 0.2235928961748634 0.0265625 0.0375
0 0.2536708943514644 0.3677562761506276 0.0265625 0.0375
0 0.5358173956808199 0.9758815275744265 0.0265625 0.0375
0 0.6286593866171004 0.6065055762081785 0.0265625 0.0375
0 0.48828125 0.86875 0.0265625 0.0375
0 0.84296875 0.85625 0.0265625 0.0375
0 0.83359375 0.98125 0.0265625 0.0375
0 0.8474207261029412 0.7541666666666667 0.0265625 0.0375
0 0.828125 0.43645833333333334 0.025 0.03958333333333333
0 0.8654293592436975 0.409375 0.025 0.03958333333333333
0 0.6488757621951219 0.22022357723577235 0.0265625 0.03333333333333333
0 0.7628231676706827 0.09779116465863454 0.0265625 0.03333333333333333
0 0.71015625 0.6354166666666666 0.0265625 0.03333333333333333
0 0.5464126275510204 0.5754109977324263 0.0296875 0.03333333333333333
0 0.47209747516556294 0.4228062913907285 0.0265625 0.03333333333333333
0 0.71875 0.41458333333333336 0.028125 0.0375
0 0.9544710090361447 0.917984437751004 0.0234375 0.035416666666666666
0 0.58828125 0.11875 0.0296875 0.05
0 0.6015625 0.20625 0.025 0.04583333333333333
0 0.85625 0.22395833333333334 0.0375 0.04375
0 0.7825520833333333 0.03680555555555555 0.0296875 0.03333333333333333
0 0.4929744387135922 0.748950748381877 0.0421875 0.04375
0 0.9765625 0.31354166666666666 0.0234375 0.03333333333333333
0 0.4939647766323024 0.037381872852233676 0.025 0.027083333333333334
0 0.50703125 0.01825980392156863 0.0296875 0.024019607843137256
0 0.3617825940860215 0.0454413082437276 0.0234375 0.027083333333333338
1 0.57109375 0.13333333333333333 0.0890625 0.1125
1 0.3203125 0.21041666666666667 0.103125 0.09583333333333334
