0 0.27275304203539824 0.4232669616519174 0.0265625 0.0375
0 0.23828125 0.5770833333333333 0.0265625 0.0375
0 0.24295380976095618 0.85625 0.0265625 0.0375
0 0.19453125 0.8458333333333333 0.0265625 0.0375
0 0.08359375 0.80625 0.0265625 0.0375
0 0.02563533560311284 0.7317120622568093 0.0265625 0.0375
0 0.13515625 0.18958333333333333 0.0265625 0.0375
0 0.21748798076923076 0.1798076923076923 0.0265625 0.0375
0 0.2886449353448276 0.1099676724137931 0.0265625 0.0375
0 0.2839253597122302 0.21830785371702638 0.0265625 0.0375
0 0.31115247483221475 0.310836129753915 0.0265625 0.0375
0 0.33515625 0.38055555555555554 0.0265625 0.041666666666666664
0 0.570703125 0.89296875 0.0265625 0.0375
0 0.641722362716763 0.5690932080924855 0.0265625 0.0375
0 0.48828125 0.86875 0.0265625 0.0375
0 0.81953125 0.8114583333333333 0.0234375 0.0375
0 0.8472990445301543 0.8432591164095372 0.0265625 0.0375
0 0.8379240445301542 0.9682591164095372 0.0265625 0.0375
0 0.8540289708976158 0.7498363721365123 0.0265625 0.0375
0 0.828125 0.43645833333333334 0.025 0.03958333333333333
0 0.8678873424369747 0.409375 0.025 0.03958333333333333
0 0.60234375 0.06041666666666667 0.0234375 0.029166666666666667
0 0.6694806427125506 0.1481359649122807 0.0265625 0.03333333333333333
0 0.7721702281491003 0.06953727506426735 0.0265625 0.03333333333333333
0 0.71015625 0.6354166666666666 0.0265625 0.03333333333333333
0 0.591124295112782 0.49421992481203003 0.0265625 0.03333333333333333
0 0.49765625 0.39024122807017547 0.0265625 0.03333333333333333
0 0.013634672619047616 0.24878472222222223 0.0265625 0.03333333333333333
0 0.24895833333333334 0.3298611111111111 0.028125 0.0375
0 0.7549479166666667 0.5951388888888889 0.0265625 0.03333333333333333
0 0.9935930524553571 0.7779157366071429 0.012813895089285765 0.03537016369047616
0 0.6744791666666667 0.586111111111111 0.025 0.041666666666666664
0 0.58828125 0.11875 0.0296875 0.05
0 0.6015625 0.20625 0.025 0.04583333333333333
0 0.23515625 0.5020833333333333 0.0359375 0.04583333333333333
0 0.20078125 0.4166666666666667 0.0328125 0.0375
0 0.85625 0.22395833333333334 0.0375 0.04375
0 0.5080900493421052 0.7261307565789473 0.0421875 0.04375
1 0.57109375 0.13333333333333333 0.0890625 0.1125
1 0.3203125 0.21041666666666667 0.103125 0.09583333333333334
