0 0.26484375 0.4354166666666667 0.0265625 0.0375
0 0.23828125 0.5770833333333333 0.0265625 0.0375
0 0.24170629980079683 0.85625 0.0265625 0.0375
0 0.19453125 0.8458333333333333 0.0265625 0.0375
0 0.08359375 0.80625 0.0265625 0.0375
0 0.013451483463035019 0.7702942607003891 0.0265625 0.0375
0 0.13515625 0.18958333333333333 0.0265625 0.0375
0 0.30442708333333335 0.25 0.0265625 0.041666666666666664
0 0.24486458333333333 0.15393333333333334 0.0265625 0.0375
0 0.28110948741007197 0.22206235011990408 0.0265625 0.0375
0 0.2700109649122807 0.3596491228070175 0.0265625 0.0375
0 0.01484375 0.590625 0.0234375 0.052083333333333336
0 0.5346918466325037 0.9743807955100049 0.0265625 0.0375
0 0.6275877091078067 0.6046003717472119 0.0265625 0.0375
0 0.48828125 0.86875 0.0265625 0.0375
0 0.84296875 0.85625 0.0265625 0.0375
0 0.83359375 0.98125 0.0265625 0.0375
0 0.8506002987132353 0.7541666666666667 0.0265625 0.0375
0 0.828125 0.43645833333333334 0.025 0.03958333333333333
0 0.8659138655462184 0.409375 0.025 0.03958333333333333
0 0.6595643939393939 0.19589646464646465 0.0265625 0.03333333333333333
0 0.7659105170682732 0.09161646586345382 0.0265625 0.03333333333333333
0 0.71015625 0.6354166666666666 0.0265625 0.03333333333333333
0 0.5568795509708738 0.5504449838187703 0.0296875 0.03333333333333333
0 0.4771885347682119 0.4143211920529801 0.0265625 0.03333333333333333
0 0.6671875 0.51875 0.028125 0.0375
0 0.56328125 0.012847222222222223 0.0234375 0.025694444444444447
0 0.96515625 0.8831249999999999 0.0234375 0.035416666666666666
0 0.58828125 0.11875 0.0296875 0.05
0 0.6015625 0.20625 0.025 0.04583333333333333
0 0.85625 0.22395833333333334 0.0375 0.04375
0 0.87109375 0.15625 0.0328125 0.041666666666666664
0 0.49460709951456316 0.7467738673139158 0.0421875 0.04375
0 0.5025504725085911 0.029456615120274917 0.025 0.027083333333333338
0 0.508783143939394 0.015041035353535352 0.0296875 0.01875
0 0.36467573924731184 0.03441980286738352 0.0234375 0.027083333333333338
1 0.57109375 0.13333333333333333 0.0890625 0.1125
1 0.3203125 0.21041666666666667 0.103125 0.09583333333333334
