0 0.26484375 0.4354166666666667 0.0265625 0.0375
0 0.23828125 0.5770833333333333 0.0265625 0.0375
0 0.24198767430278884 0.85625 0.0265625 0.0375
0 0.19453125 0.8458333333333333 0.0265625 0.0375
0 0.08359375 0.80625 0.0265625 0.0375
0 0.016199537937743192 0.7615920881971465 0.0265625 0.0375
0 0.13515625 0.18958333333333333 0.0265625 0.0375
0 0.2638020833333333 0.2263888888888889 0.0265625 0.041666666666666664
0 0.250048828125 0.1447265625 0.0265625 0.0375
0 0.28174460431654674 0.22121552757793767 0.0265625 0.0375
0 0.27782930776892434 0.3472692563081009 0.0265625 0.0375
0 0.1 0.575 0.028125 0.05
0 0.533657805636896 0.973002074182528 0.0265625 0.0375
0 0.6312831038135593 0.595162429378531 0.0265625 0.0375
0 0.48828125 0.86875 0.0265625 0.0375
0 0.843897922510519 0.8534624824684431 0.0265625 0.0375
0 0.834522922510519 0.9784624824684431 0.0265625 0.0375
0 0.8514781293828891 0.7532374941561477 0.0265625 0.0375
0 0.828125 0.43645833333333334 0.025 0.03958333333333333
0 0.8663589810924369 0.409375 0.025 0.03958333333333333
0 0.6613467261904762 0.18402777777777776 0.0265625 0.03333333333333333
0 0.7687468624497992 0.0859437751004016 0.0265625 0.03333333333333333
0 0.71015625 0.6354166666666666 0.0265625 0.03333333333333333
0 0.5662989026717558 0.5367604961832061 0.028363549618320594 0.03333333333333333
0 0.48186568708609273 0.40652593818984545 0.0265625 0.03333333333333333
0 0.60625 0.5395833333333333 0.028125 0.0375
0 0.67734375 0.08680555555555555 0.0265625 0.03333333333333333
0 0.9751802884615385 0.8612980769230769 0.0234375 0.035416666666666666
0 0.58828125 0.11875 0.0296875 0.05
0 0.6015625 0.20625 0.025 0.04583333333333333
0 0.85625 0.22395833333333334 0.0375 0.04375
0 0.93203125 0.2722222222222222 0.0328125 0.04166666666666664
0 0.49612458881578947 0.7447436951754386 0.0421875 0.04375
0 0.5044642857142857 0.02445436507936508 0.025 0.027083333333333334
0 0.11875 0.3104166666666667 0.028125 0.0375
0 0.5141335227272728 0.013257575757575756 0.0296875 0.01875
0 0.3673336693548387 0.024294354838709675 0.0234375 0.027083333333333334
0 0.08046875 0.03229166666666667 0.0265625 0.027083333333333334
1 0.57109375 0.13333333333333333 0.0890625 0.1125
1 0.3203125 0.21041666666666667 0.103125 0.09583333333333334
