0 0.26484375 0.4354166666666667 0.0265625 0.0375
0 0.23828125 0.5770833333333333 0.0265625 0.0375
0 0.24012263446215137 0.85625 0.0265625 0.0375
0 0.19453125 0.8458333333333333 0.0265625 0.0375
0 0.08359375 0.80625 0.0265625 0.0375
0 0.13515625 0.18958333333333333 0.0265625 0.0375
0 0.23203125 0.20520833333333333 0.0265625 0.041666666666666664
0 0.21101521596858638 0.18767452006980803 0.0265625 0.0375
0 0.26595052083333337 0.25930555555555557 0.0265625 0.0375
0 0.22140624999999997 0.39708333333333334 0.0265625 0.0375
0 0.53984375 0.98125 0.0265625 0.0375
0 0.6295600156903766 0.6081066945606695 0.0265625 0.0375
0 0.48828125 0.86875 0.0265625 0.0375
0 0.84296875 0.85625 0.0265625 0.0375
0 0.83359375 0.98125 0.0265625 0.0375
0 0.84140625 0.7720588235294117 0.0265625 0.0375
0 0.828125 0.43645833333333334 0.025 0.03958333333333333
0 0.8640625 0.409375 0.025 0.03958333333333333
0 0.6285670467667437 0.2384959584295612 0.0265625 0.03333333333333333
0 0.7373600746268656 0.1449004975124378 0.0265625 0.03333333333333333
0 0.71015625 0.6354166666666666 0.0265625 0.03333333333333333
0 0.4993106617647059 0.6087009803921569 0.0296875 0.03333333333333333
0 0.4591625261506276 0.4660913528591353 0.0265625 0.03333333333333333
0 0.58828125 0.11875 0.0296875 0.05
0 0.6015625 0.20625 0.025 0.04583333333333333
0 0.85625 0.22395833333333334 0.0375 0.04375
0 0.48616504854368936 0.7580299352750809 0.0421875 0.04375
0 0.7295176630434782 0.9283061594202898 0.0296875 0.03958333333333333
0 0.2146701388888889 0.8033564814814814 0.025 0.03958333333333333
0 0.4822865704500979 0.04965957273320287 0.025 0.027083333333333334
0 0.509461122047244 0.02835465879265092 0.0296875 0.03125
0 0.35703125 0.06354166666666666 0.0234375 0.027083333333333334
0 0.7578125 0.30104166666666665 0.034375 0.03958333333333333
0 0.9744252232142857 0.0340203373015873 0.023738839285714165 0.03453869047619048
1 0.57109375 0.13333333333333333 0.0890625 0.1125
1 0.3203125 0.21041666666666667 0.103125 0.09583333333333334
