0 0.26484375 0.4354166666666667 0.0265625 0.0375
0 0.23828125 0.5770833333333333 0.0265625 0.0375
0 0.2419802041832669 0.85625 0.0265625 0.0375
0 0.19453125 0.8458333333333333 0.0265625 0.0375
0 0.08359375 0.80625 0.0265625 0.0375
0 0.016126580739299613 0.7618231193255512 0.0265625 0.0375
0 0.13515625 0.18958333333333333 0.0265625 0.0375
0 0.26223958333333336 0.22222222222222224 0.0265625 0.041666666666666664
0 0.2498291015625 0.14501953125 0.0265625 0.0375
0 0.2817277428057554 0.22123800959232615 0.0265625 0.0375
0 0.27758652888446217 0.3475929614873838 0.0265625 0.0375
0 0.0953125 0.5666666666666667 0.028125 0.05
0 0.5336852580527086 0.9730386774036115 0.0265625 0.0375
0 0.6311440677966103 0.5954802259887005 0.0265625 0.0375
0 0.48828125 0.86875 0.0265625 0.0375
0 0.8438716251753157 0.8535413744740533 0.0265625 0.0375
0 0.8344966251753156 0.9785413744740533 0.0265625 0.0375
0 0.8514584063814867 0.7532637914913511 0.0265625 0.0375
0 0.828125 0.43645833333333334 0.025 0.03958333333333333
0 0.8663471638655462 0.409375 0.025 0.03958333333333333
0 0.6613061417748918 0.18421717171717172 0.0265625 0.03333333333333333
0 0.7686715612449799 0.08609437751004016 0.0265625 0.03333333333333333
0 0.71015625 0.6354166666666666 0.0265625 0.03333333333333333
0 0.5660484255725191 0.5371183206106871 0.028399332061068705 0.03333333333333333
0 0.48174151490066225 0.40673289183222955 0.0265625 0.03333333333333333
0 0.608984375 0.5354166666666667 0.028125 0.0375
0 0.6674479166666667 0.09236111111111112 0.0265625 0.03333333333333333
0 0.9751201923076923 0.861698717948718 0.0234375 0.035416666666666666
0 0.58828125 0.11875 0.0296875 0.05
0 0.6015625 0.20625 0.025 0.04583333333333333
0 0.85625 0.22395833333333334 0.0375 0.04375
0 0.92421875 0.2784722222222222 0.0328125 0.04166666666666664
0 0.49606720266990295 0.744827063106796 0.0421875 0.04375
0 0.5045535714285714 0.024533730158730158 0.025 0.027083333333333334
0 0.109375 0.3020833333333333 0.028125 0.0375
0 0.5139914772727272 0.013304924242424243 0.0296875 0.01875
0 0.3672631048387097 0.02456317204301075 0.0234375 0.027083333333333334
0 0.08671875 0.04583333333333333 0.0296875 0.03333333333333333
1 0.57109375 0.13333333333333333 0.0890625 0.1125
1 0.3203125 0.21041666666666667 0.103125 0.09583333333333334
