0 0.26484375 0.4354166666666667 0.0265625 0.0375
0 0.23828125 0.5770833333333333 0.0265625 0.0375
0 0.24201257470119525 0.85625 0.0265625 0.0375
0 0.19453125 0.8458333333333333 0.0265625 0.0375
0 0.08359375 0.80625 0.0265625 0.0375
0 0.01644272859922179 0.7608219844357976 0.0265625 0.0375
0 0.13515625 0.18958333333333333 0.0265625 0.0375
0 0.25859375 0.21875 0.0265625 0.041666666666666664
0 0.25078125 0.14375 0.0265625 0.0375
0 0.281800809352518 0.221140587529976 0.0265625 0.0375
0 0.2786385707171315 0.3461902390438247 0.0265625 0.0375
0 0.1015625 0.5416666666666666 0.028125 0.05
0 0.53388671875 0.9723524305555556 0.0265625 0.0375
0 0.6317465572033898 0.5941031073446328 0.0265625 0.0375
0 0.48828125 0.86875 0.0265625 0.0375
0 0.8439855802945301 0.8531995091164095 0.0265625 0.0375
0 0.8346105802945301 0.9781995091164095 0.0265625 0.0375
0 0.8515438727208975 0.7531498363721365 0.0265625 0.0375
0 0.828125 0.43645833333333334 0.025 0.03958333333333333
0 0.8663983718487396 0.409375 0.025 0.03958333333333333
0 0.6614820075757576 0.18339646464646464 0.0265625 0.03333333333333333
0 0.7689978664658634 0.08544176706827308 0.0265625 0.03333333333333333
0 0.71015625 0.6354166666666666 0.0265625 0.03333333333333333
0 0.5671338263358778 0.535567748091603 0.028244274809160252 0.03333333333333328
0 0.48239603599221786 0.4062013618677043 0.0265625 0.03333333333333333
0 0.5692708333333333 0.5430555555555556 0.028125 0.03750000000000006
0 0.6981770833333333 0.08611111111111111 0.0265625 0.03333333333333333
0 0.975380608974359 0.8599626068376068 0.0234375 0.035416666666666666
0 0.58828125 0.11875 0.0296875 0.05
0 0.6015625 0.20625 0.025 0.04583333333333333
0 0.85625 0.22395833333333334 0.0375 0.04375
0 0.9497395833333334 0.25416666666666665 0.0328125 0.041666666666666664
0 0.49643297697368427 0.7442639802631579 0.0421875 0.04375
0 0.5041666666666667 0.024189814814814813 0.025 0.027083333333333334
0 0.12890625 0.2765625 0.028125 0.0375
0 0.5146070075757576 0.013099747474747474 0.0296875 0.01875
0 0.36756888440860214 0.023398297491039426 0.0234375 0.027083333333333334
0 0.11796875 0.013541666666666667 0.0265625 0.027083333333333334
1 0.57109375 0.13333333333333333 0.0890625 0.1125
1 0.3203125 0.21041666666666667 0.103125 0.09583333333333334
