0 0.26484375 0.4354166666666667 0.0265625 0.0375
0 0.23828125 0.5770833333333333 0.0265625 0.0375
0 0.24115849103585657 0.85625 0.0265625 0.0375
0 0.19453125 0.8458333333333333 0.0265625 0.0375
0 0.08359375 0.80625 0.0265625 0.0375
0 0.005838068181818182 0.7990909090909091 0.011676136363636364 0.0323484848484848
0 0.13515625 0.18958333333333333 0.0265625 0.0375
0 0.31890625 0.22375 0.0265625 0.041666666666666664
0 0.24028125 0.1686 0.0265625 0.0375
0 0.2766675204918033 0.2308811475409836 0.0265625 0.0375
0 0.24669521443514647 0.3719839609483961 0.0265625 0.0375
0 0.5367050237920937 0.9770650317227916 0.0265625 0.0375
0 0.629504530669145 0.6080080545229244 0.0265625 0.0375
0 0.48828125 0.86875 0.0265625 0.0375
0 0.84296875 0.85625 0.0265625 0.0375
0 0.83359375 0.98125 0.0265625 0.0375
0 0.8449132582720589 0.7541666666666667 0.0265625 0.0375
0 0.828125 0.43645833333333334 0.025 0.03958333333333333
0 0.8650472689075631 0.409375 0.025 0.03958333333333333
0 0.64253125 0.23141666666666666 0.0265625 0.03333333333333333
0 0.7600372779187817 0.1022419627749577 0.0265625 0.03333333333333333
0 0.71015625 0.6354166666666666 0.0265625 0.03333333333333333
0 0.5340401785714286 0.5864087301587302 0.0296875 0.03333333333333333
0 0.4677479619565218 0.4294610507246377 0.0265625 0.03333333333333333
0 0.8196875 0.41083333333333333 0.028125 0.0375
0 0.9457345545977012 0.9404932950191571 0.0234375 0.035416666666666666
0 0.58828125 0.11875 0.0296875 0.05
0 0.6015625 0.20625 0.025 0.04583333333333333
0 0.85625 0.22395833333333334 0.0375 0.04375
0 0.4916868932038835 0.7506674757281554 0.0421875 0.04375
0 0.9435267857142857 0.4394345238095238 0.028125 0.04375
0 0.48719394329896903 0.04363187285223368 0.025 0.027083333333333338
0 0.50703125 0.021231617647058824 0.0296875 0.029963235294117648
0 0.3595010080645161 0.05413306451612903 0.0234375 0.027083333333333334
1 0.57109375 0.13333333333333333 0.0890625 0.1125
1 0.3203125 0.21041666666666667 0.103125 0.09583333333333334
