0 0.26484375 0.4354166666666667 0.0265625 0.0375
0 0.23828125 0.5770833333333333 0.0265625 0.0375
0 0.24091695717131473 0.85625 0.0265625 0.0375
0 0.19453125 0.8458333333333333 0.0265625 0.0375
0 0.08359375 0.80625 0.0265625 0.0375
0 0.005493607954545455 0.8096543560606061 0.01098721590909091 0.033267045454545514
0 0.13515625 0.18958333333333333 0.0265625 0.0375
0 0.31037554824561403 0.22262426900584795 0.0265625 0.041666666666666664
0 0.23818204365079362 0.17498346560846562 0.0265625 0.0375
0 0.27318903688524593 0.23816939890710384 0.0265625 0.0375
0 0.23971953451882846 0.37621164574616456 0.0265625 0.0375
0 0.5375926519033676 0.9782485358711567 0.0265625 0.0375
0 0.6303496747211896 0.6095105328376704 0.0265625 0.0375
0 0.48828125 0.86875 0.0265625 0.0375
0 0.84296875 0.85625 0.0265625 0.0375
0 0.83359375 0.98125 0.0265625 0.0375
0 0.8424057904411765 0.7541666666666667 0.0265625 0.0375
0 0.828125 0.43645833333333334 0.025 0.03958333333333333
0 0.8646651785714285 0.409375 0.025 0.03958333333333333
0 0.6320204243648961 0.2354262894534257 0.0265625 0.03333333333333333
0 0.756959866751269 0.10634517766497462 0.0265625 0.03333333333333333
0 0.71015625 0.6354166666666666 0.0265625 0.03333333333333333
0 0.5253695101351352 0.5944397522522523 0.0296875 0.03333333333333333
0 0.46393795289855067 0.4373590982286634 0.0265625 0.03333333333333333
0 0.9140625 0.3854166666666667 0.028125 0.0375
0 0.9365248631386862 0.9617168491484185 0.0234375 0.035416666666666666
0 0.58828125 0.11875 0.0296875 0.05
0 0.6015625 0.20625 0.025 0.04583333333333333
0 0.85625 0.22395833333333334 0.0375 0.04375
0 0.4903993476941747 0.7523842030744337 0.0421875 0.04375
0 0.90546875 0.5802083333333333 0.0296875 0.03958333333333333
0 0.14000726744186048 0.9491521317829457 0.025 0.03958333333333333
0 0.48521281800391386 0.04575790932811481 0.025 0.027083333333333338
0 0.5074987696850394 0.023121719160104984 0.0296875 0.03125
0 0.35721942204301077 0.06282482078853047 0.0234375 0.027083333333333334
1 0.57109375 0.13333333333333333 0.0890625 0.1125
1 0.3203125 0.21041666666666667 0.103125 0.09583333333333334
