0 0.274827157079646 0.41589233038348083 0.0265625 0.0375
0 0.23828125 0.5813086854460093 0.0265625 0.0375
0 0.24508142605633804 0.8506161971830986 0.0265625 0.0375
0 0.19453125 0.8458333333333333 0.0265625 0.0375
0 0.08359375 0.80625 0.0265625 0.0375
0 0.028950264084507044 0.7284330985915494 0.0265625 0.0375
0 0.13515625 0.18958333333333333 0.0265625 0.0375
0 0.20015624999999998 0.13874999999999998 0.0265625 0.037499999999999985
0 0.30671875000000004 0.09902777777777777 0.0265625 0.0375
0 0.28476843525179857 0.21718375299760193 0.0265625 0.0375
0 0.31383142605633807 0.3061913145539906 0.0265625 0.0375
0 0.39609375 0.17083333333333334 0.0265625 0.041666666666666664
0 0.5816571302816901 0.8789906103286386 0.0265625 0.0375
0 0.6457866690751446 0.5645773121387284 0.0265625 0.0375
0 0.48828125 0.86875 0.0265625 0.0375
0 0.56015625 0.7916666666666666 0.0265625 0.0375
0 0.8486139112903226 0.8393145161290323 0.0265625 0.0375
0 0.8392389112903226 0.9643145161290323 0.0265625 0.0375
0 0.855015120967742 0.7485215053763441 0.0265625 0.0375
0 0.90859375 0.71875 0.0265625 0.0375
0 0.828125 0.43645833333333334 0.025 0.03958333333333333
0 0.8684782037815125 0.409375 0.025 0.03958333333333333
0 0.6908854166666667 0.15659722222222222 0.0234375 0.035416666666666666
0 0.6727282546082949 0.13512864823348694 0.0265625 0.03333333333333335
0 0.7703627088688946 0.06471722365038561 0.0265625 0.03333333333333333
0 0.712268926056338 0.6382335680751173 0.0265625 0.03333333333333333
0 0.589293573943662 0.4838908450704225 0.0265625 0.03333333333333333
0 0.499768926056338 0.3853579812206573 0.0265625 0.03333333333333333
0 0.08962053571428572 0.5125 0.029687500000000012 0.0375
0 0.01761067708333333 0.2208984375 0.0265625 0.03333333333333333
0 0.0984375 0.26171875 0.028125 0.0375
0 0.72890625 0.7958333333333333 0.0265625 0.03333333333333333
0 0.9888846261160715 0.7716378348214284 0.022230747767857117 0.03397507440476192
0 0.5802083333333333 0.3246527777777778 0.025 0.035416666666666666
0 0.58828125 0.11875 0.0296875 0.05
0 0.6015625 0.20625 0.025 0.04583333333333333
0 0.33203125 0.7104166666666667 0.0390625 0.041666666666666664
0 0.6390625 0.6197916666666666 0.028125 0.035416666666666666
0 0.85625 0.22395833333333334 0.0375 0.04375
0 0.5127158717105262 0.7189350328947369 0.0421875 0.04375
