0 0.27374861725663713 0.4197271386430678 0.0265625 0.0375
0 0.23828125 0.5790199530516432 0.0265625 0.0375
0 0.24393705985915495 0.8536678403755869 0.0265625 0.0375
0 0.19453125 0.8458333333333333 0.0265625 0.0375
0 0.08359375 0.80625 0.0265625 0.0375
0 0.027233714788732395 0.7299589201877935 0.0265625 0.0375
0 0.13515625 0.18958333333333333 0.0265625 0.0375
0 0.21848958333333335 0.15396825396825395 0.0265625 0.0375
0 0.29757812499999997 0.10444444444444444 0.0265625 0.0375
0 0.284330035971223 0.21776828537170265 0.0265625 0.0375
0 0.31268705985915496 0.3084800469483568 0.0265625 0.0375
0 0.38203125 0.28125 0.0265625 0.041666666666666664
0 0.5759352992957746 0.8858568075117371 0.0265625 0.0375
0 0.6436732297687862 0.5669255780346821 0.0265625 0.0375
0 0.48828125 0.86875 0.0265625 0.0375
0 0.6841145833333333 0.7840277777777778 0.0234375 0.0375
0 0.8479301805750351 0.8413657082748948 0.0265625 0.0375
0 0.8385551805750351 0.9663657082748948 0.0265625 0.0375
0 0.8545023229312763 0.7492052360916316 0.0265625 0.0375
0 0.9856770833333334 0.8295138888888889 0.0265625 0.04375
0 0.828125 0.43645833333333334 0.025 0.03958333333333333
0 0.8681709558823529 0.409375 0.025 0.03958333333333333
0 0.63203125 0.14409722222222224 0.0234375 0.03541666666666668
0 0.6710433467741935 0.14186827956989248 0.0265625 0.03333333333333333
0 0.7713026188946015 0.06722365038560411 0.0265625 0.03333333333333333
0 0.7111245598591549 0.6367077464788732 0.0265625 0.03333333333333333
0 0.590437940140845 0.489231220657277 0.0265625 0.03333333333333333
0 0.4986245598591549 0.38764671361502345 0.0265625 0.03333333333333333
0 0.0109375 0.584375 0.01875 0.03958333333333333
0 0.015071614583333332 0.2361328125 0.0265625 0.03333333333333333
0 0.17916666666666667 0.25763888888888886 0.028125 0.03749999999999997
0 0.7640625 0.6833333333333333 0.0265625 0.03333333333333333
0 0.9913330078125 0.77490234375 0.017333984375 0.03470052083333333
0 0.640625 0.45416666666666666 0.025 0.03333333333333333
0 0.58828125 0.11875 0.0296875 0.05
0 0.6015625 0.20625 0.025 0.04583333333333333
0 0.26171875 0.5979166666666667 0.0359375 0.04583333333333333
0 0.4106770833333333 0.5277777777777778 0.03281249999999995 0.03749999999999994
0 0.85625 0.22395833333333334 0.0375 0.04375
0 0.5103104440789473 0.7226768092105263 0.0421875 0.04375
1 0.57109375 0.13333333333333333 0.0890625 0.1125
1 0.3203125 0.21041666666666667 0.103125 0.09583333333333334
