0 0.26484375 0.4354166666666667 0.0265625 0.0375
0 0.23828125 0.5770833333333333 0.0265625 0.0375
0 0.24090699701195217 0.85625 0.0265625 0.0375
0 0.19453125 0.8458333333333333 0.0265625 0.0375
0 0.08359375 0.80625 0.0265625 0.0375
0 0.0054794034090909095 0.8100899621212122 0.010958806818181819 0.03330492424242415
0 0.13515625 0.18958333333333333 0.0265625 0.0375
0 0.310265899122807 0.2227704678362573 0.0265625 0.041666666666666664
0 0.23778521825396823 0.17491732804232804 0.0265625 0.0375
0 0.2730455942622951 0.23846994535519125 0.0265625 0.0375
0 0.23943187761506274 0.37638598326359834 0.0265625 0.0375
0 0.537629255124451 0.9782973401659346 0.0265625 0.0375
0 0.6303845260223049 0.6095724907063197 0.0265625 0.0375
0 0.48828125 0.86875 0.0265625 0.0375
0 0.84296875 0.85625 0.0265625 0.0375
0 0.83359375 0.98125 0.0265625 0.0375
0 0.8423023897058824 0.7541666666666667 0.0265625 0.0375
0 0.828125 0.43645833333333334 0.025 0.03958333333333333
0 0.8646494222689075 0.409375 0.025 0.03958333333333333
0 0.6319771218244804 0.2354647806004619 0.0265625 0.03333333333333333
0 0.7568329631979696 0.10651438240270727 0.0265625 0.03333333333333333
0 0.71015625 0.6354166666666666 0.0265625 0.03333333333333333
0 0.525073902027027 0.5947212837837837 0.0296875 0.03333333333333333
0 0.46384737318840574 0.43776167471819644 0.0265625 0.03333333333333333
0 0.9265625 0.3802083333333333 0.028125 0.0375
0 0.9360230383211678 0.9623859489051095 0.0234375 0.035416666666666666
0 0.58828125 0.11875 0.0296875 0.05
0 0.6015625 0.20625 0.025 0.04583333333333333
0 0.85625 0.22395833333333334 0.0375 0.04375
0 0.4903462530339806 0.7524549959546926 0.0421875 0.04375
0 0.90390625 0.5927083333333333 0.0296875 0.03958333333333333
0 0.14029796511627907 0.9485707364341085 0.025 0.03958333333333333
0 0.4851761252446184 0.045806833007175474 0.025 0.027083333333333334
0 0.5075233759842519 0.023187335958005248 0.0296875 0.03125
0 0.35712533602150537 0.06318324372759856 0.0234375 0.027083333333333334
1 0.57109375 0.13333333333333333 0.0890625 0.1125
1 0.3203125 0.21041666666666667 0.103125 0.09583333333333334
