0 0.26484375 0.4354166666666667 0.0265625 0.0375
0 0.23828125 0.5770833333333333 0.0265625 0.0375
0 0.24086466633466136 0.85625 0.0265625 0.0375
0 0.19453125 0.8458333333333333 0.0265625 0.0375
0 0.08359375 0.80625 0.0265625 0.0375
0 0.00546875 0.8104166666666667 0.0109375 0.03333333333333333
0 0.13515625 0.18958333333333333 0.0265625 0.0375
0 0.309273097826087 0.2217391304347826 0.0265625 0.041666666666666664
0 0.23609871031746033 0.17463624338624337 0.0265625 0.0375
0 0.2724359631147541 0.23974726775956284 0.0265625 0.0375
0 0.23822916666666666 0.3771527777777778 0.0265625 0.0375
0 0.5377848188140557 0.9785047584187408 0.0265625 0.0375
0 0.6305326440520446 0.6098358116480793 0.0265625 0.0375
0 0.48828125 0.86875 0.0265625 0.0375
0 0.84296875 0.85625 0.0265625 0.0375
0 0.83359375 0.98125 0.0265625 0.0375
0 0.8418629365808824 0.7541666666666667 0.0265625 0.0375
0 0.828125 0.43645833333333334 0.025 0.03958333333333333
0 0.8645824579831933 0.409375 0.025 0.03958333333333333
0 0.6317930860277137 0.23562836797536565 0.0265625 0.03333333333333333
0 0.7562936230964467 0.10723350253807107 0.0265625 0.03333333333333333
0 0.71015625 0.6354166666666666 0.0265625 0.03333333333333333
0 0.5238175675675676 0.5959177927927928 0.0296875 0.03333333333333333
0 0.4634624094202898 0.43947262479871174 0.0265625 0.03333333333333333
0 0.9394097222222222 0.36689814814814814 0.028125 0.0375
0 0.9338902828467154 0.9652296228710462 0.0234375 0.035416666666666666
0 0.58828125 0.11875 0.0296875 0.05
0 0.6015625 0.20625 0.025 0.04583333333333333
0 0.85625 0.22395833333333334 0.0375 0.04375
0 0.49012060072815533 0.7527558656957929 0.0421875 0.04375
0 0.90546875 0.6072916666666667 0.0296875 0.03958333333333333
0 0.14153343023255813 0.9460998062015504 0.025 0.03958333333333333
0 0.4850201810176126 0.0460147586431833 0.025 0.027083333333333338
0 0.5076279527559056 0.023466207349081367 0.0296875 0.03125
0 0.35703125 0.06354166666666666 0.0234375 0.027083333333333334
0 0.9893917410714286 0.011108630952380953 0.020412946428571388 0.021235119047619048
1 0.57109375 0.13333333333333333 0.0890625 0.1125
1 0.3203125 0.21041666666666667 0.103125 0.09583333333333334
