0 0.26484375 0.4354166666666667 0.0265625 0.0375
0 0.23828125 0.5770833333333333 0.0265625 0.0375
0 0.24159175796812749 0.85625 0.0265625 0.0375
0 0.19453125 0.8458333333333333 0.0265625 0.0375
0 0.08359375 0.80625 0.0265625 0.0375
0 0.010454252577319589 0.7771155498281787 0.020908505154639177 0.034987113402061946
0 0.13515625 0.18958333333333333 0.0265625 0.0375
0 0.3041294642857143 0.24583333333333332 0.0265625 0.041666666666666664
0 0.24390625 0.157 0.0265625 0.0375
0 0.28085094424460433 0.22240707434052756 0.0265625 0.0375
0 0.2635044642857143 0.3630952380952381 0.0265625 0.0375
0 0.5351127836749634 0.9749420448999512 0.0265625 0.0375
0 0.6279884990706319 0.605312887236679 0.0265625 0.0375
0 0.48828125 0.86875 0.0265625 0.0375
0 0.84296875 0.85625 0.0265625 0.0375
0 0.83359375 0.98125 0.0265625 0.0375
0 0.8494111902573529 0.7541666666666667 0.0265625 0.0375
0 0.828125 0.43645833333333334 0.025 0.03958333333333333
0 0.8657326680672268 0.409375 0.025 0.03958333333333333
0 0.6578425480769231 0.20725160256410255 0.0265625 0.03333333333333333
0 0.7647558985943774 0.09392570281124497 0.0265625 0.03333333333333333
0 0.71015625 0.6354166666666666 0.0265625 0.03333333333333333
0 0.5533904733009709 0.5606796116504854 0.0296875 0.03333333333333333
0 0.47528456125827817 0.4174944812362031 0.0265625 0.03333333333333333
0 0.6661458333333333 0.4875 0.028125 0.0375
0 0.96171875 0.8947916666666667 0.0234375 0.035416666666666666
0 0.58828125 0.11875 0.0296875 0.05
0 0.6015625 0.20625 0.025 0.04583333333333333
0 0.85625 0.22395833333333334 0.0375 0.04375
0 0.82265625 0.121875 0.0296875 0.035416666666666666
0 0.49399651092233005 0.7475879854368933 0.0421875 0.04375
0 0.49933956185567013 0.03242053264604811 0.025 0.027083333333333334
0 0.50703125 0.01590073529411765 0.0296875 0.019301470588235295
0 0.36359375 0.03854166666666667 0.0234375 0.027083333333333334
1 0.57109375 0.13333333333333333 0.0890625 0.1125
1 0.3203125 0.21041666666666667 0.103125 0.09583333333333334
