0 0.26484375 0.4354166666666667 0.0265625 0.0375
0 0.23828125 0.5770833333333333 0.0265625 0.0375
0 0.24036416832669322 0.85625 0.0265625 0.0375
0 0.19453125 0.8458333333333333 0.0265625 0.0375
0 0.08359375 0.80625 0.0265625 0.0375
0 0.13515625 0.18958333333333333 0.0265625 0.0375
0 0.28125 0.19479166666666667 0.0265625 0.041666666666666664
0 0.21663523706896554 0.17814295977011493 0.0265625 0.0375
0 0.2681525735294118 0.25134803921568627 0.0265625 0.037500000000000026
0 0.22734375 0.3888888888888889 0.0265625 0.0375
0 0.5396241306734992 0.9809571742313323 0.0265625 0.0375
0 0.6314624738493724 0.6114888423988842 0.0265625 0.0375
0 0.48828125 0.86875 0.0265625 0.0375
0 0.84296875 0.85625 0.0265625 0.0375
0 0.83359375 0.98125 0.0265625 0.0375
0 0.8368892045454546 0.754621212121212 0.0265625 0.0375
0 0.828125 0.43645833333333334 0.025 0.03958333333333333
0 0.8640625 0.409375 0.025 0.03958333333333333
0 0.6296171333718246 0.2375625481139338 0.0265625 0.03333333333333333
0 0.7498017723880597 0.12680348258706467 0.0265625 0.03333333333333332
0 0.71015625 0.6354166666666666 0.0265625 0.03333333333333333
0 0.5088629201680672 0.6036064425770308 0.0296875 0.03333333333333333
0 0.4597966788702929 0.458481520223152 0.0265625 0.03333333333333333
0 0.91015625 0.9927083333333333 0.0265625 0.014583333333333334
0 0.58828125 0.11875 0.0296875 0.05
0 0.6015625 0.20625 0.025 0.04583333333333333
0 0.85625 0.22395833333333334 0.0375 0.04375
0 0.4874525940533981 0.7563132079288025 0.0421875 0.04375
0 0.79203125 0.8606250000000001 0.0296875 0.03958333333333333
0 0.1861672794117647 0.854718137254902 0.025 0.03958333333333333
0 0.028515625 0.8072916666666666 0.0265625 0.03333333333333333
0 0.4831763698630137 0.04847317351598173 0.025 0.027083333333333334
0 0.5088644192913386 0.026763451443569553 0.0296875 0.03125
0 0.35703125 0.06354166666666666 0.0234375 0.027083333333333334
0 0.790625 0.15520833333333334 0.034375 0.03958333333333333
0 0.979296875 0.0265625 0.02265625 0.030208333333333334
1 0.57109375 0.13333333333333333 0.0890625 0.1125
1 0.3203125 0.21041666666666667 0.103125 0.09583333333333334
