0 0.27142560840707963 0.4279867256637168 0.0265625 0.0375
0 0.23828125 0.5770833333333333 0.0265625 0.0375
0 0.24271476593625496 0.85625 0.0265625 0.0375
0 0.19453125 0.8458333333333333 0.0265625 0.0375
0 0.08359375 0.80625 0.0265625 0.0375
0 0.023300705252918285 0.7391050583657588 0.0265625 0.0375
0 0.13515625 0.18958333333333333 0.0265625 0.0375
0 0.22220982142857143 0.17797619047619048 0.0265625 0.041666666666666664
0 0.2763604525862069 0.11772629310344827 0.0265625 0.0375
0 0.2833857913669065 0.21902727817745804 0.0265625 0.0375
0 0.302092072147651 0.31754753914988815 0.0265625 0.0375
0 0.25859375 0.4158854166666667 0.0265625 0.04010416666666667
0 0.5607874586092716 0.9166528697571743 0.0265625 0.0375
0 0.6391212066473988 0.5719833815028902 0.0265625 0.0375
0 0.48828125 0.86875 0.0265625 0.0375
0 0.984375 0.965625 0.0234375 0.035416666666666666
0 0.8464575298036465 0.8457836605890603 0.0265625 0.0375
0 0.8370825298036465 0.9707836605890603 0.0265625 0.0375
0 0.8533978348527349 0.7506778868630201 0.0265625 0.0375
0 0.828125 0.43645833333333334 0.025 0.03958333333333333
0 0.8675091911764706 0.409375 0.025 0.03958333333333333
0 0.6670514929149798 0.1586622807017544 0.0265625 0.03333333333333333
0 0.7733270404884319 0.07262210796915167 0.0265625 0.03333333333333333
0 0.71015625 0.6354166666666666 0.0265625 0.03333333333333333
0 0.5866130169172933 0.5017387218045113 0.0265625 0.03333333333333333
0 0.49765625 0.40076754385964913 0.0265625 0.03333333333333333
0 0.01328125 0.26875 0.0265625 0.03333333333333333
0 0.3234375 0.4479166666666667 0.028125 0.0375
0 0.75078125 0.484375 0.0265625 0.03333333333333333
0 0.9907630997474748 0.8050399831649832 0.013549558080807956 0.035416666666666666
0 0.7296875 0.759375 0.0296875 0.041666666666666664
0 0.58828125 0.11875 0.0296875 0.05
0 0.6015625 0.20625 0.025 0.04583333333333333
0 0.19921875 0.36875 0.0359375 0.04583333333333333
0 0.85625 0.22395833333333334 0.0375 0.04375
0 0.5051295230263158 0.7307360197368421 0.0421875 0.04375
1 0.57109375 0.13333333333333333 0.0890625 0.1125
1 0.3203125 0.21041666666666667 0.103125 0.09583333333333334
