0 0.26484375 0.4354166666666667 0.0265625 0.0375
0 0.23828125 0.5770833333333333 0.0265625 0.0375
0 0.2410788097609562 0.85625 0.0265625 0.0375
0 0.19453125 0.8458333333333333 0.0265625 0.0375
0 0.08359375 0.80625 0.0265625 0.0375
0 0.005724431818181818 0.8025757575757576 0.011448863636363635 0.03265151515151518
0 0.13515625 0.18958333333333333 0.0265625 0.0375
0 0.31640625 0.22222222222222224 0.0265625 0.041666666666666664
0 0.23961458333333333 0.17073333333333332 0.0265625 0.0375
0 0.27551997950819673 0.23328551912568304 0.0265625 0.0375
0 0.2443939592050209 0.3733786610878661 0.0265625 0.0375
0 0.5369978495607614 0.9774554660810151 0.0265625 0.0375
0 0.6297833410780669 0.608503717472119 0.0265625 0.0375
0 0.48828125 0.86875 0.0265625 0.0375
0 0.84296875 0.85625 0.0265625 0.0375
0 0.83359375 0.98125 0.0265625 0.0375
0 0.8440860523897058 0.7541666666666667 0.0265625 0.0375
0 0.828125 0.43645833333333334 0.025 0.03958333333333333
0 0.8649212184873949 0.409375 0.025 0.03958333333333333
0 0.63903125 0.23274999999999998 0.0265625 0.03333333333333333
0 0.7590220494923858 0.10359560067681896 0.0265625 0.03333333333333333
0 0.71015625 0.6354166666666666 0.0265625 0.03333333333333333
0 0.5301731418918919 0.5898648648648649 0.0296875 0.03333333333333333
0 0.4661175271739131 0.43163496376811594 0.0265625 0.03333333333333333
0 0.86171875 0.38229166666666664 0.028125 0.0375
0 0.9428609913793103 0.9477729885057471 0.0234375 0.035416666666666666
0 0.58828125 0.11875 0.0296875 0.05
0 0.6015625 0.20625 0.025 0.04583333333333333
0 0.85625 0.22395833333333334 0.0375 0.04375
0 0.49126213592233003 0.7512338187702265 0.0421875 0.04375
0 0.9372395833333333 0.49583333333333335 0.0265625 0.0375
0 0.48580907534246576 0.044962899543378995 0.025 0.027083333333333338
0 0.5070989173228346 0.022055446194225725 0.0296875 0.03125000000000001
0 0.35874831989247313 0.057000448028673836 0.0234375 0.027083333333333334
1 0.57109375 0.13333333333333333 0.0890625 0.1125
1 0.3203125 0.21041666666666667 0.103125 0.09583333333333334
