0 0.26484375 0.4354166666666667 0.0265625 0.0375
0 0.23828125 0.5770833333333333 0.0265625 0.0375
0 0.24111118027888448 0.85625 0.0265625 0.0375
0 0.19453125 0.8458333333333333 0.0265625 0.0375
0 0.08359375 0.80625 0.0265625 0.0375
0 0.005770596590909091 0.8011600378787879 0.011541193181818182 0.032528409090909115
0 0.13515625 0.18958333333333333 0.0265625 0.0375
0 0.31875 0.22604166666666667 0.0265625 0.041666666666666664
0 0.23988541666666668 0.16986666666666667 0.0265625 0.0375
0 0.2759861680327869 0.23230874316939892 0.0265625 0.0375
0 0.24532884414225942 0.3728120641562064 0.0265625 0.0375
0 0.5368788890922401 0.9772968521229868 0.0265625 0.0375
0 0.6296700743494423 0.6083023543990086 0.0265625 0.0375
0 0.48828125 0.86875 0.0265625 0.0375
0 0.84296875 0.85625 0.0265625 0.0375
0 0.83359375 0.98125 0.0265625 0.0375
0 0.8444221047794118 0.7541666666666667 0.0265625 0.0375
0 0.828125 0.43645833333333334 0.025 0.03958333333333333
0 0.8649724264705883 0.409375 0.025 0.03958333333333333
0 0.640453125 0.23220833333333332 0.0265625 0.03333333333333333
0 0.7594344860406091 0.10304568527918782 0.0265625 0.03333333333333333
0 0.71015625 0.6354166666666666 0.0265625 0.03333333333333333
0 0.5316167091836734 0.588562925170068 0.0296875 0.03333333333333333
0 0.4667798913043478 0.43075181159420295 0.0265625 0.03333333333333333
0 0.828125 0.3645833333333333 0.028125 0.0375
0 0.9440283764367816 0.9448156130268199 0.0234375 0.035416666666666666
0 0.58828125 0.11875 0.0296875 0.05
0 0.6015625 0.20625 0.025 0.04583333333333333
0 0.85625 0.22395833333333334 0.0375 0.04375
0 0.4914346935679611 0.7510037419093851 0.0421875 0.04375
0 0.94765625 0.47708333333333336 0.028125 0.04375
0 0.48592832681017606 0.044803897586431836 0.025 0.027083333333333334
0 0.50703125 0.021813725490196077 0.0296875 0.031127450980392157
0 0.35905409946236555 0.0558355734767025 0.0234375 0.027083333333333327
1 0.57109375 0.13333333333333333 0.0890625 0.1125
1 0.3203125 0.21041666666666667 0.103125 0.09583333333333334
