0 0.27156388274336285 0.4274950835791544 0.0265625 0.0375
0 0.23828125 0.5770833333333333 0.0265625 0.0375
0 0.24273966633466135 0.85625 0.0265625 0.0375
0 0.19453125 0.8458333333333333 0.0265625 0.0375
0 0.08359375 0.80625 0.0265625 0.0375
0 0.023543895914396883 0.7383349546044099 0.0265625 0.0375
0 0.13515625 0.18958333333333333 0.0265625 0.0375
0 0.22265625 0.175 0.0265625 0.041666666666666664
0 0.2776400862068965 0.11691810344827586 0.0265625 0.0375
0 0.2834419964028777 0.21895233812949638 0.0265625 0.0375
0 0.3030358640939598 0.31684843400447427 0.0265625 0.0375
0 0.26953125 0.4083333333333333 0.0265625 0.041666666666666664
0 0.56171875 0.9145833333333333 0.0265625 0.0375
0 0.6393921604046243 0.5716823217726397 0.0265625 0.0375
0 0.48828125 0.86875 0.0265625 0.0375
0 0.97109375 0.9145833333333333 0.0234375 0.0375
0 0.8465451875876578 0.8455206872370267 0.0265625 0.0375
0 0.8371701875876578 0.9705206872370267 0.0265625 0.0375
0 0.8534635781907433 0.7505902290790089 0.0265625 0.0375
0 0.828125 0.43645833333333334 0.025 0.03958333333333333
0 0.8675485819327731 0.409375 0.025 0.03958333333333333
0 0.6673045293522267 0.15756578947368421 0.0265625 0.03333333333333333
0 0.7732065392030848 0.07230077120822621 0.0265625 0.033333333333333326
0 0.71015625 0.6354166666666666 0.0265625 0.03333333333333333
0 0.5870829417293233 0.5009555137844611 0.0265625 0.03333333333333333
0 0.49765625 0.3996710526315789 0.0265625 0.03333333333333333
0 0.01328125 0.26875 0.0265625 0.03333333333333333
0 0.3171875 0.425 0.028125 0.0375
0 0.78203125 0.5083333333333333 0.0265625 0.03333333333333333
0 0.991512784090909 0.8029356060606061 0.012997159090909172 0.035416666666666666
0 0.73203125 0.7333333333333333 0.0296875 0.041666666666666664
0 0.58828125 0.11875 0.0296875 0.05
0 0.6015625 0.20625 0.025 0.04583333333333333
0 0.17630208333333333 0.39305555555555555 0.0359375 0.04583333333333333
0 0.01484375 0.21458333333333332 0.0265625 0.029166666666666667
0 0.85625 0.22395833333333334 0.0375 0.04375
0 0.5054379111842106 0.7302563048245614 0.0421875 0.04375
1 0.57109375 0.13333333333333333 0.0890625 0.1125
1 0.3203125 0.21041666666666667 0.103125 0.09583333333333334
