0 0.27571211283185837 0.41274582104228125 0.0265625 0.0375
0 0.23828125 0.5831866197183099 0.0265625 0.0375
0 0.24602039319248825 0.8481122848200313 0.0265625 0.0375
0 0.19453125 0.8458333333333333 0.0265625 0.0375
0 0.08359375 0.80625 0.0265625 0.0375
0 0.030358714788732394 0.7271811424100156 0.0265625 0.0375
0 0.13515625 0.18958333333333333 0.0265625 0.0375
0 0.19071180555555553 0.10439814814814816 0.02656249999999998 0.0375
0 0.31425412735849056 0.09414308176100629 0.0265625 0.0375
0 0.28512814748201437 0.2167041366906475 0.0265625 0.0375
0 0.31477039319248823 0.30431338028169014 0.0265625 0.0375
0 0.46328125 0.10625 0.0265625 0.0375
0 0.5863519659624413 0.873356807511737 0.0265625 0.0375
0 0.6475207731213872 0.5626505298651253 0.0265625 0.0375
0 0.48828125 0.86875 0.0265625 0.0375
0 0.426171875 0.7453125 0.0265625 0.0375
0 0.8491749211079943 0.8376314866760168 0.0265625 0.0375
0 0.8397999211079943 0.9626314866760168 0.0265625 0.0375
0 0.8554358783309958 0.7479604955586723 0.0265625 0.0375
0 0.87421875 0.6263888888888889 0.0265625 0.0375
0 0.828125 0.43645833333333334 0.025 0.03958333333333333
0 0.8687303046218486 0.409375 0.025 0.03958333333333333
0 0.6734375 0.19505208333333332 0.0234375 0.03333333333333333
0 0.6741107430875576 0.12959869431643625 0.0265625 0.03333333333333332
0 0.72421875 0.11726190476190478 0.0265625 0.03333333333333335
0 0.7695915006426735 0.06266066838046272 0.0265625 0.03333333333333333
0 0.7132078931924883 0.6394855242566511 0.0265625 0.03333333333333333
0 0.5883546068075117 0.4795089984350548 0.0265625 0.03333333333333333
0 0.5007078931924883 0.3834800469483568 0.0265625 0.03333333333333333
0 0.20338541666666665 0.6458333333333334 0.02656249999999998 0.03333333333333333
0 0.015113146551724138 0.2149425287356322 0.0265625 0.03333333333333333
0 0.03125 0.20651041666666667 0.0265625 0.03333333333333333
0 0.7471354166666667 0.9645833333333333 0.0265625 0.03333333333333333
0 0.68359375 0.9583333333333334 0.0265625 0.03333333333333333
0 0.73359375 0.8575 0.0265625 0.03333333333333333
0 0.9868756975446429 0.7689592633928571 0.026248604910714235 0.03337983630952384
0 0.5616319444444444 0.21331018518518519 0.025 0.035416666666666666
0 0.58828125 0.11875 0.0296875 0.05
0 0.6015625 0.20625 0.025 0.04583333333333333
0 0.39609375 0.7802083333333333 0.0328125 0.035416666666666666
0 0.8192708333333334 0.7 0.028125 0.03333333333333333
0 0.85625 0.22395833333333334 0.0375 0.04375
0 0.5146895559210527 0.7158648574561403 0.0421875 0.04375
