0 0.26489881607929516 0.4353616005873715 0.0265625 0.0375
0 0.23828125 0.5770833333333333 0.0265625 0.0375
0 0.24209474601593625 0.85625 0.0265625 0.0375
0 0.19453125 0.8458333333333333 0.0265625 0.0375
0 0.08359375 0.80625 0.0265625 0.0375
0 0.017245257782101165 0.7582806420233462 0.0265625 0.0375
0 0.13515625 0.18958333333333333 0.0265625 0.0375
0 0.2480823863636364 0.2009469696969697 0.0265625 0.041666666666666664
0 0.2531982421875 0.14052734375 0.0265625 0.0375
0 0.28198628597122305 0.22089328537170264 0.0265625 0.0375
0 0.28130913844621513 0.3426294820717131 0.0265625 0.0375
0 0.1234375 0.5295833333333333 0.028125 0.05
0 0.537109375 0.9661458333333334 0.0265625 0.0375
0 0.6332759533898306 0.5906073446327684 0.0265625 0.0375
0 0.48828125 0.86875 0.0265625 0.0375
0 0.8442748509817672 0.8523316970546985 0.0265625 0.0375
0 0.8348998509817672 0.9773316970546985 0.0265625 0.0375
0 0.8517608257363254 0.7528605656848996 0.0265625 0.0375
0 0.828125 0.43645833333333334 0.025 0.03958333333333333
0 0.8665283613445378 0.409375 0.025 0.03958333333333333
0 0.6619284361471862 0.18131313131313131 0.0265625 0.03333333333333333
0 0.7698261797188755 0.08378514056224899 0.0265625 0.03333333333333333
0 0.71015625 0.6354166666666666 0.0265625 0.03333333333333333
0 0.5698890744274809 0.531631679389313 0.027850667938931296 0.03333333333333333
0 0.48440235894941636 0.4059338521400778 0.0265625 0.03333333333333333
0 0.00546875 0.30520833333333336 0.0109375 0.035416666666666666
0 0.5453125 0.4666666666666667 0.028125 0.0375
0 0.73046875 0.09270833333333334 0.0265625 0.03333333333333333
0 0.9760259789156626 0.8550075301204819 0.0234375 0.035416666666666666
0 0.58828125 0.11875 0.0296875 0.05
0 0.6015625 0.20625 0.025 0.04583333333333333
0 0.01796875 0.0125 0.0234375 0.025
0 0.85625 0.22395833333333334 0.0375 0.04375
0 0.975 0.2840277777777778 0.025 0.037500000000000026
0 0.4974506578947368 0.7426809210526316 0.0421875 0.04375
0 0.5031845238095238 0.023316798941798944 0.025 0.027083333333333334
0 0.18072916666666666 0.28888888888888886 0.028125 0.0375
0 0.5161695075757576 0.012578914141414144 0.0296875 0.01875
0 0.36868303571428573 0.020565476190476186 0.0234375 0.02636904761904762
1 0.57109375 0.13333333333333333 0.0890625 0.1125
1 0.3203125 0.21041666666666667 0.103125 0.09583333333333334
