0 0.26484375 0.4354166666666667 0.0265625 0.0375
0 0.23828125 0.5770833333333333 0.0265625 0.0375
0 0.2406804033864542 0.85625 0.0265625 0.0375
0 0.19453125 0.8458333333333333 0.0265625 0.0375
0 0.08359375 0.80625 0.0265625 0.0375
0 0.00546875 0.8104166666666667 0.0109375 0.03333333333333333
0 0.13515625 0.18958333333333333 0.0265625 0.0375
0 0.2990234375 0.21848958333333332 0.0265625 0.041666666666666664
0 0.22875744047619045 0.1734126984126984 0.0265625 0.0375
0 0.26978227459016396 0.24530737704918032 0.0265625 0.0375
0 0.234375 0.38229166666666664 0.0265625 0.0375
0 0.5384619784040996 0.9794076378721327 0.0265625 0.0375
0 0.6311773931226765 0.6109820322180917 0.0265625 0.0375
0 0.48828125 0.86875 0.0265625 0.0375
0 0.84296875 0.85625 0.0265625 0.0375
0 0.83359375 0.98125 0.0265625 0.0375
0 0.8399500229779411 0.7541666666666667 0.0265625 0.0375
0 0.828125 0.43645833333333334 0.025 0.03958333333333333
0 0.8642909663865547 0.409375 0.025 0.03958333333333333
0 0.6309919890300231 0.23634045419553504 0.0265625 0.03333333333333333
0 0.7549442744755245 0.11252913752913753 0.0265625 0.03333333333333333
0 0.71015625 0.6354166666666666 0.0265625 0.03333333333333333
0 0.5184347587719298 0.6002923976608188 0.0296875 0.03333333333333333
0 0.4617866847826087 0.4469202898550725 0.0265625 0.03333333333333333
0 0.9246065237226277 0.9776079683698297 0.0234375 0.035416666666666666
0 0.58828125 0.11875 0.0296875 0.05
0 0.6015625 0.20625 0.025 0.04583333333333333
0 0.85625 0.22395833333333334 0.0375 0.04375
0 0.48913834951456314 0.7540655339805825 0.0421875 0.04375
0 0.8768229166666666 0.7065972222222222 0.0296875 0.03958333333333333
0 0.1584375 0.9297916666666667 0.025 0.03958333333333333
0 0.1703125 0.9163194444444444 0.03125 0.03958333333333333
0 0.4843413649706457 0.04691984670580561 0.025 0.027083333333333334
0 0.5080831692913386 0.02468011811023622 0.0296875 0.03125
0 0.35703125 0.06354166666666666 0.0234375 0.027083333333333334
0 0.7546875 0.029166666666666667 0.034375 0.03333333333333333
0 0.9856752232142856 0.01679811507936508 0.02123883928571413 0.024538690476190474
1 0.57109375 0.13333333333333333 0.0890625 0.1125
1 0.3203125 0.21041666666666667 0.103125 0.09583333333333334
