0 0.26484375 0.4354166666666667 0.0265625 0.0375
0 0.23828125 0.5770833333333333 0.0265625 0.0375
0 0.241121140438247 0.85625 0.0265625 0.0375
0 0.19453125 0.8458333333333333 0.0265625 0.0375
0 0.08359375 0.80625 0.0265625 0.0375
0 0.0057848011363636365 0.8007244318181819 0.011569602272727273 0.03249053030303024
0 0.13515625 0.18958333333333333 0.0265625 0.0375
0 0.32135416666666666 0.22743055555555555 0.0265625 0.041666666666666664
0 0.23996875 0.1696 0.0265625 0.0375
0 0.2761296106557377 0.23200819672131148 0.0265625 0.0375
0 0.2456165010460251 0.37263772663877265 0.0265625 0.0375
0 0.5368422858711567 0.9772480478282088 0.0265625 0.0375
0 0.6296352230483271 0.6082403965303593 0.0265625 0.0375
0 0.48828125 0.86875 0.0265625 0.0375
0 0.84296875 0.85625 0.0265625 0.0375
0 0.83359375 0.98125 0.0265625 0.0375
0 0.8445255055147058 0.7541666666666667 0.0265625 0.0375
0 0.828125 0.43645833333333334 0.025 0.03958333333333333
0 0.8649881827731093 0.409375 0.025 0.03958333333333333
0 0.640890625 0.23204166666666665 0.0265625 0.03333333333333333
0 0.7595613895939086 0.10287648054145516 0.0265625 0.03333333333333333
0 0.71015625 0.6354166666666666 0.0265625 0.03333333333333333
0 0.5321269132653061 0.588109410430839 0.0296875 0.03333333333333333
0 0.4669836956521739 0.4304800724637681 0.0265625 0.03333333333333333
0 0.815625 0.36041666666666666 0.028125 0.0375
0 0.9443875718390805 0.9439056513409961 0.0234375 0.035416666666666666
0 0.58828125 0.11875 0.0296875 0.05
0 0.6015625 0.20625 0.025 0.04583333333333333
0 0.85625 0.22395833333333334 0.0375 0.04375
0 0.4914877882281553 0.7509329490291262 0.0421875 0.04375
0 0.95703125 0.47708333333333336 0.028125 0.04375
0 0.48614690721649484 0.0445983676975945 0.025 0.027083333333333334
0 0.50703125 0.021691176470588235 0.0296875 0.030882352941176472
0 0.35914818548387095 0.0554771505376344 0.0234375 0.027083333333333327
1 0.57109375 0.13333333333333333 0.0890625 0.1125
1 0.3203125 0.21041666666666667 0.103125 0.09583333333333334
