0 0.2696895649779736 0.43057085168869313 0.0265625 0.0375
0 0.23828125 0.5770833333333333 0.0265625 0.0375
0 0.24252801294820717 0.85625 0.0265625 0.0375
0 0.19453125 0.8458333333333333 0.0265625 0.0375
0 0.08359375 0.80625 0.0265625 0.0375
0 0.021476775291828794 0.7448808365758754 0.0265625 0.0375
0 0.13515625 0.18958333333333333 0.0265625 0.0375
0 0.22109375 0.18072916666666666 0.0265625 0.041666666666666664
0 0.26676320043103446 0.12378771551724137 0.0265625 0.0375
0 0.2829642535971223 0.21958932853717028 0.0265625 0.0375
0 0.2953903137450199 0.3238545816733068 0.0265625 0.0375
0 0.2109375 0.5020833333333333 0.028125 0.04583333333333333
0 0.553802773178808 0.9321743929359824 0.0265625 0.0375
0 0.63828125 0.5754166666666667 0.0265625 0.0375
0 0.48828125 0.86875 0.0265625 0.0375
0 0.8458000964235625 0.8477559607293127 0.0265625 0.0375
0 0.8364250964235624 0.9727559607293127 0.0265625 0.0375
0 0.8529047598176718 0.7513353202431042 0.0265625 0.0375
0 0.828125 0.43645833333333334 0.025 0.03958333333333333
0 0.8672137605042017 0.409375 0.025 0.03958333333333333
0 0.6651537196356275 0.16688596491228072 0.0265625 0.03333333333333333
0 0.7741936495983935 0.07505020080321284 0.0265625 0.033333333333333326
0 0.71015625 0.6354166666666666 0.0265625 0.03333333333333333
0 0.58265625 0.51 0.0265625 0.03333333333333333
0 0.4949811527237354 0.40452334630350195 0.0265625 0.03333333333333333
0 0.009769736842105263 0.28078947368421053 0.019539473684210527 0.03333333333333333
0 0.39375 0.4708333333333333 0.028125 0.0375
0 0.76328125 0.35625 0.0265625 0.03333333333333333
0 0.9851404671717171 0.8208228114478114 0.01769255050505052 0.035416666666666666
0 0.7841145833333334 0.8701388888888889 0.03906250000000009 0.041666666666666664
0 0.58828125 0.11875 0.0296875 0.05
0 0.6015625 0.20625 0.025 0.04583333333333333
0 0.134375 0.271875 0.0359375 0.04583333333333333
0 0.85625 0.22395833333333334 0.0375 0.04375
0 0.5028166118421052 0.7343338815789474 0.0421875 0.04375
0 0.35859375 0.06458333333333334 0.0234375 0.029166666666666667
0 0.49800595238095235 0.01871362433862434 0.025 0.027083333333333334
0 0.40796875000000005 0.043125 0.029687500000000044 0.04375
0 0.524408143939394 0.009832702020202018 0.0296875 0.01875
1 0.57109375 0.13333333333333333 0.0890625 0.1125
1 0.3203125 0.21041666666666667 0.103125 0.09583333333333334
