0 0.2736241703539823 0.42016961651917406 0.0265625 0.0375
0 0.23828125 0.5787558685446009 0.0265625 0.0375
0 0.2438050176056338 0.8540199530516432 0.0265625 0.0375
0 0.19453125 0.8458333333333333 0.0265625 0.0375
0 0.08359375 0.80625 0.0265625 0.0375
0 0.0270356514084507 0.7301349765258216 0.0265625 0.0375
0 0.13515625 0.18958333333333333 0.0265625 0.0375
0 0.21710069444444446 0.16712962962962966 0.0265625 0.0375
0 0.2965234375 0.10506944444444444 0.0265625 0.0375
0 0.2842794514388489 0.21783573141486812 0.0265625 0.0375
0 0.3125550176056338 0.3087441314553991 0.0265625 0.0375
0 0.34921875 0.284375 0.0265625 0.041666666666666664
0 0.575275088028169 0.8866490610328639 0.0265625 0.0375
0 0.6434293713872832 0.5671965317919075 0.0265625 0.0375
0 0.48828125 0.86875 0.0265625 0.0375
0 0.70546875 0.8239583333333333 0.0234375 0.0375
0 0.8478512885694249 0.8416023842917252 0.0265625 0.0375
0 0.8384762885694249 0.9666023842917252 0.0265625 0.0375
0 0.8544431539270688 0.7492841280972418 0.0265625 0.0375
0 0.98203125 0.8586805555555556 0.0265625 0.04375
0 0.828125 0.43645833333333334 0.025 0.03958333333333333
0 0.8681355042016806 0.409375 0.025 0.03958333333333333
0 0.62453125 0.12104166666666666 0.0234375 0.03541666666666665
0 0.6708489343317973 0.14264592933947773 0.0265625 0.03333333333333333
0 0.7714110700514138 0.06751285347043702 0.0265625 0.03333333333333333
0 0.7109925176056338 0.6365316901408451 0.0265625 0.03333333333333333
0 0.5905699823943662 0.4898474178403756 0.0265625 0.03333333333333333
0 0.4984925176056338 0.38791079812206575 0.0265625 0.03333333333333333
0 0.00703125 0.565625 0.0140625 0.03958333333333333
0 0.014806547619047617 0.23784722222222224 0.0265625 0.03333333333333333
0 0.18515625 0.26805555555555555 0.028125 0.03749999999999997
0 0.7903645833333334 0.6763888888888889 0.02656250000000009 0.03333333333333333
0 0.9916155133928571 0.7752790178571428 0.016768973214285766 0.03478422619047616
0 0.653125 0.47291666666666665 0.025 0.03333333333333333
0 0.58828125 0.11875 0.0296875 0.05
0 0.6015625 0.20625 0.025 0.04583333333333333
0 0.27578125 0.5583333333333333 0.0359375 0.04583333333333333
0 0.38671875 0.5145833333333333 0.0328125 0.0375
0 0.85625 0.22395833333333334 0.0375 0.04375
0 0.5100328947368421 0.723108552631579 0.0421875 0.04375
1 0.57109375 0.13333333333333333 0.0890625 0.1125
1 0.3203125 0.21041666666666667 0.103125 0.09583333333333334
