0 0.26484375 0.4354166666666667 0.0265625 0.0375
0 0.23828125 0.5770833333333333 0.0265625 0.0375
0 0.24029195717131474 0.85625 0.0265625 0.0375
0 0.19453125 0.8458333333333333 0.0265625 0.0375
0 0.08359375 0.80625 0.0265625 0.0375
0 0.13515625 0.18958333333333333 0.0265625 0.0375
0 0.27203125 0.20458333333333334 0.0265625 0.041666666666666664
0 0.21435291230366493 0.18025741710296686 0.0265625 0.0375
0 0.26769425675675673 0.2531813063063063 0.0265625 0.0375
0 0.225927734375 0.3920355902777778 0.0265625 0.0375
0 0.53984375 0.98125 0.0265625 0.0375
0 0.6308936976987447 0.6104776847977684 0.0265625 0.0375
0 0.48828125 0.86875 0.0265625 0.0375
0 0.84296875 0.85625 0.0265625 0.0375
0 0.83359375 0.98125 0.0265625 0.0375
0 0.8393607954545456 0.7612121212121212 0.0265625 0.0375
0 0.828125 0.43645833333333334 0.025 0.03958333333333333
0 0.8640625 0.409375 0.025 0.03958333333333333
0 0.6293031899538106 0.2378416089299461 0.0265625 0.03333333333333333
0 0.7460820895522388 0.1322139303482587 0.0265625 0.03333333333333335
0 0.71015625 0.6354166666666666 0.0265625 0.03333333333333333
0 0.5060070903361344 0.6051295518207283 0.0296875 0.03333333333333333
0 0.45960708682008367 0.4607566248256625 0.0265625 0.03333333333333333
0 0.58828125 0.11875 0.0296875 0.05
0 0.6015625 0.20625 0.025 0.04583333333333333
0 0.85625 0.22395833333333334 0.0375 0.04375
0 0.48706765776699024 0.7568264563106797 0.0421875 0.04375
0 0.775390625 0.8985863095238095 0.0296875 0.03958333333333333
0 0.2025297619047619 0.8563988095238095 0.025 0.03958333333333333
0 0.48291034735812133 0.04882787018917156 0.025 0.027083333333333334
0 0.5090428149606299 0.02723917322834646 0.0296875 0.03125
0 0.35703125 0.06354166666666666 0.0234375 0.027083333333333334
0 0.76875 0.22395833333333334 0.034375 0.03958333333333333
0 0.9778404017857142 0.028792162698412695 0.0229799107142858 0.031502976190476185
1 0.57109375 0.13333333333333333 0.0890625 0.1125
1 0.3203125 0.21041666666666667 0.103125 0.09583333333333334
