0 0.2683129129955947 0.43194750367107193 0.0265625 0.0375
0 0.23828125 0.5770833333333333 0.0265625 0.0375
0 0.2424035109561753 0.85625 0.0265625 0.0375
0 0.19453125 0.8458333333333333 0.0265625 0.0375
0 0.08359375 0.80625 0.0265625 0.0375
0 0.020260821984435795 0.74873135538262 0.0265625 0.0375
0 0.13515625 0.18958333333333333 0.0265625 0.0375
0 0.2265625 0.18958333333333333 0.0265625 0.041666666666666664
0 0.2622802734375 0.12841796875 0.0265625 0.0375
0 0.2826832284172662 0.21996402877697843 0.0265625 0.0375
0 0.29134399900398406 0.3292496679946879 0.0265625 0.0375
0 0.1703125 0.5333333333333333 0.028125 0.04583333333333333
0 0.5491463162251655 0.9425220750551876 0.0265625 0.0375
0 0.63828125 0.5782575757575757 0.0265625 0.0375
0 0.48828125 0.86875 0.0265625 0.0375
0 0.8453618075035063 0.849070827489481 0.0265625 0.0375
0 0.8359868075035063 0.974070827489481 0.0265625 0.0375
0 0.8525760431276297 0.7517736091631604 0.0265625 0.0375
0 0.828125 0.43645833333333334 0.025 0.03958333333333333
0 0.8670168067226891 0.409375 0.025 0.03958333333333333
0 0.6638885374493928 0.17236842105263156 0.0265625 0.03333333333333333
0 0.7729386295180724 0.07756024096385541 0.0265625 0.033333333333333326
0 0.71015625 0.6354166666666666 0.0265625 0.03333333333333333
0 0.5798153409090909 0.5166287878787879 0.0265625 0.03333333333333333
0 0.49194126945525296 0.40492866407263295 0.0265625 0.03333333333333333
0 0.0078125 0.2875 0.015625 0.03333333333333333
0 0.428125 0.43125 0.028125 0.0375
0 0.77578125 0.259375 0.0265625 0.03333333333333333
0 0.9813920454545453 0.831344696969697 0.020454545454545503 0.035416666666666666
0 0.8221354166666666 0.9666666666666667 0.0328125 0.041666666666666664
0 0.58828125 0.11875 0.0296875 0.05
0 0.6015625 0.20625 0.025 0.04583333333333333
0 0.07317708333333334 0.20625 0.0359375 0.04583333333333333
0 0.85625 0.22395833333333334 0.0375 0.04375
0 0.5012746710526316 0.7367324561403509 0.0421875 0.04375
0 0.4994940476190476 0.02003637566137566 0.025 0.027083333333333334
0 0.32083333333333336 0.09166666666666666 0.028125 0.0375
0 0.5220407196969697 0.010621843434343433 0.0296875 0.01875
0 0.37421875 0.010416666666666666 0.0234375 0.020833333333333332
1 0.57109375 0.13333333333333333 0.0890625 0.1125
1 0.3203125 0.21041666666666667 0.103125 0.09583333333333334
