0 0.27171598451327433 0.42695427728613566 0.0265625 0.0375
0 0.23828125 0.5770833333333333 0.0265625 0.0375
0 0.24276705677290839 0.85625 0.0265625 0.0375
0 0.19453125 0.8458333333333333 0.0265625 0.0375
0 0.08359375 0.80625 0.0265625 0.0375
0 0.02381140564202335 0.7374878404669261 0.0265625 0.0375
0 0.13515625 0.18958333333333333 0.0265625 0.0375
0 0.22265625 0.17367424242424243 0.0265625 0.0375
0 0.27904768318965517 0.11602909482758621 0.0265625 0.0375
0 0.28350382194244605 0.21886990407673862 0.0265625 0.0375
0 0.3040740352348993 0.316079418344519 0.0265625 0.0375
0 0.30182291666666666 0.43263888888888885 0.0265625 0.041666666666666664
0 0.56328125 0.9114583333333334 0.0265625 0.0375
0 0.6396902095375723 0.5713511560693642 0.0265625 0.0375
0 0.48828125 0.86875 0.0265625 0.0375
0 0.94765625 0.9333333333333333 0.0234375 0.0375
0 0.8466416111500701 0.8452314165497896 0.0265625 0.0375
0 0.8372666111500701 0.9702314165497896 0.0265625 0.0375
0 0.8535358958625526 0.7504938055165965 0.0265625 0.0375
0 0.828125 0.43645833333333334 0.025 0.03958333333333333
0 0.8675919117647058 0.409375 0.025 0.03958333333333333
0 0.6675828694331984 0.15635964912280703 0.0265625 0.03333333333333333
0 0.7730739877892031 0.07194730077120823 0.0265625 0.03333333333333334
0 0.71015625 0.6354166666666666 0.0265625 0.03333333333333333
0 0.5875998590225564 0.500093984962406 0.0265625 0.03333333333333333
0 0.49765625 0.39846491228070174 0.0265625 0.03333333333333333
0 0.01328125 0.26713709677419356 0.0265625 0.03333333333333333
0 0.306875 0.39416666666666667 0.028125 0.0375
0 0.77109375 0.5 0.0265625 0.03333333333333333
0 0.9922309027777778 0.8004050925925926 0.0125 0.035416666666666666
0 0.7341145833333333 0.7027777777777777 0.0296875 0.041666666666666664
0 0.58828125 0.11875 0.0296875 0.05
0 0.6015625 0.20625 0.025 0.04583333333333333
0 0.20390625 0.39166666666666666 0.0359375 0.04583333333333333
0 0.04375 0.225 0.0328125 0.0375
0 0.85625 0.22395833333333334 0.0375 0.04375
0 0.5057771381578948 0.7297286184210526 0.0421875 0.04375
1 0.57109375 0.13333333333333333 0.0890625 0.1125
1 0.3203125 0.21041666666666667 0.103125 0.09583333333333334
