0 0.26484375 0.4354166666666667 0.0265625 0.0375
0 0.23828125 0.5770833333333333 0.0265625 0.0375
0 0.2412531125498008 0.85625 0.0265625 0.0375
0 0.19453125 0.8458333333333333 0.0265625 0.0375
0 0.08359375 0.80625 0.0265625 0.0375
0 0.0059730113636363635 0.7949526515151515 0.011946022727272727 0.0319886363636364
0 0.13515625 0.18958333333333333 0.0265625 0.0375
0 0.3109375 0.22864583333333333 0.0265625 0.041666666666666664
0 0.24107291666666666 0.16606666666666667 0.0265625 0.0375
0 0.2780302254098361 0.228025956284153 0.0265625 0.0375
0 0.2494279550209205 0.37032775453277544 0.0265625 0.0375
0 0.5363572931918009 0.9766013909224012 0.0265625 0.0375
0 0.6291734433085502 0.6074194547707559 0.0265625 0.0375
0 0.48828125 0.86875 0.0265625 0.0375
0 0.84296875 0.85625 0.0265625 0.0375
0 0.83359375 0.98125 0.0265625 0.0375
0 0.8458955652573529 0.7541666666666667 0.0265625 0.0375
0 0.828125 0.43645833333333334 0.025 0.03958333333333333
0 0.8651969537815127 0.409375 0.025 0.03958333333333333
0 0.6451283028455285 0.2272188346883469 0.0265625 0.03333333333333333
0 0.7612428616751269 0.10063451776649747 0.0265625 0.03333333333333333
0 0.71015625 0.6354166666666666 0.0265625 0.03333333333333333
0 0.5388871173469388 0.5821003401360545 0.0296875 0.03333333333333333
0 0.46965542218543044 0.4268763796909492 0.0265625 0.03333333333333333
0 0.77890625 0.384375 0.028125 0.0375
0 0.9491469109195402 0.9318486590038314 0.0234375 0.035416666666666666
0 0.58828125 0.11875 0.0296875 0.05
0 0.6015625 0.20625 0.025 0.04583333333333333
0 0.85625 0.22395833333333334 0.0375 0.04375
0 0.4921912924757281 0.7499949433656958 0.0421875 0.04375
0 0.95859375 0.39479166666666665 0.028125 0.04375
0 0.4898464347079038 0.041183419243986254 0.025 0.027083333333333334
0 0.50703125 0.020067401960784315 0.0296875 0.02763480392156863
0 0.3603948252688172 0.05072804659498208 0.0234375 0.027083333333333334
1 0.57109375 0.13333333333333333 0.0890625 0.1125
1 0.3203125 0.21041666666666667 0.103125 0.09583333333333334
