0 0.26484375 0.4354166666666667 0.0265625 0.0375
0 0.23828125 0.5770833333333333 0.0265625 0.0375
0 0.2416440488047809 0.85625 0.0265625 0.0375
0 0.19453125 0.8458333333333333 0.0265625 0.0375
0 0.08359375 0.80625 0.0265625 0.0375
0 0.011976481958762887 0.7737328178694158 0.023952963917525775 0.03634020618556697
0 0.13515625 0.18958333333333333 0.0265625 0.0375
0 0.30234375 0.25 0.0265625 0.041666666666666664
0 0.24434375 0.15560000000000002 0.0265625 0.0375
0 0.2809689748201439 0.22224970023980814 0.0265625 0.0375
0 0.2667496565934066 0.3616529304029304 0.0265625 0.0375
0 0.5349206167642753 0.974685822352367 0.0265625 0.0375
0 0.627805529739777 0.6049876084262702 0.0265625 0.0375
0 0.48828125 0.86875 0.0265625 0.0375
0 0.84296875 0.85625 0.0265625 0.0375
0 0.83359375 0.98125 0.0265625 0.0375
0 0.8499540441176471 0.7541666666666667 0.0265625 0.0375
0 0.828125 0.43645833333333334 0.025 0.03958333333333333
0 0.8658153886554623 0.409375 0.025 0.03958333333333333
0 0.6589725378787878 0.20220959595959595 0.0265625 0.03333333333333333
0 0.7652830070281125 0.0928714859437751 0.0265625 0.03333333333333333
0 0.71015625 0.6354166666666666 0.0265625 0.03333333333333333
0 0.5549833131067962 0.5560072815533981 0.0296875 0.03333333333333333
0 0.4761537665562914 0.4160458057395144 0.0265625 0.03333333333333333
0 0.6578125 0.5 0.028125 0.0375
0 0.9628125000000001 0.8889583333333333 0.0234375 0.035416666666666666
0 0.58828125 0.11875 0.0296875 0.05
0 0.6015625 0.20625 0.025 0.04583333333333333
0 0.85625 0.22395833333333334 0.0375 0.04375
0 0.84140625 0.13541666666666666 0.0328125 0.0375
0 0.49427525788834953 0.747216322815534 0.0421875 0.04375
0 0.5008054123711341 0.031067439862542953 0.025 0.02708333333333333
0 0.5075994318181818 0.015435606060606063 0.0296875 0.01875
0 0.36408770161290327 0.03665994623655914 0.0234375 0.027083333333333334
1 0.57109375 0.13333333333333333 0.0890625 0.1125
1 0.3203125 0.21041666666666667 0.103125 0.09583333333333334
