0 0.2707358204845815 0.42952459618208516 0.0265625 0.0375
0 0.23828125 0.5770833333333333 0.0265625 0.0375
0 0.24262263446215138 0.85625 0.0265625 0.0375
0 0.19453125 0.8458333333333333 0.0265625 0.0375
0 0.08359375 0.80625 0.0265625 0.0375
0 0.02240089980544747 0.7419544422827496 0.0265625 0.0375
0 0.13515625 0.18958333333333333 0.0265625 0.0375
0 0.22134046052631579 0.18146929824561403 0.0265625 0.041666666666666664
0 0.27162580818965515 0.1207165948275862 0.0265625 0.0375
0 0.2831778327338129 0.21930455635491608 0.0265625 0.0375
0 0.29860004194630874 0.3201342281879195 0.0265625 0.0375
0 0.234375 0.45416666666666666 0.028125 0.04583333333333333
0 0.5573416804635761 0.9243101545253863 0.0265625 0.0375
0 0.63828125 0.5732575757575759 0.0265625 0.0375
0 0.48828125 0.86875 0.0265625 0.0375
0 0.8461331960028051 0.8467566619915848 0.0265625 0.0375
0 0.8367581960028051 0.9717566619915848 0.0265625 0.0375
0 0.8531545845021038 0.7510022206638617 0.0265625 0.0375
0 0.828125 0.43645833333333334 0.025 0.03958333333333333
0 0.8673634453781511 0.409375 0.025 0.03958333333333333
0 0.666115258097166 0.16271929824561404 0.0265625 0.03333333333333333
0 0.773772895244216 0.07381105398457583 0.0265625 0.033333333333333326
0 0.71015625 0.6354166666666666 0.0265625 0.03333333333333333
0 0.5848153409090909 0.5049621212121213 0.0265625 0.03333333333333333
0 0.4972914640077821 0.4042153047989624 0.0265625 0.03333333333333333
0 0.011957236842105264 0.2732894736842105 0.023914473684210527 0.03333333333333336
0 0.3609375 0.42291666666666666 0.028125 0.0375
0 0.7546875 0.4125 0.0265625 0.03333333333333333
0 0.9879892676767676 0.8128261784511784 0.015593434343434253 0.035416666666666666
0 0.76484375 0.8145833333333333 0.0296875 0.041666666666666664
0 0.58828125 0.11875 0.0296875 0.05
0 0.6015625 0.20625 0.025 0.04583333333333333
0 0.1734375 0.309375 0.0359375 0.04583333333333333
0 0.85625 0.22395833333333334 0.0375 0.04375
0 0.5039884868421052 0.7325109649122807 0.0421875 0.04375
0 0.32265625 0.014583333333333334 0.0234375 0.029166666666666667
0 0.496875 0.017708333333333333 0.025 0.027083333333333334
0 0.48046875 0.0125 0.0296875 0.025
1 0.57109375 0.13333333333333333 0.0890625 0.1125
1 0.3203125 0.21041666666666667 0.103125 0.09583333333333334
