0 0.26484375 0.4354166666666667 0.0265625 0.0375
0 0.23828125 0.5770833333333333 0.0265625 0.0375
0 0.2403741284860558 0.85625 0.0265625 0.0375
0 0.19453125 0.8458333333333333 0.0265625 0.0375
0 0.08359375 0.80625 0.0265625 0.0375
0 0.13515625 0.18958333333333333 0.0265625 0.0375
0 0.28140624999999997 0.19749999999999998 0.0265625 0.041666666666666664
0 0.2170123922413793 0.17792744252873566 0.0265625 0.0375
0 0.2681985294117647 0.2511642156862745 0.0265625 0.0375
0 0.2275390625 0.3884548611111111 0.0265625 0.0375
0 0.5395875274524158 0.9809083699365544 0.0265625 0.0375
0 0.6315409257322175 0.6116283124128312 0.0265625 0.0375
0 0.48828125 0.86875 0.0265625 0.0375
0 0.84296875 0.85625 0.0265625 0.0375
0 0.83359375 0.98125 0.0265625 0.0375
0 0.8367704503676471 0.7541666666666667 0.0265625 0.0375
0 0.828125 0.43645833333333334 0.025 0.03958333333333333
0 0.8640625 0.409375 0.025 0.03958333333333333
0 0.6296604359122402 0.2375240569668976 0.0265625 0.03333333333333333
0 0.7503148320895522 0.12605721393034827 0.0265625 0.03333333333333333
0 0.71015625 0.6354166666666666 0.0265625 0.03333333333333333
0 0.5092568277310925 0.6033963585434173 0.0296875 0.03333333333333333
0 0.4598228294979079 0.45816771269177126 0.0265625 0.03333333333333333
0 0.91015625 0.9927083333333333 0.0265625 0.014583333333333334
0 0.58828125 0.11875 0.0296875 0.05
0 0.6015625 0.20625 0.025 0.04583333333333333
0 0.85625 0.22395833333333334 0.0375 0.04375
0 0.4875056887135922 0.7562424150485437 0.0421875 0.04375
0 0.80703125 0.865625 0.0296875 0.03958333333333333
0 0.18451286764705882 0.8532475490196079 0.025 0.03958333333333333
0 0.021875 0.8208333333333333 0.0265625 0.03333333333333333
0 0.48321306262230923 0.04842424983692107 0.025 0.027083333333333334
0 0.508839812992126 0.02669783464566929 0.0296875 0.03125
0 0.35703125 0.06354166666666666 0.0234375 0.027083333333333334
0 0.78875 0.16187500000000002 0.03437499999999991 0.03958333333333333
0 0.9794977678571428 0.02625496031746032 0.02261160714285726 0.030029761904761906
1 0.57109375 0.13333333333333333 0.0890625 0.1125
1 0.3203125 0.21041666666666667 0.103125 0.09583333333333334
