0 0.27040542400881057 0.4298549926578561 0.0265625 0.0375
0 0.23828125 0.5770833333333333 0.0265625 0.0375
0 0.2425927539840637 0.85625 0.0265625 0.0375
0 0.19453125 0.8458333333333333 0.0265625 0.0375
0 0.08359375 0.80625 0.0265625 0.0375
0 0.022109071011673153 0.7428785667963684 0.0265625 0.0375
0 0.13515625 0.18958333333333333 0.0265625 0.0375
0 0.22005208333333334 0.1861111111111111 0.0265625 0.041666666666666664
0 0.2700902478448276 0.12168642241379309 0.0265625 0.037499999999999985
0 0.2831103866906475 0.21939448441247003 0.0265625 0.0375
0 0.29749439741035855 0.3210491367861886 0.0265625 0.0375
0 0.22924107142857145 0.47291666666666665 0.028125 0.04583333333333333
0 0.556224130794702 0.9267935982339955 0.0265625 0.0375
0 0.63828125 0.573939393939394 0.0265625 0.0375
0 0.48828125 0.86875 0.0265625 0.0375
0 0.8460280066619916 0.8470722300140252 0.0265625 0.0375
0 0.8366530066619916 0.9720722300140252 0.0265625 0.0375
0 0.8530756924964937 0.7511074100046751 0.0265625 0.0375
0 0.828125 0.43645833333333334 0.025 0.03958333333333333
0 0.8673161764705883 0.409375 0.025 0.03958333333333333
0 0.6658116143724697 0.16403508771929823 0.0265625 0.03333333333333333
0 0.7739174967866325 0.07419665809768637 0.0265625 0.03333333333333333
0 0.71015625 0.6354166666666666 0.0265625 0.03333333333333333
0 0.5841335227272728 0.5065530303030303 0.0265625 0.03333333333333333
0 0.4965618920233463 0.40431258106355383 0.0265625 0.03333333333333333
0 0.011266447368421053 0.2756578947368421 0.022532894736842106 0.03333333333333336
0 0.36875 0.4395833333333333 0.028125 0.0375
0 0.78671875 0.4041666666666667 0.0265625 0.03333333333333333
0 0.9870896464646466 0.815351430976431 0.01625631313131315 0.035416666666666666
0 0.7736979166666667 0.8236111111111111 0.0296875 0.041666666666666664
0 0.58828125 0.11875 0.0296875 0.05
0 0.6015625 0.20625 0.025 0.04583333333333333
0 0.15651041666666668 0.32013888888888886 0.0359375 0.04583333333333333
0 0.85625 0.22395833333333334 0.0375 0.04375
0 0.5036184210526315 0.7330866228070175 0.0421875 0.04375
0 0.3318359375 0.05390625 0.0234375 0.029166666666666667
0 0.4972321428571429 0.01802579365079365 0.025 0.027083333333333334
0 0.4505859375 0.007552083333333333 0.028515625 0.015104166666666667
0 0.5256392045454545 0.009422348484848487 0.0296875 0.01875
1 0.57109375 0.13333333333333333 0.0890625 0.1125
1 0.3203125 0.21041666666666667 0.103125 0.09583333333333334
