0 0.27240735619469025 0.4244960668633235 0.0265625 0.0375
0 0.23828125 0.5770833333333333 0.0265625 0.0375
0 0.24289155876494023 0.85625 0.0265625 0.0375
0 0.19453125 0.8458333333333333 0.0265625 0.0375
0 0.08359375 0.80625 0.0265625 0.0375
0 0.025027358949416344 0.7336373216601816 0.0265625 0.0375
0 0.13515625 0.18958333333333333 0.0265625 0.0375
0 0.21984374999999998 0.18000000000000002 0.0265625 0.0375
0 0.28544585129310346 0.11198814655172414 0.0265625 0.0375
0 0.2837848471223022 0.21849520383693044 0.0265625 0.0375
0 0.30879299496644297 0.3125838926174496 0.0265625 0.0375
0 0.31119791666666663 0.38125 0.0265625 0.041666666666666664
0 0.5690755208333333 0.8983940972222223 0.0265625 0.0375
0 0.6410449783236994 0.5698458574181118 0.0265625 0.0375
0 0.48828125 0.86875 0.0265625 0.0375
0 0.86171875 0.8791666666666667 0.0234375 0.0375
0 0.8470799000701262 0.8439165497896214 0.0265625 0.0375
0 0.8377049000701262 0.9689165497896214 0.0265625 0.0375
0 0.8538646125525947 0.7500555165965405 0.0265625 0.0375
0 0.828125 0.43645833333333334 0.025 0.03958333333333333
0 0.8677888655462185 0.409375 0.025 0.03958333333333333
0 0.6688480516194332 0.15087719298245614 0.0265625 0.03333333333333333
0 0.7724714813624678 0.07034061696658098 0.0265625 0.03333333333333333
0 0.71015625 0.6354166666666666 0.0265625 0.03333333333333333
0 0.5899494830827068 0.4961779448621554 0.0265625 0.03333333333333333
0 0.49765625 0.3929824561403509 0.0265625 0.03333333333333333
0 0.01328125 0.2536962365591398 0.0265625 0.03333333333333333
0 0.2640625 0.39791666666666664 0.028125 0.0375
0 0.76953125 0.5743055555555556 0.0265625 0.03333333333333333
0 0.9933159722222221 0.7844907407407408 0.0125 0.035416666666666666
0 0.67890625 0.61875 0.0296875 0.041666666666666664
0 0.58828125 0.11875 0.0296875 0.05
0 0.6015625 0.20625 0.025 0.04583333333333333
0 0.24609375 0.4666666666666667 0.0359375 0.04583333333333333
0 0.13671875 0.38333333333333336 0.0328125 0.0375
0 0.85625 0.22395833333333334 0.0375 0.04375
0 0.5073190789473684 0.7273300438596491 0.0421875 0.04375
1 0.57109375 0.13333333333333333 0.0890625 0.1125
1 0.3203125 0.21041666666666667 0.103125 0.09583333333333334
