0 0.26484375 0.4354166666666667 0.0265625 0.0375
0 0.23828125 0.5770833333333333 0.0265625 0.0375
0 0.24188060258964145 0.85625 0.0265625 0.0375
0 0.19453125 0.8458333333333333 0.0265625 0.0375
0 0.08359375 0.80625 0.0265625 0.0375
0 0.015153818093385212 0.7649035343709468 0.0265625 0.0375
0 0.13515625 0.18958333333333333 0.0265625 0.0375
0 0.27756696428571426 0.23214285714285715 0.0265625 0.041666666666666664
0 0.2468994140625 0.14892578125 0.0265625 0.0375
0 0.2815029226618705 0.22153776978417264 0.0265625 0.0375
0 0.2748081140350877 0.3519736842105263 0.0265625 0.0375
0 0.05546875 0.5708333333333333 0.028125 0.05
0 0.5340512902635431 0.9735267203513909 0.0265625 0.0375
0 0.6292902542372881 0.5997175141242937 0.0265625 0.0375
0 0.48828125 0.86875 0.0265625 0.0375
0 0.8435209940392706 0.854593267882188 0.0265625 0.0375
0 0.8341459940392706 0.979593267882188 0.0265625 0.0375
0 0.8511954330294531 0.7536144226273961 0.0265625 0.0375
0 0.828125 0.43645833333333334 0.025 0.03958333333333333
0 0.8661896008403362 0.409375 0.025 0.03958333333333333
0 0.6607650162337662 0.18674242424242424 0.0265625 0.03333333333333333
0 0.7676675451807229 0.08810240963855423 0.0265625 0.03333333333333333
0 0.71015625 0.6354166666666666 0.0265625 0.03333333333333333
0 0.5627087309160306 0.5418893129770993 0.028876431297709983 0.033333333333333395
0 0.4800858857615894 0.40949227373068436 0.0265625 0.03333333333333333
0 0.63515625 0.5822916666666667 0.028125 0.0375
0 0.65078125 0.05416666666666667 0.0265625 0.03333333333333333
0 0.9743189102564103 0.8670405982905983 0.0234375 0.035416666666666666
0 0.58828125 0.11875 0.0296875 0.05
0 0.6015625 0.20625 0.025 0.04583333333333333
0 0.85625 0.22395833333333334 0.0375 0.04375
0 0.9044270833333334 0.24479166666666666 0.0328125 0.04375
0 0.49553625606796114 0.7455349919093852 0.0421875 0.04375
0 0.5057440476190476 0.025591931216931218 0.025 0.027083333333333334
0 0.05286458333333334 0.2690972222222222 0.029687500000000006 0.039583333333333304
0 0.5120975378787879 0.013936237373737373 0.0296875 0.01875
0 0.3663222446236559 0.02814740143369176 0.0234375 0.027083333333333334
1 0.57109375 0.13333333333333333 0.0890625 0.1125
1 0.3203125 0.21041666666666667 0.103125 0.09583333333333334
