0 0.26484375 0.4354166666666667 0.0265625 0.0375
0 0.23828125 0.5770833333333333 0.0265625 0.0375
0 0.24104892928286853 0.85625 0.0265625 0.0375
0 0.19453125 0.8458333333333333 0.0265625 0.0375
0 0.08359375 0.80625 0.0265625 0.0375
0 0.005681818181818182 0.8038825757575758 0.011363636363636364 0.03276515151515156
0 0.13515625 0.18958333333333333 0.0265625 0.0375
0 0.31328125 0.22708333333333333 0.0265625 0.041666666666666664
0 0.23936458333333333 0.17153333333333334 0.0265625 0.0375
0 0.2750896516393443 0.23418715846994537 0.0265625 0.0375
0 0.24353098849372384 0.3739016736401674 0.0265625 0.0375
0 0.5371076592240117 0.9776018789653489 0.0265625 0.0375
0 0.6298878949814126 0.6086895910780669 0.0265625 0.0375
0 0.48828125 0.86875 0.0265625 0.0375
0 0.84296875 0.85625 0.0265625 0.0375
0 0.83359375 0.98125 0.0265625 0.0375
0 0.8437758501838235 0.7541666666666667 0.0265625 0.0375
0 0.828125 0.43645833333333334 0.025 0.03958333333333333
0 0.8648739495798319 0.409375 0.025 0.03958333333333333
0 0.63771875 0.23324999999999999 0.0265625 0.03333333333333333
0 0.7586413388324873 0.10410321489001692 0.0265625 0.03333333333333333
0 0.71015625 0.6354166666666666 0.0265625 0.03333333333333333
0 0.5292863175675675 0.5907094594594594 0.0296875 0.03333333333333333
0 0.46550611413043474 0.4324501811594203 0.0265625 0.03333333333333333
0 0.85859375 0.396875 0.028125 0.0375
0 0.9417834051724139 0.9505028735632184 0.0234375 0.035416666666666666
0 0.58828125 0.11875 0.0296875 0.05
0 0.6015625 0.20625 0.025 0.04583333333333333
0 0.85625 0.22395833333333334 0.0375 0.04375
0 0.49110285194174763 0.7514461974110032 0.0421875 0.04375
0 0.9440848214285713 0.5215773809523809 0.0296875 0.039583333333333276
0 0.14488636363636365 0.9801136363636364 0.0203125 0.03125
0 0.48569899706457925 0.04510967058056099 0.025 0.027083333333333334
0 0.5071727362204724 0.02225229658792651 0.0296875 0.03125000000000001
0 0.358466061827957 0.05807571684587813 0.0234375 0.027083333333333334
1 0.57109375 0.13333333333333333 0.0890625 0.1125
1 0.3203125 0.21041666666666667 0.103125 0.09583333333333334
