0 0.2670188601321586 0.4332415565345081 0.0265625 0.0375
0 0.23828125 0.5770833333333333 0.0265625 0.0375
0 0.24228647908366532 0.85625 0.0265625 0.0375
0 0.19453125 0.8458333333333333 0.0265625 0.0375
0 0.08359375 0.80625 0.0265625 0.0375
0 0.019117825875486383 0.7523508430609598 0.0265625 0.0375
0 0.13515625 0.18958333333333333 0.0265625 0.0375
0 0.23111213235294117 0.1860294117647059 0.0265625 0.041666666666666664
0 0.258837890625 0.1330078125 0.0265625 0.0375
0 0.28241906474820144 0.22031624700239807 0.0265625 0.0375
0 0.2875404631474104 0.3343210491367862 0.0265625 0.0375
0 0.1625 0.53125 0.028125 0.05
0 0.54462890625 0.9516637731481481 0.0265625 0.0375
0 0.6368445444915254 0.5824505649717514 0.0265625 0.0375
0 0.48828125 0.86875 0.0265625 0.0375
0 0.8449498159186536 0.8503068022440393 0.0265625 0.0375
0 0.8355748159186536 0.9753068022440393 0.0265625 0.0375
0 0.8522670494389901 0.7521856007480131 0.0265625 0.0375
0 0.828125 0.43645833333333334 0.025 0.03958333333333333
0 0.8668316701680672 0.409375 0.025 0.03958333333333333
0 0.6629701028138528 0.17645202020202022 0.0265625 0.03333333333333333
0 0.7717589106425703 0.07991967871485944 0.0265625 0.03333333333333333
0 0.71015625 0.6354166666666666 0.0265625 0.03333333333333333
0 0.5763179866412214 0.5224475190839695 0.026932251908396942 0.03333333333333328
0 0.4890837791828794 0.40530966277561603 0.0265625 0.03333333333333333
0 0.006546874999999999 0.2970625 0.013093749999999998 0.034458333333333376
0 0.4640625 0.44895833333333335 0.028125 0.0375
0 0.76171875 0.196875 0.0265625 0.03333333333333333
0 0.9778685290404041 0.8412352693602693 0.023050820707070763 0.035416666666666666
0 0.58828125 0.11875 0.0296875 0.05
0 0.6015625 0.20625 0.025 0.04583333333333333
0 0.059375 0.13854166666666667 0.0296875 0.03958333333333333
0 0.85625 0.22395833333333334 0.0375 0.04375
0 0.4998252467105263 0.7389871162280702 0.0421875 0.04375
0 0.5008928571428571 0.021279761904761905 0.025 0.027083333333333334
0 0.287109375 0.19427083333333334 0.028125 0.0375
0 0.5198153409090909 0.011363636363636364 0.0296875 0.01875
0 0.3721205357142857 0.014263392857142858 0.0234375 0.02293154761904762
1 0.57109375 0.13333333333333333 0.0890625 0.1125
1 0.3203125 0.21041666666666667 0.103125 0.09583333333333334
