0 0.26484375 0.4354166666666667 0.0265625 0.0375
0 0.23828125 0.5770833333333333 0.0265625 0.0375
0 0.2413601842629482 0.85625 0.0265625 0.0375
0 0.19453125 0.8458333333333333 0.0265625 0.0375
0 0.08359375 0.80625 0.0265625 0.0375
0 0.006125710227272727 0.7902698863636365 0.012251420454545454 0.031581439393939446
0 0.13515625 0.18958333333333333 0.0265625 0.0375
0 0.31171875 0.23875 0.0265625 0.041666666666666664
0 0.24196875 0.16319999999999998 0.0265625 0.0375
0 0.27957223360655736 0.22479508196721312 0.0265625 0.0375
0 0.25252026673640166 0.3684536262203626 0.0265625 0.0375
0 0.5359638085651538 0.9760767447535383 0.0265625 0.0375
0 0.6287987918215613 0.6067534076827757 0.0265625 0.0375
0 0.48828125 0.86875 0.0265625 0.0375
0 0.84296875 0.85625 0.0265625 0.0375
0 0.83359375 0.98125 0.0265625 0.0375
0 0.8470071231617646 0.7541666666666667 0.0265625 0.0375
0 0.828125 0.43645833333333334 0.025 0.03958333333333333
0 0.8653663340336134 0.409375 0.025 0.03958333333333333
0 0.6478595020325203 0.22212059620596208 0.0265625 0.03333333333333333
0 0.7624215612449798 0.09859437751004016 0.0265625 0.03333333333333333
0 0.71015625 0.6354166666666666 0.0265625 0.03333333333333333
0 0.5443718112244899 0.5772250566893423 0.0296875 0.03333333333333333
0 0.47143522350993383 0.42391004415011035 0.0265625 0.03333333333333333
0 0.76875 0.4270833333333333 0.028125 0.0375
0 0.9530082614942529 0.922066570881226 0.0234375 0.035416666666666666
0 0.58828125 0.11875 0.0296875 0.05
0 0.6015625 0.20625 0.025 0.04583333333333333
0 0.85625 0.22395833333333334 0.0375 0.04375
0 0.75859375 0.053125 0.0296875 0.03333333333333333
0 0.49276206007281553 0.7492339199029127 0.0421875 0.04375
0 0.9848958333333334 0.3579861111111111 0.028125 0.04375
0 0.49284793814432987 0.038412800687285226 0.025 0.027083333333333334
0 0.50703125 0.01875 0.0296875 0.025
0 0.36140625000000004 0.046875 0.0234375 0.027083333333333334
1 0.57109375 0.13333333333333333 0.0890625 0.1125
1 0.3203125 0.21041666666666667 0.103125 0.09583333333333334
