0 0.26484375 0.4354166666666667 0.0265625 0.0375
0 0.23828125 0.5770833333333333 0.0265625 0.0375
0 0.24201506474103587 0.85625 0.0265625 0.0375
0 0.19453125 0.8458333333333333 0.0265625 0.0375
0 0.08359375 0.80625 0.0265625 0.0375
0 0.01646704766536965 0.7607449740596628 0.0265625 0.0375
0 0.13515625 0.18958333333333333 0.0265625 0.0375
0 0.25807291666666665 0.21666666666666667 0.0265625 0.041666666666666664
0 0.2508544921875 0.14365234375 0.0265625 0.0375
0 0.2818064298561151 0.22113309352517987 0.0265625 0.0375
0 0.2787194970119522 0.34608233731739707 0.0265625 0.0375
0 0.1046875 0.5375 0.028125 0.05
0 0.533984375 0.9721643518518519 0.0265625 0.0375
0 0.631792902542373 0.593997175141243 0.0265625 0.0375
0 0.48828125 0.86875 0.0265625 0.0375
0 0.8439943460729312 0.8531732117812062 0.0265625 0.0375
0 0.8346193460729312 0.9781732117812062 0.0265625 0.0375
0 0.8515504470546984 0.7531410705937354 0.0265625 0.0375
0 0.828125 0.43645833333333334 0.025 0.03958333333333333
0 0.8664023109243697 0.409375 0.025 0.03958333333333333
0 0.6614955357142857 0.18333333333333332 0.0265625 0.03333333333333333
0 0.76902296686747 0.08539156626506024 0.0265625 0.03333333333333333
0 0.71015625 0.6354166666666666 0.0265625 0.03333333333333333
0 0.5672173187022901 0.5354484732824428 0.028232347328244332 0.033333333333333395
0 0.48245683365758757 0.40619325551232166 0.0265625 0.03333333333333333
0 0.56875 0.5458333333333333 0.028125 0.0375
0 0.69609375 0.08541666666666667 0.0265625 0.03333333333333333
0 0.9754006410256411 0.8598290598290599 0.0234375 0.035416666666666666
0 0.58828125 0.11875 0.0296875 0.05
0 0.6015625 0.20625 0.025 0.04583333333333333
0 0.85625 0.22395833333333334 0.0375 0.04375
0 0.95234375 0.25625 0.0328125 0.041666666666666664
0 0.49646381578947374 0.7442160087719298 0.0421875 0.04375
0 0.5041369047619048 0.024163359788359786 0.025 0.027083333333333334
0 0.13125 0.2760416666666667 0.028125 0.0375
0 0.514654356060606 0.013083964646464647 0.0296875 0.01875
0 0.36759240591397846 0.023308691756272402 0.0234375 0.027083333333333334
0 0.11796875 0.0109375 0.0265625 0.021875
1 0.57109375 0.13333333333333333 0.0890625 0.1125
1 0.3203125 0.21041666666666667 0.103125 0.09583333333333334
