0 0.26484375 0.4354166666666667 0.0265625 0.0375
0 0.23828125 0.5770833333333333 0.0265625 0.0375
0 0.24083478585657372 0.85625 0.0265625 0.0375
0 0.19453125 0.8458333333333333 0.0265625 0.0375
0 0.08359375 0.80625 0.0265625 0.0375
0 0.00546875 0.8104166666666667 0.0109375 0.03333333333333333
0 0.13515625 0.18958333333333333 0.0265625 0.0375
0 0.30859375 0.21666666666666667 0.0265625 0.041666666666666664
0 0.23490823412698414 0.1744378306878307 0.0265625 0.0375
0 0.2720056352459016 0.24064890710382514 0.0265625 0.0375
0 0.23760416666666667 0.37798611111111113 0.0265625 0.0375
0 0.5378946284773061 0.9786511713030747 0.0265625 0.0375
0 0.6306371979553903 0.6100216852540272 0.0265625 0.0375
0 0.48828125 0.86875 0.0265625 0.0375
0 0.84296875 0.85625 0.0265625 0.0375
0 0.83359375 0.98125 0.0265625 0.0375
0 0.841552734375 0.7541666666666667 0.0265625 0.0375
0 0.828125 0.43645833333333334 0.025 0.03958333333333333
0 0.8645351890756302 0.409375 0.025 0.03958333333333333
0 0.6316631784064665 0.2357438414164742 0.0265625 0.03333333333333333
0 0.7559129124365482 0.10774111675126903 0.0265625 0.03333333333333333
0 0.71015625 0.6354166666666666 0.0265625 0.03333333333333333
0 0.5229307432432433 0.5967623873873874 0.0296875 0.03333333333333333
0 0.46319067028985506 0.4406803542673108 0.0265625 0.03333333333333333
0 0.953125 0.3951388888888889 0.028125 0.0375
0 0.9323848083941606 0.9672369221411192 0.0234375 0.035416666666666666
0 0.58828125 0.11875 0.0296875 0.05
0 0.6015625 0.20625 0.025 0.04583333333333333
0 0.85625 0.22395833333333334 0.0375 0.04375
0 0.4899613167475728 0.7529682443365696 0.0421875 0.04375
0 0.89296875 0.6135416666666667 0.0296875 0.03958333333333333
0 0.1419836956521739 0.9426177536231884 0.025 0.03958333333333333
0 0.48491010273972607 0.04616152968036529 0.025 0.027083333333333334
0 0.5077017716535434 0.023663057742782153 0.0296875 0.03125
0 0.35703125 0.06354166666666666 0.0234375 0.027083333333333334
0 0.9887890625000001 0.01203125 0.020546874999999964 0.021770833333333333
1 0.57109375 0.13333333333333333 0.0890625 0.1125
1 0.3203125 0.21041666666666667 0.103125 0.09583333333333334
