0 0.26484375 0.4354166666666667 0.0265625 0.0375
0 0.23828125 0.5770833333333333 0.0265625 0.0375
0 0.24000311254980078 0.85625 0.0265625 0.0375
0 0.19453125 0.8458333333333333 0.0265625 0.0375
0 0.08359375 0.80625 0.0265625 0.0375
0 0.13515625 0.18958333333333333 0.0265625 0.0375
0 0.21432291666666664 0.2298611111111111 0.0265625 0.041666666666666664
0 0.20865919502617802 0.19291012216404888 0.026562500000000024 0.0375
0 0.2628255208333333 0.2659722222222222 0.0265625 0.03749999999999997
0 0.2178617294520548 0.40014269406392694 0.0265625 0.0375
0 0.53984375 0.98125 0.0265625 0.0375
0 0.6286185930962344 0.6064330543933054 0.0265625 0.0375
0 0.48828125 0.86875 0.0265625 0.0375
0 0.84296875 0.85625 0.0265625 0.0375
0 0.83359375 0.98125 0.0265625 0.0375
0 0.84140625 0.7779411764705882 0.0265625 0.0375
0 0.828125 0.43645833333333334 0.025 0.03958333333333333
0 0.8640625 0.409375 0.025 0.03958333333333333
0 0.6280474162817552 0.23895785219399537 0.0265625 0.03333333333333333
0 0.73671875 0.15081018518518519 0.0265625 0.03333333333333333
0 0.71015625 0.6354166666666666 0.0265625 0.03333333333333333
0 0.49458377100840334 0.6112219887955183 0.0296875 0.03333333333333333
0 0.4588487186192468 0.4698570432357043 0.0265625 0.03333333333333333
0 0.58828125 0.11875 0.0296875 0.05
0 0.6015625 0.20625 0.025 0.04583333333333333
0 0.85625 0.22395833333333334 0.0375 0.04375
0 0.4855279126213592 0.7588794498381878 0.0421875 0.04375
0 0.7034489329268292 0.9544461382113821 0.0296875 0.03958333333333333
0 0.2055397727272727 0.7275568181818183 0.024999999999999977 0.03958333333333333
0 0.4818462573385519 0.050246656881930855 0.025 0.027083333333333334
0 0.5097563976377952 0.029142060367454068 0.0296875 0.03125
0 0.35703125 0.06354166666666666 0.0234375 0.027083333333333334
0 0.7878472222222221 0.3658564814814815 0.03437499999999991 0.03958333333333333
0 0.9720145089285716 0.03771081349206349 0.024274553571428648 0.03668154761904762
1 0.57109375 0.13333333333333333 0.0890625 0.1125
1 0.3203125 0.21041666666666667 0.103125 0.09583333333333334
