0 0.26484375 0.4354166666666667 0.0265625 0.0375
0 0.23828125 0.5770833333333333 0.0265625 0.0375
0 0.2414722360557769 0.85625 0.0265625 0.0375
0 0.19453125 0.8458333333333333 0.0265625 0.0375
0 0.08359375 0.80625 0.0265625 0.0375
0 0.006974871134020619 0.7848475085910653 0.013949742268041238 0.0318943298969072
0 0.13515625 0.18958333333333333 0.0265625 0.0375
0 0.3046875 0.24322916666666666 0.0265625 0.041666666666666664
0 0.24290625000000002 0.1602 0.0265625 0.0375
0 0.28058116007194245 0.2227667865707434 0.0265625 0.0375
0 0.2560868818681319 0.36639194139194137 0.0265625 0.0375
0 0.5355520223279648 0.9755276964372864 0.0265625 0.0375
0 0.6284067146840149 0.6060563816604709 0.0265625 0.0375
0 0.48828125 0.86875 0.0265625 0.0375
0 0.84296875 0.85625 0.0265625 0.0375
0 0.83359375 0.98125 0.0265625 0.0375
0 0.8481703814338235 0.7541666666666667 0.0265625 0.0375
0 0.828125 0.43645833333333334 0.025 0.03958333333333333
0 0.8655435924369748 0.409375 0.025 0.03958333333333333
0 0.6507177337398373 0.21678523035230354 0.0265625 0.03333333333333333
0 0.7635510793172691 0.09633534136546183 0.0265625 0.03333333333333333
0 0.71015625 0.6354166666666666 0.0265625 0.03333333333333333
0 0.5497496966019417 0.5713592233009709 0.0296875 0.03333333333333333
0 0.47329780629139073 0.4208057395143488 0.0265625 0.03333333333333333
0 0.68203125 0.4479166666666667 0.028125 0.0375
0 0.9572006777108435 0.9092494979919679 0.0234375 0.035416666666666666
0 0.58828125 0.11875 0.0296875 0.05
0 0.6015625 0.20625 0.025 0.04583333333333333
0 0.85625 0.22395833333333334 0.0375 0.04375
0 0.7940104166666666 0.05 0.029687499999999912 0.03333333333333333
0 0.493359375 0.7484375 0.0421875 0.04375
0 0.49598904639175256 0.035513316151202755 0.025 0.027083333333333338
0 0.50703125 0.017371323529411765 0.0296875 0.022242647058823527
0 0.36246471774193545 0.04284274193548387 0.0234375 0.027083333333333334
1 0.57109375 0.13333333333333333 0.0890625 0.1125
1 0.3203125 0.21041666666666667 0.103125 0.09583333333333334
