0 0.26729419052863435 0.4329662261380323 0.0265625 0.0375
0 0.23828125 0.5770833333333333 0.0265625 0.0375
0 0.2423113794820717 0.85625 0.0265625 0.0375
0 0.19453125 0.8458333333333333 0.0265625 0.0375
0 0.08359375 0.80625 0.0265625 0.0375
0 0.01936101653696498 0.7515807392996109 0.0265625 0.0375
0 0.13515625 0.18958333333333333 0.0265625 0.0375
0 0.23019301470588233 0.1866421568627451 0.0265625 0.041666666666666664
0 0.2595703125 0.13203125 0.0265625 0.0375
0 0.2824752697841727 0.22024130695443647 0.0265625 0.0375
0 0.2883497260956175 0.33324203187251 0.0265625 0.0375
0 0.16302083333333334 0.5305555555555556 0.028125 0.05000000000000006
0 0.54560546875 0.9497829861111111 0.0265625 0.0375
0 0.637307997881356 0.581391242937853 0.0265625 0.0375
0 0.48828125 0.86875 0.0265625 0.0375
0 0.8450374737026648 0.8500438288920056 0.0265625 0.0375
0 0.8356624737026648 0.9750438288920056 0.0265625 0.0375
0 0.8523327927769986 0.7520979429640018 0.0265625 0.0375
0 0.828125 0.43645833333333334 0.025 0.03958333333333333
0 0.8668710609243698 0.409375 0.025 0.03958333333333333
0 0.6631053841991342 0.17582070707070707 0.0265625 0.03333333333333333
0 0.7720099146586346 0.07941767068273092 0.0265625 0.033333333333333326
0 0.71015625 0.6354166666666666 0.0265625 0.03333333333333333
0 0.5771529103053435 0.5212547709923664 0.02681297709923669 0.03333333333333333
0 0.4896917558365759 0.4052285992217899 0.0265625 0.03333333333333333
0 0.007015625 0.2935208333333333 0.01403125 0.03404166666666667
0 0.4400390625 0.41119791666666666 0.028125 0.0375
0 0.7328125 0.21458333333333332 0.0265625 0.03333333333333333
0 0.9786182133838384 0.8391308922558923 0.022498421717171625 0.035416666666666666
0 0.58828125 0.11875 0.0296875 0.05
0 0.6015625 0.20625 0.025 0.04583333333333333
0 0.08359375 0.134375 0.0296875 0.03958333333333333
0 0.85625 0.22395833333333334 0.0375 0.04375
0 0.5001336348684211 0.7385074013157895 0.0421875 0.04375
0 0.5005952380952381 0.021015211640211643 0.025 0.027083333333333338
0 0.30520833333333336 0.1736111111111111 0.028125 0.0375
0 0.5202888257575757 0.011205808080808082 0.0296875 0.01875
0 0.3725669642857143 0.013444940476190475 0.0234375 0.02248511904761905
1 0.57109375 0.13333333333333333 0.0890625 0.1125
1 0.3203125 0.21041666666666667 0.103125 0.09583333333333334
