0 0.2740389933628319 0.4186946902654867 0.0265625 0.0375
0 0.23828125 0.5796361502347417 0.0265625 0.0375
0 0.24424515845070424 0.8528462441314554 0.0265625 0.0375
0 0.19453125 0.8458333333333333 0.0265625 0.0375
0 0.08359375 0.80625 0.0265625 0.0375
0 0.027695862676056338 0.7295481220657277 0.0265625 0.0375
0 0.13515625 0.18958333333333333 0.0265625 0.0375
0 0.20859375 0.14851190476190476 0.0265625 0.03750000000000001
0 0.3000390625 0.1029861111111111 0.0265625 0.0375
0 0.2844480665467626 0.21761091127098323 0.0265625 0.0375
0 0.31299515845070425 0.3078638497652582 0.0265625 0.0375
0 0.37369791666666663 0.25 0.0265625 0.041666666666666664
0 0.5774757922535211 0.8840082159624413 0.0265625 0.0375
0 0.6442422326589595 0.566293352601156 0.0265625 0.0375
0 0.48828125 0.86875 0.0265625 0.0375
0 0.659375 0.8145833333333333 0.0234375 0.0375
0 0.8481142619214586 0.8408134642356242 0.0265625 0.0375
0 0.8387392619214585 0.9658134642356242 0.0265625 0.0375
0 0.8546403839410941 0.749021154745208 0.0265625 0.0375
0 0.93671875 0.796875 0.0265625 0.04375
0 0.828125 0.43645833333333334 0.025 0.03958333333333333
0 0.8682536764705882 0.409375 0.025 0.03958333333333333
0 0.6361979166666667 0.15590277777777778 0.0234375 0.035416666666666666
0 0.6714969758064516 0.1400537634408602 0.0265625 0.03333333333333332
0 0.7710495661953727 0.06654884318766066 0.0265625 0.033333333333333326
0 0.7114326584507042 0.637118544600939 0.0265625 0.03333333333333333
0 0.5901298415492958 0.4877934272300469 0.0265625 0.03333333333333333
0 0.4989326584507042 0.3870305164319249 0.0265625 0.03333333333333333
0 0.01484375 0.5208333333333334 0.0296875 0.0375
0 0.015755208333333333 0.23203125 0.0265625 0.03333333333333333
0 0.1484375 0.27291666666666664 0.028125 0.0375
0 0.78515625 0.7239583333333334 0.0265625 0.03333333333333333
0 0.990673828125 0.7740234375 0.01865234375 0.034505208333333336
0 0.628125 0.428125 0.025 0.035416666666666666
0 0.58828125 0.11875 0.0296875 0.05
0 0.6015625 0.20625 0.025 0.04583333333333333
0 0.28359375 0.6 0.0390625 0.041666666666666664
0 0.48671875 0.5631944444444446 0.0296875 0.03611111111111107
0 0.85625 0.22395833333333334 0.0375 0.04375
0 0.5109580592105263 0.7216694078947369 0.0421875 0.04375
1 0.57109375 0.13333333333333333 0.0890625 0.1125
1 0.3203125 0.21041666666666667 0.103125 0.09583333333333334
