0 0.26484375 0.4354166666666667 0.0265625 0.0375
0 0.23828125 0.5770833333333333 0.0265625 0.0375
0 0.2419129731075697 0.85625 0.0265625 0.0375
0 0.19453125 0.8458333333333333 0.0265625 0.0375
0 0.08359375 0.80625 0.0265625 0.0375
0 0.015469965953307397 0.7639023994811932 0.0265625 0.0375
0 0.13515625 0.18958333333333333 0.0265625 0.0375
0 0.27157451923076925 0.23413461538461539 0.0265625 0.041666666666666664
0 0.2478515625 0.14765625 0.0265625 0.0375
0 0.2815759892086331 0.22144034772182256 0.0265625 0.0375
0 0.27569901315789475 0.3505482456140351 0.0265625 0.0375
0 0.06354166666666666 0.5625 0.028124999999999994 0.05
0 0.5339323297950219 0.9733681063933626 0.0265625 0.0375
0 0.6298927436440678 0.598340395480226 0.0265625 0.0375
0 0.48828125 0.86875 0.0265625 0.0375
0 0.8436349491584852 0.8542514025245442 0.0265625 0.0375
0 0.8342599491584852 0.9792514025245442 0.0265625 0.0375
0 0.8512808993688641 0.7535004675081814 0.0265625 0.0375
0 0.828125 0.43645833333333334 0.025 0.03958333333333333
0 0.8662408088235294 0.409375 0.025 0.03958333333333333
0 0.660940882034632 0.18592171717171718 0.0265625 0.03333333333333333
0 0.7679938504016064 0.08744979919678715 0.0265625 0.03333333333333333
0 0.71015625 0.6354166666666666 0.0265625 0.03333333333333333
0 0.5637941316793894 0.5403387404580152 0.02872137404580153 0.03333333333333328
0 0.48062396523178813 0.4085954746136865 0.0265625 0.03333333333333333
0 0.6265625 0.5791666666666667 0.028125 0.0375
0 0.65546875 0.075 0.0265625 0.03333333333333333
0 0.974579326923077 0.8653044871794873 0.0234375 0.035416666666666666
0 0.58828125 0.11875 0.0296875 0.05
0 0.6015625 0.20625 0.025 0.04583333333333333
0 0.85625 0.22395833333333334 0.0375 0.04375
0 0.9184895833333334 0.22777777777777777 0.0328125 0.041666666666666664
0 0.4957088137135922 0.7453049150485438 0.0421875 0.04375
0 0.5053571428571428 0.025248015873015877 0.025 0.027083333333333338
0 0.08046875 0.30520833333333336 0.0296875 0.03958333333333333
0 0.5127130681818182 0.013731060606060604 0.0296875 0.01875
0 0.3666280241935484 0.026982526881720433 0.0234375 0.027083333333333338
0 0.03046875 0.09930555555555555 0.0296875 0.03333333333333333
1 0.57109375 0.13333333333333333 0.0890625 0.1125
1 0.3203125 0.21041666666666667 0.103125 0.09583333333333334
