0 0.26723912444933917 0.4330212922173275 0.0265625 0.0375
0 0.23828125 0.5770833333333333 0.0265625 0.0375
0 0.24230639940239046 0.85625 0.0265625 0.0375
0 0.19453125 0.8458333333333333 0.0265625 0.0375
0 0.08359375 0.80625 0.0265625 0.0375
0 0.01931237840466926 0.7517347600518807 0.0265625 0.0375
0 0.13515625 0.18958333333333333 0.0265625 0.0375
0 0.23037683823529412 0.18651960784313726 0.0265625 0.041666666666666664
0 0.259423828125 0.1322265625 0.0265625 0.0375
0 0.2824640287769784 0.22025629496402876 0.0265625 0.0375
0 0.2881878735059761 0.3334578353253652 0.0265625 0.0375
0 0.1640625 0.5270833333333333 0.028125 0.05
0 0.54541015625 0.9501591435185186 0.0265625 0.0375
0 0.6372153072033898 0.5816031073446327 0.0265625 0.0375
0 0.48828125 0.86875 0.0265625 0.0375
0 0.8450199421458626 0.8500964235624123 0.0265625 0.0375
0 0.8356449421458626 0.9750964235624123 0.0265625 0.0375
0 0.8523196441093969 0.7521154745208042 0.0265625 0.0375
0 0.828125 0.43645833333333334 0.025 0.03958333333333333
0 0.8668631827731093 0.409375 0.025 0.03958333333333333
0 0.6630783279220779 0.17594696969696969 0.0265625 0.03333333333333333
0 0.7719597138554217 0.07951807228915662 0.0265625 0.03333333333333333
0 0.71015625 0.6354166666666666 0.0265625 0.03333333333333333
0 0.576985925572519 0.5214933206106871 0.026836832061068704 0.03333333333333333
0 0.48957016050583657 0.40524481193255507 0.0265625 0.03333333333333333
0 0.006921874999999999 0.29422916666666665 0.013843749999999998 0.03412499999999999
0 0.4421875 0.4270833333333333 0.028125 0.0375
0 0.7377604166666667 0.2076388888888889 0.0265625 0.03333333333333333
0 0.9784682765151516 0.8395517676767678 0.022608901515151558 0.035416666666666666
0 0.58828125 0.11875 0.0296875 0.05
0 0.6015625 0.20625 0.025 0.04583333333333333
0 0.08046875 0.12604166666666666 0.0296875 0.03958333333333333
0 0.85625 0.22395833333333334 0.0375 0.04375
0 0.5000719572368422 0.7386033442982457 0.0421875 0.04375
0 0.5006547619047619 0.021068121693121698 0.025 0.027083333333333338
0 0.30833333333333335 0.1798611111111111 0.028125 0.0375
0 0.5201941287878789 0.011237373737373739 0.0296875 0.01875
0 0.37247767857142855 0.013608630952380952 0.0234375 0.02257440476190476
1 0.57109375 0.13333333333333333 0.0890625 0.1125
1 0.3203125 0.21041666666666667 0.103125 0.09583333333333334
