0 0.26484375 0.4354166666666667 0.0265625 0.0375
0 0.23828125 0.5770833333333333 0.0265625 0.0375
0 0.24189554282868525 0.85625 0.0265625 0.0375
0 0.19453125 0.8458333333333333 0.0265625 0.0375
0 0.08359375 0.80625 0.0265625 0.0375
0 0.015299732490272371 0.7644414721141375 0.0265625 0.0375
0 0.13515625 0.18958333333333333 0.0265625 0.0375
0 0.27578125 0.25 0.0265625 0.041666666666666664
0 0.2473388671875 0.14833984375 0.0265625 0.0375
0 0.28153664568345327 0.22149280575539568 0.0265625 0.0375
0 0.27521929824561403 0.3513157894736842 0.0265625 0.0375
0 0.06517857142857143 0.5761904761904761 0.028125 0.05
0 0.533996385431918 0.973453513909224 0.0265625 0.0375
0 0.6295683262711864 0.5990819209039547 0.0265625 0.0375
0 0.48828125 0.86875 0.0265625 0.0375
0 0.8435735887096774 0.8544354838709677 0.0265625 0.0375
0 0.8341985887096774 0.9794354838709677 0.0265625 0.0375
0 0.851234879032258 0.7535618279569892 0.0265625 0.0375
0 0.828125 0.43645833333333334 0.025 0.03958333333333333
0 0.8662132352941176 0.409375 0.025 0.03958333333333333
0 0.660846185064935 0.18636363636363637 0.0265625 0.03333333333333333
0 0.7678181475903615 0.08780120481927711 0.0265625 0.03333333333333333
0 0.71015625 0.6354166666666666 0.0265625 0.03333333333333333
0 0.5632096851145038 0.5411736641221374 0.028804866412213758 0.03333333333333333
0 0.4803342301324503 0.4090783664459161 0.0265625 0.03333333333333333
0 0.635546875 0.5875 0.028125 0.0375
0 0.6419270833333333 0.07222222222222222 0.0265625 0.033333333333333326
0 0.9744391025641026 0.8662393162393162 0.0234375 0.035416666666666666
0 0.58828125 0.11875 0.0296875 0.05
0 0.6015625 0.20625 0.025 0.04583333333333333
0 0.85625 0.22395833333333334 0.0375 0.04375
0 0.91640625 0.234375 0.0328125 0.04375
0 0.4956158980582524 0.7454288025889968 0.0421875 0.04375
0 0.5055654761904762 0.02543320105820106 0.025 0.027083333333333334
0 0.06953125 0.271875 0.0296875 0.03958333333333333
0 0.5123816287878789 0.013841540404040405 0.0296875 0.01875
0 0.36646337365591397 0.027609767025089608 0.0234375 0.027083333333333334
0 0.01171875 0.08125 0.0234375 0.020833333333333332
1 0.57109375 0.13333333333333333 0.0890625 0.1125
1 0.3203125 0.21041666666666667 0.103125 0.09583333333333334
