0 0.26484375 0.4354166666666667 0.0265625 0.0375
0 0.23828125 0.5770833333333333 0.0265625 0.0375
0 0.24002303286852592 0.85625 0.0265625 0.0375
0 0.19453125 0.8458333333333333 0.0265625 0.0375
0 0.08359375 0.80625 0.0265625 0.0375
0 0.13515625 0.18958333333333333 0.0265625 0.0375
0 0.20921875 0.21791666666666665 0.0265625 0.041666666666666664
0 0.2090518651832461 0.19203752181500872 0.0265625 0.0375
0 0.26334635416666663 0.2648611111111111 0.0265625 0.03749999999999997
0 0.21837542808219176 0.39945776255707766 0.0265625 0.0375
0 0.53984375 0.98125 0.0265625 0.0375
0 0.6287754968619247 0.6067119944211995 0.0265625 0.0375
0 0.48828125 0.86875 0.0265625 0.0375
0 0.84296875 0.85625 0.0265625 0.0375
0 0.83359375 0.98125 0.0265625 0.0375
0 0.84140625 0.7769607843137255 0.0265625 0.0375
0 0.828125 0.43645833333333334 0.025 0.03958333333333333
0 0.8640625 0.409375 0.025 0.03958333333333333
0 0.6281340213625867 0.23888086989992302 0.0265625 0.03333333333333333
0 0.73671875 0.14988425925925924 0.0265625 0.03333333333333333
0 0.71015625 0.6354166666666666 0.0265625 0.03333333333333333
0 0.49537158613445376 0.6108018207282913 0.0296875 0.03333333333333333
0 0.458901019874477 0.46922942817294283 0.0265625 0.03333333333333333
0 0.58828125 0.11875 0.0296875 0.05
0 0.6015625 0.20625 0.025 0.04583333333333333
0 0.85625 0.22395833333333334 0.0375 0.04375
0 0.4856341019417476 0.7587378640776699 0.0421875 0.04375
0 0.7080221036585366 0.9495680894308943 0.0296875 0.03958333333333333
0 0.2100852272727273 0.7356376262626263 0.025000000000000022 0.03958333333333333
0 0.4819196428571429 0.05014880952380952 0.025 0.027083333333333334
0 0.5097071850393701 0.029010826771653543 0.0296875 0.03125
0 0.35703125 0.06354166666666666 0.0234375 0.027083333333333334
0 0.7916666666666666 0.3565972222222222 0.03437499999999991 0.03958333333333333
0 0.9724162946428571 0.037095734126984116 0.02418526785714281 0.03632440476190476
1 0.57109375 0.13333333333333333 0.0890625 0.1125
1 0.3203125 0.21041666666666667 0.103125 0.09583333333333334
