0 0.26484375 0.4354166666666667 0.0265625 0.0375
0 0.23828125 0.5770833333333333 0.0265625 0.0375
0 0.24134275398406374 0.85625 0.0265625 0.0375
0 0.19453125 0.8458333333333333 0.0265625 0.0375
0 0.08359375 0.80625 0.0265625 0.0375
0 0.0061008522727272725 0.7910321969696971 0.012201704545454545 0.031647727272727265
0 0.13515625 0.18958333333333333 0.0265625 0.0375
0 0.31640625 0.23333333333333334 0.0265625 0.041666666666666664
0 0.2418229166666667 0.16366666666666668 0.0265625 0.0375
0 0.27932120901639346 0.22532103825136612 0.0265625 0.0375
0 0.2520168671548117 0.36875871687587164 0.0265625 0.0375
0 0.5360278642020498 0.9761621522693997 0.0265625 0.0375
0 0.6288597815985131 0.606861833952912 0.0265625 0.0375
0 0.48828125 0.86875 0.0265625 0.0375
0 0.84296875 0.85625 0.0265625 0.0375
0 0.83359375 0.98125 0.0265625 0.0375
0 0.846826171875 0.7541666666666667 0.0265625 0.0375
0 0.828125 0.43645833333333334 0.025 0.03958333333333333
0 0.8653387605042017 0.409375 0.025 0.03958333333333333
0 0.6474148882113822 0.22295054200542005 0.0265625 0.03333333333333333
0 0.7622458584337349 0.09894578313253012 0.0265625 0.03333333333333333
0 0.71015625 0.6354166666666666 0.0265625 0.03333333333333333
0 0.5434789540816326 0.5780187074829932 0.0296875 0.03333333333333333
0 0.47114548841059606 0.42439293598233996 0.0265625 0.03333333333333333
0 0.7671875 0.453125 0.028125 0.0375
0 0.9523796695402298 0.9236590038314176 0.0234375 0.035416666666666666
0 0.58828125 0.11875 0.0296875 0.05
0 0.6015625 0.20625 0.025 0.04583333333333333
0 0.85625 0.22395833333333334 0.0375 0.04375
0 0.7421875 0.030208333333333334 0.0296875 0.03333333333333333
0 0.4926691444174757 0.7493578074433657 0.0421875 0.04375
0 0.9771875 0.36395833333333333 0.028125 0.04375
0 0.4923593213058419 0.038863831615120276 0.025 0.027083333333333334
0 0.50703125 0.018964460784313728 0.0296875 0.025428921568627454
0 0.36124159946236556 0.047502240143369186 0.0234375 0.027083333333333334
1 0.57109375 0.13333333333333333 0.0890625 0.1125
1 0.3203125 0.21041666666666667 0.103125 0.09583333333333334
