0 0.27143943584070795 0.4279375614552606 0.0265625 0.0375
0 0.23828125 0.5770833333333333 0.0265625 0.0375
0 0.24271725597609564 0.85625 0.0265625 0.0375
0 0.19453125 0.8458333333333333 0.0265625 0.0375
0 0.08359375 0.80625 0.0265625 0.0375
0 0.023325024319066145 0.7390280479896238 0.0265625 0.0375
0 0.13515625 0.18958333333333333 0.0265625 0.0375
0 0.22232142857142856 0.1777529761904762 0.0265625 0.041666666666666664
0 0.27648841594827583 0.11764547413793101 0.0265625 0.037499999999999985
0 0.2833914118705036 0.21901978417266185 0.0265625 0.0375
0 0.3021864513422819 0.31747762863534673 0.0265625 0.0375
0 0.25859375 0.4166666666666667 0.0265625 0.041666666666666664
0 0.5608805877483444 0.9164459161147903 0.0265625 0.0375
0 0.6391483020231215 0.5719532755298651 0.0265625 0.0375
0 0.48828125 0.86875 0.0265625 0.0375
0 0.98046875 0.971875 0.0234375 0.035416666666666666
0 0.8464662955820478 0.8457573632538569 0.0265625 0.0375
0 0.8370912955820478 0.9707573632538569 0.0265625 0.0375
0 0.8534044091865358 0.7506691210846189 0.0265625 0.0375
0 0.828125 0.43645833333333334 0.025 0.03958333333333333
0 0.8675131302521008 0.409375 0.025 0.03958333333333333
0 0.6670767965587044 0.15855263157894736 0.0265625 0.03333333333333333
0 0.7733149903598971 0.07258997429305912 0.0265625 0.033333333333333326
0 0.71015625 0.6354166666666666 0.0265625 0.03333333333333333
0 0.5866600093984962 0.5016604010025063 0.0265625 0.03333333333333333
0 0.49765625 0.4006578947368421 0.0265625 0.03333333333333333
0 0.01328125 0.26875 0.0265625 0.03333333333333333
0 0.32265625 0.44583333333333336 0.028125 0.0375
0 0.74921875 0.4895833333333333 0.0265625 0.03333333333333333
0 0.9908380681818183 0.8048295454545454 0.013494318181818166 0.035416666666666666
0 0.728515625 0.7567708333333333 0.0296875 0.041666666666666664
0 0.58828125 0.11875 0.0296875 0.05
0 0.6015625 0.20625 0.025 0.04583333333333333
0 0.19765625 0.36944444444444446 0.0359375 0.04583333333333333
0 0.85625 0.22395833333333334 0.0375 0.04375
0 0.5051603618421052 0.7306880482456141 0.0421875 0.04375
1 0.57109375 0.13333333333333333 0.0890625 0.1125
1 0.3203125 0.21041666666666667 0.103125 0.09583333333333334
