0 0.26484375 0.4354166666666667 0.0265625 0.0375
0 0.23828125 0.5770833333333333 0.0265625 0.0375
0 0.24152203685258966 0.85625 0.0265625 0.0375
0 0.19453125 0.8458333333333333 0.0265625 0.0375
0 0.08359375 0.80625 0.0265625 0.0375
0 0.008424613402061857 0.7816258591065293 0.016849226804123714 0.0331829896907216
0 0.13515625 0.18958333333333333 0.0265625 0.0375
0 0.30859375 0.24791666666666667 0.0265625 0.041666666666666664
0 0.24332291666666667 0.15886666666666666 0.0265625 0.0375
0 0.2806935701438849 0.22261690647482013 0.0265625 0.0375
0 0.2591775412087912 0.365018315018315 0.0265625 0.0375
0 0.5353690062225476 0.9752836749633967 0.0265625 0.0375
0 0.6282324581784386 0.6057465923172243 0.0265625 0.0375
0 0.48828125 0.86875 0.0265625 0.0375
0 0.84296875 0.85625 0.0265625 0.0375
0 0.83359375 0.98125 0.0265625 0.0375
0 0.8486873851102942 0.7541666666666667 0.0265625 0.0375
0 0.828125 0.43645833333333334 0.025 0.03958333333333333
0 0.8656223739495799 0.409375 0.025 0.03958333333333333
0 0.6536358173076924 0.21286057692307692 0.0265625 0.03333333333333333
0 0.7640530873493976 0.09533132530120483 0.0265625 0.03333333333333333
0 0.71015625 0.6354166666666666 0.0265625 0.03333333333333333
0 0.5512666868932039 0.5669093851132686 0.0296875 0.03333333333333333
0 0.47412562086092713 0.4194260485651214 0.0265625 0.03333333333333333
0 0.6953125 0.4861111111111111 0.028125 0.0375
0 0.9590832078313254 0.9032254016064257 0.0234375 0.035416666666666666
0 0.58828125 0.11875 0.0296875 0.05
0 0.6015625 0.20625 0.025 0.04583333333333333
0 0.85625 0.22395833333333334 0.0375 0.04375
0 0.8111979166666666 0.10138888888888889 0.029687499999999912 0.03333333333333333
0 0.49362484830097086 0.7480835355987056 0.0421875 0.04375
0 0.49738509450171825 0.03422465635738832 0.025 0.027083333333333334
0 0.50703125 0.01675857843137255 0.0296875 0.021017156862745096
0 0.36293514784946235 0.04105062724014337 0.0234375 0.027083333333333334
1 0.57109375 0.13333333333333333 0.0890625 0.1125
1 0.3203125 0.21041666666666667 0.103125 0.09583333333333334
