0 0.26484375 0.4354166666666667 0.0265625 0.0375
0 0.23828125 0.5770833333333333 0.0265625 0.0375
0 0.24093189741035856 0.85625 0.0265625 0.0375
0 0.19453125 0.8458333333333333 0.0265625 0.0375
0 0.08359375 0.80625 0.0265625 0.0375
0 0.005514914772727272 0.809000946969697 0.011029829545454544 0.033210227272727266
0 0.13515625 0.18958333333333333 0.0265625 0.0375
0 0.31054002192982455 0.2224049707602339 0.0265625 0.041666666666666664
0 0.23838541666666666 0.17466666666666666 0.0265625 0.0375
0 0.2734042008196721 0.23771857923497267 0.0265625 0.0375
0 0.240151019874477 0.37595013947001393 0.0265625 0.0375
0 0.5375377470717424 0.9781753294289898 0.0265625 0.0375
0 0.6302973977695168 0.6094175960346964 0.0265625 0.0375
0 0.48828125 0.86875 0.0265625 0.0375
0 0.84296875 0.85625 0.0265625 0.0375
0 0.83359375 0.98125 0.0265625 0.0375
0 0.8425608915441176 0.7541666666666667 0.0265625 0.0375
0 0.828125 0.43645833333333334 0.025 0.03958333333333333
0 0.8646888130252102 0.409375 0.025 0.03958333333333333
0 0.632578125 0.23520833333333335 0.0265625 0.03333333333333333
0 0.7571502220812183 0.10609137055837564 0.0265625 0.03333333333333333
0 0.71015625 0.6354166666666666 0.0265625 0.03333333333333333
0 0.5258129222972973 0.594017454954955 0.0296875 0.03333333333333333
0 0.46407382246376816 0.43675523349436396 0.0265625 0.03333333333333333
0 0.9145833333333334 0.4173611111111111 0.028125 0.0375
0 0.9372776003649635 0.960713199513382 0.0234375 0.035416666666666666
0 0.58828125 0.11875 0.0296875 0.05
0 0.6015625 0.20625 0.025 0.04583333333333333
0 0.85625 0.22395833333333334 0.0375 0.04375
0 0.490478989684466 0.7522780137540453 0.0421875 0.04375
0 0.90546875 0.5677083333333334 0.0296875 0.03958333333333333
0 0.13957122093023255 0.9500242248062015 0.025 0.03958333333333333
0 0.48526785714285714 0.04568452380952381 0.025 0.02708333333333333
0 0.5074618602362204 0.02302329396325459 0.0296875 0.03125
0 0.3573605510752688 0.06228718637992832 0.0234375 0.027083333333333334
1 0.57109375 0.13333333333333333 0.0890625 0.1125
1 0.3203125 0.21041666666666667 0.103125 0.09583333333333334
