0 0.26484375 0.4354166666666667 0.0265625 0.0375
0 0.23828125 0.5770833333333333 0.0265625 0.0375
0 0.24028448705179284 0.85625 0.0265625 0.0375
0 0.19453125 0.8458333333333333 0.0265625 0.0375
0 0.08359375 0.80625 0.0265625 0.0375
0 0.13515625 0.18958333333333333 0.0265625 0.0375
0 0.27015625 0.19958333333333333 0.0265625 0.041666666666666664
0 0.2142056609947644 0.1805846422338569 0.0265625 0.0375
0 0.26763091216216217 0.25343468468468466 0.0265625 0.0375
0 0.22578125 0.3923611111111111 0.0265625 0.0375
0 0.53984375 0.98125 0.0265625 0.0375
0 0.6308348587866109 0.6103730822873082 0.0265625 0.0375
0 0.48828125 0.86875 0.0265625 0.0375
0 0.84296875 0.85625 0.0265625 0.0375
0 0.83359375 0.98125 0.0265625 0.0375
0 0.8396164772727273 0.7618939393939393 0.0265625 0.0375
0 0.828125 0.43645833333333334 0.025 0.03958333333333333
0 0.8640625 0.409375 0.025 0.03958333333333333
0 0.6292707130484988 0.23787047729022326 0.0265625 0.03333333333333333
0 0.7456972947761195 0.13277363184079602 0.0265625 0.03333333333333333
0 0.71015625 0.6354166666666666 0.0265625 0.03333333333333333
0 0.5057116596638656 0.6052871148459383 0.0296875 0.03333333333333333
0 0.45958747384937243 0.46099198047419804 0.0265625 0.03333333333333333
0 0.58828125 0.11875 0.0296875 0.05
0 0.6015625 0.20625 0.025 0.04583333333333333
0 0.85625 0.22395833333333334 0.0375 0.04375
0 0.4870278367718447 0.7568795509708738 0.0421875 0.04375
0 0.77421875 0.8983630952380952 0.0296875 0.03958333333333333
0 0.20163690476190474 0.8519345238095238 0.024999999999999977 0.03958333333333333
0 0.48288282778864977 0.04886456294846706 0.025 0.027083333333333334
0 0.5090612696850394 0.027288385826771653 0.0296875 0.03125
0 0.35703125 0.06354166666666666 0.0234375 0.027083333333333334
0 0.759375 0.22020833333333334 0.034375 0.03958333333333333
0 0.977689732142857 0.02902281746031746 0.023013392857142812 0.031636904761904755
1 0.57109375 0.13333333333333333 0.0890625 0.1125
1 0.3203125 0.21041666666666667 0.103125 0.09583333333333334
