0 0.26484375 0.4354166666666667 0.0265625 0.0375
0 0.23828125 0.5770833333333333 0.0265625 0.0375
0 0.24117592131474103 0.85625 0.0265625 0.0375
0 0.19453125 0.8458333333333333 0.0265625 0.0375
0 0.08359375 0.80625 0.0265625 0.0375
0 0.005862926136363637 0.7983285984848485 0.011725852272727273 0.03228219696969698
0 0.13515625 0.18958333333333333 0.0265625 0.0375
0 0.31953125 0.22430555555555556 0.0265625 0.041666666666666664
0 0.24042708333333335 0.16813333333333336 0.0265625 0.0375
0 0.2769185450819672 0.2303551912568306 0.0265625 0.0375
0 0.24719861401673643 0.37167887029288704 0.0265625 0.0375
0 0.5366409681551977 0.9769796242069302 0.0265625 0.0375
0 0.6294435408921932 0.6078996282527881 0.0265625 0.0375
0 0.48828125 0.86875 0.0265625 0.0375
0 0.84296875 0.85625 0.0265625 0.0375
0 0.83359375 0.98125 0.0265625 0.0375
0 0.8450942095588235 0.7541666666666667 0.0265625 0.0375
0 0.828125 0.43645833333333334 0.025 0.03958333333333333
0 0.8650748424369749 0.409375 0.025 0.03958333333333333
0 0.6431592987804878 0.23089430894308943 0.0265625 0.03333333333333333
0 0.7602593591370559 0.10194585448392555 0.0265625 0.03333333333333333
0 0.71015625 0.6354166666666666 0.0265625 0.03333333333333333
0 0.5349330357142856 0.5856150793650793 0.0296875 0.03333333333333333
0 0.4681046195652174 0.4289855072463768 0.0265625 0.03333333333333333
0 0.81875 0.40694444444444444 0.028125 0.0375
0 0.9463631465517242 0.9389008620689655 0.0234375 0.035416666666666666
0 0.58828125 0.11875 0.0296875 0.05
0 0.6015625 0.20625 0.025 0.04583333333333333
0 0.85625 0.22395833333333334 0.0375 0.04375
0 0.49177980885922334 0.7505435881877022 0.0421875 0.04375
0 0.9546875 0.428125 0.028125 0.04375
0 0.4876825601374571 0.043180841924398625 0.025 0.027083333333333334
0 0.50703125 0.021017156862745096 0.0296875 0.029534313725490195
0 0.35966565860215055 0.053505824372759865 0.0234375 0.02708333333333334
1 0.57109375 0.13333333333333333 0.0890625 0.1125
1 0.3203125 0.21041666666666667 0.103125 0.09583333333333334
