0 0.27491012168141593 0.4155973451327434 0.0265625 0.0375
0 0.23828125 0.5814847417840376 0.0265625 0.0375
0 0.2451694542253521 0.8503814553990611 0.0265625 0.0375
0 0.19453125 0.8458333333333333 0.0265625 0.0375
0 0.08359375 0.80625 0.0265625 0.0375
0 0.02908230633802817 0.7283157276995306 0.0265625 0.0375
0 0.13515625 0.18958333333333333 0.0265625 0.0375
0 0.20296875 0.13625 0.0265625 0.03750000000000001
0 0.307421875 0.09861111111111112 0.0265625 0.0375
0 0.2848021582733813 0.21713878896882494 0.0265625 0.0375
0 0.3139194542253521 0.3060152582159625 0.0265625 0.0375
0 0.41484375 0.16875 0.0265625 0.041666666666666664
0 0.5820972711267606 0.878462441314554 0.0265625 0.0375
0 0.6459492413294797 0.5643966763005781 0.0265625 0.0375
0 0.48828125 0.86875 0.0265625 0.0375
0 0.54921875 0.8072916666666666 0.0265625 0.0375
0 0.8486665059607293 0.839156732117812 0.0265625 0.0375
0 0.8392915059607293 0.964156732117812 0.0265625 0.0375
0 0.8550545669705469 0.7484689107059374 0.0265625 0.0375
0 0.90703125 0.7208333333333333 0.0265625 0.0375
0 0.828125 0.43645833333333334 0.025 0.03958333333333333
0 0.8685018382352941 0.409375 0.025 0.03958333333333333
0 0.69765625 0.16458333333333333 0.0234375 0.035416666666666666
0 0.6728578629032258 0.13461021505376344 0.0265625 0.03333333333333333
0 0.7702904080976863 0.06452442159383033 0.0265625 0.03333333333333333
0 0.7123569542253521 0.6383509389671361 0.0265625 0.03333333333333333
0 0.5892055457746479 0.4834800469483568 0.0265625 0.03333333333333333
0 0.4998569542253521 0.38518192488262915 0.0265625 0.03333333333333333
0 0.09828125000000001 0.5175 0.029687500000000012 0.03749999999999994
0 0.01780598958333333 0.2197265625 0.0265625 0.03333333333333333
0 0.0796875 0.26953125 0.028125 0.0375
0 0.74375 0.796875 0.0265625 0.03333333333333333
0 0.9886962890625 0.77138671875 0.022607421875 0.033919270833333334
0 0.6036458333333333 0.32048611111111114 0.025 0.035416666666666666
0 0.58828125 0.11875 0.0296875 0.05
0 0.6015625 0.20625 0.025 0.04583333333333333
0 0.35546875 0.7 0.0390625 0.041666666666666664
0 0.6651041666666667 0.6003472222222223 0.028125 0.035416666666666666
0 0.85625 0.22395833333333334 0.0375 0.04375
0 0.5129009046052632 0.7186472039473684 0.0421875 0.04375
