0 0.2653668777533039 0.4348935389133627 0.0265625 0.0375
0 0.23828125 0.5770833333333333 0.0265625 0.0375
0 0.2421370766932271 0.85625 0.0265625 0.0375
0 0.19453125 0.8458333333333333 0.0265625 0.0375
0 0.08359375 0.80625 0.0265625 0.0375
0 0.017658681906614786 0.7569714656290532 0.0265625 0.0375
0 0.13515625 0.18958333333333333 0.0265625 0.0375
0 0.24921875 0.19583333333333333 0.0265625 0.041666666666666664
0 0.254443359375 0.1388671875 0.0265625 0.0375
0 0.2820818345323741 0.22076588729016786 0.0265625 0.0375
0 0.28268488545816733 0.34079515272244354 0.0265625 0.0375
0 0.12723214285714285 0.5294642857142857 0.028125 0.05000000000000006
0 0.53876953125 0.9629484953703703 0.0265625 0.0375
0 0.6340638241525424 0.5888064971751413 0.0265625 0.0375
0 0.48828125 0.86875 0.0265625 0.0375
0 0.8444238692145862 0.8518846423562413 0.0265625 0.0375
0 0.8350488692145863 0.9768846423562413 0.0265625 0.0375
0 0.8518725894109396 0.7527115474520804 0.0265625 0.0375
0 0.828125 0.43645833333333334 0.025 0.03958333333333333
0 0.8665953256302521 0.409375 0.025 0.03958333333333333
0 0.6621584145021645 0.18023989898989898 0.0265625 0.03333333333333333
0 0.7702528865461847 0.08293172690763052 0.0265625 0.033333333333333326
0 0.71015625 0.6354166666666666 0.0265625 0.03333333333333333
0 0.5713084446564884 0.5296040076335877 0.027647900763358723 0.03333333333333333
0 0.4854359192607004 0.4057960440985733 0.0265625 0.03333333333333333
0 0.00546875 0.30520833333333336 0.0109375 0.035416666666666666
0 0.5171875 0.44375 0.028125 0.0375
0 0.7203125 0.1125 0.0265625 0.03333333333333333
0 0.9763460090361447 0.8520205823293172 0.0234375 0.035416666666666666
0 0.58828125 0.11875 0.0296875 0.05
0 0.6015625 0.20625 0.025 0.04583333333333333
0 0.02109375 0.0265625 0.0265625 0.03125
0 0.85625 0.22395833333333334 0.0375 0.04375
0 0.9800000000000001 0.3045833333333333 0.021250000000000036 0.0375
0 0.4979749177631579 0.7418654057017543 0.0421875 0.04375
0 0.5026785714285714 0.022867063492063487 0.025 0.02708333333333333
0 0.2171875 0.26666666666666666 0.028125 0.0375
0 0.5169744318181818 0.012310606060606062 0.0296875 0.01875
0 0.3694419642857143 0.019174107142857146 0.0234375 0.025610119047619048
1 0.57109375 0.13333333333333333 0.0890625 0.1125
1 0.3203125 0.21041666666666667 0.103125 0.09583333333333334
