0 0.26484375 0.4354166666666667 0.0265625 0.0375
0 0.23828125 0.5770833333333333 0.0265625 0.0375
0 0.24171127988047808 0.85625 0.0265625 0.0375
0 0.19453125 0.8458333333333333 0.0265625 0.0375
0 0.08359375 0.80625 0.0265625 0.0375
0 0.013500121595330738 0.7701402399481193 0.0265625 0.0375
0 0.13515625 0.18958333333333333 0.0265625 0.0375
0 0.30546875 0.25416666666666665 0.0265625 0.041666666666666664
0 0.24490625000000002 0.1538 0.0265625 0.0375
0 0.2811207284172662 0.22204736211031176 0.0265625 0.0375
0 0.2701480263157895 0.3594298245614035 0.0265625 0.0375
0 0.01484375 0.590625 0.0234375 0.052083333333333336
0 0.534673545021962 0.9743563933626159 0.0265625 0.0375
0 0.6275702834572491 0.6045693928128872 0.0265625 0.0375
0 0.48828125 0.86875 0.0265625 0.0375
0 0.84296875 0.85625 0.0265625 0.0375
0 0.83359375 0.98125 0.0265625 0.0375
0 0.8506519990808824 0.7541666666666667 0.0265625 0.0375
0 0.828125 0.43645833333333334 0.025 0.03958333333333333
0 0.8659217436974791 0.409375 0.025 0.03958333333333333
0 0.6596117424242424 0.19539141414141412 0.0265625 0.03333333333333333
0 0.7659607178714859 0.09151606425702812 0.0265625 0.03333333333333333
0 0.71015625 0.6354166666666666 0.0265625 0.03333333333333333
0 0.55703125 0.55 0.0296875 0.03333333333333333
0 0.4772713162251655 0.41418322295805743 0.0265625 0.03333333333333333
0 0.6598958333333333 0.51875 0.028125 0.0375
0 0.5622395833333333 0.016666666666666666 0.0265625 0.029166666666666667
0 0.9653906250000001 0.8827083333333333 0.0234375 0.035416666666666666
0 0.58828125 0.11875 0.0296875 0.05
0 0.6015625 0.20625 0.025 0.04583333333333333
0 0.85625 0.22395833333333334 0.0375 0.04375
0 0.8640625 0.16666666666666666 0.0328125 0.04375
0 0.4946336468446602 0.7467384708737864 0.0421875 0.04375
0 0.5026900773195877 0.029327749140893474 0.025 0.027083333333333338
0 0.5088778409090909 0.015009469696969698 0.0296875 0.01875
0 0.36472278225806454 0.03424059139784947 0.0234375 0.027083333333333338
1 0.57109375 0.13333333333333333 0.0890625 0.1125
1 0.3203125 0.21041666666666667 0.103125 0.09583333333333334
