0 0.2736933075221239 0.41992379547689285 0.0265625 0.0375
0 0.23828125 0.5789025821596244 0.0265625 0.0375
0 0.24387837441314555 0.8538243348982786 0.0265625 0.0375
0 0.19453125 0.8458333333333333 0.0265625 0.0375
0 0.08359375 0.80625 0.0265625 0.0375
0 0.027145686619718314 0.7300371674491394 0.0265625 0.0375
0 0.13515625 0.18958333333333333 0.0265625 0.0375
0 0.21883680555555554 0.15787037037037036 0.0265625 0.0375
0 0.297109375 0.10472222222222222 0.0265625 0.0375
0 0.28430755395683455 0.2177982613908873 0.0265625 0.0375
0 0.31262837441314556 0.3085974178403756 0.0265625 0.0375
0 0.3703125 0.2947916666666667 0.0265625 0.041666666666666664
0 0.5756418720657277 0.8862089201877935 0.0265625 0.0375
0 0.643564848265896 0.5670460019267822 0.0265625 0.0375
0 0.48828125 0.86875 0.0265625 0.0375
0 0.7140625 0.7864583333333334 0.0234375 0.0375
0 0.8478951174614305 0.8414708976157084 0.0265625 0.0375
0 0.8385201174614305 0.9664708976157084 0.0265625 0.0375
0 0.854476025596073 0.7492402992052362 0.0265625 0.0375
0 0.9768229166666667 0.845486111111111 0.0265625 0.04375
0 0.828125 0.43645833333333334 0.025 0.03958333333333333
0 0.8681551995798319 0.409375 0.025 0.03958333333333333
0 0.62890625 0.13541666666666666 0.0234375 0.035416666666666666
0 0.6709569412442395 0.14221390168970813 0.0265625 0.03333333333333332
0 0.7713508194087404 0.0673521850899743 0.0265625 0.03333333333333334
0 0.7110658744131455 0.6366294992175273 0.0265625 0.03333333333333333
0 0.5904966255868545 0.48950508607198745 0.0265625 0.03333333333333333
0 0.4985658744131455 0.38776408450704225 0.0265625 0.03333333333333333
0 0.00859375 0.584375 0.0140625 0.03958333333333333
0 0.01494140625 0.2369140625 0.0265625 0.03333333333333333
0 0.18177083333333333 0.2618055555555555 0.028125 0.03749999999999997
0 0.77265625 0.68125 0.0265625 0.03333333333333333
0 0.9914585658482142 0.7750697544642856 0.017082868303571353 0.03473772321428577
0 0.6494791666666667 0.4465277777777778 0.025 0.03333333333333333
0 0.58828125 0.11875 0.0296875 0.05
0 0.6015625 0.20625 0.025 0.04583333333333333
0 0.26328125 0.5666666666666667 0.0359375 0.04583333333333333
0 0.39296875 0.5347222222222222 0.0328125 0.03750000000000006
0 0.85625 0.22395833333333334 0.0375 0.04375
0 0.5101870888157894 0.7228686951754386 0.0421875 0.04375
1 0.57109375 0.13333333333333333 0.0890625 0.1125
1 0.3203125 0.21041666666666667 0.103125 0.09583333333333334
