0 0.27116288716814163 0.4289208456243854 0.0265625 0.0375
0 0.23828125 0.5770833333333333 0.0265625 0.0375
0 0.24266745517928284 0.85625 0.0265625 0.0375
0 0.19453125 0.8458333333333333 0.0265625 0.0375
0 0.08359375 0.80625 0.0265625 0.0375
0 0.022838642996108948 0.7405682555123216 0.0265625 0.0375
0 0.13515625 0.18958333333333333 0.0265625 0.0375
0 0.2200892857142857 0.1822172619047619 0.0265625 0.041666666666666664
0 0.27392914870689655 0.11926185344827586 0.0265625 0.0375
0 0.28327900179856114 0.2191696642685851 0.0265625 0.0375
0 0.3002988674496644 0.3188758389261745 0.0265625 0.0375
0 0.2697916666666667 0.45902777777777776 0.027083333333333348 0.03888888888888887
0 0.5590180049668875 0.9205849889624724 0.0265625 0.0375
0 0.6386063945086705 0.572555394990366 0.0265625 0.0375
0 0.48828125 0.86875 0.0265625 0.0375
0 0.8462909800140253 0.8462833099579242 0.0265625 0.0375
0 0.8369159800140252 0.9712833099579242 0.0265625 0.0375
0 0.8532729225105189 0.7508444366526414 0.0265625 0.0375
0 0.828125 0.43645833333333334 0.025 0.03958333333333333
0 0.8674343487394959 0.409375 0.025 0.03958333333333333
0 0.6665707236842106 0.16074561403508772 0.0265625 0.03333333333333333
0 0.7735559929305913 0.07323264781491004 0.0265625 0.03333333333333334
0 0.71015625 0.6354166666666666 0.0265625 0.03333333333333333
0 0.585720159774436 0.5032268170426065 0.0265625 0.03333333333333333
0 0.49765625 0.40285087719298246 0.0265625 0.03333333333333333
0 0.01299342105263158 0.26973684210526316 0.02598684210526316 0.03333333333333336
0 0.3328125 0.4375 0.028125 0.0375
0 0.75234375 0.44583333333333336 0.0265625 0.03333333333333333
0 0.9893386994949495 0.8090382996632997 0.014599116161616266 0.035416666666666666
0 0.74140625 0.7798611111111111 0.0296875 0.041666666666666664
0 0.58828125 0.11875 0.0296875 0.05
0 0.6015625 0.20625 0.025 0.04583333333333333
0 0.15859375 0.33125 0.0359375 0.04583333333333333
0 0.85625 0.22395833333333334 0.0375 0.04375
0 0.5045435855263157 0.7316474780701755 0.0421875 0.04375
1 0.57109375 0.13333333333333333 0.0890625 0.1125
1 0.3203125 0.21041666666666667 0.103125 0.09583333333333334
