0 0.27543556415929205 0.4137291052114061 0.0265625 0.0375
0 0.23828125 0.582599765258216 0.0265625 0.0375
0 0.2457269659624413 0.8488947574334899 0.0265625 0.0375
0 0.19453125 0.8458333333333333 0.0265625 0.0375
0 0.08359375 0.80625 0.0265625 0.0375
0 0.029918573943661975 0.727572378716745 0.0265625 0.0375
0 0.13515625 0.18958333333333333 0.0265625 0.0375
0 0.19418402777777777 0.11365740740740742 0.0265625 0.0375
0 0.31189563679245286 0.09571540880503145 0.0265625 0.0375
0 0.28501573741007197 0.21685401678657076 0.0265625 0.0375
0 0.3144769659624413 0.30490023474178407 0.0265625 0.0375
0 0.4296875 0.11145833333333334 0.0265625 0.03958333333333333
0 0.5848848298122066 0.8751173708920188 0.0265625 0.0375
0 0.6469788656069364 0.5632526493256262 0.0265625 0.0375
0 0.48828125 0.86875 0.0265625 0.0375
0 0.47890625 0.7598958333333333 0.0265625 0.0375
0 0.848999605539972 0.8381574333800842 0.0265625 0.0375
0 0.839624605539972 0.9631574333800842 0.0265625 0.0375
0 0.855304391654979 0.7481358111266947 0.0265625 0.0375
0 0.888671875 0.6416666666666667 0.0265625 0.0375
0 0.828125 0.43645833333333334 0.025 0.03958333333333333
0 0.8686515231092438 0.409375 0.025 0.03958333333333333
0 0.6681525735294118 0.18480392156862743 0.0234375 0.03333333333333333
0 0.673678715437788 0.1313268049155146 0.0265625 0.03333333333333333
0 0.73984375 0.05416666666666667 0.0265625 0.03333333333333333
0 0.7698325032133676 0.06330334190231363 0.0265625 0.03333333333333333
0 0.7129144659624413 0.6390942879499217 0.0265625 0.03333333333333333
0 0.5886480340375587 0.4808783255086072 0.0265625 0.03333333333333333
0 0.5004144659624413 0.38406690140845073 0.0265625 0.03333333333333333
0 0.175390625 0.6010416666666667 0.0265625 0.03333333333333333
0 0.01619073275862069 0.21637931034482757 0.0265625 0.03333333333333333
0 0.0734375 0.20104166666666667 0.0265625 0.03333333333333333
0 0.65 0.9697916666666667 0.0265625 0.03333333333333333
0 0.73828125 0.8354166666666667 0.0265625 0.03333333333333333
0 0.9875034877232143 0.7697963169642856 0.02499302455357135 0.033565848214285765
0 0.566796875 0.259375 0.025 0.035416666666666666
0 0.58828125 0.11875 0.0296875 0.05
0 0.6015625 0.20625 0.025 0.04583333333333333
0 0.38359375 0.7583333333333333 0.0390625 0.041666666666666664
0 0.7833333333333333 0.6163194444444444 0.028125 0.035416666666666666
0 0.85625 0.22395833333333334 0.0375 0.04375
0 0.5140727796052632 0.7168242872807017 0.0421875 0.04375
