0 0.26484375 0.4354166666666667 0.0265625 0.0375
0 0.23828125 0.5770833333333333 0.0265625 0.0375
0 0.24019982569721116 0.85625 0.0265625 0.0375
0 0.19453125 0.8458333333333333 0.0265625 0.0375
0 0.08359375 0.80625 0.0265625 0.0375
0 0.13515625 0.18958333333333333 0.0265625 0.0375
0 0.2544921875 0.19973958333333333 0.0265625 0.041666666666666664
0 0.21253681282722514 0.18429319371727748 0.0265625 0.0375
0 0.2669130067567568 0.2563063063063063 0.0265625 0.0375
0 0.22404829545454547 0.3959090909090909 0.0265625 0.0375
0 0.53984375 0.98125 0.0265625 0.0375
0 0.6301680177824267 0.6091875871687586 0.0265625 0.0375
0 0.48828125 0.86875 0.0265625 0.0375
0 0.84296875 0.85625 0.0265625 0.0375
0 0.83359375 0.98125 0.0265625 0.0375
0 0.84140625 0.7682598039215686 0.0265625 0.0375
0 0.828125 0.43645833333333334 0.025 0.03958333333333333
0 0.8640625 0.409375 0.025 0.03958333333333333
0 0.6289026414549654 0.2381976520400308 0.0265625 0.03333333333333333
0 0.7413362873134328 0.13911691542288557 0.0265625 0.03333333333333333
0 0.71015625 0.6354166666666666 0.0265625 0.03333333333333333
0 0.5023634453781513 0.6070728291316526 0.0296875 0.03333333333333333
0 0.45936519351464433 0.46365934449093443 0.0265625 0.03333333333333333
0 0.58828125 0.11875 0.0296875 0.05
0 0.6015625 0.20625 0.025 0.04583333333333333
0 0.85625 0.22395833333333334 0.0375 0.04375
0 0.4865765321601942 0.7574812904530744 0.0421875 0.04375
0 0.7513671875 0.9059895833333333 0.0296875 0.03958333333333333
0 0.1955592105263158 0.8014802631578948 0.025 0.03958333333333333
0 0.4825709393346379 0.04928041422048271 0.025 0.027083333333333334
0 0.5092704232283465 0.02784612860892388 0.0296875 0.031249999999999997
0 0.35703125 0.06354166666666666 0.0234375 0.027083333333333334
0 0.784375 0.2635416666666667 0.034375 0.03958333333333333
0 0.9759821428571428 0.03163690476190476 0.02339285714285726 0.0331547619047619
1 0.57109375 0.13333333333333333 0.0890625 0.1125
1 0.3203125 0.21041666666666667 0.103125 0.09583333333333334
