0 0.26484375 0.4354166666666667 0.0265625 0.0375
0 0.23828125 0.5770833333333333 0.0265625 0.0375
0 0.2399035109561753 0.85625 0.0265625 0.0375
0 0.19453125 0.8458333333333333 0.0265625 0.0375
0 0.08359375 0.80625 0.0265625 0.0375
0 0.13515625 0.18958333333333333 0.0265625 0.0375
0 0.20338541666666665 0.2534722222222222 0.02656249999999998 0.04166666666666664
0 0.2066958442408377 0.19727312390924956 0.026562500000000024 0.0375
0 0.26022135416666664 0.2715277777777778 0.0265625 0.037500000000000026
0 0.21529323630136984 0.40356735159817353 0.0265625 0.0375
0 0.53984375 0.98125 0.0265625 0.0375
0 0.6278340742677824 0.6050383542538355 0.0265625 0.0375
0 0.48828125 0.86875 0.0265625 0.0375
0 0.84296875 0.85625 0.0265625 0.0375
0 0.83359375 0.98125 0.0265625 0.0375
0 0.84140625 0.78125 0.0265625 0.0375
0 0.828125 0.43645833333333334 0.025 0.03958333333333333
0 0.8640625 0.409375 0.025 0.03958333333333333
0 0.6276143908775982 0.2393427636643572 0.0265625 0.03333333333333333
0 0.73671875 0.1554398148148148 0.0265625 0.03333333333333333
0 0.71015625 0.6354166666666666 0.0265625 0.03333333333333333
0 0.49064469537815125 0.6133228291316526 0.0296875 0.03333333333333333
0 0.45859375 0.47291666666666665 0.0265625 0.03333333333333333
0 0.58828125 0.11875 0.0296875 0.05
0 0.6015625 0.20625 0.025 0.04583333333333333
0 0.85625 0.22395833333333334 0.0375 0.04375
0 0.48515625 0.759375 0.0421875 0.04375
0 0.6800091911764705 0.9749387254901961 0.0296875 0.03958333333333333
0 0.18799867021276598 0.7113253546099291 0.025000000000000022 0.03958333333333333
0 0.48147932974559693 0.05073589367253751 0.025 0.027083333333333334
0 0.5100024606299213 0.02979822834645669 0.0296875 0.031249999999999997
0 0.35703125 0.06354166666666666 0.0234375 0.027083333333333334
0 0.8 0.39895833333333336 0.034375 0.03958333333333333
0 0.9700055803571427 0.04078621031746032 0.024720982142857117 0.03846726190476191
1 0.57109375 0.13333333333333333 0.0890625 0.1125
1 0.3203125 0.21041666666666667 0.103125 0.09583333333333334
