0 0.2740528207964602 0.4186455260570305 0.0265625 0.0375
0 0.23828125 0.5796654929577465 0.0265625 0.0375
0 0.24425982981220656 0.8528071205007826 0.0265625 0.0375
0 0.19453125 0.8458333333333333 0.0265625 0.0375
0 0.08359375 0.80625 0.0265625 0.0375
0 0.027717869718309862 0.7295285602503913 0.0265625 0.0375
0 0.13515625 0.18958333333333333 0.0265625 0.0375
0 0.20859375 0.14672619047619048 0.0265625 0.0375
0 0.30015625 0.10291666666666667 0.0265625 0.0375
0 0.28445368705035967 0.21760341726618704 0.0265625 0.0375
0 0.31300982981220654 0.3078345070422535 0.0265625 0.0375
0 0.37578125 0.24583333333333332 0.0265625 0.041666666666666664
0 0.5775491490610329 0.8839201877934272 0.0265625 0.0375
0 0.6442693280346821 0.566263246628131 0.0265625 0.0375
0 0.48828125 0.86875 0.0265625 0.0375
0 0.66328125 0.8208333333333333 0.0234375 0.0375
0 0.8481230276998598 0.8407871669004208 0.0265625 0.0375
0 0.8387480276998598 0.9657871669004208 0.0265625 0.0375
0 0.8546469582748948 0.749012388966807 0.0265625 0.0375
0 0.94140625 0.7958333333333333 0.0265625 0.04375
0 0.828125 0.43645833333333334 0.025 0.03958333333333333
0 0.8682576155462185 0.409375 0.025 0.03958333333333333
0 0.6372395833333333 0.15659722222222222 0.0234375 0.035416666666666666
0 0.6715185771889401 0.13996735791090628 0.0265625 0.03333333333333332
0 0.7710375160668381 0.06651670951156813 0.0265625 0.03333333333333333
0 0.7114473298122066 0.6371381064162754 0.0265625 0.03333333333333333
0 0.5901151701877934 0.48772496087636935 0.0265625 0.03333333333333333
0 0.4989473298122066 0.3870011737089202 0.0265625 0.03333333333333333
0 0.01484375 0.525 0.0296875 0.0375
0 0.015787760416666668 0.2318359375 0.0265625 0.03333333333333333
0 0.146875 0.2786458333333333 0.028125 0.0375
0 0.78046875 0.7270833333333333 0.0265625 0.03333333333333333
0 0.9906424386160715 0.7739815848214284 0.01871512276785712 0.03449590773809526
0 0.6296875 0.42604166666666665 0.025 0.035416666666666666
0 0.58828125 0.11875 0.0296875 0.05
0 0.6015625 0.20625 0.025 0.04583333333333333
0 0.27734375 0.6041666666666666 0.0390625 0.041666666666666664
0 0.4859375 0.5697916666666667 0.028125 0.035416666666666666
0 0.85625 0.22395833333333334 0.0375 0.04375
0 0.5109888980263158 0.7216214364035088 0.0421875 0.04375
1 0.57109375 0.13333333333333333 0.0890625 0.1125
1 0.3203125 0.21041666666666667 0.103125 0.09583333333333334
