0 0.26484375 0.4354166666666667 0.0265625 0.0375
0 0.23828125 0.5770833333333333 0.0265625 0.0375
0 0.2406206424302789 0.85625 0.0265625 0.0375
0 0.19453125 0.8458333333333333 0.0265625 0.0375
0 0.08359375 0.80625 0.0265625 0.0375
0 0.13515625 0.18958333333333333 0.0265625 0.0375
0 0.29765625 0.21071428571428572 0.0265625 0.041666666666666664
0 0.22637648809523808 0.173015873015873 0.0265625 0.0375
0 0.2693359375 0.24661458333333333 0.0265625 0.0375
0 0.23306640625 0.38356770833333337 0.0265625 0.0375
0 0.5386815977306003 0.9797004636408003 0.0265625 0.0375
0 0.631386500929368 0.6113537794299877 0.0265625 0.0375
0 0.48828125 0.86875 0.0265625 0.0375
0 0.84296875 0.85625 0.0265625 0.0375
0 0.83359375 0.98125 0.0265625 0.0375
0 0.8393296185661765 0.7541666666666667 0.0265625 0.0375
0 0.828125 0.43645833333333334 0.025 0.03958333333333333
0 0.8641964285714285 0.409375 0.025 0.03958333333333333
0 0.6307321737875289 0.2365714010777521 0.0265625 0.03333333333333333
0 0.7546820367132867 0.11462703962703963 0.0265625 0.03333333333333333
0 0.71015625 0.6354166666666666 0.0265625 0.03333333333333333
0 0.5167900219298246 0.6007309941520468 0.0296875 0.03333333333333333
0 0.46124320652173917 0.4493357487922705 0.0265625 0.03333333333333333
0 0.9215955748175183 0.9816225669099757 0.0234375 0.035416666666666666
0 0.58828125 0.11875 0.0296875 0.05
0 0.6015625 0.20625 0.025 0.04583333333333333
0 0.85625 0.22395833333333334 0.0375 0.04375
0 0.48881978155339806 0.754490291262136 0.0421875 0.04375
0 0.861328125 0.7369791666666666 0.0296875 0.03958333333333333
0 0.15833333333333333 0.907986111111111 0.025 0.03958333333333333
0 0.1234375 0.9322916666666666 0.03125 0.03958333333333333
0 0.4841212084148728 0.0472133887801696 0.025 0.027083333333333334
0 0.5082308070866142 0.02507381889763779 0.0296875 0.03125
0 0.35703125 0.06354166666666666 0.0234375 0.027083333333333334
0 0.74453125 0.08333333333333333 0.0296875 0.03333333333333333
0 0.9844698660714286 0.018643353174603174 0.02150669642857146 0.025610119047619048
1 0.57109375 0.13333333333333333 0.0890625 0.1125
1 0.3203125 0.21041666666666667 0.103125 0.09583333333333334
