0 0.2755185287610619 0.41343411996066864 0.0265625 0.0375
0 0.23828125 0.5827758215962441 0.0265625 0.0375
0 0.2458149941314554 0.8486600156494523 0.0265625 0.0375
0 0.19453125 0.8458333333333333 0.0265625 0.0375
0 0.08359375 0.80625 0.0265625 0.0375
0 0.0300506161971831 0.7274550078247262 0.0265625 0.0375
0 0.13515625 0.18958333333333333 0.0265625 0.0375
0 0.1931423611111111 0.11087962962962963 0.0265625 0.0375
0 0.31260318396226416 0.0952437106918239 0.0265625 0.0375
0 0.2850494604316547 0.21680905275779377 0.0265625 0.0375
0 0.3145649941314554 0.3047241784037559 0.0265625 0.0375
0 0.43046875 0.09375 0.0265625 0.0375
0 0.585324970657277 0.8745892018779343 0.0265625 0.0375
0 0.6471414378612717 0.5630720134874759 0.0265625 0.0375
0 0.48828125 0.86875 0.0265625 0.0375
0 0.4609375 0.78125 0.0265625 0.0375
0 0.8490522002103786 0.837999649368864 0.0265625 0.0375
0 0.8396772002103786 0.962999649368864 0.0265625 0.0375
0 0.8553438376577841 0.7480832164562881 0.0265625 0.0375
0 0.87265625 0.6729166666666667 0.0265625 0.0375
0 0.828125 0.43645833333333334 0.025 0.03958333333333333
0 0.8686751575630252 0.409375 0.025 0.03958333333333333
0 0.6731158088235294 0.18700980392156863 0.0234375 0.03333333333333333
0 0.6738083237327188 0.1308083717357911 0.0265625 0.03333333333333335
0 0.74296875 0.0859375 0.0265625 0.03333333333333333
0 0.7697602024421594 0.06311053984575835 0.0265625 0.033333333333333326
0 0.7130024941314554 0.6392116588419405 0.0265625 0.03333333333333333
0 0.5885600058685446 0.48046752738654147 0.0265625 0.03333333333333333
0 0.5005024941314554 0.38389084507042254 0.0265625 0.03333333333333333
0 0.17578125 0.6166666666666667 0.0265625 0.03333333333333333
0 0.015867456896551724 0.21594827586206897 0.0265625 0.03333333333333333
0 0.06484375 0.18958333333333333 0.0265625 0.03333333333333333
0 0.7265625 0.9895833333333334 0.01875 0.020833333333333332
0 0.65390625 0.95 0.0265625 0.03333333333333333
0 0.73359375 0.84375 0.0265625 0.03333333333333333
0 0.9873151506696429 0.7695452008928572 0.025369698660714236 0.03351004464285718
0 0.5479166666666667 0.24409722222222224 0.025 0.035416666666666666
0 0.58828125 0.11875 0.0296875 0.05
0 0.6015625 0.20625 0.025 0.04583333333333333
0 0.37421875 0.75625 0.0390625 0.041666666666666664
0 0.801953125 0.64375 0.028125 0.03333333333333333
0 0.85625 0.22395833333333334 0.0375 0.04375
0 0.5142578125 0.7165364583333333 0.0421875 0.04375
