0 0.26484375 0.4354166666666667 0.0265625 0.0375
0 0.23828125 0.5770833333333333 0.0265625 0.0375
0 0.24108378984063744 0.85625 0.0265625 0.0375
0 0.19453125 0.8458333333333333 0.0265625 0.0375
0 0.08359375 0.80625 0.0265625 0.0375
0 0.005731534090909091 0.8023579545454546 0.011463068181818182 0.03263257575757569
0 0.13515625 0.18958333333333333 0.0265625 0.0375
0 0.31640625 0.22291666666666668 0.0265625 0.041666666666666664
0 0.23965625 0.1706 0.0265625 0.0375
0 0.2755917008196721 0.23313524590163934 0.0265625 0.0375
0 0.24453778765690376 0.3732914923291492 0.0265625 0.0375
0 0.5369795479502196 0.9774310639336261 0.0265625 0.0375
0 0.6297659154275093 0.6084727385377943 0.0265625 0.0375
0 0.48828125 0.86875 0.0265625 0.0375
0 0.84296875 0.85625 0.0265625 0.0375
0 0.83359375 0.98125 0.0265625 0.0375
0 0.8441377527573529 0.7541666666666667 0.0265625 0.0375
0 0.828125 0.43645833333333334 0.025 0.03958333333333333
0 0.8649290966386556 0.409375 0.025 0.03958333333333333
0 0.63925 0.2326666666666667 0.0265625 0.03333333333333333
0 0.7590855012690355 0.10351099830795261 0.0265625 0.03333333333333333
0 0.71015625 0.6354166666666666 0.0265625 0.03333333333333333
0 0.5303209459459459 0.5897240990990991 0.0296875 0.03333333333333333
0 0.46621942934782606 0.43149909420289856 0.0265625 0.03333333333333333
0 0.85078125 0.390625 0.028125 0.0375
0 0.9430405890804598 0.9473180076628352 0.0234375 0.035416666666666666
0 0.58828125 0.11875 0.0296875 0.05
0 0.6015625 0.20625 0.025 0.04583333333333333
0 0.85625 0.22395833333333334 0.0375 0.04375
0 0.4912886832524272 0.751198422330097 0.0421875 0.04375
0 0.93203125 0.49166666666666664 0.0265625 0.0375
0 0.4858274217221135 0.044938437703848665 0.025 0.027083333333333338
0 0.5070866141732283 0.022022637795275593 0.0296875 0.03125000000000001
0 0.3587953629032258 0.05682123655913978 0.0234375 0.027083333333333334
1 0.57109375 0.13333333333333333 0.0890625 0.1125
1 0.3203125 0.21041666666666667 0.103125 0.09583333333333334
