0 0.26484375 0.4354166666666667 0.0265625 0.0375
0 0.23828125 0.5770833333333333 0.0265625 0.0375
0 0.24116098107569722 0.85625 0.0265625 0.0375
0 0.19453125 0.8458333333333333 0.0265625 0.0375
0 0.08359375 0.80625 0.0265625 0.0375
0 0.005841619318181819 0.7989820075757575 0.011683238636363637 0.03233901515151511
0 0.13515625 0.18958333333333333 0.0265625 0.0375
0 0.31953125 0.22291666666666668 0.0265625 0.041666666666666664
0 0.2403020833333333 0.16853333333333334 0.0265625 0.0375
0 0.276703381147541 0.23080601092896175 0.0265625 0.0375
0 0.24676712866108788 0.37194037656903767 0.0265625 0.0375
0 0.5366958729868229 0.9770528306490971 0.0265625 0.0375
0 0.6294958178438661 0.607992565055762 0.0265625 0.0375
0 0.48828125 0.86875 0.0265625 0.0375
0 0.84296875 0.85625 0.0265625 0.0375
0 0.83359375 0.98125 0.0265625 0.0375
0 0.8449391084558824 0.7541666666666667 0.0265625 0.0375
0 0.828125 0.43645833333333334 0.025 0.03958333333333333
0 0.8650512079831932 0.409375 0.025 0.03958333333333333
0 0.6426406250000001 0.231375 0.0265625 0.03333333333333333
0 0.7600690038071065 0.10219966159052453 0.0265625 0.03333333333333333
0 0.71015625 0.6354166666666666 0.0265625 0.03333333333333333
0 0.5341677295918367 0.586295351473923 0.0296875 0.03333333333333333
0 0.4677989130434782 0.42939311594202895 0.0265625 0.03333333333333333
0 0.81953125 0.409375 0.028125 0.0375
0 0.9458243534482758 0.9402658045977011 0.0234375 0.035416666666666666
0 0.58828125 0.11875 0.0296875 0.05
0 0.6015625 0.20625 0.025 0.04583333333333333
0 0.85625 0.22395833333333334 0.0375 0.04375
0 0.4917001668689321 0.7506497775080906 0.0421875 0.04375
0 0.9428571428571428 0.43794642857142857 0.028125 0.04375
0 0.48726374570446734 0.04356743986254295 0.025 0.02708333333333333
0 0.50703125 0.02120098039215686 0.0296875 0.029901960784313723
0 0.35952452956989245 0.054043458781362 0.0234375 0.027083333333333327
1 0.57109375 0.13333333333333333 0.0890625 0.1125
1 0.3203125 0.21041666666666667 0.103125 0.09583333333333334
