0 0.26484375 0.4354166666666667 0.0265625 0.0375
0 0.23828125 0.5770833333333333 0.0265625 0.0375
0 0.24146227589641436 0.85625 0.0265625 0.0375
0 0.19453125 0.8458333333333333 0.0265625 0.0375
0 0.08359375 0.80625 0.0265625 0.0375
0 0.006684922680412371 0.7854918384879724 0.013369845360824742 0.03163659793814434
0 0.13515625 0.18958333333333333 0.0265625 0.0375
0 0.30546875 0.24270833333333333 0.0265625 0.041666666666666664
0 0.24282291666666667 0.16046666666666667 0.0265625 0.0375
0 0.28055867805755397 0.22279676258992803 0.0265625 0.0375
0 0.25546875 0.36666666666666664 0.0265625 0.0375
0 0.5355886255490483 0.9755765007320644 0.0265625 0.0375
0 0.6284415659851301 0.6061183395291202 0.0265625 0.0375
0 0.48828125 0.86875 0.0265625 0.0375
0 0.84296875 0.85625 0.0265625 0.0375
0 0.83359375 0.98125 0.0265625 0.0375
0 0.8480669806985294 0.7541666666666667 0.0265625 0.0375
0 0.828125 0.43645833333333334 0.025 0.03958333333333333
0 0.8655278361344537 0.409375 0.025 0.03958333333333333
0 0.650463668699187 0.21725948509485093 0.0265625 0.03333333333333333
0 0.7634506777108434 0.09653614457831325 0.0265625 0.03333333333333333
0 0.71015625 0.6354166666666666 0.0265625 0.03333333333333333
0 0.5494462985436893 0.5722491909385112 0.0296875 0.03333333333333333
0 0.47313224337748344 0.42108167770419425 0.0265625 0.03333333333333333
0 0.6859375 0.44166666666666665 0.028125 0.0375
0 0.956824171686747 0.9104543172690763 0.0234375 0.035416666666666666
0 0.58828125 0.11875 0.0296875 0.05
0 0.6015625 0.20625 0.025 0.04583333333333333
0 0.85625 0.22395833333333334 0.0375 0.04375
0 0.77421875 0.0625 0.0296875 0.03333333333333333
0 0.4933062803398058 0.748508292880259 0.0421875 0.04375
0 0.49570983676975944 0.03577104810996564 0.025 0.027083333333333334
0 0.50703125 0.017493872549019608 0.0296875 0.022487745098039212
0 0.3623706317204301 0.043201164874551966 0.0234375 0.02708333333333333
1 0.57109375 0.13333333333333333 0.0890625 0.1125
1 0.3203125 0.21041666666666667 0.103125 0.09583333333333334
