0 0.26484375 0.4354166666666667 0.0265625 0.0375
0 0.23828125 0.5770833333333333 0.0265625 0.0375
0 0.2411385707171315 0.85625 0.0265625 0.0375
0 0.19453125 0.8458333333333333 0.0265625 0.0375
0 0.08359375 0.80625 0.0265625 0.0375
0 0.005809659090909091 0.7999621212121213 0.011619318181818182 0.032424242424242425
0 0.13515625 0.18958333333333333 0.0265625 0.0375
0 0.32057291666666665 0.22152777777777777 0.0265625 0.041666666666666664
0 0.24011458333333335 0.16913333333333333 0.0265625 0.0375
0 0.2763806352459016 0.23148224043715845 0.0265625 0.0375
0 0.24611990062761507 0.3723326359832636 0.0265625 0.0375
0 0.5367782302342606 0.9771626403123475 0.0265625 0.0375
0 0.6295742332713755 0.608131970260223 0.0265625 0.0375
0 0.48828125 0.86875 0.0265625 0.0375
0 0.84296875 0.85625 0.0265625 0.0375
0 0.83359375 0.98125 0.0265625 0.0375
0 0.8447064568014706 0.7541666666666667 0.0265625 0.0375
0 0.828125 0.43645833333333334 0.025 0.03958333333333333
0 0.865015756302521 0.409375 0.025 0.03958333333333333
0 0.64165625 0.23174999999999998 0.0265625 0.03333333333333333
0 0.7597834708121828 0.10258037225042302 0.0265625 0.03333333333333333
0 0.71015625 0.6354166666666666 0.0265625 0.03333333333333333
0 0.5330197704081633 0.5873157596371883 0.0296875 0.03333333333333333
0 0.46734035326086953 0.43000452898550723 0.0265625 0.03333333333333333
0 0.8265625 0.415 0.028125 0.0375
0 0.9450161637931034 0.9423132183908046 0.0234375 0.035416666666666666
0 0.58828125 0.11875 0.0296875 0.05
0 0.6015625 0.20625 0.025 0.04583333333333333
0 0.85625 0.22395833333333334 0.0375 0.04375
0 0.4915807038834951 0.7508090614886732 0.0421875 0.04375
0 0.9578125 0.465625 0.028125 0.04375
0 0.48663552405498284 0.04414733676975945 0.025 0.027083333333333338
0 0.50703125 0.02147671568627451 0.0296875 0.03045343137254902
0 0.3593128360215054 0.05484991039426523 0.0234375 0.027083333333333334
1 0.57109375 0.13333333333333333 0.0890625 0.1125
1 0.3203125 0.21041666666666667 0.103125 0.09583333333333334
