0 0.26484375 0.4354166666666667 0.0265625 0.0375
0 0.23828125 0.5770833333333333 0.0265625 0.0375
0 0.24015251494023904 0.85625 0.0265625 0.0375
0 0.19453125 0.8458333333333333 0.0265625 0.0375
0 0.08359375 0.80625 0.0265625 0.0375
0 0.13515625 0.18958333333333333 0.0265625 0.0375
0 0.24921875 0.21875 0.0265625 0.041666666666666664
0 0.21160422120418848 0.18636561954624783 0.02656249999999998 0.0375
0 0.26651182432432435 0.25791103603603605 0.0265625 0.0375
0 0.22242897727272726 0.39662878787878786 0.0265625 0.0375
0 0.53984375 0.98125 0.0265625 0.0375
0 0.6297953713389122 0.6085251046025104 0.0265625 0.0375
0 0.48828125 0.86875 0.0265625 0.0375
0 0.84296875 0.85625 0.0265625 0.0375
0 0.83359375 0.98125 0.0265625 0.0375
0 0.84140625 0.7705882352941177 0.0265625 0.0375
0 0.828125 0.43645833333333334 0.025 0.03958333333333333
0 0.8640625 0.409375 0.025 0.03958333333333333
0 0.6286969543879908 0.23838048498845266 0.0265625 0.03333333333333333
0 0.7388992537313432 0.14266169154228855 0.0265625 0.03333333333333332
0 0.71015625 0.6354166666666666 0.0265625 0.03333333333333333
0 0.5004923844537815 0.6080707282913166 0.0296875 0.03333333333333333
0 0.45924097803347286 0.465149930264993 0.0265625 0.03333333333333333
0 0.58828125 0.11875 0.0296875 0.05
0 0.6015625 0.20625 0.025 0.04583333333333333
0 0.85625 0.22395833333333334 0.0375 0.04375
0 0.4863243325242719 0.7578175566343042 0.0421875 0.04375
0 0.7376698369565218 0.9196105072463768 0.0296875 0.03958333333333333
0 0.20112847222222224 0.8089120370370371 0.025 0.03958333333333333
0 0.4823966487279844 0.049512801696020875 0.025 0.027083333333333334
0 0.5093873031496063 0.028157808398950133 0.0296875 0.03125
0 0.35703125 0.06354166666666666 0.0234375 0.027083333333333334
0 0.7796875 0.278125 0.034375 0.03958333333333333
0 0.9750279017857142 0.033097718253968254 0.023604910714285766 0.034002976190476195
1 0.57109375 0.13333333333333333 0.0890625 0.1125
1 0.3203125 0.21041666666666667 0.103125 0.09583333333333334
