0 0.26484375 0.4354166666666667 0.0265625 0.0375
0 0.23828125 0.5770833333333333 0.0265625 0.0375
0 0.24047373007968126 0.85625 0.0265625 0.0375
0 0.19453125 0.8458333333333333 0.0265625 0.0375
0 0.08359375 0.80625 0.0265625 0.0375
0 0.13515625 0.18958333333333333 0.0265625 0.0375
0 0.28515625 0.2125 0.0265625 0.041666666666666664
0 0.22078394396551726 0.17577227011494254 0.0265625 0.0375
0 0.26865808823529413 0.2493259803921569 0.0265625 0.037500000000000026
0 0.22960937499999998 0.38510416666666664 0.0265625 0.0375
0 0.5392214952415813 0.980420326988775 0.0265625 0.0375
0 0.6319005576208179 0.612267657992565 0.0265625 0.0375
0 0.48828125 0.86875 0.0265625 0.0375
0 0.84296875 0.85625 0.0265625 0.0375
0 0.83359375 0.98125 0.0265625 0.0375
0 0.8378044577205882 0.7541666666666667 0.0265625 0.0375
0 0.828125 0.43645833333333334 0.025 0.03958333333333333
0 0.8640625 0.409375 0.025 0.03958333333333333
0 0.6300934613163972 0.23713914549653578 0.0265625 0.03333333333333333
0 0.7540373688811189 0.11978438228438228 0.0265625 0.03333333333333333
0 0.71015625 0.6354166666666666 0.0265625 0.03333333333333333
0 0.5127467105263157 0.6018092105263158 0.0296875 0.03333333333333333
0 0.4600843357740586 0.4550296373779637 0.0265625 0.03333333333333333
0 0.9146253360215054 0.9884520609318997 0.025285618279569988 0.023095878136200673
0 0.58828125 0.11875 0.0296875 0.05
0 0.6015625 0.20625 0.025 0.04583333333333333
0 0.85625 0.22395833333333334 0.0375 0.04375
0 0.488036635315534 0.7555344862459547 0.0421875 0.04375
0 0.8217187499999999 0.793125 0.0296875 0.03958333333333333
0 0.175 0.857908950617284 0.025 0.03958333333333333
0 0.05703125 0.8682291666666667 0.03125 0.03958333333333333
0 0.4835799902152642 0.047935013046314416 0.025 0.027083333333333334
0 0.50859375 0.026041666666666668 0.0296875 0.03125
0 0.35703125 0.06354166666666666 0.0234375 0.027083333333333334
0 0.7609375 0.14479166666666668 0.021875 0.03958333333333333
0 0.9815066964285715 0.023179563492063494 0.022165178571428613 0.02824404761904762
1 0.57109375 0.13333333333333333 0.0890625 0.1125
1 0.3203125 0.21041666666666667 0.103125 0.09583333333333334
