0 0.26484375 0.4354166666666667 0.0265625 0.0375
0 0.23828125 0.5770833333333333 0.0265625 0.0375
0 0.24070779382470117 0.85625 0.0265625 0.0375
0 0.19453125 0.8458333333333333 0.0265625 0.0375
0 0.08359375 0.80625 0.0265625 0.0375
0 0.00546875 0.8104166666666667 0.0109375 0.03333333333333333
0 0.13515625 0.18958333333333333 0.0265625 0.0375
0 0.30520833333333336 0.21527777777777776 0.0265625 0.041666666666666664
0 0.22984871031746032 0.1735945767195767 0.0265625 0.0375
0 0.27017674180327866 0.2444808743169399 0.0265625 0.0375
0 0.23494791666666667 0.38152777777777774 0.0265625 0.0375
0 0.5383613195461201 0.9792734260614934 0.0265625 0.0375
0 0.6310815520446097 0.6108116480793061 0.0265625 0.0375
0 0.48828125 0.86875 0.0265625 0.0375
0 0.84296875 0.85625 0.0265625 0.0375
0 0.83359375 0.98125 0.0265625 0.0375
0 0.840234375 0.7541666666666667 0.0265625 0.0375
0 0.828125 0.43645833333333334 0.025 0.03958333333333333
0 0.8643342962184875 0.409375 0.025 0.03958333333333333
0 0.6311110710161663 0.23623460354118553 0.0265625 0.03333333333333333
0 0.7550644667832167 0.11156759906759907 0.0265625 0.03333333333333333
0 0.71015625 0.6354166666666666 0.0265625 0.03333333333333333
0 0.5191885964912281 0.6000913742690058 0.0296875 0.03333333333333333
0 0.46203577898550724 0.44581320450885664 0.0265625 0.03333333333333333
0 0.99609375 0.378125 0.0078125 0.022916666666666665
0 0.925986541970803 0.9757679440389295 0.0234375 0.035416666666666666
0 0.58828125 0.11875 0.0296875 0.05
0 0.6015625 0.20625 0.025 0.04583333333333333
0 0.85625 0.22395833333333334 0.0375 0.04375
0 0.48928435983009705 0.7538708535598706 0.0421875 0.04375
0 0.8580729166666666 0.6809027777777777 0.0296875 0.03958333333333333
0 0.14927083333333332 0.9282638888888889 0.025 0.03958333333333333
0 0.15625 0.9572916666666667 0.03125 0.03958333333333333
0 0.48444227005870844 0.04678530658838878 0.025 0.027083333333333338
0 0.508015501968504 0.0244996719160105 0.0296875 0.03125000000000001
0 0.35703125 0.06354166666666666 0.0234375 0.027083333333333334
0 0.75125 0.017708333333333333 0.03125 0.035416666666666666
0 0.9862276785714286 0.015952380952380954 0.02111607142857146 0.024047619047619047
1 0.57109375 0.13333333333333333 0.0890625 0.1125
1 0.3203125 0.21041666666666667 0.103125 0.09583333333333334
