0 0.26484375 0.4354166666666667 0.0265625 0.0375
0 0.23828125 0.5770833333333333 0.0265625 0.0375
0 0.24072024402390438 0.85625 0.0265625 0.0375
0 0.19453125 0.8458333333333333 0.0265625 0.0375
0 0.08359375 0.80625 0.0265625 0.0375
0 0.00546875 0.8104166666666667 0.0109375 0.03333333333333333
0 0.13515625 0.18958333333333333 0.0265625 0.0375
0 0.30421875 0.21708333333333335 0.0265625 0.041666666666666664
0 0.23034474206349204 0.17367724867724868 0.0265625 0.0375
0 0.2703560450819672 0.2441051912568306 0.0265625 0.0375
0 0.23520833333333332 0.3811805555555556 0.0265625 0.0375
0 0.5383155655197658 0.979212420693021 0.0265625 0.0375
0 0.6310379879182155 0.6107342007434944 0.0265625 0.0375
0 0.48828125 0.86875 0.0265625 0.0375
0 0.84296875 0.85625 0.0265625 0.0375
0 0.83359375 0.98125 0.0265625 0.0375
0 0.8403636259191176 0.7541666666666667 0.0265625 0.0375
0 0.828125 0.43645833333333334 0.025 0.03958333333333333
0 0.8643539915966386 0.409375 0.025 0.03958333333333333
0 0.6311651991916859 0.2361864896073903 0.0265625 0.03333333333333333
0 0.7551190996503496 0.11113053613053613 0.0265625 0.03333333333333333
0 0.71015625 0.6354166666666666 0.0265625 0.03333333333333333
0 0.51953125 0.6 0.0296875 0.03333333333333333
0 0.4621490036231884 0.44530998389694043 0.0265625 0.03333333333333333
0 0.99453125 0.37135416666666665 0.0109375 0.03333333333333333
0 0.9266138229927007 0.9749315693430657 0.0234375 0.035416666666666666
0 0.58828125 0.11875 0.0296875 0.05
0 0.6015625 0.20625 0.025 0.04583333333333333
0 0.85625 0.22395833333333334 0.0375 0.04375
0 0.4893507281553398 0.7537823624595469 0.0421875 0.04375
0 0.86328125 0.6739583333333333 0.0296875 0.03958333333333333
0 0.14771634615384616 0.9287660256410256 0.025 0.03958333333333333
0 0.17552083333333332 0.959375 0.03125 0.03958333333333333
0 0.4844881360078278 0.046724151989562944 0.025 0.02708333333333333
0 0.5079847440944881 0.02441765091863517 0.0296875 0.03125
0 0.35703125 0.06354166666666666 0.0234375 0.027083333333333334
0 0.7375 0.026041666666666668 0.021875 0.03125
0 0.986478794642857 0.015567956349206349 0.021060267857142812 0.023824404761904762
1 0.57109375 0.13333333333333333 0.0890625 0.1125
1 0.3203125 0.21041666666666667 0.103125 0.09583333333333334
