0 0.26484375 0.4354166666666667 0.0265625 0.0375
0 0.23828125 0.5770833333333333 0.0265625 0.0375
0 0.24202751494023905 0.85625 0.0265625 0.0375
0 0.19453125 0.8458333333333333 0.0265625 0.0375
0 0.08359375 0.80625 0.0265625 0.0375
0 0.01658864299610895 0.7603599221789883 0.0265625 0.0375
0 0.13515625 0.18958333333333333 0.0265625 0.0375
0 0.25546875 0.20625 0.0265625 0.041666666666666664
0 0.251220703125 0.1431640625 0.0265625 0.0375
0 0.2818345323741007 0.22109562350119905 0.0265625 0.0375
0 0.2791241284860558 0.345542828685259 0.0265625 0.0375
0 0.116796875 0.5244791666666667 0.028125 0.05
0 0.53447265625 0.9712239583333333 0.0265625 0.0375
0 0.6320246292372882 0.5934675141242938 0.0265625 0.0375
0 0.48828125 0.86875 0.0265625 0.0375
0 0.8440381749649368 0.8530417251051894 0.0265625 0.0375
0 0.8346631749649369 0.9780417251051894 0.0265625 0.0375
0 0.8515833187237026 0.7530972417017298 0.0265625 0.0375
0 0.828125 0.43645833333333334 0.025 0.03958333333333333
0 0.866422006302521 0.409375 0.025 0.03958333333333333
0 0.6615631764069264 0.18301767676767675 0.0265625 0.03333333333333333
0 0.769148468875502 0.08514056224899598 0.0265625 0.03333333333333333
0 0.71015625 0.6354166666666666 0.0265625 0.03333333333333333
0 0.5676347805343511 0.5348520992366412 0.028172709923664118 0.03333333333333333
0 0.4827608219844358 0.4061527237354085 0.0265625 0.03333333333333333
0 0.559375 0.5375 0.028125 0.0375
0 0.68828125 0.09930555555555555 0.0265625 0.03333333333333333
0 0.9755008012820513 0.8591613247863248 0.0234375 0.035416666666666666
0 0.58828125 0.11875 0.0296875 0.05
0 0.6015625 0.20625 0.025 0.04583333333333333
0 0.85625 0.22395833333333334 0.0375 0.04375
0 0.94765625 0.26875 0.0328125 0.041666666666666664
0 0.4966180098684211 0.7439761513157895 0.0421875 0.04375
0 0.5039880952380952 0.024031084656084657 0.025 0.027083333333333334
0 0.14375 0.27708333333333335 0.028125 0.0375
0 0.5148910984848485 0.013005050505050504 0.0296875 0.01875
0 0.36771001344086024 0.022860663082437276 0.0234375 0.027083333333333334
0 0.12317708333333333 0.011458333333333333 0.0265625 0.022916666666666665
1 0.57109375 0.13333333333333333 0.0890625 0.1125
1 0.3203125 0.21041666666666667 0.103125 0.09583333333333334
