0 0.26484375 0.4354166666666667 0.0265625 0.0375
0 0.23828125 0.5770833333333333 0.0265625 0.0375
0 0.2415718376494024 0.85625 0.0265625 0.0375
0 0.19453125 0.8458333333333333 0.0265625 0.0375
0 0.08359375 0.80625 0.0265625 0.0375
0 0.009874355670103094 0.7784042096219932 0.019748711340206188 0.03447164948453611
0 0.13515625 0.18958333333333333 0.0265625 0.0375
0 0.304296875 0.24739583333333334 0.0265625 0.041666666666666664
0 0.24373958333333334 0.15753333333333333 0.0265625 0.0375
0 0.2808059802158273 0.22246702637889687 0.0265625 0.0375
0 0.26226820054945055 0.36364468864468863 0.0265625 0.0375
0 0.5351859901171303 0.975039653489507 0.0265625 0.0375
0 0.6280582016728624 0.6054368029739777 0.0265625 0.0375
0 0.48828125 0.86875 0.0265625 0.0375
0 0.84296875 0.85625 0.0265625 0.0375
0 0.83359375 0.98125 0.0265625 0.0375
0 0.8492043887867646 0.7541666666666667 0.0265625 0.0375
0 0.828125 0.43645833333333334 0.025 0.03958333333333333
0 0.865701155462185 0.409375 0.025 0.03958333333333333
0 0.656640625 0.20885416666666667 0.0265625 0.03333333333333333
0 0.7645550953815261 0.09432730923694779 0.0265625 0.03333333333333333
0 0.71015625 0.6354166666666666 0.0265625 0.03333333333333333
0 0.552783677184466 0.5624595469255663 0.0296875 0.03333333333333333
0 0.4749534354304636 0.41804635761589404 0.0265625 0.03333333333333333
0 0.691015625 0.49166666666666664 0.028125 0.0375
0 0.9609657379518073 0.8972013052208836 0.0234375 0.035416666666666666
0 0.58828125 0.11875 0.0296875 0.05
0 0.6015625 0.20625 0.025 0.04583333333333333
0 0.85625 0.22395833333333334 0.0375 0.04375
0 0.8322265625 0.09817708333333333 0.030078125 0.033854166666666664
0 0.49389032160194174 0.747729571197411 0.0421875 0.04375
0 0.4987811426116838 0.032935996563573884 0.025 0.02708333333333333
0 0.50703125 0.016145833333333335 0.0296875 0.019791666666666666
0 0.36340557795698925 0.039258512544802865 0.0234375 0.027083333333333334
1 0.57109375 0.13333333333333333 0.0890625 0.1125
1 0.3203125 0.21041666666666667 0.103125 0.09583333333333334
