0 0.26484375 0.4354166666666667 0.0265625 0.0375
0 0.23828125 0.5770833333333333 0.0265625 0.0375
0 0.2420175547808765 0.85625 0.0265625 0.0375
0 0.19453125 0.8458333333333333 0.0265625 0.0375
0 0.08359375 0.80625 0.0265625 0.0375
0 0.01649136673151751 0.7606679636835278 0.0265625 0.0375
0 0.13515625 0.18958333333333333 0.0265625 0.0375
0 0.25755208333333335 0.21458333333333332 0.0265625 0.041666666666666664
0 0.250927734375 0.1435546875 0.0265625 0.0375
0 0.28181205035971224 0.2211255995203837 0.0265625 0.0375
0 0.2788004233067729 0.34597443559096946 0.0265625 0.0375
0 0.1078125 0.5333333333333333 0.028125 0.05
0 0.53408203125 0.971976273148148 0.0265625 0.0375
0 0.6318392478813559 0.593891242937853 0.0265625 0.0375
0 0.48828125 0.86875 0.0265625 0.0375
0 0.8440031118513325 0.8531469144460028 0.0265625 0.0375
0 0.8346281118513325 0.9781469144460028 0.0265625 0.0375
0 0.8515570213884993 0.7531323048153343 0.0265625 0.0375
0 0.828125 0.43645833333333334 0.025 0.03958333333333333
0 0.86640625 0.409375 0.025 0.03958333333333333
0 0.6615090638528138 0.18327020202020203 0.0265625 0.03333333333333333
0 0.7690480672690763 0.08534136546184738 0.0265625 0.03333333333333333
0 0.71015625 0.6354166666666666 0.0265625 0.03333333333333333
0 0.5673008110687022 0.5353291984732825 0.02822041984732824 0.033333333333333395
0 0.4825176313229572 0.40618514915693904 0.0265625 0.03333333333333333
0 0.565625 0.545138888888889 0.028125 0.03750000000000006
0 0.6934895833333333 0.08819444444444445 0.0265625 0.03333333333333333
0 0.975420673076923 0.8596955128205128 0.0234375 0.035416666666666666
0 0.58828125 0.11875 0.0296875 0.05
0 0.6015625 0.20625 0.025 0.04583333333333333
0 0.85625 0.22395833333333334 0.0375 0.04375
0 0.95390625 0.26145833333333335 0.0328125 0.041666666666666664
0 0.4964946546052632 0.7441680372807017 0.0421875 0.04375
0 0.5041071428571429 0.024136904761904762 0.025 0.027083333333333334
0 0.13359375 0.2755208333333333 0.028125 0.0375
0 0.5147017045454546 0.013068181818181819 0.0296875 0.01875
0 0.36761592741935484 0.023219086021505374 0.0234375 0.027083333333333334
0 0.11796875 0.008333333333333333 0.0265625 0.016666666666666666
1 0.57109375 0.13333333333333333 0.0890625 0.1125
1 0.3203125 0.21041666666666667 0.103125 0.09583333333333334
