0 0.26484375 0.4354166666666667 0.0265625 0.0375
0 0.23828125 0.5770833333333333 0.0265625 0.0375
0 0.24131038346613548 0.85625 0.0265625 0.0375
0 0.19453125 0.8458333333333333 0.0265625 0.0375
0 0.08359375 0.80625 0.0265625 0.0375
0 0.0060546875 0.7924479166666667 0.012109375 0.03177083333333333
0 0.13515625 0.18958333333333333 0.0265625 0.0375
0 0.31171875 0.2328125 0.0265625 0.041666666666666664
0 0.24155208333333333 0.16453333333333334 0.0265625 0.0375
0 0.2788550204918033 0.22629781420765027 0.0265625 0.0375
0 0.2510819822175732 0.36932531380753136 0.0265625 0.0375
0 0.5361468246705711 0.976320766227428 0.0265625 0.0375
0 0.6289730483271375 0.6070631970260223 0.0265625 0.0375
0 0.48828125 0.86875 0.0265625 0.0375
0 0.84296875 0.85625 0.0265625 0.0375
0 0.83359375 0.98125 0.0265625 0.0375
0 0.8464901194852942 0.7541666666666667 0.0265625 0.0375
0 0.828125 0.43645833333333334 0.025 0.03958333333333333
0 0.8652875525210083 0.409375 0.025 0.03958333333333333
0 0.6465891768292683 0.22449186991869918 0.0265625 0.03333333333333333
0 0.7619195532128514 0.09959839357429719 0.0265625 0.03333333333333333
0 0.71015625 0.6354166666666666 0.0265625 0.03333333333333333
0 0.5418207908163265 0.5794926303854876 0.0296875 0.03333333333333333
0 0.4706074089403973 0.42528973509933776 0.0265625 0.03333333333333333
0 0.7651041666666667 0.4034722222222222 0.028125 0.0375
0 0.9512122844827585 0.9266163793103448 0.0234375 0.035416666666666666
0 0.58828125 0.11875 0.0296875 0.05
0 0.6015625 0.20625 0.025 0.04583333333333333
0 0.85625 0.22395833333333334 0.0375 0.04375
0 0.49249658677184466 0.7495878843042071 0.0421875 0.04375
0 0.971875 0.371875 0.028125 0.04375
0 0.49145189003436424 0.039701460481099654 0.025 0.02708333333333333
0 0.50703125 0.019362745098039213 0.0296875 0.026225490196078432
0 0.36093581989247314 0.0486671146953405 0.0234375 0.027083333333333334
1 0.57109375 0.13333333333333333 0.0890625 0.1125
1 0.3203125 0.21041666666666667 0.103125 0.09583333333333334
