0 0.27538025442477876 0.41392576204523107 0.0265625 0.0375
0 0.23828125 0.5824823943661972 0.0265625 0.0375
0 0.24566828051643191 0.8490512519561816 0.0265625 0.0375
0 0.19453125 0.8458333333333333 0.0265625 0.0375
0 0.08359375 0.80625 0.0265625 0.0375
0 0.029830545774647887 0.7276506259780908 0.0265625 0.0375
0 0.13515625 0.18958333333333333 0.0265625 0.0375
0 0.19363839285714285 0.11755952380952381 0.02656249999999998 0.0375
0 0.3114239386792453 0.09602987421383648 0.0265625 0.0375
0 0.28499325539568343 0.2168839928057554 0.0265625 0.0375
0 0.3144182805164319 0.3050176056338028 0.0265625 0.0375
0 0.433203125 0.12447916666666667 0.0265625 0.041666666666666664
0 0.5845914025821596 0.8754694835680751 0.0265625 0.0375
0 0.6468704841040462 0.5633730732177263 0.0265625 0.0375
0 0.48828125 0.86875 0.0265625 0.0375
0 0.48671875 0.7791666666666667 0.0265625 0.0375
0 0.8489645424263674 0.8382626227208976 0.0265625 0.0375
0 0.8395895424263674 0.9632626227208976 0.0265625 0.0375
0 0.8552780943197756 0.7481708742402993 0.0265625 0.0375
0 0.8997395833333334 0.6368055555555556 0.0265625 0.0375
0 0.828125 0.43645833333333334 0.025 0.03958333333333333
0 0.8686357668067227 0.409375 0.025 0.03958333333333333
0 0.66484375 0.18333333333333332 0.0234375 0.03333333333333333
0 0.673592309907834 0.13167242703533025 0.0265625 0.03333333333333332
0 0.75390625 0.058333333333333334 0.0265625 0.03333333333333333
0 0.7698807037275064 0.0634318766066838 0.0265625 0.03333333333333333
0 0.712855780516432 0.6390160406885759 0.0265625 0.03333333333333333
0 0.5887067194835681 0.4811521909233177 0.0265625 0.03333333333333333
0 0.5003557805164319 0.3841842723004695 0.0265625 0.03333333333333333
0 0.18203125 0.5770833333333333 0.0265625 0.03333333333333333
0 0.01640625 0.21666666666666667 0.0265625 0.03333333333333333
0 0.071875 0.20677083333333332 0.0265625 0.03333333333333333
0 0.65546875 0.9822916666666667 0.0265625 0.03333333333333333
0 0.75078125 0.8479166666666667 0.0265625 0.03333333333333333
0 0.9876290457589285 0.7699637276785716 0.02474190848214288 0.033603050595238076
0 0.57578125 0.2552083333333333 0.025 0.035416666666666666
0 0.58828125 0.11875 0.0296875 0.05
0 0.6015625 0.20625 0.025 0.04583333333333333
0 0.38359375 0.7375 0.0390625 0.041666666666666664
0 0.764375 0.6077083333333333 0.028125 0.035416666666666666
0 0.85625 0.22395833333333334 0.0375 0.04375
0 0.5139494243421052 0.7170161732456141 0.0421875 0.04375
