0 0.27110757743362834 0.42911750245821045 0.0265625 0.0375
0 0.23828125 0.5770833333333333 0.0265625 0.0375
0 0.24265749501992034 0.85625 0.0265625 0.0375
0 0.19453125 0.8458333333333333 0.0265625 0.0375
0 0.08359375 0.80625 0.0265625 0.0375
0 0.02274136673151751 0.7408762970168612 0.0265625 0.0375
0 0.13515625 0.18958333333333333 0.0265625 0.0375
0 0.21964285714285717 0.18311011904761904 0.0265625 0.041666666666666664
0 0.2734172952586207 0.11958512931034485 0.0265625 0.03750000000000001
0 0.28325651978417266 0.21919964028776978 0.0265625 0.0375
0 0.29992135067114095 0.31915548098434005 0.0265625 0.0375
0 0.2671875 0.47291666666666665 0.028125 0.04583333333333333
0 0.558645488410596 0.9214128035320088 0.0265625 0.0375
0 0.6384980130057804 0.5726758188824663 0.0265625 0.0375
0 0.48828125 0.86875 0.0265625 0.0375
0 0.8462559169004207 0.8463884992987378 0.0265625 0.0375
0 0.8368809169004207 0.9713884992987378 0.0265625 0.0375
0 0.8532466251753157 0.7508794997662459 0.0265625 0.0375
0 0.828125 0.43645833333333334 0.025 0.03958333333333333
0 0.8674185924369748 0.409375 0.025 0.03958333333333333
0 0.6664695091093117 0.1611842105263158 0.0265625 0.03333333333333333
0 0.7736041934447301 0.0733611825192802 0.0265625 0.03333333333333333
0 0.71015625 0.6354166666666666 0.0265625 0.03333333333333333
0 0.5855321898496241 0.5035401002506266 0.0265625 0.03333333333333333
0 0.49765625 0.4032894736842105 0.0265625 0.03333333333333333
0 0.012763157894736843 0.2705263157894737 0.025526315789473685 0.03333333333333336
0 0.34635416666666663 0.44375 0.028125 0.0375
0 0.76640625 0.4354166666666667 0.0265625 0.03333333333333333
0 0.9890388257575757 0.8098800505050505 0.014820075757575778 0.035416666666666666
0 0.7419270833333333 0.7875 0.0296875 0.041666666666666664
0 0.58828125 0.11875 0.0296875 0.05
0 0.6015625 0.20625 0.025 0.04583333333333333
0 0.16953125 0.325 0.0359375 0.04583333333333333
0 0.85625 0.22395833333333334 0.0375 0.04375
0 0.5044202302631579 0.7318393640350876 0.0421875 0.04375
1 0.57109375 0.13333333333333333 0.0890625 0.1125
1 0.3203125 0.21041666666666667 0.103125 0.09583333333333334
