0 0.2737347898230088 0.41977630285152406 0.0265625 0.0375
0 0.23828125 0.5789906103286385 0.0265625 0.0375
0 0.2439223884976526 0.8537069640062598 0.0265625 0.0375
0 0.19453125 0.8458333333333333 0.0265625 0.0375
0 0.08359375 0.80625 0.0265625 0.0375
0 0.027211707746478873 0.7299784820031299 0.0265625 0.0375
0 0.13515625 0.18958333333333333 0.0265625 0.0375
0 0.21901041666666665 0.1540674603174603 0.0265625 0.0375
0 0.2974609375 0.10451388888888888 0.0265625 0.0375
0 0.2843244154676259 0.2177757793764988 0.0265625 0.0375
0 0.3126723884976526 0.30850938967136154 0.0265625 0.0375
0 0.37942708333333336 0.2840277777777778 0.0265625 0.0416666666666667
0 0.575861942488263 0.8859448356807512 0.0265625 0.0375
0 0.6436461343930635 0.5669556840077071 0.0265625 0.0375
0 0.48828125 0.86875 0.0265625 0.0375
0 0.68359375 0.78125 0.0234375 0.0375
0 0.8479214147966339 0.8413920056100982 0.0265625 0.0375
0 0.8385464147966338 0.9663920056100982 0.0265625 0.0375
0 0.8544957485974753 0.7492140018700327 0.0265625 0.0375
0 0.98515625 0.834375 0.0265625 0.04375
0 0.828125 0.43645833333333334 0.025 0.03958333333333333
0 0.8681670168067226 0.409375 0.025 0.03958333333333333
0 0.63203125 0.14131944444444444 0.0234375 0.03541666666666665
0 0.6710217453917051 0.14195468509984638 0.0265625 0.03333333333333332
0 0.7713146690231363 0.06725578406169666 0.0265625 0.03333333333333333
0 0.7111098884976526 0.6366881846635368 0.0265625 0.03333333333333333
0 0.5904526115023474 0.4892996870109546 0.0265625 0.03333333333333333
0 0.4986098884976526 0.3876760563380282 0.0265625 0.03333333333333333
0 0.0103515625 0.584375 0.017578125 0.03958333333333333
0 0.0150390625 0.236328125 0.0265625 0.03333333333333333
0 0.18020833333333333 0.25798611111111114 0.028125 0.037500000000000026
0 0.77109375 0.6833333333333333 0.0265625 0.03333333333333333
0 0.9913643973214284 0.7749441964285715 0.017271205357142883 0.03470982142857141
0 0.64453125 0.446875 0.025 0.03333333333333333
0 0.58828125 0.11875 0.0296875 0.05
0 0.6015625 0.20625 0.025 0.04583333333333333
0 0.25703125 0.5895833333333333 0.0359375 0.04583333333333333
0 0.4065104166666667 0.5284722222222222 0.03281250000000004 0.03750000000000006
0 0.85625 0.22395833333333334 0.0375 0.04375
0 0.5102796052631579 0.7227247807017544 0.0421875 0.04375
1 0.57109375 0.13333333333333333 0.0890625 0.1125
1 0.3203125 0.21041666666666667 0.103125 0.09583333333333334
