0 0.27544939159292037 0.4136799410029498 0.0265625 0.0375
0 0.23828125 0.5826291079812207 0.0265625 0.0375
0 0.24574163732394366 0.8488556338028169 0.0265625 0.0375
0 0.19453125 0.8458333333333333 0.0265625 0.0375
0 0.08359375 0.80625 0.0265625 0.0375
0 0.029940580985915493 0.7275528169014084 0.0265625 0.0375
0 0.13515625 0.18958333333333333 0.0265625 0.0375
0 0.19401041666666666 0.11319444444444444 0.02656249999999998 0.0375
0 0.31201356132075475 0.0956367924528302 0.0265625 0.0375
0 0.28502135791366906 0.21684652278177458 0.0265625 0.0375
0 0.31449163732394364 0.3048708920187793 0.0265625 0.0375
0 0.42890625 0.10625 0.0265625 0.0375
0 0.5849581866197183 0.8750293427230047 0.0265625 0.0375
0 0.647005960982659 0.5632225433526011 0.0265625 0.0375
0 0.48828125 0.86875 0.0265625 0.0375
0 0.47265625 0.759375 0.0265625 0.0375
0 0.8490083713183731 0.8381311360448808 0.0265625 0.0375
0 0.8396333713183731 0.9631311360448808 0.0265625 0.0375
0 0.8553109659887799 0.7481270453482937 0.0265625 0.0375
0 0.8890625 0.64375 0.0265625 0.0375
0 0.828125 0.43645833333333334 0.025 0.03958333333333333
0 0.8686554621848739 0.409375 0.025 0.03958333333333333
0 0.6689797794117647 0.18517156862745096 0.0234375 0.03333333333333333
0 0.6737003168202765 0.13124039938556067 0.0265625 0.03333333333333333
0 0.73671875 0.059375 0.0265625 0.03333333333333333
0 0.7698204530848329 0.06327120822622108 0.0265625 0.03333333333333334
0 0.7129291373239437 0.6391138497652583 0.0265625 0.03333333333333333
0 0.5886333626760563 0.4808098591549296 0.0265625 0.03333333333333333
0 0.5004291373239437 0.384037558685446 0.0265625 0.03333333333333333
0 0.17265625 0.60625 0.0265625 0.03333333333333333
0 0.01613685344827586 0.21630747126436783 0.0265625 0.03333333333333333
0 0.07265625 0.2 0.0265625 0.03333333333333333
0 0.715625 0.99375 0.01875 0.0125
0 0.64453125 0.9645833333333333 0.0265625 0.03333333333333333
0 0.7375 0.8375 0.0265625 0.03333333333333333
0 0.9874720982142857 0.7697544642857144 0.02505580357142865 0.03355654761904757
0 0.5640625 0.259375 0.025 0.035416666666666666
0 0.58828125 0.11875 0.0296875 0.05
0 0.6015625 0.20625 0.025 0.04583333333333333
0 0.38296875 0.7575000000000001 0.03906250000000004 0.041666666666666664
0 0.7921875 0.6177083333333333 0.028125 0.035416666666666666
0 0.85625 0.22395833333333334 0.0375 0.04375
0 0.5141036184210527 0.7167763157894737 0.0421875 0.04375
