0 0.26484375 0.4354166666666667 0.0265625 0.0375
0 0.23828125 0.5770833333333333 0.0265625 0.0375
0 0.24130789342629483 0.85625 0.0265625 0.0375
0 0.19453125 0.8458333333333333 0.0265625 0.0375
0 0.08359375 0.80625 0.0265625 0.0375
0 0.006051136363636364 0.7925568181818182 0.012102272727272727 0.03178030303030302
0 0.13515625 0.18958333333333333 0.0265625 0.0375
0 0.31171875 0.23229166666666667 0.0265625 0.041666666666666664
0 0.24153125000000003 0.1646 0.0265625 0.0375
0 0.27881915983606553 0.22637295081967215 0.0265625 0.0375
0 0.2510100679916318 0.36936889818688984 0.0265625 0.0375
0 0.5361559754758419 0.9763329673011225 0.0265625 0.0375
0 0.6289817611524164 0.6070786864931846 0.0265625 0.0375
0 0.48828125 0.86875 0.0265625 0.0375
0 0.84296875 0.85625 0.0265625 0.0375
0 0.83359375 0.98125 0.0265625 0.0375
0 0.8464642693014707 0.7541666666666667 0.0265625 0.0375
0 0.828125 0.43645833333333334 0.025 0.03958333333333333
0 0.8652836134453782 0.409375 0.025 0.03958333333333333
0 0.6465256605691057 0.22461043360433605 0.0265625 0.03333333333333333
0 0.761894452811245 0.09964859437751004 0.0265625 0.03333333333333333
0 0.71015625 0.6354166666666666 0.0265625 0.03333333333333333
0 0.5416932397959184 0.5796060090702948 0.0296875 0.03333333333333333
0 0.4705660182119205 0.4253587196467991 0.0265625 0.03333333333333333
0 0.765625 0.40208333333333335 0.028125 0.0375
0 0.9511224856321838 0.9268438697318008 0.0234375 0.035416666666666666
0 0.58828125 0.11875 0.0296875 0.05
0 0.6015625 0.20625 0.025 0.04583333333333333
0 0.85625 0.22395833333333334 0.0375 0.04375
0 0.49248331310679616 0.7496055825242718 0.0421875 0.04375
0 0.9708333333333334 0.3753472222222222 0.028125 0.04375
0 0.491382087628866 0.03976589347079038 0.025 0.027083333333333338
0 0.50703125 0.019393382352941177 0.0296875 0.026286764705882353
0 0.3609122983870968 0.04875672043010752 0.0234375 0.027083333333333334
1 0.57109375 0.13333333333333333 0.0890625 0.1125
1 0.3203125 0.21041666666666667 0.103125 0.09583333333333334
