0 0.26484375 0.4354166666666667 0.0265625 0.0375
0 0.23828125 0.5770833333333333 0.0265625 0.0375
0 0.24014504482071714 0.85625 0.0265625 0.0375
0 0.19453125 0.8458333333333333 0.0265625 0.0375
0 0.08359375 0.80625 0.0265625 0.0375
0 0.13515625 0.18958333333333333 0.0265625 0.0375
0 0.24140625 0.21354166666666666 0.0265625 0.041666666666666664
0 0.21145696989528795 0.18669284467713787 0.0265625 0.0375
0 0.26644847972972974 0.2581644144144144 0.0265625 0.03749999999999997
0 0.22217329545454545 0.39674242424242423 0.0265625 0.0375
0 0.53984375 0.98125 0.0265625 0.0375
0 0.6297365324267783 0.6084205020920502 0.0265625 0.0375
0 0.48828125 0.86875 0.0265625 0.0375
0 0.84296875 0.85625 0.0265625 0.0375
0 0.83359375 0.98125 0.0265625 0.0375
0 0.84140625 0.7709558823529412 0.0265625 0.0375
0 0.828125 0.43645833333333334 0.025 0.03958333333333333
0 0.8640625 0.409375 0.025 0.03958333333333333
0 0.6286644774826791 0.23840935334872979 0.0265625 0.03333333333333333
0 0.7385144589552238 0.1432213930348259 0.0265625 0.03333333333333335
0 0.71015625 0.6354166666666666 0.0265625 0.03333333333333333
0 0.5001969537815125 0.6082282913165267 0.0296875 0.03333333333333333
0 0.4592213650627615 0.4653852859135286 0.0265625 0.03333333333333333
0 0.58828125 0.11875 0.0296875 0.05
0 0.6015625 0.20625 0.025 0.04583333333333333
0 0.85625 0.22395833333333334 0.0375 0.04375
0 0.4862845115291262 0.7578706512944984 0.0421875 0.04375
0 0.7356317934782608 0.9217844202898551 0.0296875 0.03958333333333333
0 0.20451388888888888 0.8075231481481481 0.025 0.03958333333333333
0 0.4823691291585127 0.049549494455316374 0.025 0.027083333333333334
0 0.5094057578740158 0.028207020997375324 0.0296875 0.031249999999999997
0 0.35703125 0.06354166666666666 0.0234375 0.027083333333333334
0 0.771875 0.275 0.034375 0.03958333333333333
0 0.9748772321428572 0.03332837301587301 0.023638392857142775 0.034136904761904764
1 0.57109375 0.13333333333333333 0.0890625 0.1125
1 0.3203125 0.21041666666666667 0.103125 0.09583333333333334
