0 0.26484375 0.4354166666666667 0.0265625 0.0375
0 0.23828125 0.5770833333333333 0.0265625 0.0375
0 0.23995331175298804 0.85625 0.0265625 0.0375
0 0.19453125 0.8458333333333333 0.0265625 0.0375
0 0.08359375 0.80625 0.0265625 0.0375
0 0.13515625 0.18958333333333333 0.0265625 0.0375
0 0.21171875 0.24375 0.0265625 0.041666666666666664
0 0.20767751963350783 0.1950916230366492 0.0265625 0.0375
0 0.2615234375 0.26875 0.0265625 0.0375
0 0.21657748287671233 0.40185502283105023 0.0265625 0.0375
0 0.53984375 0.98125 0.0265625 0.0375
0 0.6282263336820083 0.6057357043235705 0.0265625 0.0375
0 0.48828125 0.86875 0.0265625 0.0375
0 0.84296875 0.85625 0.0265625 0.0375
0 0.83359375 0.98125 0.0265625 0.0375
0 0.84140625 0.7803921568627451 0.0265625 0.0375
0 0.828125 0.43645833333333334 0.025 0.03958333333333333
0 0.8640625 0.409375 0.025 0.03958333333333333
0 0.6278309035796766 0.2391503079291763 0.0265625 0.03333333333333333
0 0.73671875 0.153125 0.0265625 0.03333333333333333
0 0.71015625 0.6354166666666666 0.0265625 0.03333333333333333
0 0.49261423319327735 0.6122724089635855 0.0296875 0.03333333333333333
0 0.4587179654811716 0.4714260808926081 0.0265625 0.03333333333333333
0 0.58828125 0.11875 0.0296875 0.05
0 0.6015625 0.20625 0.025 0.04583333333333333
0 0.85625 0.22395833333333334 0.0375 0.04375
0 0.4852624393203883 0.7592334142394822 0.0421875 0.04375
0 0.692016006097561 0.9666412601626017 0.0296875 0.03958333333333333
0 0.19464760638297873 0.709552304964539 0.025 0.03958333333333333
0 0.4816627935420744 0.05049127527723418 0.025 0.027083333333333334
0 0.5098794291338582 0.02947014435695538 0.0296875 0.031249999999999997
0 0.35703125 0.06354166666666666 0.0234375 0.027083333333333334
0 0.775 0.3697916666666667 0.034375 0.03958333333333333
0 0.9710100446428573 0.0392485119047619 0.02449776785714288 0.03757440476190476
1 0.57109375 0.13333333333333333 0.0890625 0.1125
1 0.3203125 0.21041666666666667 0.103125 0.09583333333333334
