0 0.26484375 0.4354166666666667 0.0265625 0.0375
0 0.23828125 0.5770833333333333 0.0265625 0.0375
0 0.24078498505976093 0.85625 0.0265625 0.0375
0 0.19453125 0.8458333333333333 0.0265625 0.0375
0 0.08359375 0.80625 0.0265625 0.0375
0 0.00546875 0.8104166666666667 0.0109375 0.03333333333333333
0 0.13515625 0.18958333333333333 0.0265625 0.0375
0 0.30421875 0.2175 0.0265625 0.041666666666666664
0 0.23292410714285716 0.17410714285714285 0.0265625 0.0375
0 0.2712884221311475 0.2421516393442623 0.0265625 0.0375
0 0.2365625 0.37937499999999996 0.0265625 0.0375
0 0.5380776445827233 0.9788951927769644 0.0265625 0.0375
0 0.6308114544609665 0.6103314745972739 0.0265625 0.0375
0 0.48828125 0.86875 0.0265625 0.0375
0 0.84296875 0.85625 0.0265625 0.0375
0 0.83359375 0.98125 0.0265625 0.0375
0 0.8410357306985293 0.7541666666666667 0.0265625 0.0375
0 0.828125 0.43645833333333334 0.025 0.03958333333333333
0 0.8644564075630251 0.409375 0.025 0.03958333333333333
0 0.631446665704388 0.23593629715165512 0.0265625 0.03333333333333333
0 0.7554031905594406 0.10885780885780887 0.0265625 0.03333333333333333
0 0.71015625 0.6354166666666666 0.0265625 0.03333333333333333
0 0.5214527027027027 0.598170045045045 0.0296875 0.03333333333333333
0 0.46273777173913044 0.44269323671497585 0.0265625 0.03333333333333333
0 0.98359375 0.3927083333333333 0.028125 0.0375
0 0.9298756843065693 0.9705824209245741 0.0234375 0.035416666666666666
0 0.58828125 0.11875 0.0296875 0.05
0 0.6015625 0.20625 0.025 0.04583333333333333
0 0.85625 0.22395833333333334 0.0375 0.04375
0 0.48969584344660194 0.753322208737864 0.0421875 0.04375
0 0.8783854166666666 0.634375 0.0296875 0.03958333333333333
0 0.140625 0.928125 0.025 0.03958333333333333
0 0.1984375 0.9791666666666666 0.028125 0.029166666666666667
0 0.4847266389432486 0.046406148075668625 0.025 0.027083333333333334
0 0.5078248031496063 0.023991141732283464 0.0296875 0.03125
0 0.35703125 0.06354166666666666 0.0234375 0.027083333333333334
0 0.9877845982142859 0.013568948412698413 0.0207700892857142 0.022663690476190476
1 0.57109375 0.13333333333333333 0.0890625 0.1125
1 0.3203125 0.21041666666666667 0.103125 0.09583333333333334
