0 0.26484375 0.4354166666666667 0.0265625 0.0375
0 0.23828125 0.5770833333333333 0.0265625 0.0375
0 0.24177851095617528 0.85625 0.0265625 0.0375
0 0.19453125 0.8458333333333333 0.0265625 0.0375
0 0.08359375 0.80625 0.0265625 0.0375
0 0.014156736381322954 0.7680609597924772 0.0265625 0.0375
0 0.13515625 0.18958333333333333 0.0265625 0.0375
0 0.29453125 0.25833333333333336 0.0265625 0.041666666666666664
0 0.24546874999999999 0.152 0.0265625 0.037499999999999985
0 0.2812724820143885 0.22184502398081535 0.0265625 0.0375
0 0.27199835526315785 0.356469298245614 0.0265625 0.0375
0 0.018028846153846156 0.5522435897435898 0.028125 0.05000000000000006
0 0.5344264732796487 0.9740269643728648 0.0265625 0.0375
0 0.627390095338983 0.6040607344632768 0.0265625 0.0375
0 0.48828125 0.86875 0.0265625 0.0375
0 0.8431615971248247 0.855671458625526 0.0265625 0.0375
0 0.8337865971248247 0.980671458625526 0.0265625 0.0375
0 0.8509258853436185 0.7539738195418421 0.0265625 0.0375
0 0.828125 0.43645833333333334 0.025 0.03958333333333333
0 0.8660280987394957 0.409375 0.025 0.03958333333333333
0 0.6602103625541125 0.18933080808080807 0.0265625 0.03333333333333333
0 0.7666384287148594 0.09016064257028113 0.0265625 0.03333333333333333
0 0.71015625 0.6354166666666666 0.0265625 0.03333333333333333
0 0.5592855438931299 0.5467795801526717 0.029365458015267177 0.03333333333333328
0 0.4783888658940397 0.4123206401766005 0.0265625 0.03333333333333333
0 0.665625 0.5541666666666667 0.028125 0.0375
0 0.59296875 0.05694444444444445 0.0265625 0.03333333333333334
0 0.9687309451219512 0.876854674796748 0.0234375 0.035416666666666666
0 0.58828125 0.11875 0.0296875 0.05
0 0.6015625 0.20625 0.025 0.04583333333333333
0 0.85625 0.22395833333333334 0.0375 0.04375
0 0.8934895833333334 0.18784722222222222 0.0328125 0.04375
0 0.49499203580097084 0.7462606189320389 0.0421875 0.04375
0 0.5045747422680412 0.02758805841924399 0.025 0.027083333333333334
0 0.51015625 0.014583333333333334 0.0296875 0.01875
0 0.3653578629032258 0.031821236559139786 0.0234375 0.027083333333333334
1 0.57109375 0.13333333333333333 0.0890625 0.1125
1 0.3203125 0.21041666666666667 0.103125 0.09583333333333334
