0 0.26484375 0.4354166666666667 0.0265625 0.0375
0 0.23828125 0.5770833333333333 0.0265625 0.0375
0 0.2407152639442231 0.85625 0.0265625 0.0375
0 0.19453125 0.8458333333333333 0.0265625 0.0375
0 0.08359375 0.80625 0.0265625 0.0375
0 0.00546875 0.8104166666666667 0.0109375 0.03333333333333333
0 0.13515625 0.18958333333333333 0.0265625 0.0375
0 0.30484374999999997 0.21583333333333332 0.0265625 0.041666666666666664
0 0.23014632936507934 0.1736441798941799 0.0265625 0.0375
0 0.27028432377049183 0.24425546448087435 0.0265625 0.0375
0 0.23510416666666667 0.38131944444444443 0.0265625 0.0375
0 0.5383338671303075 0.9792368228404099 0.0265625 0.0375
0 0.6310554135687731 0.6107651796778192 0.0265625 0.0375
0 0.48828125 0.86875 0.0265625 0.0375
0 0.84296875 0.85625 0.0265625 0.0375
0 0.83359375 0.98125 0.0265625 0.0375
0 0.8403119255514706 0.7541666666666667 0.0265625 0.0375
0 0.828125 0.43645833333333334 0.025 0.03958333333333333
0 0.8643461134453782 0.409375 0.025 0.03958333333333333
0 0.631143547921478 0.2362057351809084 0.0265625 0.03333333333333333
0 0.7550972465034965 0.11130536130536131 0.0265625 0.03333333333333333
0 0.71015625 0.6354166666666666 0.0265625 0.03333333333333333
0 0.5193941885964912 0.6000365497076022 0.0296875 0.03333333333333333
0 0.46210371376811593 0.44551127214170694 0.0265625 0.03333333333333333
0 0.9950520833333332 0.3746527777777777 0.009895833333333392 0.02986111111111113
0 0.9263629105839415 0.9752661192214112 0.0234375 0.035416666666666666
0 0.58828125 0.11875 0.0296875 0.05
0 0.6015625 0.20625 0.025 0.04583333333333333
0 0.85625 0.22395833333333334 0.0375 0.04375
0 0.48932418082524276 0.7538177588996764 0.0421875 0.04375
0 0.86015625 0.675 0.0296875 0.03958333333333333
0 0.14807692307692308 0.9284455128205128 0.025 0.03958333333333333
0 0.1703125 0.9635416666666666 0.03125 0.03958333333333333
0 0.4844697896281801 0.04674861382909328 0.025 0.027083333333333338
0 0.5079970472440944 0.024450459317585303 0.0296875 0.03125
0 0.35703125 0.06354166666666666 0.0234375 0.027083333333333334
0 0.745625 0.017708333333333333 0.03125 0.035416666666666666
0 0.9863783482142857 0.01572172619047619 0.02108258928571427 0.023913690476190474
1 0.57109375 0.13333333333333333 0.0890625 0.1125
1 0.3203125 0.21041666666666667 0.103125 0.09583333333333334
