0 0.26484375 0.4354166666666667 0.0265625 0.0375
0 0.23828125 0.5770833333333333 0.0265625 0.0375
0 0.2418183515936255 0.85625 0.0265625 0.0375
0 0.19453125 0.8458333333333333 0.0265625 0.0375
0 0.08359375 0.80625 0.0265625 0.0375
0 0.014545841439688716 0.7668287937743191 0.0265625 0.0375
0 0.13515625 0.18958333333333333 0.0265625 0.0375
0 0.28671875 0.24166666666666667 0.0265625 0.041666666666666664
0 0.24580208333333334 0.1509333333333333 0.0265625 0.037499999999999985
0 0.2813624100719424 0.22172511990407673 0.0265625 0.0375
0 0.27309484649122806 0.3547149122807018 0.0265625 0.0375
0 0.03828125 0.5864583333333333 0.028125 0.05
0 0.5342800603953147 0.973831747193753 0.0265625 0.0375
0 0.6281316207627119 0.6023658192090395 0.0265625 0.0375
0 0.48828125 0.86875 0.0265625 0.0375
0 0.8433018495792426 0.855250701262272 0.0265625 0.0375
0 0.8339268495792427 0.980250701262272 0.0265625 0.0375
0 0.8510310746844321 0.753833567087424 0.0265625 0.0375
0 0.828125 0.43645833333333334 0.025 0.03958333333333333
0 0.8660911239495798 0.409375 0.025 0.03958333333333333
0 0.6604268127705628 0.18832070707070706 0.0265625 0.03333333333333333
0 0.7670400351405623 0.0893574297188755 0.0265625 0.03333333333333333
0 0.71015625 0.6354166666666666 0.0265625 0.03333333333333333
0 0.5606214217557252 0.5448711832061068 0.0291746183206107 0.03333333333333328
0 0.4790511175496689 0.4112168874172185 0.0265625 0.03333333333333333
0 0.6578125 0.5541666666666667 0.028125 0.0375
0 0.61328125 0.06333333333333332 0.0265625 0.03333333333333333
0 0.971169969512195 0.8727896341463415 0.0234375 0.035416666666666666
0 0.58828125 0.11875 0.0296875 0.05
0 0.6015625 0.20625 0.025 0.04583333333333333
0 0.85625 0.22395833333333334 0.0375 0.04375
0 0.8940104166666666 0.209375 0.0328125 0.04375
0 0.4952044144417476 0.7459774474110031 0.0421875 0.04375
0 0.5056915807560137 0.02655713058419244 0.025 0.027083333333333334
0 0.017447916666666667 0.2642361111111111 0.0296875 0.039583333333333366
0 0.5109138257575758 0.014330808080808081 0.0296875 0.01875
0 0.3657342069892473 0.030387544802867383 0.0234375 0.027083333333333334
1 0.57109375 0.13333333333333333 0.0890625 0.1125
1 0.3203125 0.21041666666666667 0.103125 0.09583333333333334
