0 0.26484375 0.4354166666666667 0.0265625 0.0375
0 0.23828125 0.5770833333333333 0.0265625 0.0375
0 0.2409393675298805 0.85625 0.0265625 0.0375
0 0.19453125 0.8458333333333333 0.0265625 0.0375
0 0.08359375 0.80625 0.0265625 0.0375
0 0.005525568181818182 0.8086742424242424 0.011051136363636364 0.0331818181818182
0 0.13515625 0.18958333333333333 0.0265625 0.0375
0 0.31062225877192984 0.2222953216374269 0.0265625 0.041666666666666664
0 0.23844791666666665 0.17446666666666666 0.0265625 0.0375
0 0.27351178278688526 0.2374931693989071 0.0265625 0.0375
0 0.24036676255230124 0.3758193863319386 0.0265625 0.0375
0 0.5375102946559298 0.9781387262079063 0.0265625 0.0375
0 0.6302712592936803 0.6093711276332094 0.0265625 0.0375
0 0.48828125 0.86875 0.0265625 0.0375
0 0.84296875 0.85625 0.0265625 0.0375
0 0.83359375 0.98125 0.0265625 0.0375
0 0.8426384420955882 0.7541666666666667 0.0265625 0.0375
0 0.828125 0.43645833333333334 0.025 0.03958333333333333
0 0.8647006302521009 0.409375 0.025 0.03958333333333333
0 0.63290625 0.23508333333333334 0.0265625 0.03333333333333333
0 0.757245399746193 0.10596446700507614 0.0265625 0.03333333333333333
0 0.71015625 0.6354166666666666 0.0265625 0.03333333333333333
0 0.5260346283783784 0.5938063063063063 0.0296875 0.03333333333333333
0 0.46414175724637685 0.43645330112721414 0.0265625 0.03333333333333333
0 0.9078125 0.4270833333333333 0.028125 0.0375
0 0.9376539689781023 0.9602113746958637 0.0234375 0.035416666666666666
0 0.58828125 0.11875 0.0296875 0.05
0 0.6015625 0.20625 0.025 0.04583333333333333
0 0.85625 0.22395833333333334 0.0375 0.04375
0 0.49051881067961167 0.7522249190938511 0.0421875 0.04375
0 0.92265625 0.578125 0.0296875 0.03958333333333333
0 0.13935319767441862 0.9504602713178295 0.025 0.03958333333333333
0 0.4852953767123288 0.04564783105022831 0.025 0.02708333333333333
0 0.507443405511811 0.0229740813648294 0.0296875 0.03125
0 0.35743111559139784 0.06201836917562723 0.0234375 0.027083333333333327
1 0.57109375 0.13333333333333333 0.0890625 0.1125
1 0.3203125 0.21041666666666667 0.103125 0.09583333333333334
