0 0.26484375 0.4354166666666667 0.0265625 0.0375
0 0.23828125 0.5770833333333333 0.0265625 0.0375
0 0.24076257470119522 0.85625 0.0265625 0.0375
0 0.19453125 0.8458333333333333 0.0265625 0.0375
0 0.08359375 0.80625 0.0265625 0.0375
0 0.00546875 0.8104166666666667 0.0109375 0.03333333333333333
0 0.13515625 0.18958333333333333 0.0265625 0.0375
0 0.3052455357142857 0.2169642857142857 0.0265625 0.041666666666666664
0 0.23203125 0.17395833333333333 0.0265625 0.0375
0 0.2709656762295082 0.24282786885245902 0.0265625 0.0375
0 0.23609375 0.38 0.0265625 0.0375
0 0.5381600018301611 0.9790050024402147 0.0265625 0.0375
0 0.6308898698884758 0.6104708798017349 0.0265625 0.0375
0 0.48828125 0.86875 0.0265625 0.0375
0 0.84296875 0.85625 0.0265625 0.0375
0 0.83359375 0.98125 0.0265625 0.0375
0 0.8408030790441176 0.7541666666666667 0.0265625 0.0375
0 0.828125 0.43645833333333334 0.025 0.03958333333333333
0 0.864420955882353 0.409375 0.025 0.03958333333333333
0 0.6313492349884526 0.23602290223248654 0.0265625 0.03333333333333333
0 0.7553048513986014 0.10964452214452214 0.0265625 0.03333333333333333
0 0.71015625 0.6354166666666666 0.0265625 0.03333333333333333
0 0.5207875844594595 0.598803490990991 0.0296875 0.03333333333333333
0 0.46253396739130437 0.4435990338164251 0.0265625 0.03333333333333333
0 0.9859375 0.3645833333333333 0.028125 0.0375
0 0.9287465784671532 0.9720878953771289 0.0234375 0.035416666666666666
0 0.58828125 0.11875 0.0296875 0.05
0 0.6015625 0.20625 0.025 0.04583333333333333
0 0.85625 0.22395833333333334 0.0375 0.04375
0 0.4895763804611651 0.7534814927184466 0.0421875 0.04375
0 0.87578125 0.6447916666666667 0.0296875 0.03958333333333333
0 0.1446514423076923 0.9314903846153847 0.025 0.03958333333333333
0 0.17604166666666668 0.9652777777777778 0.028125 0.029166666666666667
0 0.48464408023483363 0.046516226353555123 0.025 0.027083333333333338
0 0.5078801673228346 0.024138779527559058 0.0296875 0.03125000000000001
0 0.35703125 0.06354166666666666 0.0234375 0.027083333333333334
0 0.9873325892857142 0.0142609126984127 0.020870535714285765 0.02306547619047619
1 0.57109375 0.13333333333333333 0.0890625 0.1125
1 0.3203125 0.21041666666666667 0.103125 0.09583333333333334
