0 0.2727253871681416 0.4233652900688299 0.0265625 0.0375
0 0.23828125 0.5770833333333333 0.0265625 0.0375
0 0.2429488296812749 0.85625 0.0265625 0.0375
0 0.19453125 0.8458333333333333 0.0265625 0.0375
0 0.08359375 0.80625 0.0265625 0.0375
0 0.02558669747081712 0.7318660830090791 0.0265625 0.0375
0 0.13515625 0.18958333333333333 0.0265625 0.0375
0 0.21676682692307692 0.18076923076923077 0.0265625 0.0375
0 0.2883890086206896 0.11012931034482758 0.0265625 0.0375
0 0.28391411870503597 0.2183228417266187 0.0265625 0.0375
0 0.310963716442953 0.3109759507829978 0.0265625 0.0375
0 0.33463541666666663 0.38055555555555554 0.0265625 0.041666666666666664
0 0.5705729166666667 0.8934027777777778 0.0265625 0.0375
0 0.6416681719653179 0.5691534200385356 0.0265625 0.0375
0 0.48828125 0.86875 0.0265625 0.0375
0 0.82734375 0.81875 0.0234375 0.0375
0 0.8472815129733521 0.8433117110799438 0.0265625 0.0375
0 0.8379065129733521 0.9683117110799438 0.0265625 0.0375
0 0.854015822230014 0.7498539036933146 0.0265625 0.0375
0 0.828125 0.43645833333333334 0.025 0.03958333333333333
0 0.8678794642857144 0.409375 0.025 0.03958333333333333
0 0.596875 0.057291666666666664 0.0234375 0.029166666666666667
0 0.6694300354251012 0.14835526315789474 0.0265625 0.03333333333333335
0 0.7721943284061696 0.06960154241645244 0.0265625 0.03333333333333333
0 0.71015625 0.6354166666666666 0.0265625 0.03333333333333333
0 0.5910303101503759 0.4943765664160401 0.0265625 0.03333333333333333
0 0.49765625 0.3904605263157895 0.0265625 0.03333333333333333
0 0.013597470238095238 0.24913194444444445 0.0265625 0.03333333333333333
0 0.2375 0.34791666666666665 0.028125 0.0375
0 0.76640625 0.5895833333333333 0.0265625 0.03333333333333333
0 0.9936558314732142 0.7779994419642856 0.012688337053571353 0.03538876488095243
0 0.678125 0.5901041666666667 0.025 0.041666666666666664
0 0.58828125 0.11875 0.0296875 0.05
0 0.6015625 0.20625 0.025 0.04583333333333333
0 0.24453125 0.4895833333333333 0.0359375 0.04583333333333333
0 0.1890625 0.42083333333333334 0.0328125 0.0375
0 0.85625 0.22395833333333334 0.0375 0.04375
0 0.5080283717105263 0.7262266995614035 0.0421875 0.04375
1 0.57109375 0.13333333333333333 0.0890625 0.1125
1 0.3203125 0.21041666666666667 0.103125 0.09583333333333334
