0 0.2656972742290749 0.4345631424375918 0.0265625 0.0375
0 0.23828125 0.5770833333333333 0.0265625 0.0375
0 0.24216695717131476 0.85625 0.0265625 0.0375
0 0.19453125 0.8458333333333333 0.0265625 0.0375
0 0.08359375 0.80625 0.0265625 0.0375
0 0.017950510700389104 0.7560473411154346 0.0265625 0.0375
0 0.13515625 0.18958333333333333 0.0265625 0.0375
0 0.24640625 0.19083333333333333 0.0265625 0.041666666666666664
0 0.255322265625 0.1376953125 0.0265625 0.0375
0 0.28214928057553956 0.2206759592326139 0.0265625 0.0375
0 0.28365600099601596 0.3395003320053121 0.0265625 0.0375
0 0.13515625 0.5302083333333333 0.028125 0.05
0 0.53994140625 0.960691550925926 0.0265625 0.0375
0 0.6346199682203391 0.5875353107344633 0.0265625 0.0375
0 0.48828125 0.86875 0.0265625 0.0375
0 0.8445290585553996 0.8515690743338008 0.0265625 0.0375
0 0.8351540585553996 0.9765690743338008 0.0265625 0.0375
0 0.8519514814165499 0.752606358111267 0.0265625 0.0375
0 0.828125 0.43645833333333334 0.025 0.03958333333333333
0 0.8666425945378151 0.409375 0.025 0.03958333333333333
0 0.6623207521645021 0.17948232323232324 0.0265625 0.03333333333333333
0 0.7705540913654618 0.0823293172690763 0.0265625 0.03333333333333333
0 0.71015625 0.6354166666666666 0.0265625 0.03333333333333333
0 0.572310353053435 0.5281727099236642 0.027504770992366458 0.03333333333333333
0 0.4861654912451362 0.4056987678339818 0.0265625 0.03333333333333333
0 0.00546875 0.30520833333333336 0.0109375 0.035416666666666666
0 0.5109375 0.4784722222222222 0.028125 0.0375
0 0.7390625 0.13125 0.0265625 0.03333333333333333
0 0.9765719126506024 0.8499121485943775 0.0234375 0.035416666666666666
0 0.58828125 0.11875 0.0296875 0.05
0 0.6015625 0.20625 0.025 0.04583333333333333
0 0.02421875 0.051041666666666666 0.0296875 0.03958333333333333
0 0.85625 0.22395833333333334 0.0375 0.04375
0 0.9921875 0.30833333333333335 0.014583333333333216 0.0375
0 0.49834498355263157 0.7412897478070176 0.0421875 0.04375
0 0.5023214285714286 0.022549603174603174 0.025 0.02708333333333333
0 0.2375 0.2625 0.028125 0.0375
0 0.5175426136363637 0.012121212121212121 0.0296875 0.01875
0 0.36997767857142855 0.018191964285714287 0.0234375 0.02507440476190476
1 0.57109375 0.13333333333333333 0.0890625 0.1125
1 0.3203125 0.21041666666666667 0.103125 0.09583333333333334
