0 0.27424640486725665 0.4179572271386431 0.0265625 0.0375
0 0.23828125 0.5800762910798123 0.0265625 0.0375
0 0.24446522887323946 0.8522593896713615 0.0265625 0.0375
0 0.19453125 0.8458333333333333 0.0265625 0.0375
0 0.08359375 0.80625 0.0265625 0.0375
0 0.028025968309859157 0.7292546948356808 0.0265625 0.0375
0 0.13515625 0.18958333333333333 0.0265625 0.0375
0 0.20622632575757577 0.14021464646464646 0.026562500000000024 0.037499999999999985
0 0.301796875 0.10194444444444443 0.0265625 0.0375
0 0.2845323741007194 0.21749850119904077 0.0265625 0.0375
0 0.31321522887323944 0.3074237089201878 0.0265625 0.0375
0 0.35078125 0.2 0.0265625 0.041666666666666664
0 0.5785761443661972 0.88268779342723 0.0265625 0.0375
0 0.6446486632947976 0.5658417630057804 0.0265625 0.0375
0 0.48828125 0.86875 0.0265625 0.0375
0 0.6234375 0.8 0.0234375 0.0375
0 0.8482457485974754 0.8404190042075736 0.0265625 0.0375
0 0.8388707485974753 0.9654190042075736 0.0265625 0.0375
0 0.8547389989481067 0.7488896680691912 0.0265625 0.0375
0 0.9580729166666666 0.765625 0.0265625 0.04375
0 0.828125 0.43645833333333334 0.025 0.03958333333333333
0 0.868312762605042 0.409375 0.025 0.03958333333333333
0 0.65078125 0.140625 0.0234375 0.035416666666666666
0 0.6718209965437788 0.13875768049155146 0.0265625 0.03333333333333333
0 0.7708688142673521 0.0660668380462725 0.0265625 0.03333333333333334
0 0.7116527288732394 0.6374119718309859 0.0265625 0.03333333333333333
0 0.5899097711267606 0.4867664319248826 0.0265625 0.03333333333333333
0 0.4991527288732394 0.38659037558685444 0.0265625 0.03333333333333333
0 0.03203125 0.45416666666666666 0.0296875 0.0375
0 0.016243489583333333 0.2291015625 0.0265625 0.03333333333333333
0 0.12593749999999998 0.30291666666666667 0.028125 0.0375
0 0.77578125 0.7395833333333334 0.0265625 0.03333333333333333
0 0.9902029854910716 0.7733956473214285 0.019594029017857117 0.034365699404761925
0 0.638671875 0.38385416666666666 0.025 0.035416666666666666
0 0.58828125 0.11875 0.0296875 0.05
0 0.6015625 0.20625 0.025 0.04583333333333333
0 0.31015625 0.6208333333333333 0.0390625 0.041666666666666664
0 0.5465625000000001 0.5685416666666666 0.028125 0.035416666666666666
0 0.85625 0.22395833333333334 0.0375 0.04375
0 0.5114206414473684 0.7209498355263158 0.0421875 0.04375
