0 0.26484375 0.4354166666666667 0.0265625 0.0375
0 0.23828125 0.5770833333333333 0.0265625 0.0375
0 0.24129295318725102 0.85625 0.0265625 0.0375
0 0.19453125 0.8458333333333333 0.0265625 0.0375
0 0.08359375 0.80625 0.0265625 0.0375
0 0.006029829545454545 0.7932102272727273 0.01205965909090909 0.03183712121212115
0 0.13515625 0.18958333333333333 0.0265625 0.0375
0 0.31421875 0.22958333333333333 0.0265625 0.041666666666666664
0 0.24140625 0.165 0.0265625 0.0375
0 0.27860399590163937 0.22682377049180327 0.0265625 0.0375
0 0.25057858263598326 0.36963040446304046 0.0265625 0.0375
0 0.5362108803074671 0.9764061737432894 0.0265625 0.0375
0 0.6290340381040892 0.6071716232961586 0.0265625 0.0375
0 0.48828125 0.86875 0.0265625 0.0375
0 0.84296875 0.85625 0.0265625 0.0375
0 0.83359375 0.98125 0.0265625 0.0375
0 0.8463091681985293 0.7541666666666667 0.0265625 0.0375
0 0.828125 0.43645833333333334 0.025 0.03958333333333333
0 0.8652599789915966 0.409375 0.025 0.03958333333333333
0 0.6461445630081302 0.22532181571815718 0.0265625 0.03333333333333333
0 0.7617438504016064 0.09994979919678716 0.0265625 0.03333333333333333
0 0.71015625 0.6354166666666666 0.0265625 0.03333333333333333
0 0.5409279336734694 0.5802862811791383 0.0296875 0.03333333333333333
0 0.4703176738410596 0.4257726269315673 0.0265625 0.03333333333333333
0 0.7625 0.39166666666666666 0.028125 0.0375
0 0.9505836925287356 0.9282088122605363 0.0234375 0.035416666666666666
0 0.58828125 0.11875 0.0296875 0.05
0 0.6015625 0.20625 0.025 0.04583333333333333
0 0.85625 0.22395833333333334 0.0375 0.04375
0 0.49240367111650485 0.7497117718446602 0.0421875 0.04375
0 0.9828125 0.3802083333333333 0.028125 0.04375
0 0.4909632731958763 0.04015249140893471 0.025 0.027083333333333334
0 0.50703125 0.01957720588235294 0.0296875 0.02665441176470588
0 0.3607711693548387 0.049294354838709684 0.0234375 0.027083333333333334
1 0.57109375 0.13333333333333333 0.0890625 0.1125
1 0.3203125 0.21041666666666667 0.103125 0.09583333333333334
