0 0.26484375 0.4354166666666667 0.0265625 0.0375
0 0.23828125 0.5770833333333333 0.0265625 0.0375
0 0.24186815239043824 0.85625 0.0265625 0.0375
0 0.19453125 0.8458333333333333 0.0265625 0.0375
0 0.08359375 0.80625 0.0265625 0.0375
0 0.015032222762645913 0.7652885862516213 0.0265625 0.0375
0 0.13515625 0.18958333333333333 0.0265625 0.0375
0 0.27630208333333334 0.23402777777777778 0.0265625 0.041666666666666664
0 0.246533203125 0.1494140625 0.0265625 0.0375
0 0.2814748201438849 0.22157523980815347 0.0265625 0.0375
0 0.2744654605263158 0.35252192982456143 0.0265625 0.0375
0 0.0515625 0.55625 0.028125 0.05
0 0.5340970442898975 0.9735877257198633 0.0265625 0.0375
0 0.6290585275423729 0.6002471751412429 0.0265625 0.0375
0 0.48828125 0.86875 0.0265625 0.0375
0 0.8434771651472651 0.8547247545582048 0.0265625 0.0375
0 0.8341021651472651 0.9797247545582048 0.0265625 0.0375
0 0.8511625613604489 0.7536582515194017 0.0265625 0.0375
0 0.828125 0.43645833333333334 0.025 0.03958333333333333
0 0.8661699054621849 0.409375 0.025 0.03958333333333333
0 0.6606973755411255 0.18705808080808078 0.0265625 0.03333333333333333
0 0.7675420431726907 0.08835341365461848 0.0265625 0.03333333333333333
0 0.71015625 0.6354166666666666 0.0265625 0.03333333333333333
0 0.5622912690839694 0.5424856870229007 0.02893606870229002 0.03333333333333328
0 0.4798789321192053 0.40983719646799116 0.0265625 0.03333333333333333
0 0.640625 0.5854166666666667 0.028125 0.0375
0 0.63515625 0.041666666666666664 0.0265625 0.03333333333333333
0 0.97421875 0.8677083333333333 0.0234375 0.035416666666666666
0 0.58828125 0.11875 0.0296875 0.05
0 0.6015625 0.20625 0.025 0.04583333333333333
0 0.85625 0.22395833333333334 0.0375 0.04375
0 0.88828125 0.234375 0.0328125 0.04375
0 0.4954698877427185 0.7456234830097087 0.0421875 0.04375
0 0.5058928571428571 0.02572420634920635 0.025 0.027083333333333334
0 0.04453125 0.303125 0.0296875 0.03958333333333333
0 0.5118607954545454 0.014015151515151513 0.0296875 0.01875
0 0.3662046370967742 0.028595430107526885 0.0234375 0.027083333333333334
1 0.57109375 0.13333333333333333 0.0890625 0.1125
1 0.3203125 0.21041666666666667 0.103125 0.09583333333333334
