0 0.26484375 0.4354166666666667 0.0265625 0.0375
0 0.23828125 0.5770833333333333 0.0265625 0.0375
0 0.2418855826693227 0.85625 0.0265625 0.0375
0 0.19453125 0.8458333333333333 0.0265625 0.0375
0 0.08359375 0.80625 0.0265625 0.0375
0 0.015202456225680932 0.764749513618677 0.0265625 0.0375
0 0.13515625 0.18958333333333333 0.0265625 0.0375
0 0.27845982142857145 0.23154761904761903 0.0265625 0.041666666666666664
0 0.2470458984375 0.14873046875 0.0265625 0.0375
0 0.28151416366906473 0.22152278177458035 0.0265625 0.0375
0 0.2749451754385965 0.35175438596491226 0.0265625 0.0375
0 0.06015625 0.5708333333333333 0.028125 0.05
0 0.5340329886530014 0.9735023182040019 0.0265625 0.0375
0 0.6293829449152543 0.5995056497175141 0.0265625 0.0375
0 0.48828125 0.86875 0.0265625 0.0375
0 0.843538525596073 0.8545406732117812 0.0265625 0.0375
0 0.834163525596073 0.9795406732117812 0.0265625 0.0375
0 0.8512085816970547 0.7535968910705937 0.0265625 0.0375
0 0.828125 0.43645833333333334 0.025 0.03958333333333333
0 0.8661974789915966 0.409375 0.025 0.03958333333333333
0 0.6607920725108225 0.18661616161616162 0.0265625 0.03333333333333333
0 0.7677177459839357 0.08800200803212851 0.0265625 0.03333333333333333
0 0.71015625 0.6354166666666666 0.0265625 0.03333333333333333
0 0.562875715648855 0.5416507633587787 0.02885257633587788 0.03333333333333333
0 0.480168667218543 0.40935430463576156 0.0265625 0.03333333333333333
0 0.6346354166666667 0.5815972222222222 0.028125 0.0375
0 0.63984375 0.06666666666666667 0.0265625 0.03333333333333333
0 0.9743589743589742 0.8667735042735043 0.0234375 0.035416666666666666
0 0.58828125 0.11875 0.0296875 0.05
0 0.6015625 0.20625 0.025 0.04583333333333333
0 0.85625 0.22395833333333334 0.0375 0.04375
0 0.91015625 0.24756944444444445 0.0328125 0.04375000000000003
0 0.49556280339805825 0.7454995954692556 0.0421875 0.04375
0 0.5056845238095238 0.025539021164021167 0.025 0.027083333333333334
0 0.06015625 0.26493055555555556 0.0296875 0.039583333333333304
0 0.5121922348484849 0.013904671717171717 0.0296875 0.01875
0 0.36636928763440857 0.02796818996415771 0.0234375 0.027083333333333334
1 0.57109375 0.13333333333333333 0.0890625 0.1125
1 0.3203125 0.21041666666666667 0.103125 0.09583333333333334
