0 0.26484375 0.4354166666666667 0.0265625 0.0375
0 0.23828125 0.5770833333333333 0.0265625 0.0375
0 0.24046127988047808 0.85625 0.0265625 0.0375
0 0.19453125 0.8458333333333333 0.0265625 0.0375
0 0.08359375 0.80625 0.0265625 0.0375
0 0.13515625 0.18958333333333333 0.0265625 0.0375
0 0.28828125 0.20625 0.0265625 0.041666666666666664
0 0.2203125 0.17604166666666668 0.0265625 0.0375
0 0.26860064338235295 0.24955575980392156 0.0265625 0.0375
0 0.22931640625 0.38523437499999996 0.0265625 0.0375
0 0.5392672492679356 0.9804813323572474 0.0265625 0.0375
0 0.6319441217472119 0.6123451053283767 0.0265625 0.0375
0 0.48828125 0.86875 0.0265625 0.0375
0 0.84296875 0.85625 0.0265625 0.0375
0 0.83359375 0.98125 0.0265625 0.0375
0 0.8376752068014707 0.7541666666666667 0.0265625 0.0375
0 0.828125 0.43645833333333334 0.025 0.03958333333333333
0 0.8640625 0.409375 0.025 0.03958333333333333
0 0.6300393331408776 0.23718725943033103 0.0265625 0.03333333333333333
0 0.753982736013986 0.12022144522144522 0.0265625 0.03333333333333333
0 0.71015625 0.6354166666666666 0.0265625 0.03333333333333333
0 0.5124040570175439 0.6019005847953217 0.0296875 0.03333333333333333
0 0.46005164748953975 0.45542189679218964 0.0265625 0.03333333333333333
0 0.9140372983870968 0.9890120967741935 0.025453629032258007 0.02197580645161293
0 0.58828125 0.11875 0.0296875 0.05
0 0.6015625 0.20625 0.025 0.04583333333333333
0 0.85625 0.22395833333333334 0.0375 0.04375
0 0.4879702669902913 0.7556229773462783 0.0421875 0.04375
0 0.81640625 0.8010416666666667 0.0296875 0.03958333333333333
0 0.175 0.8540509259259259 0.025 0.03958333333333333
0 0.040625 0.851736111111111 0.03125 0.03958333333333333
0 0.4835341242661448 0.047996167645140246 0.025 0.027083333333333334
0 0.5086245078740157 0.02612368766404199 0.0296875 0.031249999999999997
0 0.35703125 0.06354166666666666 0.0234375 0.027083333333333334
0 0.7453125 0.14479166666666668 0.021875 0.03958333333333333
0 0.9812555803571428 0.023563988095238093 0.02222098214285726 0.028467261904761905
1 0.57109375 0.13333333333333333 0.0890625 0.1125
1 0.3203125 0.21041666666666667 0.103125 0.09583333333333334
