0 0.26484375 0.4354166666666667 0.0265625 0.0375
0 0.23828125 0.5770833333333333 0.0265625 0.0375
0 0.24159673804780873 0.85625 0.0265625 0.0375
0 0.19453125 0.8458333333333333 0.0265625 0.0375
0 0.08359375 0.80625 0.0265625 0.0375
0 0.010599226804123712 0.7767933848797252 0.021198453608247424 0.03511597938144331
0 0.13515625 0.18958333333333333 0.0265625 0.0375
0 0.30546875 0.24583333333333332 0.0265625 0.041666666666666664
0 0.24394791666666665 0.15686666666666668 0.0265625 0.0375
0 0.28086218525179857 0.22239208633093527 0.0265625 0.0375
0 0.2638135302197802 0.3629578754578755 0.0265625 0.0375
0 0.5350944820644217 0.9749176427525622 0.0265625 0.0375
0 0.6279710734200743 0.6052819083023544 0.0265625 0.0375
0 0.48828125 0.86875 0.0265625 0.0375
0 0.84296875 0.85625 0.0265625 0.0375
0 0.83359375 0.98125 0.0265625 0.0375
0 0.849462890625 0.7541666666666667 0.0265625 0.0375
0 0.828125 0.43645833333333334 0.025 0.03958333333333333
0 0.8657405462184874 0.409375 0.025 0.03958333333333333
0 0.6581430288461538 0.20685096153846153 0.0265625 0.03333333333333333
0 0.7648060993975904 0.09382530120481929 0.0265625 0.03333333333333333
0 0.71015625 0.6354166666666666 0.0265625 0.03333333333333333
0 0.5535421723300971 0.5602346278317152 0.0296875 0.03333333333333333
0 0.4753673427152318 0.41735651214128033 0.0265625 0.03333333333333333
0 0.6578125 0.4791666666666667 0.028125 0.0375
0 0.9618229166666667 0.8942361111111111 0.0234375 0.035416666666666666
0 0.58828125 0.11875 0.0296875 0.05
0 0.6015625 0.20625 0.025 0.04583333333333333
0 0.85625 0.22395833333333334 0.0375 0.04375
0 0.82890625 0.1204861111111111 0.0296875 0.03541666666666665
0 0.4940230582524272 0.7475525889967637 0.0421875 0.04375
0 0.4994791666666667 0.03229166666666667 0.025 0.027083333333333334
0 0.50703125 0.015839460784313725 0.0296875 0.01917892156862745
0 0.3636407930107527 0.03836245519713262 0.0234375 0.027083333333333334
1 0.57109375 0.13333333333333333 0.0890625 0.1125
1 0.3203125 0.21041666666666667 0.103125 0.09583333333333334
