0 0.26484375 0.4354166666666667 0.0265625 0.0375
0 0.23828125 0.5770833333333333 0.0265625 0.0375
0 0.241492156374502 0.85625 0.0265625 0.0375
0 0.19453125 0.8458333333333333 0.0265625 0.0375
0 0.08359375 0.80625 0.0265625 0.0375
0 0.007554768041237114 0.7835588487972508 0.015109536082474229 0.03240979381443303
0 0.13515625 0.18958333333333333 0.0265625 0.0375
0 0.31015625 0.2423611111111111 0.0265625 0.041666666666666664
0 0.24307291666666667 0.15966666666666668 0.0265625 0.0375
0 0.2806261241007194 0.22270683453237408 0.0265625 0.0375
0 0.2573231456043956 0.3658424908424908 0.0265625 0.0375
0 0.5354788158857979 0.9754300878477306 0.0265625 0.0375
0 0.6283370120817844 0.6059324659231723 0.0265625 0.0375
0 0.48828125 0.86875 0.0265625 0.0375
0 0.84296875 0.85625 0.0265625 0.0375
0 0.83359375 0.98125 0.0265625 0.0375
0 0.8483771829044118 0.7541666666666667 0.0265625 0.0375
0 0.828125 0.43645833333333334 0.025 0.03958333333333333
0 0.8655751050420168 0.409375 0.025 0.03958333333333333
0 0.6518329326923077 0.2152644230769231 0.0265625 0.03333333333333333
0 0.7637518825301205 0.09593373493975904 0.0265625 0.03333333333333333
0 0.71015625 0.6354166666666666 0.0265625 0.03333333333333333
0 0.5503564927184466 0.56957928802589 0.0296875 0.03333333333333333
0 0.47362893211920526 0.42025386313465785 0.0265625 0.03333333333333333
0 0.684375 0.46041666666666664 0.028125 0.0375
0 0.9579536897590362 0.906839859437751 0.0234375 0.035416666666666666
0 0.58828125 0.11875 0.0296875 0.05
0 0.6015625 0.20625 0.025 0.04583333333333333
0 0.85625 0.22395833333333334 0.0375 0.04375
0 0.80390625 0.06875 0.0296875 0.03333333333333333
0 0.49346556432038835 0.7482959142394823 0.0421875 0.04375
0 0.4965474656357388 0.034997852233676977 0.025 0.027083333333333334
0 0.50703125 0.01712622549019608 0.0296875 0.021752450980392156
0 0.36265288978494625 0.042125896057347664 0.0234375 0.02708333333333333
1 0.57109375 0.13333333333333333 0.0890625 0.1125
1 0.3203125 0.21041666666666667 0.103125 0.09583333333333334
