0 0.27159153761061944 0.4273967551622419 0.0265625 0.0375
0 0.23828125 0.5770833333333333 0.0265625 0.0375
0 0.24274464641434262 0.85625 0.0265625 0.0375
0 0.19453125 0.8458333333333333 0.0265625 0.0375
0 0.08359375 0.80625 0.0265625 0.0375
0 0.023592534046692603 0.7381809338521401 0.0265625 0.0375
0 0.13515625 0.18958333333333333 0.0265625 0.0375
0 0.22265625 0.17453703703703702 0.0265625 0.040740740740740744
0 0.2778960129310345 0.11675646551724136 0.0265625 0.0375
0 0.28345323741007195 0.2189373501199041 0.0265625 0.0375
0 0.30322462248322146 0.3167086129753915 0.0265625 0.0375
0 0.27682291666666664 0.4097222222222222 0.0265625 0.041666666666666664
0 0.5620028409090909 0.9140151515151516 0.0265625 0.0375
0 0.6394463511560693 0.5716221098265897 0.0265625 0.0375
0 0.48828125 0.86875 0.0265625 0.0375
0 0.97265625 0.9375 0.0234375 0.0375
0 0.84656271914446 0.8454680925666199 0.0265625 0.0375
0 0.83718771914446 0.9704680925666199 0.0265625 0.0375
0 0.8534767268583451 0.7505726975222067 0.0265625 0.0375
0 0.828125 0.43645833333333334 0.025 0.03958333333333333
0 0.8675564600840335 0.409375 0.025 0.03958333333333333
0 0.667355136639676 0.15734649122807018 0.0265625 0.03333333333333333
0 0.7731824389460155 0.07223650385604113 0.0265625 0.03333333333333334
0 0.71015625 0.6354166666666666 0.0265625 0.03333333333333333
0 0.5871769266917293 0.5007988721804512 0.0265625 0.03333333333333333
0 0.49765625 0.3994517543859649 0.0265625 0.03333333333333333
0 0.01328125 0.26875 0.0265625 0.03333333333333333
0 0.315625 0.42083333333333334 0.028125 0.0375
0 0.7802083333333333 0.5118055555555555 0.0265625 0.03333333333333333
0 0.9916627209595958 0.8025147306397307 0.012886679292929238 0.035416666666666666
0 0.73984375 0.7260416666666667 0.0296875 0.041666666666666664
0 0.58828125 0.11875 0.0296875 0.05
0 0.6015625 0.20625 0.025 0.04583333333333333
0 0.1828125 0.40208333333333335 0.0359375 0.04583333333333333
0 0.013802083333333331 0.2326388888888889 0.0265625 0.029166666666666667
0 0.85625 0.22395833333333334 0.0375 0.04375
0 0.5054995888157895 0.7301603618421052 0.0421875 0.04375
1 0.57109375 0.13333333333333333 0.0890625 0.1125
1 0.3203125 0.21041666666666667 0.103125 0.09583333333333334
