0 0.26484375 0.4354166666666667 0.0265625 0.0375
0 0.23828125 0.5770833333333333 0.0265625 0.0375
0 0.24019235557768925 0.85625 0.0265625 0.0375
0 0.19453125 0.8458333333333333 0.0265625 0.0375
0 0.08359375 0.80625 0.0265625 0.0375
0 0.13515625 0.18958333333333333 0.0265625 0.0375
0 0.2515625 0.19895833333333332 0.0265625 0.041666666666666664
0 0.2123895615183246 0.18462041884816754 0.026562500000000024 0.0375
0 0.26684966216216216 0.25655968468468465 0.0265625 0.0375
0 0.22379261363636363 0.3960227272727273 0.0265625 0.0375
0 0.53984375 0.98125 0.0265625 0.0375
0 0.6301091788702929 0.6090829846582985 0.0265625 0.0375
0 0.48828125 0.86875 0.0265625 0.0375
0 0.84296875 0.85625 0.0265625 0.0375
0 0.83359375 0.98125 0.0265625 0.0375
0 0.84140625 0.7686274509803922 0.0265625 0.0375
0 0.828125 0.43645833333333334 0.025 0.03958333333333333
0 0.8640625 0.409375 0.025 0.03958333333333333
0 0.6288701645496536 0.23822652040030792 0.0265625 0.03333333333333333
0 0.7409514925373134 0.13967661691542288 0.0265625 0.03333333333333333
0 0.71015625 0.6354166666666666 0.0265625 0.03333333333333333
0 0.5020680147058824 0.6072303921568628 0.0296875 0.03333333333333333
0 0.4593455805439331 0.46389470013947 0.0265625 0.03333333333333333
0 0.58828125 0.11875 0.0296875 0.05
0 0.6015625 0.20625 0.025 0.04583333333333333
0 0.85625 0.22395833333333334 0.0375 0.04375
0 0.48653671116504854 0.7575343851132686 0.0421875 0.04375
0 0.7485394021739131 0.9080163043478261 0.0296875 0.03958333333333333
0 0.19629934210526315 0.802796052631579 0.024999999999999977 0.03958333333333333
0 0.48254341976516635 0.04931710697977821 0.025 0.027083333333333334
0 0.5092888779527559 0.027895341207349083 0.0296875 0.03125
0 0.35703125 0.06354166666666666 0.0234375 0.027083333333333334
0 0.784375 0.2520833333333333 0.034375 0.03958333333333333
0 0.9758314732142856 0.03186755952380952 0.02342633928571427 0.03328869047619047
1 0.57109375 0.13333333333333333 0.0890625 0.1125
1 0.3203125 0.21041666666666667 0.103125 0.09583333333333334
