0 0.27255945796460174 0.42395526057030486 0.0265625 0.0375
0 0.23828125 0.5770833333333333 0.0265625 0.0375
0 0.24291894920318727 0.85625 0.0265625 0.0375
0 0.19453125 0.8458333333333333 0.0265625 0.0375
0 0.08359375 0.80625 0.0265625 0.0375
0 0.025294868677042802 0.7327902075226977 0.0265625 0.0375
0 0.13515625 0.18958333333333333 0.0265625 0.0375
0 0.22074652777777776 0.17384259259259258 0.0265625 0.0375
0 0.28685344827586207 0.11109913793103449 0.0265625 0.0375
0 0.2838466726618705 0.21841276978417265 0.0265625 0.0375
0 0.3098311661073826 0.3118148769574944 0.0265625 0.0375
0 0.32265625 0.39166666666666666 0.0265625 0.041666666666666664
0 0.5697916666666667 0.8960069444444444 0.0265625 0.0375
0 0.6413430274566474 0.5695146917148363 0.0265625 0.0375
0 0.48828125 0.86875 0.0265625 0.0375
0 0.86171875 0.8645833333333334 0.0234375 0.0375
0 0.8471763236325385 0.8436272791023842 0.0265625 0.0375
0 0.8378013236325386 0.9686272791023842 0.0265625 0.0375
0 0.8539369302244039 0.7499590930341281 0.0265625 0.0375
0 0.828125 0.43645833333333334 0.025 0.03958333333333333
0 0.8678321953781513 0.409375 0.025 0.03958333333333333
0 0.578125 0.07083333333333333 0.0234375 0.029166666666666667
0 0.6691263917004049 0.14967105263157893 0.0265625 0.03333333333333332
0 0.7723389299485861 0.06998714652956298 0.0265625 0.03333333333333333
0 0.71015625 0.6354166666666666 0.0265625 0.03333333333333333
0 0.5904664003759399 0.49531641604010024 0.0265625 0.03333333333333333
0 0.49765625 0.3917763157894737 0.0265625 0.03333333333333333
0 0.013374255952380953 0.2512152777777778 0.0265625 0.03333333333333336
0 0.25 0.36875 0.028125 0.0375
0 0.7653645833333333 0.5708333333333333 0.0265625 0.03333333333333333
0 0.9935546875 0.7809895833333333 0.0125 0.035416666666666666
0 0.690625 0.5666666666666667 0.025 0.03333333333333333
0 0.58828125 0.11875 0.0296875 0.05
0 0.6015625 0.20625 0.025 0.04583333333333333
0 0.2541466346153846 0.49214743589743587 0.0359375 0.04583333333333333
0 0.15703125 0.41041666666666665 0.0328125 0.0375
0 0.85625 0.22395833333333334 0.0375 0.04375
0 0.5076583059210527 0.7268023574561403 0.0421875 0.04375
1 0.57109375 0.13333333333333333 0.0890625 0.1125
1 0.3203125 0.21041666666666667 0.103125 0.09583333333333334
