0 0.26484375 0.4354166666666667 0.0265625 0.0375
0 0.23828125 0.5770833333333333 0.0265625 0.0375
0 0.241890562749004 0.85625 0.0265625 0.0375
0 0.19453125 0.8458333333333333 0.0265625 0.0375
0 0.08359375 0.80625 0.0265625 0.0375
0 0.015251094357976652 0.7645954928664073 0.0265625 0.0375
0 0.13515625 0.18958333333333333 0.0265625 0.0375
0 0.27786458333333336 0.2375 0.0265625 0.041666666666666664
0 0.2471923828125 0.14853515625 0.0265625 0.0375
0 0.281525404676259 0.221507793764988 0.0265625 0.0375
0 0.27508223684210525 0.35153508771929826 0.0265625 0.0375
0 0.06339285714285714 0.5726190476190476 0.028124999999999994 0.05
0 0.5340146870424597 0.9734779160566129 0.0265625 0.0375
0 0.6294756355932203 0.5992937853107345 0.0265625 0.0375
0 0.48828125 0.86875 0.0265625 0.0375
0 0.8435560571528752 0.8544880785413744 0.0265625 0.0375
0 0.8341810571528752 0.9794880785413744 0.0265625 0.0375
0 0.8512217303646563 0.7535793595137915 0.0265625 0.0375
0 0.828125 0.43645833333333334 0.025 0.03958333333333333
0 0.8662053571428572 0.409375 0.025 0.03958333333333333
0 0.6608191287878789 0.18648989898989898 0.0265625 0.03333333333333333
0 0.7677679467871485 0.08790160642570281 0.0265625 0.03333333333333333
0 0.71015625 0.6354166666666666 0.0265625 0.03333333333333333
0 0.5630427003816794 0.541412213740458 0.028828721374045775 0.03333333333333333
0 0.48025144867549663 0.4092163355408388 0.0265625 0.03333333333333333
0 0.634765625 0.5833333333333334 0.028125 0.0375
0 0.63984375 0.06944444444444445 0.0265625 0.03333333333333334
0 0.9743990384615385 0.8665064102564102 0.0234375 0.035416666666666666
0 0.58828125 0.11875 0.0296875 0.05
0 0.6015625 0.20625 0.025 0.04583333333333333
0 0.85625 0.22395833333333334 0.0375 0.04375
0 0.91640625 0.24479166666666666 0.0328125 0.04375
0 0.49558935072815535 0.7454641990291262 0.0421875 0.04375
0 0.505625 0.025486111111111112 0.025 0.027083333333333334
0 0.06953125 0.2635416666666667 0.0296875 0.03958333333333333
0 0.5122869318181819 0.013873106060606063 0.0296875 0.01875
0 0.36641633064516127 0.027788978494623657 0.0234375 0.027083333333333334
0 0.0078125 0.08125 0.015625 0.020833333333333332
1 0.57109375 0.13333333333333333 0.0890625 0.1125
1 0.3203125 0.21041666666666667 0.103125 0.09583333333333334
