0 0.26484375 0.4354166666666667 0.0265625 0.0375
0 0.23828125 0.5770833333333333 0.0265625 0.0375
0 0.24203747509960158 0.85625 0.0265625 0.0375
0 0.19453125 0.8458333333333333 0.0265625 0.0375
0 0.08359375 0.80625 0.0265625 0.0375
0 0.01668591926070039 0.7600518806744488 0.0265625 0.0375
0 0.13515625 0.18958333333333333 0.0265625 0.0375
0 0.25546875 0.2099537037037037 0.0265625 0.041666666666666664
0 0.251513671875 0.1427734375 0.0265625 0.0375
0 0.2818570143884892 0.2210656474820144 0.0265625 0.0375
0 0.27944783366533865 0.3451112217795485 0.0265625 0.0375
0 0.1203125 0.5239583333333333 0.028125 0.05
0 0.53486328125 0.9704716435185186 0.0265625 0.0375
0 0.6322100105932204 0.5930437853107345 0.0265625 0.0375
0 0.48828125 0.86875 0.0265625 0.0375
0 0.8440732380785414 0.8529365357643759 0.0265625 0.0375
0 0.8346982380785415 0.9779365357643759 0.0265625 0.0375
0 0.851609616058906 0.7530621785881253 0.0265625 0.0375
0 0.828125 0.43645833333333334 0.025 0.03958333333333333
0 0.866437762605042 0.409375 0.025 0.03958333333333333
0 0.661617288961039 0.18276515151515152 0.0265625 0.03333333333333333
0 0.7692488704819277 0.08493975903614458 0.0265625 0.03333333333333333
0 0.71015625 0.6354166666666666 0.0265625 0.03333333333333333
0 0.56796875 0.534375 0.028125 0.03333333333333333
0 0.4830040126459144 0.4061202983138781 0.0265625 0.03333333333333333
0 0.546875 0.5270833333333333 0.028125 0.0375
0 0.6943080357142857 0.09672619047619048 0.0265625 0.03333333333333333
0 0.9755809294871796 0.8586271367521368 0.0234375 0.035416666666666666
0 0.58828125 0.11875 0.0296875 0.05
0 0.6015625 0.20625 0.025 0.04583333333333333
0 0.85625 0.22395833333333334 0.0375 0.04375
0 0.93515625 0.27708333333333335 0.0328125 0.041666666666666664
0 0.49674136513157896 0.7437842653508772 0.0421875 0.04375
0 0.5038690476190476 0.02392526455026455 0.025 0.027083333333333334
0 0.14375 0.2916666666666667 0.028125 0.0375
0 0.5150804924242424 0.012941919191919194 0.0296875 0.01875
0 0.3678040994623656 0.022502240143369174 0.0234375 0.027083333333333334
1 0.57109375 0.13333333333333333 0.0890625 0.1125
1 0.3203125 0.21041666666666667 0.103125 0.09583333333333334
