0 0.27207549778761064 0.42567600786627335 0.0265625 0.0375
0 0.23828125 0.5770833333333333 0.0265625 0.0375
0 0.24283179780876493 0.85625 0.0265625 0.0375
0 0.19453125 0.8458333333333333 0.0265625 0.0375
0 0.08359375 0.80625 0.0265625 0.0375
0 0.024443701361867704 0.7354855706874189 0.0265625 0.0375
0 0.13515625 0.18958333333333333 0.0265625 0.0375
0 0.22174030172413794 0.17708333333333334 0.0265625 0.0375
0 0.28237473060344825 0.11392780172413793 0.0265625 0.0375
0 0.28364995503597124 0.21867505995203837 0.0265625 0.0375
0 0.30652789429530203 0.314261744966443 0.0265625 0.0375
0 0.29921875 0.3885416666666667 0.0265625 0.041666666666666664
0 0.5669744318181819 0.9040719696969697 0.0265625 0.0375
0 0.6403946893063583 0.5705684007707129 0.0265625 0.0375
0 0.48828125 0.86875 0.0265625 0.0375
0 0.91015625 0.8875 0.0234375 0.0375
0 0.8468695213884994 0.8445476858345021 0.0265625 0.0375
0 0.8374945213884993 0.9695476858345021 0.0265625 0.0375
0 0.8537068285413746 0.7502658952781673 0.0265625 0.0375
0 0.828125 0.43645833333333334 0.025 0.03958333333333333
0 0.8676943277310925 0.409375 0.025 0.03958333333333333
0 0.6682407641700405 0.15350877192982457 0.0265625 0.03333333333333333
0 0.7727606844473007 0.07111182519280206 0.0265625 0.03333333333333333
0 0.71015625 0.6354166666666666 0.0265625 0.03333333333333333
0 0.5888216635338346 0.4980576441102757 0.0265625 0.03333333333333333
0 0.49765625 0.3956140350877193 0.0265625 0.03333333333333333
0 0.01328125 0.2601478494623656 0.0265625 0.03333333333333333
0 0.274375 0.42 0.028125 0.0375
0 0.76875 0.5302083333333333 0.0265625 0.03333333333333333
0 0.9927951388888889 0.7921296296296296 0.0125 0.035416666666666666
0 0.719140625 0.6640625 0.0296875 0.041666666666666664
0 0.58828125 0.11875 0.0296875 0.05
0 0.6015625 0.20625 0.025 0.04583333333333333
0 0.21796875 0.43125 0.0359375 0.04583333333333333
0 0.07421875 0.3333333333333333 0.0328125 0.0375
0 0.85625 0.22395833333333334 0.0375 0.04375
0 0.506578947368421 0.7284813596491229 0.0421875 0.04375
1 0.57109375 0.13333333333333333 0.0890625 0.1125
1 0.3203125 0.21041666666666667 0.103125 0.09583333333333334
