0 0.26484375 0.4354166666666667 0.0265625 0.0375
0 0.23828125 0.5770833333333333 0.0265625 0.0375
0 0.24093687749003984 0.85625 0.0265625 0.0375
0 0.19453125 0.8458333333333333 0.0265625 0.0375
0 0.08359375 0.80625 0.0265625 0.0375
0 0.005522017045454545 0.808783143939394 0.01104403409090909 0.03319128787878789
0 0.13515625 0.18958333333333333 0.0265625 0.0375
0 0.3105948464912281 0.22233187134502924 0.0265625 0.041666666666666664
0 0.23842708333333335 0.17453333333333332 0.0265625 0.0375
0 0.2734759221311475 0.23756830601092896 0.0265625 0.0375
0 0.24029484832635983 0.37586297071129704 0.0265625 0.0375
0 0.5375194454612007 0.9781509272816008 0.0265625 0.0375
0 0.6302799721189591 0.6093866171003717 0.0265625 0.0375
0 0.48828125 0.86875 0.0265625 0.0375
0 0.84296875 0.85625 0.0265625 0.0375
0 0.83359375 0.98125 0.0265625 0.0375
0 0.8426125919117646 0.7541666666666667 0.0265625 0.0375
0 0.828125 0.43645833333333334 0.025 0.03958333333333333
0 0.8646966911764705 0.409375 0.025 0.03958333333333333
0 0.632796875 0.235125 0.0265625 0.03333333333333333
0 0.7572136738578681 0.10600676818950931 0.0265625 0.03333333333333333
0 0.71015625 0.6354166666666666 0.0265625 0.03333333333333333
0 0.5259607263513513 0.5938766891891892 0.0296875 0.03333333333333333
0 0.4641191123188406 0.43655394524959745 0.0265625 0.03333333333333333
0 0.915625 0.4270833333333333 0.028125 0.0375
0 0.9375285127737227 0.9603786496350365 0.0234375 0.035416666666666666
0 0.58828125 0.11875 0.0296875 0.05
0 0.6015625 0.20625 0.025 0.04583333333333333
0 0.85625 0.22395833333333334 0.0375 0.04375
0 0.4905055370145631 0.7522426173139158 0.0421875 0.04375
0 0.9169270833333334 0.5746527777777778 0.0296875 0.03958333333333333
0 0.13942587209302326 0.9503149224806202 0.025 0.03958333333333333
0 0.48528620352250484 0.045660061969993476 0.025 0.02708333333333333
0 0.5074495570866142 0.02299048556430446 0.0296875 0.03125
0 0.3574075940860215 0.06210797491039426 0.0234375 0.027083333333333334
1 0.57109375 0.13333333333333333 0.0890625 0.1125
1 0.3203125 0.21041666666666667 0.103125 0.09583333333333334
