0 0.26484375 0.4354166666666667 0.0265625 0.0375
0 0.23828125 0.5770833333333333 0.0265625 0.0375
0 0.24141745517928287 0.85625 0.0265625 0.0375
0 0.19453125 0.8458333333333333 0.0265625 0.0375
0 0.08359375 0.80625 0.0265625 0.0375
0 0.006207386363636364 0.7877651515151515 0.012414772727272727 0.03136363636363626
0 0.13515625 0.18958333333333333 0.0265625 0.0375
0 0.30546875 0.23958333333333334 0.0265625 0.041666666666666664
0 0.24244791666666665 0.16166666666666665 0.0265625 0.0375
0 0.28039702868852456 0.2230669398907104 0.0265625 0.0375
0 0.25417429393305435 0.36745118549511857 0.0265625 0.0375
0 0.5357533400439238 0.9757961200585651 0.0265625 0.0375
0 0.6285983968401487 0.6063971499380422 0.0265625 0.0375
0 0.48828125 0.86875 0.0265625 0.0375
0 0.84296875 0.85625 0.0265625 0.0375
0 0.83359375 0.98125 0.0265625 0.0375
0 0.8476016773897058 0.7541666666666667 0.0265625 0.0375
0 0.828125 0.43645833333333334 0.025 0.03958333333333333
0 0.8654569327731092 0.409375 0.025 0.03958333333333333
0 0.6493203760162601 0.21939363143631438 0.0265625 0.03333333333333333
0 0.7629988704819277 0.09743975903614457 0.0265625 0.03333333333333333
0 0.71015625 0.6354166666666666 0.0265625 0.03333333333333333
0 0.5473054846938775 0.5746173469387755 0.0296875 0.03333333333333333
0 0.47238721026490066 0.4223233995584989 0.0265625 0.03333333333333333
0 0.7125 0.4270833333333333 0.028125 0.0375
0 0.9551298945783133 0.9158760040160643 0.0234375 0.035416666666666666
0 0.58828125 0.11875 0.0296875 0.05
0 0.6015625 0.20625 0.025 0.04583333333333333
0 0.85625 0.22395833333333334 0.0375 0.04375
0 0.7765625 0.053125 0.0296875 0.03333333333333333
0 0.49306735436893206 0.7488268608414239 0.0421875 0.04375
0 0.98671875 0.32708333333333334 0.0234375 0.03333333333333333
0 0.49445339347079037 0.036930841924398626 0.025 0.027083333333333334
0 0.50703125 0.018045343137254904 0.0296875 0.023590686274509807
0 0.3619472446236559 0.04481406810035842 0.0234375 0.027083333333333334
1 0.57109375 0.13333333333333333 0.0890625 0.1125
1 0.3203125 0.21041666666666667 0.103125 0.09583333333333334
