0 0.26484375 0.4354166666666667 0.0265625 0.0375
0 0.23828125 0.5770833333333333 0.0265625 0.0375
0 0.24071028386454185 0.85625 0.0265625 0.0375
0 0.19453125 0.8458333333333333 0.0265625 0.0375
0 0.08359375 0.80625 0.0265625 0.0375
0 0.00546875 0.8104166666666667 0.0109375 0.03333333333333333
0 0.13515625 0.18958333333333333 0.0265625 0.0375
0 0.30546875 0.21458333333333332 0.0265625 0.041666666666666664
0 0.22994791666666664 0.1736111111111111 0.0265625 0.0375
0 0.2702126024590164 0.24440573770491802 0.0265625 0.0375
0 0.23500000000000001 0.38145833333333334 0.0265625 0.0375
0 0.5383521687408492 0.9792612249877989 0.0265625 0.0375
0 0.6310728392193308 0.6107961586121438 0.0265625 0.0375
0 0.48828125 0.86875 0.0265625 0.0375
0 0.84296875 0.85625 0.0265625 0.0375
0 0.83359375 0.98125 0.0265625 0.0375
0 0.8402602251838236 0.7541666666666667 0.0265625 0.0375
0 0.828125 0.43645833333333334 0.025 0.03958333333333333
0 0.8643382352941176 0.409375 0.025 0.03958333333333333
0 0.6311218966512702 0.2362249807544265 0.0265625 0.03333333333333333
0 0.7550753933566433 0.11148018648018648 0.0265625 0.03333333333333333
0 0.71015625 0.6354166666666666 0.0265625 0.03333333333333333
0 0.5192571271929824 0.6000730994152047 0.0296875 0.03333333333333333
0 0.46205842391304347 0.44571256038647344 0.0265625 0.03333333333333333
0 0.99609375 0.378125 0.0078125 0.022916666666666665
0 0.9261119981751825 0.9756006690997567 0.0234375 0.035416666666666666
0 0.58828125 0.11875 0.0296875 0.05
0 0.6015625 0.20625 0.025 0.04583333333333333
0 0.85625 0.22395833333333334 0.0375 0.04375
0 0.4892976334951456 0.7538531553398059 0.0421875 0.04375
0 0.85703125 0.6760416666666667 0.0296875 0.03958333333333333
0 0.1484375 0.928125 0.025 0.03958333333333333
0 0.1609375 0.959375 0.03125 0.03958333333333333
0 0.48445144324853234 0.04677307566862362 0.025 0.027083333333333338
0 0.5080093503937009 0.02448326771653543 0.0296875 0.03125
0 0.35703125 0.06354166666666666 0.0234375 0.027083333333333334
0 0.749375 0.017708333333333333 0.03125 0.035416666666666666
0 0.9862779017857143 0.015875496031746032 0.02110491071428573 0.024002976190476193
1 0.57109375 0.13333333333333333 0.0890625 0.1125
1 0.3203125 0.21041666666666667 0.103125 0.09583333333333334
