0 0.27322317477876107 0.42159537856440515 0.0265625 0.0375
0 0.23828125 0.5779049295774648 0.0265625 0.0375
0 0.24337954812206575 0.855154538341158 0.0265625 0.0375
0 0.19453125 0.8458333333333333 0.0265625 0.0375
0 0.08359375 0.80625 0.0265625 0.0375
0 0.02639744718309859 0.730702269170579 0.0265625 0.0375
0 0.13515625 0.18958333333333333 0.0265625 0.0375
0 0.21796875 0.16603260869565217 0.0265625 0.0375
0 0.2929956896551724 0.10721982758620689 0.0265625 0.0375
0 0.28411645683453235 0.21805305755395685 0.0265625 0.0375
0 0.3121295481220657 0.3095950704225352 0.0265625 0.0375
0 0.346875 0.35885416666666664 0.0265625 0.041666666666666664
0 0.5731477406103286 0.8892018779342723 0.0265625 0.0375
0 0.6426436054913295 0.568069605009634 0.0265625 0.0375
0 0.48828125 0.86875 0.0265625 0.0375
0 0.76328125 0.8020833333333334 0.0234375 0.0375
0 0.8475970809957925 0.8423650070126227 0.0265625 0.0375
0 0.8382220809957925 0.9673650070126227 0.0265625 0.0375
0 0.8542524982468442 0.7495383356708742 0.0265625 0.0375
0 0.828125 0.43645833333333334 0.025 0.03958333333333333
0 0.8680212710084033 0.409375 0.025 0.03958333333333333
0 0.60546875 0.10260416666666666 0.0234375 0.035416666666666666
0 0.6702224942396313 0.14515168970814132 0.0265625 0.03333333333333332
0 0.7717605237789203 0.06844473007712083 0.0265625 0.03333333333333333
0 0.7105670481220657 0.6359643974960876 0.0265625 0.03333333333333333
0 0.5909954518779343 0.4918329420970266 0.0265625 0.03333333333333333
0 0.4980670481220657 0.38876173708920186 0.0265625 0.03333333333333333
0 0.009375 0.65 0.015625 0.041666666666666664
0 0.014267113095238093 0.24288194444444444 0.0265625 0.03333333333333333
0 0.20703125 0.3104166666666667 0.028125 0.0375
0 0.78828125 0.6375 0.0265625 0.03333333333333333
0 0.9925258091517858 0.7764927455357143 0.014948381696428648 0.0350539434523809
0 0.6578125 0.5020833333333333 0.025 0.041666666666666664
0 0.58828125 0.11875 0.0296875 0.05
0 0.6015625 0.20625 0.025 0.04583333333333333
0 0.248828125 0.5510416666666667 0.0359375 0.04583333333333333
0 0.29921875 0.4625 0.0328125 0.0375
0 0.85625 0.22395833333333334 0.0375 0.04375
0 0.5091385690789474 0.724499725877193 0.0421875 0.04375
1 0.57109375 0.13333333333333333 0.0890625 0.1125
1 0.3203125 0.21041666666666667 0.103125 0.09583333333333334
