0 0.26484375 0.4354166666666667 0.0265625 0.0375
0 0.23828125 0.5770833333333333 0.0265625 0.0375
0 0.24115351095617532 0.85625 0.0265625 0.0375
0 0.19453125 0.8458333333333333 0.0265625 0.0375
0 0.08359375 0.80625 0.0265625 0.0375
0 0.005830965909090909 0.799308712121212 0.011661931818181818 0.032367424242424295
0 0.13515625 0.18958333333333333 0.0265625 0.0375
0 0.31765625000000003 0.22541666666666668 0.0265625 0.041666666666666664
0 0.24023958333333334 0.16873333333333335 0.0265625 0.0375
0 0.2765957991803279 0.23103142076502733 0.0265625 0.0375
0 0.2465513859832636 0.3720711297071129 0.0265625 0.0375
0 0.5367233254026355 0.9770894338701805 0.0265625 0.0375
0 0.6295219563197026 0.6080390334572491 0.0265625 0.0375
0 0.48828125 0.86875 0.0265625 0.0375
0 0.84296875 0.85625 0.0265625 0.0375
0 0.83359375 0.98125 0.0265625 0.0375
0 0.8448615579044118 0.7541666666666667 0.0265625 0.0375
0 0.828125 0.43645833333333334 0.025 0.03958333333333333
0 0.8650393907563025 0.409375 0.025 0.03958333333333333
0 0.6423125 0.2315 0.0265625 0.03333333333333333
0 0.7599738261421319 0.10232656514382403 0.0265625 0.03333333333333333
0 0.71015625 0.6354166666666666 0.0265625 0.03333333333333333
0 0.5337850765306122 0.5866354875283446 0.0296875 0.03333333333333333
0 0.4676460597826087 0.4295969202898551 0.0265625 0.03333333333333333
0 0.82 0.41375 0.028125 0.0375
0 0.9455549568965518 0.940948275862069 0.0234375 0.035416666666666666
0 0.58828125 0.11875 0.0296875 0.05
0 0.6015625 0.20625 0.025 0.04583333333333333
0 0.85625 0.22395833333333334 0.0375 0.04375
0 0.4916603458737864 0.7507028721682848 0.0421875 0.04375
0 0.9448660714285714 0.44241071428571427 0.028125 0.04375
0 0.4870543384879725 0.043760738831615124 0.025 0.027083333333333338
0 0.50703125 0.021292892156862746 0.0296875 0.03008578431372549
0 0.3594539650537635 0.054312275985663086 0.0234375 0.027083333333333334
1 0.57109375 0.13333333333333333 0.0890625 0.1125
1 0.3203125 0.21041666666666667 0.103125 0.09583333333333334
