0 0.2743570243362832 0.41756391347099314 0.0265625 0.0375
0 0.23828125 0.5803110328638498 0.0265625 0.0375
0 0.2445825997652582 0.8519464006259782 0.0265625 0.0375
0 0.19453125 0.8458333333333333 0.0265625 0.0375
0 0.08359375 0.80625 0.0265625 0.0375
0 0.028202024647887326 0.7290982003129891 0.0265625 0.0375
0 0.13515625 0.18958333333333333 0.0265625 0.0375
0 0.20433238636363638 0.14071969696969697 0.026562500000000024 0.0375
0 0.302734375 0.10138888888888889 0.0265625 0.0375
0 0.28457733812949637 0.21743854916067148 0.0265625 0.0375
0 0.3133325997652582 0.30718896713615024 0.0265625 0.0375
0 0.36953125 0.21458333333333332 0.0265625 0.041666666666666664
0 0.5791629988262911 0.8819835680751174 0.0265625 0.0375
0 0.644865426300578 0.56560091522158 0.0265625 0.0375
0 0.48828125 0.86875 0.0265625 0.0375
0 0.61796875 0.8208333333333333 0.0234375 0.0375
0 0.8483158748246844 0.8402086255259467 0.0265625 0.0375
0 0.8389408748246844 0.9652086255259467 0.0265625 0.0375
0 0.8547915936185133 0.7488195418419822 0.0265625 0.0375
0 0.94921875 0.78125 0.0265625 0.04375
0 0.828125 0.43645833333333334 0.025 0.03958333333333333
0 0.868344275210084 0.409375 0.025 0.03958333333333333
0 0.6576562499999999 0.14645833333333333 0.0234375 0.035416666666666666
0 0.6719938076036867 0.13806643625192014 0.0265625 0.03333333333333335
0 0.7707724132390745 0.06580976863753213 0.0265625 0.03333333333333333
0 0.7117700997652582 0.6375684663536776 0.0265625 0.03333333333333333
0 0.5897924002347418 0.48621870109546167 0.0265625 0.03333333333333333
0 0.4992700997652582 0.38635563380281696 0.0265625 0.03333333333333333
0 0.04203125 0.47708333333333336 0.0296875 0.0375
0 0.01650390625 0.2275390625 0.0265625 0.03333333333333333
0 0.1359375 0.28125 0.028125 0.0375
0 0.78203125 0.75 0.0265625 0.03333333333333333
0 0.9899518694196429 0.7730608258928572 0.020096261160714234 0.03429129464285718
0 0.6307291666666667 0.39895833333333336 0.025 0.035416666666666666
0 0.58828125 0.11875 0.0296875 0.05
0 0.6015625 0.20625 0.025 0.04583333333333333
0 0.29296875 0.65625 0.0390625 0.041666666666666664
0 0.5536458333333333 0.5975694444444444 0.028125 0.035416666666666666
0 0.85625 0.22395833333333334 0.0375 0.04375
0 0.5116673519736843 0.7205660635964912 0.0421875 0.04375
