0 0.26897370594713654 0.4312867107195301 0.0265625 0.0375
0 0.23828125 0.5770833333333333 0.0265625 0.0375
0 0.2424632719123506 0.85625 0.0265625 0.0375
0 0.19453125 0.8458333333333333 0.0265625 0.0375
0 0.08359375 0.80625 0.0265625 0.0375
0 0.020844479571984438 0.7468831063553826 0.0265625 0.0375
0 0.13515625 0.18958333333333333 0.0265625 0.0375
0 0.22444196428571428 0.17708333333333334 0.0265625 0.041666666666666664
0 0.2640380859375 0.12607421875 0.0265625 0.0375
0 0.2828181205035971 0.2197841726618705 0.0265625 0.0375
0 0.2932862300796813 0.326660026560425 0.0265625 0.0375
0 0.2046875 0.5125 0.028125 0.04583333333333333
0 0.5513814155629139 0.9375551876379691 0.0265625 0.0375
0 0.63828125 0.5768939393939394 0.0265625 0.0375
0 0.48828125 0.86875 0.0265625 0.0375
0 0.8455721861851332 0.8484396914446003 0.0265625 0.0375
0 0.8361971861851332 0.9734396914446003 0.0265625 0.0375
0 0.8527338271388499 0.7515632304815334 0.0265625 0.0375
0 0.828125 0.43645833333333334 0.025 0.03958333333333333
0 0.867111344537815 0.409375 0.025 0.03958333333333333
0 0.6644958248987854 0.16973684210526316 0.0265625 0.03333333333333333
0 0.7735410391566264 0.07635542168674699 0.0265625 0.033333333333333326
0 0.71015625 0.6354166666666666 0.0265625 0.03333333333333333
0 0.5811789772727273 0.5134469696969697 0.0265625 0.03333333333333333
0 0.49340041342412455 0.40473411154345007 0.0265625 0.03333333333333333
0 0.008273026315789474 0.28592105263157896 0.016546052631578947 0.03333333333333333
0 0.40234375 0.475 0.028125 0.0375
0 0.79296875 0.3104166666666667 0.0265625 0.03333333333333333
0 0.9831912878787878 0.826294191919192 0.01912878787878789 0.035416666666666666
0 0.7861979166666666 0.9277777777777777 0.03281249999999991 0.041666666666666664
0 0.58828125 0.11875 0.0296875 0.05
0 0.6015625 0.20625 0.025 0.04583333333333333
0 0.10625 0.246875 0.0359375 0.04583333333333333
0 0.85625 0.22395833333333334 0.0375 0.04375
0 0.5020148026315789 0.7355811403508772 0.0421875 0.04375
0 0.41484375 0.07291666666666667 0.0234375 0.029166666666666667
0 0.4987797619047619 0.019401455026455027 0.025 0.027083333333333334
0 0.3566964285714286 0.05803571428571428 0.028125 0.03749999999999999
0 0.5231770833333333 0.010243055555555554 0.0296875 0.01875
1 0.57109375 0.13333333333333333 0.0890625 0.1125
1 0.3203125 0.21041666666666667 0.103125 0.09583333333333334
