0 0.26484375 0.4354166666666667 0.0265625 0.0375
0 0.23828125 0.5770833333333333 0.0265625 0.0375
0 0.2402894671314741 0.85625 0.0265625 0.0375
0 0.19453125 0.8458333333333333 0.0265625 0.0375
0 0.08359375 0.80625 0.0265625 0.0375
0 0.13515625 0.18958333333333333 0.0265625 0.0375
0 0.27140624999999996 0.2029166666666667 0.0265625 0.041666666666666664
0 0.21430382853403143 0.18036649214659686 0.0265625 0.0375
0 0.2676731418918919 0.2532657657657658 0.0265625 0.037500000000000026
0 0.22587890625 0.3921440972222222 0.0265625 0.0375
0 0.53984375 0.98125 0.0265625 0.0375
0 0.6308740847280335 0.6104428172942817 0.0265625 0.0375
0 0.48828125 0.86875 0.0265625 0.0375
0 0.84296875 0.85625 0.0265625 0.0375
0 0.83359375 0.98125 0.0265625 0.0375
0 0.8394460227272728 0.761439393939394 0.0265625 0.0375
0 0.828125 0.43645833333333334 0.025 0.03958333333333333
0 0.8640625 0.409375 0.025 0.03958333333333333
0 0.6292923643187067 0.23785123171670514 0.0265625 0.03333333333333333
0 0.7459538246268657 0.13240049751243782 0.0265625 0.03333333333333333
0 0.71015625 0.6354166666666666 0.0265625 0.03333333333333333
0 0.5059086134453781 0.6051820728291317 0.0296875 0.03333333333333333
0 0.45960054916317994 0.46083507670850765 0.0265625 0.03333333333333333
0 0.58828125 0.11875 0.0296875 0.05
0 0.6015625 0.20625 0.025 0.04583333333333333
0 0.85625 0.22395833333333334 0.0375 0.04375
0 0.48705438410194174 0.7568441545307444 0.0421875 0.04375
0 0.775 0.8985119047619048 0.0296875 0.03958333333333333
0 0.20223214285714283 0.8549107142857142 0.024999999999999977 0.03958333333333333
0 0.4829011741682975 0.04884010110893673 0.025 0.027083333333333334
0 0.5090489665354331 0.02725557742782152 0.0296875 0.03125
0 0.35703125 0.06354166666666666 0.0234375 0.027083333333333334
0 0.765625 0.22270833333333334 0.034375 0.03958333333333333
0 0.9777901785714285 0.028869047619047617 0.022991071428571354 0.03154761904761905
1 0.57109375 0.13333333333333333 0.0890625 0.1125
1 0.3203125 0.21041666666666667 0.103125 0.09583333333333334
