0 0.27569828539823005 0.4127949852507375 0.0265625 0.0375
0 0.23828125 0.5831572769953052 0.0265625 0.0375
0 0.2460057218309859 0.8481514084507042 0.0265625 0.0375
0 0.19453125 0.8458333333333333 0.0265625 0.0375
0 0.08359375 0.80625 0.0265625 0.0375
0 0.030336707746478876 0.7272007042253521 0.0265625 0.0375
0 0.13515625 0.18958333333333333 0.0265625 0.0375
0 0.19088541666666664 0.10486111111111111 0.02656249999999998 0.0375
0 0.31413620283018867 0.09422169811320755 0.0265625 0.0375
0 0.2851225269784173 0.21671163069544364 0.0265625 0.0375
0 0.3147557218309859 0.30434272300469484 0.0265625 0.0375
0 0.46203125 0.10708333333333334 0.0265625 0.0375
0 0.5862786091549296 0.8734448356807512 0.0265625 0.0375
0 0.6474936777456647 0.5626806358381503 0.0265625 0.0375
0 0.48828125 0.86875 0.0265625 0.0375
0 0.42578125 0.7395833333333334 0.0265625 0.0375
0 0.8491661553295933 0.8376577840112203 0.0265625 0.0375
0 0.8397911553295933 0.9626577840112203 0.0265625 0.0375
0 0.8554293039971949 0.7479692613370734 0.0265625 0.0375
0 0.87109375 0.6319444444444444 0.0265625 0.0375
0 0.828125 0.43645833333333334 0.025 0.03958333333333333
0 0.8687263655462185 0.409375 0.025 0.03958333333333333
0 0.67421875 0.19427083333333334 0.0234375 0.03333333333333333
0 0.6740891417050692 0.12968509984639015 0.0265625 0.03333333333333332
0 0.72421875 0.11488095238095239 0.0265625 0.03333333333333333
0 0.7696035507712082 0.06269280205655528 0.0265625 0.03333333333333334
0 0.7131932218309859 0.6394659624413145 0.0265625 0.03333333333333333
0 0.5883692781690141 0.4795774647887324 0.0265625 0.03333333333333333
0 0.5006932218309859 0.38350938967136156 0.0265625 0.03333333333333333
0 0.20078125 0.64375 0.0265625 0.03333333333333333
0 0.015167025862068967 0.21501436781609196 0.0265625 0.03333333333333333
0 0.03203125 0.2078125 0.0265625 0.03333333333333333
0 0.74921875 0.9645833333333333 0.0265625 0.03333333333333333
0 0.6765625 0.9583333333333334 0.0265625 0.03333333333333333
0 0.73359375 0.8566666666666667 0.0265625 0.03333333333333333
0 0.9869070870535716 0.7690011160714285 0.026185825892857117 0.033389136904761925
0 0.5619791666666667 0.2142361111111111 0.025 0.035416666666666666
0 0.58828125 0.11875 0.0296875 0.05
0 0.6015625 0.20625 0.025 0.04583333333333333
0 0.39296875 0.7791666666666667 0.0328125 0.035416666666666666
0 0.8229166666666666 0.6916666666666667 0.028125 0.03333333333333333
0 0.85625 0.22395833333333334 0.0375 0.04375
0 0.5146587171052632 0.7159128289473684 0.0421875 0.04375
