0 0.26484375 0.4354166666666667 0.0265625 0.0375
0 0.23828125 0.5770833333333333 0.0265625 0.0375
0 0.24140251494023907 0.85625 0.0265625 0.0375
0 0.19453125 0.8458333333333333 0.0265625 0.0375
0 0.08359375 0.80625 0.0265625 0.0375
0 0.006186079545454545 0.7884185606060606 0.01237215909090909 0.031420454545454626
0 0.13515625 0.18958333333333333 0.0265625 0.0375
0 0.30828125 0.23708333333333334 0.0265625 0.041666666666666664
0 0.24232291666666667 0.16206666666666666 0.0265625 0.0375
0 0.28018186475409834 0.22351775956284153 0.0265625 0.0375
0 0.2537428085774059 0.36771269177126914 0.0265625 0.0375
0 0.535808244875549 0.975869326500732 0.0265625 0.0375
0 0.6286506737918216 0.606490086741016 0.0265625 0.0375
0 0.48828125 0.86875 0.0265625 0.0375
0 0.84296875 0.85625 0.0265625 0.0375
0 0.83359375 0.98125 0.0265625 0.0375
0 0.8474465762867647 0.7541666666666667 0.0265625 0.0375
0 0.828125 0.43645833333333334 0.025 0.03958333333333333
0 0.8654332983193278 0.409375 0.025 0.03958333333333333
0 0.6489392784552845 0.2201050135501355 0.0265625 0.03333333333333333
0 0.7628482680722891 0.09774096385542169 0.0265625 0.03333333333333333
0 0.71015625 0.6354166666666666 0.0265625 0.03333333333333333
0 0.5465401785714286 0.5752976190476191 0.0296875 0.03333333333333333
0 0.47213886589403975 0.4227373068432671 0.0265625 0.03333333333333333
0 0.7177083333333333 0.41458333333333336 0.028125 0.0375
0 0.9545651355421686 0.9176832329317269 0.0234375 0.035416666666666666
0 0.58828125 0.11875 0.0296875 0.05
0 0.6015625 0.20625 0.025 0.04583333333333333
0 0.85625 0.22395833333333334 0.0375 0.04375
0 0.78359375 0.03958333333333333 0.0296875 0.03333333333333333
0 0.4929877123786408 0.7489330501618122 0.0421875 0.04375
0 0.979296875 0.3151041666666667 0.0234375 0.03333333333333333
0 0.49403457903780074 0.037317439862542955 0.025 0.027083333333333334
0 0.50703125 0.018229166666666668 0.0296875 0.023958333333333335
0 0.36180611559139786 0.045351702508960576 0.0234375 0.027083333333333334
1 0.57109375 0.13333333333333333 0.0890625 0.1125
1 0.3203125 0.21041666666666667 0.103125 0.09583333333333334
