0 0.26484375 0.4354166666666667 0.0265625 0.0375
0 0.23828125 0.5770833333333333 0.0265625 0.0375
0 0.24079992529880476 0.85625 0.0265625 0.0375
0 0.19453125 0.8458333333333333 0.0265625 0.0375
0 0.08359375 0.80625 0.0265625 0.0375
0 0.00546875 0.8104166666666667 0.0109375 0.03333333333333333
0 0.13515625 0.18958333333333333 0.0265625 0.0375
0 0.3059151785714286 0.21964285714285714 0.0265625 0.041666666666666664
0 0.23351934523809526 0.1742063492063492 0.0265625 0.0375
0 0.2715035860655738 0.24170081967213117 0.0265625 0.0375
0 0.236875 0.37895833333333334 0.0265625 0.0375
0 0.5380227397510982 0.9788219863347974 0.0265625 0.0375
0 0.6307591775092937 0.6102385377942999 0.0265625 0.0375
0 0.48828125 0.86875 0.0265625 0.0375
0 0.84296875 0.85625 0.0265625 0.0375
0 0.83359375 0.98125 0.0265625 0.0375
0 0.8411908318014707 0.7541666666666667 0.0265625 0.0375
0 0.828125 0.43645833333333334 0.025 0.03958333333333333
0 0.8644800420168067 0.409375 0.025 0.03958333333333333
0 0.6315116195150116 0.23587856043110084 0.0265625 0.03333333333333333
0 0.75546875 0.10833333333333334 0.0265625 0.03333333333333333
0 0.71015625 0.6354166666666666 0.0265625 0.03333333333333333
0 0.5218961148648649 0.5977477477477477 0.0296875 0.03333333333333333
0 0.4628736413043478 0.4420893719806763 0.0265625 0.03333333333333333
0 0.97421875 0.390625 0.028125 0.0375
0 0.9306284215328468 0.9695787712895377 0.0234375 0.035416666666666666
0 0.58828125 0.11875 0.0296875 0.05
0 0.6015625 0.20625 0.025 0.04583333333333333
0 0.85625 0.22395833333333334 0.0375 0.04375
0 0.4897754854368932 0.7532160194174757 0.0421875 0.04375
0 0.893359375 0.6411458333333333 0.0296875 0.03958333333333333
0 0.14103260869565218 0.9324728260869565 0.025 0.03958333333333333
0 0.4847816780821918 0.04633276255707763 0.025 0.027083333333333334
0 0.5077878937007874 0.02389271653543307 0.0296875 0.03125
0 0.35703125 0.06354166666666666 0.0234375 0.027083333333333334
0 0.9880859375 0.013107638888888887 0.020703125 0.022395833333333334
1 0.57109375 0.13333333333333333 0.0890625 0.1125
1 0.3203125 0.21041666666666667 0.103125 0.09583333333333334
