0 0.26484375 0.4354166666666667 0.0265625 0.0375
0 0.23828125 0.5770833333333333 0.0265625 0.0375
0 0.24149713645418328 0.85625 0.0265625 0.0375
0 0.19453125 0.8458333333333333 0.0265625 0.0375
0 0.08359375 0.80625 0.0265625 0.0375
0 0.0076997422680412375 0.7832366838487972 0.015399484536082475 0.0325386597938144
0 0.13515625 0.18958333333333333 0.0265625 0.0375
0 0.31328125 0.24166666666666667 0.0265625 0.041666666666666664
0 0.24311458333333333 0.15953333333333333 0.0265625 0.0375
0 0.28063736510791365 0.2226918465227818 0.0265625 0.0375
0 0.25763221153846155 0.36570512820512824 0.0265625 0.0375
0 0.5354605142752562 0.9754056857003416 0.0265625 0.0375
0 0.6283195864312268 0.6059014869888475 0.0265625 0.0375
0 0.48828125 0.86875 0.0265625 0.0375
0 0.84296875 0.85625 0.0265625 0.0375
0 0.83359375 0.98125 0.0265625 0.0375
0 0.8484288832720589 0.7541666666666667 0.0265625 0.0375
0 0.828125 0.43645833333333334 0.025 0.03958333333333333
0 0.8655829831932774 0.409375 0.025 0.03958333333333333
0 0.6521334134615385 0.21486378205128207 0.0265625 0.03333333333333333
0 0.7638020833333333 0.09583333333333334 0.0265625 0.03333333333333333
0 0.71015625 0.6354166666666666 0.0265625 0.03333333333333333
0 0.5505081917475728 0.5691343042071197 0.0296875 0.03333333333333333
0 0.47371171357615893 0.4201158940397351 0.0265625 0.03333333333333333
0 0.6890625 0.46125 0.028125 0.0375
0 0.9581419427710843 0.9062374497991967 0.0234375 0.035416666666666666
0 0.58828125 0.11875 0.0296875 0.05
0 0.6015625 0.20625 0.025 0.04583333333333333
0 0.85625 0.22395833333333334 0.0375 0.04375
0 0.796875 0.071875 0.0296875 0.03333333333333333
0 0.49349211165048545 0.7482605177993527 0.0421875 0.04375
0 0.4966870704467354 0.034868986254295534 0.025 0.027083333333333334
0 0.50703125 0.01706495098039216 0.0296875 0.021629901960784313
0 0.3626999327956989 0.041946684587813615 0.0234375 0.02708333333333333
1 0.57109375 0.13333333333333333 0.0890625 0.1125
1 0.3203125 0.21041666666666667 0.103125 0.09583333333333334
