0 0.2729051438053097 0.42272615535889874 0.0265625 0.0375
0 0.23828125 0.5772300469483568 0.0265625 0.0375
0 0.24304210680751176 0.8560543818466353 0.0265625 0.0375
0 0.19453125 0.8458333333333333 0.0265625 0.0375
0 0.08359375 0.80625 0.0265625 0.0375
0 0.025891285211267608 0.7311521909233177 0.0265625 0.0375
0 0.13515625 0.18958333333333333 0.0265625 0.0375
0 0.2203125 0.1734375 0.0265625 0.0375
0 0.2900525323275862 0.10907866379310345 0.0265625 0.0375
0 0.28398718525179856 0.2182254196642686 0.0265625 0.0375
0 0.31179210680751174 0.3102699530516432 0.0265625 0.0375
0 0.34036458333333336 0.3611111111111111 0.0265625 0.041666666666666664
0 0.5714605340375587 0.8912265258215962 0.0265625 0.0375
0 0.642020411849711 0.56876204238921 0.0265625 0.0375
0 0.48828125 0.86875 0.0265625 0.0375
0 0.80703125 0.8395833333333333 0.0234375 0.0375
0 0.8473954680925667 0.8429698457223 0.0265625 0.0375
0 0.8380204680925667 0.9679698457223 0.0265625 0.0375
0 0.8541012885694249 0.7497399485741 0.0265625 0.0375
0 0.828125 0.43645833333333334 0.025 0.03958333333333333
0 0.8679306722689075 0.409375 0.025 0.03958333333333333
0 0.61171875 0.052083333333333336 0.0234375 0.029166666666666667
0 0.6697256624423964 0.1471390168970814 0.0265625 0.03333333333333333
0 0.7720376767352185 0.06918380462724935 0.0265625 0.03333333333333333
0 0.7102296068075117 0.635514475743349 0.0265625 0.03333333333333333
0 0.5913328931924883 0.49340766823161186 0.0265625 0.03333333333333333
0 0.4977296068075117 0.38943661971830984 0.0265625 0.03333333333333333
0 0.013839285714285715 0.246875 0.0265625 0.03333333333333333
0 0.226953125 0.3046875 0.028125 0.0375
0 0.7640625 0.603125 0.0265625 0.03333333333333333
0 0.9932477678571429 0.7774553571428572 0.013504464285714234 0.03526785714285718
0 0.659375 0.5666666666666667 0.025 0.041666666666666664
0 0.58828125 0.11875 0.0296875 0.05
0 0.6015625 0.20625 0.025 0.04583333333333333
0 0.240625 0.5260416666666666 0.0359375 0.04583333333333333
0 0.23984375 0.45416666666666666 0.0328125 0.0375
0 0.85625 0.22395833333333334 0.0375 0.04375
0 0.5084292763157895 0.7256030701754386 0.0421875 0.04375
1 0.57109375 0.13333333333333333 0.0890625 0.1125
1 0.3203125 0.21041666666666667 0.103125 0.09583333333333334
