0 0.26484375 0.4354166666666667 0.0265625 0.0375
0 0.23828125 0.5770833333333333 0.0265625 0.0375
0 0.2411684511952191 0.85625 0.0265625 0.0375
0 0.19453125 0.8458333333333333 0.0265625 0.0375
0 0.08359375 0.80625 0.0265625 0.0375
0 0.005852272727272728 0.7986553030303031 0.011704545454545455 0.03231060606060605
0 0.13515625 0.18958333333333333 0.0265625 0.0375
0 0.32265625 0.225 0.0265625 0.041666666666666664
0 0.24036458333333335 0.16833333333333333 0.0265625 0.0375
0 0.27681096311475406 0.23058060109289616 0.0265625 0.0375
0 0.2469828713389121 0.37180962343096235 0.0265625 0.0375
0 0.5366684205710103 0.9770162274280136 0.0265625 0.0375
0 0.6294696793680298 0.6079460966542751 0.0265625 0.0375
0 0.48828125 0.86875 0.0265625 0.0375
0 0.84296875 0.85625 0.0265625 0.0375
0 0.83359375 0.98125 0.0265625 0.0375
0 0.8450166590073529 0.7541666666666667 0.0265625 0.0375
0 0.828125 0.43645833333333334 0.025 0.03958333333333333
0 0.8650630252100842 0.409375 0.025 0.03958333333333333
0 0.64296875 0.23125 0.0265625 0.03333333333333333
0 0.7601641814720812 0.10207275803722506 0.0265625 0.03333333333333333
0 0.71015625 0.6354166666666666 0.0265625 0.03333333333333333
0 0.5345503826530612 0.5859552154195011 0.0296875 0.03333333333333333
0 0.46795176630434787 0.4291893115942029 0.0265625 0.03333333333333333
0 0.8190625 0.405 0.028125 0.0375
0 0.94609375 0.9395833333333333 0.0234375 0.035416666666666666
0 0.58828125 0.11875 0.0296875 0.05
0 0.6015625 0.20625 0.025 0.04583333333333333
0 0.85625 0.22395833333333334 0.0375 0.04375
0 0.4917399878640777 0.7505966828478965 0.0421875 0.04375
0 0.9453125 0.4239583333333333 0.028125 0.04375
0 0.48747315292096216 0.043374140893470796 0.025 0.027083333333333338
0 0.50703125 0.02110906862745098 0.0296875 0.029718137254901963
0 0.35959509408602147 0.05377464157706093 0.0234375 0.027083333333333334
1 0.57109375 0.13333333333333333 0.0890625 0.1125
1 0.3203125 0.21041666666666667 0.103125 0.09583333333333334
