0 0.2676245870044053 0.4326358296622614 0.0265625 0.0375
0 0.23828125 0.5770833333333333 0.0265625 0.0375
0 0.24234125996015937 0.85625 0.0265625 0.0375
0 0.19453125 0.8458333333333333 0.0265625 0.0375
0 0.08359375 0.80625 0.0265625 0.0375
0 0.0196528453307393 0.7506566147859922 0.0265625 0.0375
0 0.13515625 0.18958333333333333 0.0265625 0.0375
0 0.22909007352941177 0.18737745098039216 0.0265625 0.041666666666666664
0 0.26044921875 0.130859375 0.0265625 0.0375
0 0.28254271582733814 0.2201513788968825 0.0265625 0.0375
0 0.28932084163346616 0.33194721115537845 0.0265625 0.0375
0 0.1671875 0.525 0.028125 0.05
0 0.54677734375 0.9475260416666667 0.0265625 0.0375
0 0.6378641419491525 0.5801200564971751 0.0265625 0.0375
0 0.48828125 0.86875 0.0265625 0.0375
0 0.8451426630434783 0.8497282608695652 0.0265625 0.0375
0 0.8357676630434783 0.9747282608695652 0.0265625 0.0375
0 0.8524116847826088 0.7519927536231884 0.0265625 0.0375
0 0.828125 0.43645833333333334 0.025 0.03958333333333333
0 0.8669183298319327 0.409375 0.025 0.03958333333333333
0 0.6632677218614719 0.1750631313131313 0.0265625 0.03333333333333333
0 0.7723111194779116 0.07881526104417672 0.0265625 0.03333333333333333
0 0.71015625 0.6354166666666666 0.0265625 0.03333333333333333
0 0.5781548187022901 0.5198234732824428 0.026669847328244334 0.033333333333333395
0 0.49042132782101167 0.40513132295719845 0.0265625 0.03333333333333333
0 0.007578125 0.28927083333333337 0.01515625 0.03354166666666666
0 0.43125 0.41041666666666665 0.028125 0.0375
0 0.75390625 0.23541666666666666 0.0265625 0.03333333333333333
0 0.9795178345959595 0.8366056397306397 0.021835542929292906 0.035416666666666666
0 0.828125 0.9875 0.028125 0.020833333333333332
0 0.58828125 0.11875 0.0296875 0.05
0 0.6015625 0.20625 0.025 0.04583333333333333
0 0.05671875 0.15916666666666668 0.0359375 0.04583333333333333
0 0.85625 0.22395833333333334 0.0375 0.04375
0 0.5005037006578947 0.7379317434210526 0.0421875 0.04375
0 0.5002380952380953 0.02069775132275132 0.025 0.02708333333333333
0 0.3 0.14166666666666666 0.028125 0.0375
0 0.5208570075757576 0.01101641414141414 0.0296875 0.01875
0 0.37310267857142854 0.012462797619047618 0.0234375 0.021949404761904764
1 0.57109375 0.13333333333333333 0.0890625 0.1125
1 0.3203125 0.21041666666666667 0.103125 0.09583333333333334
