0 0.27157771017699117 0.42744591937069815 0.0265625 0.0375
0 0.23828125 0.5770833333333333 0.0265625 0.0375
0 0.24274215637450197 0.85625 0.0265625 0.0375
0 0.19453125 0.8458333333333333 0.0265625 0.0375
0 0.08359375 0.80625 0.0265625 0.0375
0 0.023568214980544743 0.738257944228275 0.0265625 0.0375
0 0.13515625 0.18958333333333333 0.0265625 0.0375
0 0.22265625 0.17476851851851852 0.0265625 0.041203703703703694
0 0.2777680495689655 0.11683728448275862 0.0265625 0.0375
0 0.28344761690647485 0.21894484412470025 0.0265625 0.0375
0 0.3031302432885906 0.31677852348993285 0.0265625 0.0375
0 0.27317708333333335 0.4090277777777778 0.0265625 0.041666666666666664
0 0.5618607954545454 0.9142992424242424 0.0265625 0.0375
0 0.6394192557803469 0.5716522157996147 0.0265625 0.0375
0 0.48828125 0.86875 0.0265625 0.0375
0 0.971875 0.9260416666666667 0.0234375 0.0375
0 0.8465539533660589 0.8454943899018232 0.0265625 0.0375
0 0.837178953366059 0.9704943899018232 0.0265625 0.0375
0 0.8534701525245442 0.7505814633006077 0.0265625 0.0375
0 0.828125 0.43645833333333334 0.025 0.03958333333333333
0 0.8675525210084034 0.409375 0.025 0.03958333333333333
0 0.6673298329959514 0.1574561403508772 0.0265625 0.03333333333333333
0 0.7731944890745501 0.07226863753213368 0.0265625 0.03333333333333333
0 0.71015625 0.6354166666666666 0.0265625 0.03333333333333333
0 0.5871299342105263 0.5008771929824561 0.0265625 0.03333333333333333
0 0.49765625 0.3995614035087719 0.0265625 0.03333333333333333
0 0.01328125 0.26875 0.0265625 0.03333333333333333
0 0.31640625 0.42291666666666666 0.028125 0.0375
0 0.78203125 0.5145833333333333 0.0265625 0.03333333333333333
0 0.9915877525252526 0.8027251683501684 0.012941919191919204 0.035416666666666666
0 0.73984375 0.7291666666666666 0.0296875 0.041666666666666664
0 0.58828125 0.11875 0.0296875 0.05
0 0.6015625 0.20625 0.025 0.04583333333333333
0 0.17734375 0.3958333333333333 0.0359375 0.04583333333333333
0 0.014322916666666668 0.2236111111111111 0.0265625 0.029166666666666667
0 0.85625 0.22395833333333334 0.0375 0.04375
0 0.50546875 0.7302083333333333 0.0421875 0.04375
1 0.57109375 0.13333333333333333 0.0890625 0.1125
1 0.3203125 0.21041666666666667 0.103125 0.09583333333333334
