0 0.2701576266519824 0.4301027900146843 0.0265625 0.0375
0 0.23828125 0.5770833333333333 0.0265625 0.0375
0 0.242570343625498 0.85625 0.0265625 0.0375
0 0.19453125 0.8458333333333333 0.0265625 0.0375
0 0.08359375 0.80625 0.0265625 0.0375
0 0.021890199416342414 0.7435716601815823 0.0265625 0.0375
0 0.13515625 0.18958333333333333 0.0265625 0.0375
0 0.22109375 0.175 0.0265625 0.041666666666666664
0 0.2689385775862069 0.12241379310344828 0.0265625 0.0375
0 0.2830598021582734 0.2194619304556355 0.0265625 0.0375
0 0.2967660607569721 0.3220202523240372 0.0265625 0.0375
0 0.221875 0.45208333333333334 0.028125 0.04583333333333333
0 0.5553859685430463 0.9286561810154524 0.0265625 0.0375
0 0.63828125 0.5744507575757576 0.0265625 0.0375
0 0.48828125 0.86875 0.0265625 0.0375
0 0.8459491146563816 0.8473089060308555 0.0265625 0.0375
0 0.8365741146563815 0.9723089060308555 0.0265625 0.0375
0 0.8530165234922862 0.7511863020102852 0.0265625 0.0375
0 0.828125 0.43645833333333334 0.025 0.03958333333333333
0 0.8672807247899159 0.409375 0.025 0.03958333333333333
0 0.6655838815789473 0.1650219298245614 0.0265625 0.03333333333333333
0 0.7740259479434448 0.07448586118251928 0.0265625 0.03333333333333333
0 0.71015625 0.6354166666666666 0.0265625 0.03333333333333333
0 0.5836221590909091 0.5077462121212121 0.0265625 0.03333333333333333
0 0.4960147130350195 0.4043855382619974 0.0265625 0.03333333333333333
0 0.010748355263157896 0.2774342105263158 0.021496710526315792 0.03333333333333333
0 0.3796875 0.4375 0.028125 0.0375
0 0.77109375 0.36875 0.0265625 0.03333333333333333
0 0.9864149305555555 0.8172453703703704 0.016753472222222142 0.035416666666666666
0 0.75859375 0.85625 0.0296875 0.041666666666666664
0 0.58828125 0.11875 0.0296875 0.05
0 0.6015625 0.20625 0.025 0.04583333333333333
0 0.15130208333333334 0.3222222222222222 0.0359375 0.04583333333333333
0 0.85625 0.22395833333333334 0.0375 0.04375
0 0.5033408717105263 0.7335183662280702 0.0421875 0.04375
0 0.34921875 0.0625 0.0234375 0.029166666666666667
0 0.49749999999999994 0.01826388888888889 0.025 0.027083333333333334
0 0.440625 0.0109375 0.0296875 0.019791666666666666
0 0.5252130681818181 0.00956439393939394 0.0296875 0.01875
1 0.57109375 0.13333333333333333 0.0890625 0.1125
1 0.3203125 0.21041666666666667 0.103125 0.09583333333333334
