0 0.26484375 0.4354166666666667 0.0265625 0.0375
0 0.23828125 0.5770833333333333 0.0265625 0.0375
0 0.24021476593625496 0.85625 0.0265625 0.0375
0 0.19453125 0.8458333333333333 0.0265625 0.0375
0 0.08359375 0.80625 0.0265625 0.0375
0 0.13515625 0.18958333333333333 0.0265625 0.0375
0 0.2565848214285714 0.19553571428571428 0.0265625 0.041666666666666664
0 0.21283131544502618 0.18363874345549738 0.0265625 0.0375
0 0.26703969594594595 0.25579954954954953 0.0265625 0.03749999999999997
0 0.2244140625 0.3953993055555555 0.0265625 0.0375
0 0.53984375 0.98125 0.0265625 0.0375
0 0.6302856956066946 0.6093967921896792 0.0265625 0.0375
0 0.48828125 0.86875 0.0265625 0.0375
0 0.84296875 0.85625 0.0265625 0.0375
0 0.83359375 0.98125 0.0265625 0.0375
0 0.84140625 0.7675245098039216 0.0265625 0.0375
0 0.828125 0.43645833333333334 0.025 0.03958333333333333
0 0.8640625 0.409375 0.025 0.03958333333333333
0 0.6289675952655889 0.2381399153194765 0.0265625 0.03333333333333333
0 0.7421058768656716 0.13799751243781094 0.0265625 0.03333333333333333
0 0.71015625 0.6354166666666666 0.0265625 0.03333333333333333
0 0.5029543067226891 0.6067577030812324 0.0296875 0.03333333333333333
0 0.4594044194560669 0.46318863319386333 0.0265625 0.03333333333333333
0 0.58828125 0.11875 0.0296875 0.05
0 0.6015625 0.20625 0.025 0.04583333333333333
0 0.85625 0.22395833333333334 0.0375 0.04375
0 0.48665617415048545 0.757375101132686 0.0421875 0.04375
0 0.7578125 0.9020833333333333 0.0296875 0.03958333333333333
0 0.1890625 0.8135416666666667 0.025 0.03958333333333333
0 0.4826259784735812 0.04920702870189172 0.025 0.027083333333333334
0 0.5092335137795276 0.02774770341207349 0.0296875 0.031249999999999997
0 0.35703125 0.06354166666666666 0.0234375 0.027083333333333334
0 0.775 0.2538194444444445 0.034375 0.039583333333333366
0 0.9762834821428573 0.031175595238095242 0.023325892857142882 0.03288690476190476
1 0.57109375 0.13333333333333333 0.0890625 0.1125
1 0.3203125 0.21041666666666667 0.103125 0.09583333333333334
