0 0.26484375 0.4354166666666667 0.0265625 0.0375
0 0.23828125 0.5770833333333333 0.0265625 0.0375
0 0.24194036354581674 0.85625 0.0265625 0.0375
0 0.19453125 0.8458333333333333 0.0265625 0.0375
0 0.08359375 0.80625 0.0265625 0.0375
0 0.015737475680933855 0.7630552853437095 0.0265625 0.0375
0 0.13515625 0.18958333333333333 0.0265625 0.0375
0 0.2674479166666667 0.22708333333333333 0.0265625 0.041666666666666664
0 0.2486572265625 0.14658203125 0.0265625 0.0375
0 0.28163781474820143 0.22135791366906474 0.0265625 0.0375
0 0.27645285087719296 0.3493421052631579 0.0265625 0.0375
0 0.08125 0.5345833333333334 0.028125 0.05000000000000006
0 0.5338316709370424 0.9732338945827232 0.0265625 0.0375
0 0.6304025423728813 0.5971751412429378 0.0265625 0.0375
0 0.48828125 0.86875 0.0265625 0.0375
0 0.8437313727208975 0.8539621318373071 0.0265625 0.0375
0 0.8343563727208976 0.9789621318373071 0.0265625 0.0375
0 0.8513532170406732 0.7534040439457691 0.0265625 0.0375
0 0.828125 0.43645833333333334 0.025 0.03958333333333333
0 0.8662841386554622 0.409375 0.025 0.03958333333333333
0 0.6610896915584416 0.1852272727272727 0.0265625 0.03333333333333333
0 0.7682699548192771 0.08689759036144577 0.0265625 0.03333333333333333
0 0.71015625 0.6354166666666666 0.0265625 0.03333333333333333
0 0.5647125477099236 0.539026717557252 0.02859017175572518 0.03333333333333333
0 0.48107926324503314 0.4078366445916115 0.0265625 0.03333333333333333
0 0.6234375 0.53125 0.028125 0.0375
0 0.67109375 0.058333333333333334 0.0265625 0.03333333333333333
0 0.9747996794871796 0.8638354700854701 0.0234375 0.035416666666666666
0 0.58828125 0.11875 0.0296875 0.05
0 0.6015625 0.20625 0.025 0.04583333333333333
0 0.85625 0.22395833333333334 0.0375 0.04375
0 0.9372395833333333 0.23472222222222222 0.0328125 0.041666666666666664
0 0.4958548240291262 0.7451102346278318 0.0421875 0.04375
0 0.5050297619047619 0.024957010582010587 0.025 0.027083333333333338
0 0.10078125 0.271875 0.0296875 0.03958333333333333
0 0.5132339015151516 0.013557449494949496 0.0296875 0.01875
0 0.36688676075268817 0.025996863799283152 0.0234375 0.02708333333333333
0 0.043359375 0.078125 0.0296875 0.03333333333333333
1 0.57109375 0.13333333333333333 0.0890625 0.1125
1 0.3203125 0.21041666666666667 0.103125 0.09583333333333334
