0 0.26484375 0.4354166666666667 0.0265625 0.0375
0 0.23828125 0.5770833333333333 0.0265625 0.0375
0 0.24162163844621515 0.85625 0.0265625 0.0375
0 0.19453125 0.8458333333333333 0.0265625 0.0375
0 0.08359375 0.80625 0.0265625 0.0375
0 0.01132409793814433 0.775182560137457 0.02264819587628866 0.03576030927835051
0 0.13515625 0.18958333333333333 0.0265625 0.0375
0 0.30859375 0.24583333333333332 0.0265625 0.041666666666666664
0 0.24415625 0.1562 0.0265625 0.0375
0 0.28091839028776977 0.2223171462829736 0.0265625 0.0375
0 0.2653588598901099 0.36227106227106226 0.0265625 0.0375
0 0.535002974011713 0.9747956320156174 0.0265625 0.0375
0 0.6278839451672862 0.6051270136307312 0.0265625 0.0375
0 0.48828125 0.86875 0.0265625 0.0375
0 0.84296875 0.85625 0.0265625 0.0375
0 0.83359375 0.98125 0.0265625 0.0375
0 0.8497213924632353 0.7541666666666667 0.0265625 0.0375
0 0.828125 0.43645833333333334 0.025 0.03958333333333333
0 0.8657799369747898 0.409375 0.025 0.03958333333333333
0 0.6587594696969697 0.20448232323232324 0.0265625 0.03333333333333333
0 0.7650571034136546 0.09332329317269077 0.0265625 0.03333333333333333
0 0.71015625 0.6354166666666666 0.0265625 0.03333333333333333
0 0.5543006674757281 0.558009708737864 0.0296875 0.03333333333333333
0 0.47578125 0.4166666666666667 0.0265625 0.03333333333333333
0 0.6484375 0.4966666666666667 0.028125 0.0375
0 0.9623437499999999 0.8914583333333332 0.0234375 0.035416666666666666
0 0.58828125 0.11875 0.0296875 0.05
0 0.6015625 0.20625 0.025 0.04583333333333333
0 0.85625 0.22395833333333334 0.0375 0.04375
0 0.8544270833333334 0.11111111111111112 0.0328125 0.0375
0 0.4941557949029126 0.7473756067961166 0.0421875 0.04375
0 0.5001771907216495 0.031647336769759456 0.025 0.027083333333333338
0 0.5071732954545454 0.015577651515151513 0.0296875 0.01875
0 0.36387600806451614 0.03746639784946237 0.0234375 0.027083333333333334
1 0.57109375 0.13333333333333333 0.0890625 0.1125
1 0.3203125 0.21041666666666667 0.103125 0.09583333333333334
