0 0.26484375 0.4354166666666667 0.0265625 0.0375
0 0.23828125 0.5770833333333333 0.0265625 0.0375
0 0.24195530378486058 0.85625 0.0265625 0.0375
0 0.19453125 0.8458333333333333 0.0265625 0.0375
0 0.08359375 0.80625 0.0265625 0.0375
0 0.015883390077821014 0.7625932230869001 0.0265625 0.0375
0 0.13515625 0.18958333333333333 0.0265625 0.0375
0 0.26640625 0.23958333333333334 0.0265625 0.041666666666666664
0 0.2490966796875 0.14599609375 0.0265625 0.0375
0 0.28167153776978415 0.22131294964028778 0.0265625 0.0375
0 0.2768640350877193 0.3486842105263158 0.0265625 0.0375
0 0.084765625 0.5442708333333334 0.028125 0.05
0 0.5337767661054172 0.9731606881405563 0.0265625 0.0375
0 0.6306806144067797 0.5965395480225989 0.0265625 0.0375
0 0.48828125 0.86875 0.0265625 0.0375
0 0.8437839673913043 0.8538043478260869 0.0265625 0.0375
0 0.8344089673913043 0.9788043478260869 0.0265625 0.0375
0 0.8513926630434783 0.7533514492753624 0.0265625 0.0375
0 0.828125 0.43645833333333334 0.025 0.03958333333333333
0 0.8663077731092438 0.409375 0.025 0.03958333333333333
0 0.6611708603896104 0.18484848484848487 0.0265625 0.03333333333333333
0 0.7684205572289157 0.08659638554216868 0.0265625 0.03333333333333333
0 0.71015625 0.6354166666666666 0.0265625 0.03333333333333333
0 0.5652135019083969 0.5383110687022901 0.028518606870228957 0.03333333333333333
0 0.48132760761589405 0.4074227373068433 0.0265625 0.03333333333333333
0 0.6109375 0.5166666666666667 0.028125 0.0375
0 0.6794270833333333 0.07291666666666667 0.0265625 0.03333333333333333
0 0.9749198717948717 0.8630341880341881 0.0234375 0.035416666666666666
0 0.58828125 0.11875 0.0296875 0.05
0 0.6015625 0.20625 0.025 0.04583333333333333
0 0.85625 0.22395833333333334 0.0375 0.04375
0 0.92734375 0.24791666666666667 0.0328125 0.041666666666666664
0 0.4959344660194175 0.7450040453074434 0.0421875 0.04375
0 0.5048511904761905 0.02479828042328042 0.025 0.02708333333333333
0 0.094140625 0.28489583333333335 0.0296875 0.03958333333333333
0 0.5135179924242423 0.013462752525252527 0.0296875 0.01875
0 0.36702788978494627 0.025459229390681 0.0234375 0.02708333333333333
0 0.06067708333333334 0.06597222222222222 0.0296875 0.033333333333333326
1 0.57109375 0.13333333333333333 0.0890625 0.1125
1 0.3203125 0.21041666666666667 0.103125 0.09583333333333334
