0 0.26484375 0.4354166666666667 0.0265625 0.0375
0 0.23828125 0.5770833333333333 0.0265625 0.0375
0 0.24194285358565737 0.85625 0.0265625 0.0375
0 0.19453125 0.8458333333333333 0.0265625 0.0375
0 0.08359375 0.80625 0.0265625 0.0375
0 0.015761794747081715 0.7629782749675745 0.0265625 0.0375
0 0.13515625 0.18958333333333333 0.0265625 0.0375
0 0.26692708333333337 0.23125 0.0265625 0.041666666666666664
0 0.24873046875 0.146484375 0.0265625 0.0375
0 0.2816434352517986 0.22135041966426858 0.0265625 0.0375
0 0.2765213815789474 0.34923245614035087 0.0265625 0.0375
0 0.0828125 0.5341666666666666 0.028125 0.04999999999999994
0 0.5338225201317716 0.9732216935090288 0.0265625 0.0375
0 0.6304488877118645 0.597069209039548 0.0265625 0.0375
0 0.48828125 0.86875 0.0265625 0.0375
0 0.8437401384992989 0.8539358345021039 0.0265625 0.0375
0 0.8343651384992988 0.9789358345021039 0.0265625 0.0375
0 0.8513597913744742 0.753395278167368 0.0265625 0.0375
0 0.828125 0.43645833333333334 0.025 0.03958333333333333
0 0.8662880777310924 0.409375 0.025 0.03958333333333333
0 0.6611032196969697 0.18516414141414142 0.0265625 0.03333333333333333
0 0.7682950552208835 0.08684738955823293 0.0265625 0.03333333333333333
0 0.71015625 0.6354166666666666 0.0265625 0.03333333333333333
0 0.5647960400763359 0.5389074427480917 0.02857824427480917 0.03333333333333333
0 0.48112065397350995 0.4077676600441501 0.0265625 0.03333333333333333
0 0.6213541666666667 0.5305555555555556 0.028125 0.03750000000000006
0 0.67109375 0.06145833333333333 0.0265625 0.03333333333333333
0 0.9748197115384615 0.8637019230769231 0.0234375 0.035416666666666666
0 0.58828125 0.11875 0.0296875 0.05
0 0.6015625 0.20625 0.025 0.04583333333333333
0 0.85625 0.22395833333333334 0.0375 0.04375
0 0.93671875 0.23958333333333334 0.0328125 0.041666666666666664
0 0.4958680976941747 0.7450925364077671 0.0421875 0.04375
0 0.505 0.02493055555555556 0.025 0.027083333333333338
0 0.09973958333333333 0.2746527777777778 0.029687499999999988 0.039583333333333366
0 0.51328125 0.013541666666666667 0.0296875 0.01875
0 0.3669102822580645 0.025907258064516134 0.0234375 0.027083333333333338
0 0.04375 0.07708333333333334 0.0296875 0.03333333333333333
1 0.57109375 0.13333333333333333 0.0890625 0.1125
1 0.3203125 0.21041666666666667 0.103125 0.09583333333333334
