0 0.26484375 0.4354166666666667 0.0265625 0.0375
0 0.23828125 0.5770833333333333 0.0265625 0.0375
0 0.2404886703187251 0.85625 0.0265625 0.0375
0 0.19453125 0.8458333333333333 0.0265625 0.0375
0 0.08359375 0.80625 0.0265625 0.0375
0 0.13515625 0.18958333333333333 0.0265625 0.0375
0 0.28984375 0.21510416666666668 0.0265625 0.041666666666666664
0 0.22134967672413794 0.17544899425287358 0.0265625 0.0375
0 0.26872702205882354 0.2490502450980392 0.0265625 0.03749999999999997
0 0.22996093750000002 0.38494791666666667 0.0265625 0.0375
0 0.5391665904099561 0.9803471205466081 0.0265625 0.0375
0 0.631848280669145 0.612174721189591 0.0265625 0.0375
0 0.48828125 0.86875 0.0265625 0.0375
0 0.84296875 0.85625 0.0265625 0.0375
0 0.83359375 0.98125 0.0265625 0.0375
0 0.8379595588235293 0.7541666666666667 0.0265625 0.0375
0 0.828125 0.43645833333333334 0.025 0.03958333333333333
0 0.8640625 0.409375 0.025 0.03958333333333333
0 0.6301584151270208 0.23708140877598152 0.0265625 0.03333333333333333
0 0.7541029283216784 0.11925990675990675 0.0265625 0.03333333333333332
0 0.71015625 0.6354166666666666 0.0265625 0.03333333333333333
0 0.5131578947368421 0.6016995614035088 0.0296875 0.03333333333333333
0 0.4601235617154812 0.4545589260808926 0.0265625 0.03333333333333333
0 0.9153309811827957 0.9877800179211469 0.025084005376344188 0.024439964157706127
0 0.58828125 0.11875 0.0296875 0.05
0 0.6015625 0.20625 0.025 0.04583333333333333
0 0.85625 0.22395833333333334 0.0375 0.04375
0 0.4881162773058253 0.7554282969255663 0.0421875 0.04375
0 0.835546875 0.8046875 0.0296875 0.03958333333333333
0 0.175 0.8625385802469137 0.025 0.03958333333333333
0 0.074609375 0.8432291666666667 0.03125 0.03958333333333333
0 0.48363502935420744 0.04786162752772342 0.025 0.027083333333333334
0 0.5085568405511811 0.02594324146981627 0.0296875 0.03125
0 0.35703125 0.06354166666666666 0.0234375 0.027083333333333334
0 0.766015625 0.14270833333333333 0.01875 0.03333333333333333
0 0.9818080357142858 0.022718253968253967 0.022098214285714235 0.02797619047619048
1 0.57109375 0.13333333333333333 0.0890625 0.1125
1 0.3203125 0.21041666666666667 0.103125 0.09583333333333334
