0 0.27309872787610623 0.4220378564405113 0.0265625 0.0375
0 0.23828125 0.5776408450704226 0.0265625 0.0375
0 0.2432475058685446 0.8555066510172143 0.0265625 0.0375
0 0.19453125 0.8458333333333333 0.0265625 0.0375
0 0.08359375 0.80625 0.0265625 0.0375
0 0.0261993838028169 0.7308783255086072 0.0265625 0.0375
0 0.13515625 0.18958333333333333 0.0265625 0.0375
0 0.21796875 0.16725543478260868 0.0265625 0.0375
0 0.29184401939655175 0.10794719827586206 0.0265625 0.0375
0 0.2840658723021583 0.2181205035971223 0.0265625 0.0375
0 0.3119975058685446 0.30985915492957744 0.0265625 0.0375
0 0.37421875 0.3458333333333333 0.0265625 0.041666666666666664
0 0.572487529342723 0.8899941314553991 0.0265625 0.0375
0 0.6423997471098266 0.5683405587668594 0.0265625 0.0375
0 0.48828125 0.86875 0.0265625 0.0375
0 0.7825520833333333 0.8430555555555556 0.0234375 0.0375
0 0.8475181889901823 0.842601683029453 0.0265625 0.0375
0 0.8381431889901823 0.967601683029453 0.0265625 0.0375
0 0.8541933292426368 0.7496172276764843 0.0265625 0.0375
0 0.828125 0.43645833333333334 0.025 0.03958333333333333
0 0.8679858193277312 0.409375 0.025 0.03958333333333333
0 0.621875 0.08333333333333333 0.0234375 0.035416666666666666
0 0.670028081797235 0.14592933947772657 0.0265625 0.03333333333333333
0 0.7718689749357327 0.06873393316195373 0.0265625 0.03333333333333333
0 0.7104350058685446 0.6357883411580595 0.0265625 0.03333333333333333
0 0.5911274941314554 0.4924491392801252 0.0265625 0.03333333333333333
0 0.4979350058685446 0.38902582159624416 0.0265625 0.03333333333333333
0 0.014099702380952383 0.24444444444444444 0.0265625 0.03333333333333333
0 0.2 0.3229166666666667 0.028125 0.0375
0 0.79453125 0.6291666666666667 0.0265625 0.03333333333333333
0 0.9928083147321429 0.7768694196428572 0.014383370535714235 0.035137648809523844
0 0.66875 0.525 0.025 0.041666666666666664
0 0.58828125 0.11875 0.0296875 0.05
0 0.6015625 0.20625 0.025 0.04583333333333333
0 0.26328125 0.5416666666666666 0.0359375 0.04583333333333333
0 0.27578125 0.46770833333333334 0.0328125 0.0375
0 0.85625 0.22395833333333334 0.0375 0.04375
0 0.5088610197368422 0.7249314692982457 0.0421875 0.04375
1 0.57109375 0.13333333333333333 0.0890625 0.1125
1 0.3203125 0.21041666666666667 0.103125 0.09583333333333334
