0 0.26484375 0.4354166666666667 0.0265625 0.0375
0 0.23828125 0.5770833333333333 0.0265625 0.0375
0 0.24060570219123506 0.85625 0.0265625 0.0375
0 0.19453125 0.8458333333333333 0.0265625 0.0375
0 0.08359375 0.80625 0.0265625 0.0375
0 0.13515625 0.18958333333333333 0.0265625 0.0375
0 0.29765625 0.21041666666666667 0.0265625 0.041666666666666664
0 0.22578125 0.17291666666666666 0.0265625 0.0375
0 0.2692670036764706 0.24689031862745098 0.0265625 0.0375
0 0.23271484375 0.38372395833333334 0.0265625 0.0375
0 0.5387365025622255 0.9797736700829672 0.0265625 0.0375
0 0.6314387778810409 0.6114467162329617 0.0265625 0.0375
0 0.48828125 0.86875 0.0265625 0.0375
0 0.84296875 0.85625 0.0265625 0.0375
0 0.83359375 0.98125 0.0265625 0.0375
0 0.8391745174632353 0.7541666666666667 0.0265625 0.0375
0 0.828125 0.43645833333333334 0.025 0.03958333333333333
0 0.8641727941176471 0.409375 0.025 0.03958333333333333
0 0.6306672199769052 0.23662913779830638 0.0265625 0.03333333333333333
0 0.7546164772727273 0.11515151515151516 0.0265625 0.03333333333333333
0 0.71015625 0.6354166666666666 0.0265625 0.03333333333333333
0 0.5163788377192983 0.6008406432748538 0.0296875 0.03333333333333333
0 0.4611073369565218 0.44993961352657 0.0265625 0.03333333333333333
0 0.9208585349462366 0.9825156810035842 0.023504704301075208 0.03496863799283159
0 0.58828125 0.11875 0.0296875 0.05
0 0.6015625 0.20625 0.025 0.04583333333333333
0 0.85625 0.22395833333333334 0.0375 0.04375
0 0.4887401395631068 0.7545964805825243 0.0421875 0.04375
0 0.86484375 0.753125 0.0296875 0.03958333333333333
0 0.13973214285714286 0.8950892857142858 0.025 0.03958333333333333
0 0.1125 0.9114583333333334 0.03125 0.03958333333333333
0 0.4840661692759295 0.0472867742987606 0.025 0.027083333333333334
0 0.508267716535433 0.025172244094488188 0.0296875 0.03125
0 0.35703125 0.06354166666666666 0.0234375 0.027083333333333334
0 0.7307291666666667 0.07638888888888888 0.0296875 0.033333333333333326
0 0.9841685267857143 0.019104662698412697 0.021573660714285837 0.02587797619047619
1 0.57109375 0.13333333333333333 0.0890625 0.1125
1 0.3203125 0.21041666666666667 0.103125 0.09583333333333334
