0 0.26484375 0.4354166666666667 0.0265625 0.0375
0 0.23828125 0.5770833333333333 0.0265625 0.0375
0 0.24065301294820718 0.85625 0.0265625 0.0375
0 0.19453125 0.8458333333333333 0.0265625 0.0375
0 0.08359375 0.80625 0.0265625 0.0375
0 0.13515625 0.18958333333333333 0.0265625 0.0375
0 0.30046875 0.21166666666666664 0.0265625 0.041666666666666664
0 0.22766617063492064 0.17323082010582008 0.0265625 0.0375
0 0.26948529411764705 0.2460171568627451 0.0265625 0.0375
0 0.23380208333333333 0.3830555555555556 0.0265625 0.0375
0 0.5385626372620791 0.979541849682772 0.0265625 0.0375
0 0.6312732342007435 0.6111524163568773 0.0265625 0.0375
0 0.48828125 0.86875 0.0265625 0.0375
0 0.84296875 0.85625 0.0265625 0.0375
0 0.83359375 0.98125 0.0265625 0.0375
0 0.8396656709558824 0.7541666666666667 0.0265625 0.0375
0 0.828125 0.43645833333333334 0.025 0.03958333333333333
0 0.8642476365546219 0.409375 0.025 0.03958333333333333
0 0.6308729070438799 0.23644630484988452 0.0265625 0.03333333333333333
0 0.7548240821678321 0.11349067599067598 0.0265625 0.03333333333333333
0 0.71015625 0.6354166666666666 0.0265625 0.03333333333333333
0 0.5176809210526316 0.6004934210526316 0.0296875 0.03333333333333333
0 0.46153759057971017 0.44802737520128827 0.0265625 0.03333333333333333
0 0.9232265054744525 0.9794479927007299 0.0234375 0.035416666666666666
0 0.58828125 0.11875 0.0296875 0.05
0 0.6015625 0.20625 0.025 0.04583333333333333
0 0.85625 0.22395833333333334 0.0375 0.04375
0 0.4889923391990291 0.7542602144012945 0.0421875 0.04375
0 0.8518229166666667 0.7079861111111111 0.0296875 0.03958333333333333
0 0.1684375 0.9279861111111111 0.025 0.03958333333333333
0 0.139453125 0.9203125 0.03125 0.03958333333333333
0 0.4842404598825832 0.047054386823222445 0.025 0.027083333333333334
0 0.5081508366141733 0.024860564304461943 0.0296875 0.03125
0 0.35703125 0.06354166666666666 0.0234375 0.027083333333333334
0 0.73984375 0.05416666666666667 0.0296875 0.03333333333333333
0 0.9851227678571428 0.017643849206349205 0.021361607142857154 0.025029761904761905
1 0.57109375 0.13333333333333333 0.0890625 0.1125
1 0.3203125 0.21041666666666667 0.103125 0.09583333333333334
