0 0.26484375 0.4354166666666667 0.0265625 0.0375
0 0.23828125 0.5770833333333333 0.0265625 0.0375
0 0.24010769422310757 0.85625 0.0265625 0.0375
0 0.19453125 0.8458333333333333 0.0265625 0.0375
0 0.08359375 0.80625 0.0265625 0.0375
0 0.13515625 0.18958333333333333 0.0265625 0.0375
0 0.2345703125 0.21901041666666668 0.0265625 0.041666666666666664
0 0.21072071335078535 0.18832897033158813 0.0265625 0.0375
0 0.26555989583333334 0.2601388888888889 0.0265625 0.037500000000000026
0 0.22089488636363636 0.3973106060606061 0.0265625 0.0375
0 0.53984375 0.98125 0.0265625 0.0375
0 0.6294423378661087 0.607897489539749 0.0265625 0.0375
0 0.48828125 0.86875 0.0265625 0.0375
0 0.84296875 0.85625 0.0265625 0.0375
0 0.83359375 0.98125 0.0265625 0.0375
0 0.84140625 0.7727941176470589 0.0265625 0.0375
0 0.828125 0.43645833333333334 0.025 0.03958333333333333
0 0.8640625 0.409375 0.025 0.03958333333333333
0 0.62850209295612 0.23855369515011546 0.0265625 0.03333333333333333
0 0.73671875 0.14594907407407406 0.0265625 0.03333333333333333
0 0.71015625 0.6354166666666666 0.0265625 0.03333333333333333
0 0.4987198004201681 0.6090161064425771 0.0296875 0.03333333333333333
0 0.459123300209205 0.4665620641562064 0.0265625 0.03333333333333333
0 0.58828125 0.11875 0.0296875 0.05
0 0.6015625 0.20625 0.025 0.04583333333333333
0 0.85625 0.22395833333333334 0.0375 0.04375
0 0.48608540655339805 0.7581361245954692 0.0421875 0.04375
0 0.7254415760869566 0.9326539855072463 0.0296875 0.03958333333333333
0 0.22023026315789473 0.7987390350877193 0.025 0.03958333333333333
0 0.4822315313111546 0.04973295825179387 0.025 0.027083333333333334
0 0.509498031496063 0.02845308398950131 0.0296875 0.03125
0 0.35703125 0.06354166666666666 0.0234375 0.027083333333333334
0 0.7744791666666667 0.3163194444444445 0.034375 0.03958333333333333
0 0.9741238839285714 0.034481646825396825 0.02380580357142854 0.03480654761904762
1 0.57109375 0.13333333333333333 0.0890625 0.1125
1 0.3203125 0.21041666666666667 0.103125 0.09583333333333334
