0 0.26484375 0.4354166666666667 0.0265625 0.0375
0 0.23828125 0.5770833333333333 0.0265625 0.0375
0 0.24136267430278885 0.85625 0.0265625 0.0375
0 0.19453125 0.8458333333333333 0.0265625 0.0375
0 0.08359375 0.80625 0.0265625 0.0375
0 0.006129261363636364 0.7901609848484848 0.012258522727272727 0.03157196969696976
0 0.13515625 0.18958333333333333 0.0265625 0.0375
0 0.31171875 0.23958333333333334 0.0265625 0.041666666666666664
0 0.24198958333333334 0.16313333333333332 0.0265625 0.0375
0 0.27960809426229505 0.22471994535519127 0.0265625 0.0375
0 0.2525921809623431 0.3684100418410042 0.0265625 0.0375
0 0.5359546577598829 0.9760645436798439 0.0265625 0.0375
0 0.6287900789962826 0.6067379182156133 0.0265625 0.0375
0 0.48828125 0.86875 0.0265625 0.0375
0 0.84296875 0.85625 0.0265625 0.0375
0 0.83359375 0.98125 0.0265625 0.0375
0 0.8470329733455882 0.7541666666666667 0.0265625 0.0375
0 0.828125 0.43645833333333334 0.025 0.03958333333333333
0 0.8653702731092437 0.409375 0.025 0.03958333333333333
0 0.647923018292683 0.22200203252032522 0.0265625 0.03333333333333333
0 0.7624466616465864 0.09854417670682732 0.0265625 0.03333333333333333
0 0.71015625 0.6354166666666666 0.0265625 0.03333333333333333
0 0.5444993622448979 0.5771116780045351 0.0296875 0.03333333333333333
0 0.47147661423841064 0.423841059602649 0.0265625 0.03333333333333333
0 0.7661458333333333 0.42291666666666666 0.028125 0.0375
0 0.9530980603448276 0.9218390804597701 0.0234375 0.035416666666666666
0 0.58828125 0.11875 0.0296875 0.05
0 0.6015625 0.20625 0.025 0.04583333333333333
0 0.85625 0.22395833333333334 0.0375 0.04375
0 0.759375 0.0515625 0.0296875 0.03333333333333333
0 0.4927753337378641 0.749216221682848 0.0421875 0.04375
0 0.9854166666666666 0.35451388888888885 0.028125 0.04375
0 0.49291774054982823 0.038348367697594504 0.025 0.027083333333333334
0 0.50703125 0.01871936274509804 0.0296875 0.02493872549019608
0 0.36142977150537636 0.046785394265232975 0.0234375 0.027083333333333334
1 0.57109375 0.13333333333333333 0.0890625 0.1125
1 0.3203125 0.21041666666666667 0.103125 0.09583333333333334
