0 0.26484375 0.4354166666666667 0.0265625 0.0375
0 0.23828125 0.5770833333333333 0.0265625 0.0375
0 0.2417710408366534 0.85625 0.0265625 0.0375
0 0.19453125 0.8458333333333333 0.0265625 0.0375
0 0.08359375 0.80625 0.0265625 0.0375
0 0.014083779182879374 0.7682919909208821 0.0265625 0.0375
0 0.13515625 0.18958333333333333 0.0265625 0.0375
0 0.29609375 0.2575 0.0265625 0.041666666666666664
0 0.24540625 0.1522 0.0265625 0.0375
0 0.2812556205035971 0.22186750599520386 0.0265625 0.0375
0 0.27179276315789475 0.3567982456140351 0.0265625 0.0375
0 0.01730769230769231 0.5503205128205128 0.028125 0.04999999999999994
0 0.5344539256954612 0.9740635675939483 0.0265625 0.0375
0 0.6273611756505576 0.6041976456009913 0.0265625 0.0375
0 0.48828125 0.86875 0.0265625 0.0375
0 0.8431352997896214 0.855750350631136 0.0265625 0.0375
0 0.8337602997896214 0.980750350631136 0.0265625 0.0375
0 0.8509061623422159 0.7540001168770453 0.0265625 0.0375
0 0.828125 0.43645833333333334 0.025 0.03958333333333333
0 0.866016281512605 0.409375 0.025 0.03958333333333333
0 0.6601697781385282 0.189520202020202 0.0265625 0.03333333333333333
0 0.7665631275100402 0.09031124497991969 0.0265625 0.03333333333333333
0 0.71015625 0.6354166666666666 0.0265625 0.03333333333333333
0 0.5590350667938931 0.5471374045801526 0.029401240458015197 0.03333333333333328
0 0.4782646937086093 0.4125275938189846 0.0265625 0.03333333333333333
0 0.6604166666666667 0.5347222222222222 0.028125 0.03750000000000006
0 0.58671875 0.05902777777777778 0.0265625 0.03333333333333334
0 0.9682736280487806 0.8776168699186991 0.0234375 0.035416666666666666
0 0.58828125 0.11875 0.0296875 0.05
0 0.6015625 0.20625 0.025 0.04583333333333333
0 0.85625 0.22395833333333334 0.0375 0.04375
0 0.901953125 0.178125 0.0328125 0.04375
0 0.4949522148058253 0.746313713592233 0.0421875 0.04375
0 0.5043653350515463 0.027781357388316153 0.025 0.027083333333333334
0 0.5100142045454545 0.014630681818181819 0.0296875 0.01875
0 0.3652872983870968 0.03209005376344086 0.0234375 0.027083333333333334
1 0.57109375 0.13333333333333333 0.0890625 0.1125
1 0.3203125 0.21041666666666667 0.103125 0.09583333333333334
