0 0.26484375 0.4354166666666667 0.0265625 0.0375
0 0.23828125 0.5770833333333333 0.0265625 0.0375
0 0.24083727589641435 0.85625 0.0265625 0.0375
0 0.19453125 0.8458333333333333 0.0265625 0.0375
0 0.08359375 0.80625 0.0265625 0.0375
0 0.00546875 0.8104166666666667 0.0109375 0.03333333333333333
0 0.13515625 0.18958333333333333 0.0265625 0.0375
0 0.30859375 0.21875 0.0265625 0.041666666666666664
0 0.23500744047619046 0.1744543650793651 0.0265625 0.0375
0 0.27204149590163934 0.24057377049180328 0.0265625 0.0375
0 0.23765624999999999 0.3779166666666667 0.0265625 0.0375
0 0.5378854776720352 0.9786389702293802 0.0265625 0.0375
0 0.6306284851301116 0.6100061957868649 0.0265625 0.0375
0 0.48828125 0.86875 0.0265625 0.0375
0 0.84296875 0.85625 0.0265625 0.0375
0 0.83359375 0.98125 0.0265625 0.0375
0 0.8415785845588235 0.7541666666666667 0.0265625 0.0375
0 0.828125 0.43645833333333334 0.025 0.03958333333333333
0 0.8645391281512605 0.409375 0.025 0.03958333333333333
0 0.6316740040415705 0.23573421862971516 0.0265625 0.03333333333333333
0 0.7559446383248731 0.10769881556683587 0.0265625 0.03333333333333333
0 0.71015625 0.6354166666666666 0.0265625 0.03333333333333333
0 0.5230046452702702 0.5966920045045045 0.0296875 0.03333333333333333
0 0.4632133152173913 0.4405797101449275 0.0265625 0.03333333333333333
0 0.9546875 0.3861111111111111 0.028125 0.0375
0 0.9325102645985401 0.9670696472019464 0.0234375 0.035416666666666666
0 0.58828125 0.11875 0.0296875 0.05
0 0.6015625 0.20625 0.025 0.04583333333333333
0 0.85625 0.22395833333333334 0.0375 0.04375
0 0.4899745904126213 0.7529505461165049 0.0421875 0.04375
0 0.892578125 0.6109375 0.0296875 0.03958333333333333
0 0.1420516304347826 0.9433423913043478 0.025 0.03958333333333333
0 0.48491927592954986 0.04614929876060013 0.025 0.027083333333333334
0 0.5076956200787401 0.023646653543307083 0.0296875 0.031249999999999997
0 0.35703125 0.06354166666666666 0.0234375 0.027083333333333334
0 0.9888392857142858 0.01195436507936508 0.020535714285714234 0.021726190476190475
1 0.57109375 0.13333333333333333 0.0890625 0.1125
1 0.3203125 0.21041666666666667 0.103125 0.09583333333333334
