0 0.26484375 0.4354166666666667 0.0265625 0.0375
0 0.23828125 0.5770833333333333 0.0265625 0.0375
0 0.24043139940239042 0.85625 0.0265625 0.0375
0 0.19453125 0.8458333333333333 0.0265625 0.0375
0 0.08359375 0.80625 0.0265625 0.0375
0 0.13515625 0.18958333333333333 0.0265625 0.0375
0 0.28558238636363636 0.20454545454545456 0.0265625 0.041666666666666664
0 0.21918103448275864 0.1766882183908046 0.0265625 0.0375
0 0.2684627757352941 0.2501072303921569 0.0265625 0.037500000000000026
0 0.228662109375 0.3859592013888889 0.0265625 0.0375
0 0.5393770589311859 0.9806277452415813 0.0265625 0.0375
0 0.6319920240585775 0.6124302649930264 0.0265625 0.0375
0 0.48828125 0.86875 0.0265625 0.0375
0 0.84296875 0.85625 0.0265625 0.0375
0 0.83359375 0.98125 0.0265625 0.0375
0 0.8373650045955883 0.7541666666666667 0.0265625 0.0375
0 0.828125 0.43645833333333334 0.025 0.03958333333333333
0 0.8640625 0.409375 0.025 0.03958333333333333
0 0.6299094255196305 0.23730273287143958 0.0265625 0.03333333333333333
0 0.7532649253731344 0.12176616915422886 0.0265625 0.03333333333333333
0 0.71015625 0.6354166666666666 0.0265625 0.03333333333333333
0 0.5115217962184875 0.60218837535014 0.0296875 0.03333333333333333
0 0.4599731956066946 0.45636331938633196 0.0265625 0.03333333333333333
0 0.912626008064516 0.9903561827956989 0.025856854838709788 0.019287634408602136
0 0.58828125 0.11875 0.0296875 0.05
0 0.6015625 0.20625 0.025 0.04583333333333333
0 0.85625 0.22395833333333334 0.0375 0.04375
0 0.4878109830097087 0.755835355987055 0.0421875 0.04375
0 0.8178485576923077 0.8298878205128205 0.0296875 0.03958333333333333
0 0.175 0.8447916666666667 0.025 0.03958333333333333
0 0.0640625 0.8260416666666667 0.03125 0.03958333333333333
0 0.4834240459882583 0.048142938682322244 0.025 0.027083333333333334
0 0.5086983267716535 0.026320538057742784 0.0296875 0.03125000000000001
0 0.35703125 0.06354166666666666 0.0234375 0.027083333333333334
0 0.7625 0.16145833333333334 0.021875 0.03958333333333333
0 0.9806529017857143 0.024486607142857147 0.022354910714285837 0.029002976190476194
1 0.57109375 0.13333333333333333 0.0890625 0.1125
1 0.3203125 0.21041666666666667 0.103125 0.09583333333333334
