0 0.26484375 0.4354166666666667 0.0265625 0.0375
0 0.23828125 0.5770833333333333 0.0265625 0.0375
0 0.24179594123505974 0.85625 0.0265625 0.0375
0 0.19453125 0.8458333333333333 0.0265625 0.0375
0 0.08359375 0.80625 0.0265625 0.0375
0 0.014326969844357978 0.7675218871595331 0.0265625 0.0375
0 0.13515625 0.18958333333333333 0.0265625 0.0375
0 0.29010416666666666 0.24305555555555555 0.0265625 0.041666666666666664
0 0.24561458333333333 0.15153333333333335 0.0265625 0.03750000000000001
0 0.28131182553956835 0.2217925659472422 0.0265625 0.0375
0 0.2724780701754386 0.3557017543859649 0.0265625 0.0375
0 0.01875 0.5729166666666666 0.028125 0.05
0 0.5343624176427525 0.9739415568570033 0.0265625 0.0375
0 0.6277145127118644 0.6033192090395479 0.0265625 0.0375
0 0.48828125 0.86875 0.0265625 0.0375
0 0.8432229575736325 0.8554873772791024 0.0265625 0.0375
0 0.8338479575736326 0.9804873772791024 0.0265625 0.0375
0 0.8509719056802243 0.7539124590930341 0.0265625 0.0375
0 0.828125 0.43645833333333334 0.025 0.03958333333333333
0 0.8660556722689077 0.409375 0.025 0.03958333333333333
0 0.6603050595238095 0.1888888888888889 0.0265625 0.03333333333333333
0 0.7668141315261044 0.08980923694779117 0.0265625 0.03333333333333333
0 0.71015625 0.6354166666666666 0.0265625 0.03333333333333333
0 0.5598699904580153 0.5459446564885496 0.029281965648854946 0.03333333333333333
0 0.4786786009933775 0.41183774834437087 0.0265625 0.03333333333333333
0 0.6765625 0.5583333333333333 0.028125 0.0375
0 0.6143229166666667 0.02986111111111111 0.0265625 0.03333333333333333
0 0.9697980182926829 0.8750762195121952 0.0234375 0.035416666666666666
0 0.58828125 0.11875 0.0296875 0.05
0 0.6015625 0.20625 0.025 0.04583333333333333
0 0.85625 0.22395833333333334 0.0375 0.04375
0 0.88203125 0.21145833333333333 0.0328125 0.04375
0 0.49508495145631065 0.7461367313915858 0.0421875 0.04375
0 0.5050633591065292 0.02713702749140894 0.025 0.027083333333333338
0 0.01015625 0.2635416666666667 0.0203125 0.035416666666666666
0 0.5104876893939394 0.014472853535353537 0.0296875 0.01875
0 0.36552251344086023 0.031193996415770607 0.0234375 0.027083333333333334
1 0.57109375 0.13333333333333333 0.0890625 0.1125
1 0.3203125 0.21041666666666667 0.103125 0.09583333333333334
