0 0.26484375 0.4354166666666667 0.0265625 0.0375
0 0.23828125 0.5770833333333333 0.0265625 0.0375
0 0.24121576195219124 0.85625 0.0265625 0.0375
0 0.19453125 0.8458333333333333 0.0265625 0.0375
0 0.08359375 0.80625 0.0265625 0.0375
0 0.005919744318181818 0.7965861742424243 0.011839488636363636 0.03213068181818184
0 0.13515625 0.18958333333333333 0.0265625 0.0375
0 0.31578125 0.22833333333333333 0.0265625 0.041666666666666664
0 0.24076041666666667 0.16706666666666667 0.0265625 0.0375
0 0.27749231557377046 0.2291530054644809 0.0265625 0.0375
0 0.24834924163179917 0.370981520223152 0.0265625 0.0375
0 0.5364945552708639 0.9767844070278184 0.0265625 0.0375
0 0.6293041356877324 0.6076517967781908 0.0265625 0.0375
0 0.48828125 0.86875 0.0265625 0.0375
0 0.84296875 0.85625 0.0265625 0.0375
0 0.83359375 0.98125 0.0265625 0.0375
0 0.8455078125 0.7541666666666667 0.0265625 0.0375
0 0.828125 0.43645833333333334 0.025 0.03958333333333333
0 0.8651378676470589 0.409375 0.025 0.03958333333333333
0 0.6441755589430894 0.22899728997289973 0.0265625 0.03333333333333333
0 0.7607669733502538 0.10126903553299492 0.0265625 0.03333333333333333
0 0.71015625 0.6354166666666666 0.0265625 0.03333333333333333
0 0.5369738520408164 0.5838010204081633 0.0296875 0.03333333333333333
0 0.4689198369565218 0.42789855072463767 0.0265625 0.03333333333333333
0 0.8046875 0.41000000000000003 0.028125 0.0375
0 0.9477999281609195 0.9352610153256705 0.0234375 0.035416666666666666
0 0.58828125 0.11875 0.0296875 0.05
0 0.6015625 0.20625 0.025 0.04583333333333333
0 0.85625 0.22395833333333334 0.0375 0.04375
0 0.4919921875 0.7502604166666667 0.0421875 0.04375
0 0.9729166666666667 0.4184027777777778 0.028125 0.04375
0 0.4887993986254296 0.04214991408934708 0.025 0.027083333333333338
0 0.50703125 0.020526960784313725 0.0296875 0.028553921568627454
0 0.36004200268817205 0.05207213261648745 0.0234375 0.027083333333333334
1 0.57109375 0.13333333333333333 0.0890625 0.1125
1 0.3203125 0.21041666666666667 0.103125 0.09583333333333334
