0 0.26484375 0.4354166666666667 0.0265625 0.0375
0 0.23828125 0.5770833333333333 0.0265625 0.0375
0 0.24027203685258963 0.85625 0.0265625 0.0375
0 0.19453125 0.8458333333333333 0.0265625 0.0375
0 0.08359375 0.80625 0.0265625 0.0375
0 0.13515625 0.18958333333333333 0.0265625 0.0375
0 0.26484375 0.19375 0.0265625 0.041666666666666664
0 0.21396024214659687 0.181130017452007 0.0265625 0.0375
0 0.26752533783783783 0.253856981981982 0.0265625 0.0375
0 0.225537109375 0.3929036458333333 0.0265625 0.0375
0 0.53984375 0.98125 0.0265625 0.0375
0 0.6307367939330544 0.6101987447698745 0.0265625 0.0375
0 0.48828125 0.86875 0.0265625 0.0375
0 0.84296875 0.85625 0.0265625 0.0375
0 0.83359375 0.98125 0.0265625 0.0375
0 0.8400426136363637 0.7630303030303031 0.0265625 0.0375
0 0.828125 0.43645833333333334 0.025 0.03958333333333333
0 0.8640625 0.409375 0.025 0.03958333333333333
0 0.6292165848729792 0.23791859122401846 0.0265625 0.03333333333333333
0 0.7450559701492537 0.13370646766169156 0.0265625 0.03333333333333333
0 0.71015625 0.6354166666666666 0.0265625 0.03333333333333333
0 0.505219275210084 0.6055497198879551 0.0296875 0.03333333333333333
0 0.4595547855648536 0.461384239888424 0.0265625 0.03333333333333333
0 0.58828125 0.11875 0.0296875 0.05
0 0.6015625 0.20625 0.025 0.04583333333333333
0 0.85625 0.22395833333333334 0.0375 0.04375
0 0.48696146844660193 0.7569680420711974 0.0421875 0.04375
0 0.772265625 0.8979910714285714 0.0296875 0.03958333333333333
0 0.20014880952380953 0.8444940476190476 0.025 0.03958333333333333
0 0.48283696183953034 0.04892571754729289 0.025 0.027083333333333334
0 0.5090920275590551 0.027370406824146983 0.0296875 0.03125
0 0.35703125 0.06354166666666666 0.0234375 0.027083333333333334
0 0.7515625 0.23020833333333332 0.034375 0.03958333333333333
0 0.9774386160714286 0.029407242063492062 0.02306919642857146 0.031860119047619054
1 0.57109375 0.13333333333333333 0.0890625 0.1125
1 0.3203125 0.21041666666666667 0.103125 0.09583333333333334
