0 0.26671599669603524 0.4335444199706314 0.0265625 0.0375
0 0.23828125 0.5770833333333333 0.0265625 0.0375
0 0.24225908864541834 0.85625 0.0265625 0.0375
0 0.19453125 0.8458333333333333 0.0265625 0.0375
0 0.08359375 0.80625 0.0265625 0.0375
0 0.018850316147859925 0.7531979571984435 0.0265625 0.0375
0 0.13515625 0.18958333333333333 0.0265625 0.0375
0 0.23227163461538464 0.1857371794871795 0.0265625 0.041666666666666664
0 0.2580322265625 0.13408203125 0.0265625 0.0375
0 0.2823572392086331 0.22039868105515587 0.0265625 0.0375
0 0.28665027390438247 0.33550796812749 0.0265625 0.0375
0 0.15381944444444445 0.5310185185185186 0.028125 0.05000000000000006
0 0.5435546875 0.9537326388888889 0.0265625 0.0375
0 0.6363347457627119 0.5836158192090396 0.0265625 0.0375
0 0.48828125 0.86875 0.0265625 0.0375
0 0.8448533923562411 0.8505960729312763 0.0265625 0.0375
0 0.8354783923562412 0.9755960729312763 0.0265625 0.0375
0 0.852194731767181 0.7522820243104253 0.0265625 0.0375
0 0.828125 0.43645833333333334 0.025 0.03958333333333333
0 0.8667883403361344 0.409375 0.025 0.03958333333333333
0 0.6628212932900432 0.17714646464646464 0.0265625 0.03333333333333333
0 0.7714828062248996 0.08047188755020081 0.0265625 0.03333333333333333
0 0.71015625 0.6354166666666666 0.0265625 0.03333333333333333
0 0.575399570610687 0.5237595419847328 0.02706345419847329 0.03333333333333333
0 0.4884150048638133 0.4053988326848249 0.0265625 0.03333333333333333
0 0.00603125 0.3009583333333333 0.0120625 0.034916666666666644
0 0.4515625 0.46875 0.028125 0.0375
0 0.7328125 0.175 0.0265625 0.03333333333333333
0 0.9772684487951807 0.8434111445783132 0.0234375 0.035416666666666666
0 0.58828125 0.11875 0.0296875 0.05
0 0.6015625 0.20625 0.025 0.04583333333333333
0 0.05078125 0.103125 0.0296875 0.03958333333333333
0 0.85625 0.22395833333333334 0.0375 0.04375
0 0.49948601973684215 0.739514802631579 0.0421875 0.04375
0 0.5012202380952381 0.021570767195767195 0.025 0.027083333333333334
0 0.2671875 0.21041666666666667 0.028125 0.0375
0 0.5192945075757576 0.011537247474747473 0.0296875 0.01875
0 0.3716294642857143 0.015163690476190476 0.0234375 0.02342261904761905
1 0.57109375 0.13333333333333333 0.0890625 0.1125
1 0.3203125 0.21041666666666667 0.103125 0.09583333333333334
