0 0.26484375 0.4354166666666667 0.0265625 0.0375
0 0.23828125 0.5770833333333333 0.0265625 0.0375
0 0.2406156623505976 0.85625 0.0265625 0.0375
0 0.19453125 0.8458333333333333 0.0265625 0.0375
0 0.08359375 0.80625 0.0265625 0.0375
0 0.13515625 0.18958333333333333 0.0265625 0.0375
0 0.29765625 0.20952380952380953 0.0265625 0.041666666666666664
0 0.22617807539682538 0.17298280423280424 0.0265625 0.0375
0 0.26931295955882356 0.2467064950980392 0.0265625 0.0375
0 0.23294921875000002 0.38361979166666665 0.0265625 0.0375
0 0.538699899341142 0.9797248657881893 0.0265625 0.0375
0 0.6314039265799256 0.6113847583643123 0.0265625 0.0375
0 0.48828125 0.86875 0.0265625 0.0375
0 0.84296875 0.85625 0.0265625 0.0375
0 0.83359375 0.98125 0.0265625 0.0375
0 0.8392779181985294 0.7541666666666667 0.0265625 0.0375
0 0.828125 0.43645833333333334 0.025 0.03958333333333333
0 0.8641885504201682 0.409375 0.025 0.03958333333333333
0 0.630710522517321 0.23659064665127022 0.0265625 0.03333333333333333
0 0.7546601835664336 0.1148018648018648 0.0265625 0.03333333333333333
0 0.71015625 0.6354166666666666 0.0265625 0.03333333333333333
0 0.5166529605263157 0.600767543859649 0.0296875 0.03333333333333333
0 0.4611979166666667 0.449537037037037 0.0265625 0.03333333333333333
0 0.9213446624087591 0.9819571167883211 0.0234375 0.035416666666666666
0 0.58828125 0.11875 0.0296875 0.05
0 0.6015625 0.20625 0.025 0.04583333333333333
0 0.85625 0.22395833333333334 0.0375 0.04375
0 0.488793234223301 0.7545256877022654 0.0421875 0.04375
0 0.8660937499999999 0.7414583333333333 0.0296875 0.03958333333333333
0 0.15277777777777776 0.9019675925925926 0.025 0.03958333333333333
0 0.10677083333333333 0.9309027777777777 0.03124999999999999 0.03958333333333333
0 0.484102862035225 0.047237850619699935 0.025 0.027083333333333334
0 0.5082431102362205 0.025106627296587924 0.0296875 0.03125
0 0.35703125 0.06354166666666666 0.0234375 0.027083333333333334
0 0.74140625 0.07916666666666666 0.0296875 0.03333333333333333
0 0.9843694196428572 0.018797123015873014 0.02152901785714274 0.02569940476190476
1 0.57109375 0.13333333333333333 0.0890625 0.1125
1 0.3203125 0.21041666666666667 0.103125 0.09583333333333334
