0 0.271135232300885 0.42901917404129797 0.0265625 0.0375
0 0.23828125 0.5770833333333333 0.0265625 0.0375
0 0.2426624750996016 0.85625 0.0265625 0.0375
0 0.19453125 0.8458333333333333 0.0265625 0.0375
0 0.08359375 0.80625 0.0265625 0.0375
0 0.02279000486381323 0.7407222762645914 0.0265625 0.0375
0 0.13515625 0.18958333333333333 0.0265625 0.0375
0 0.21986607142857145 0.1826636904761905 0.0265625 0.041666666666666664
0 0.2736732219827586 0.11942349137931035 0.0265625 0.0375
0 0.2832677607913669 0.21918465227817746 0.0265625 0.0375
0 0.3001101090604027 0.31901565995525727 0.0265625 0.0375
0 0.2703125 0.4625 0.028125 0.04583333333333333
0 0.5588317466887418 0.9209988962472406 0.0265625 0.0375
0 0.6385522037572254 0.5726156069364162 0.0265625 0.0375
0 0.48828125 0.86875 0.0265625 0.0375
0 0.8462734484572231 0.846335904628331 0.0265625 0.0375
0 0.836898448457223 0.971335904628331 0.0265625 0.0375
0 0.8532597738429173 0.7508619682094436 0.0265625 0.0375
0 0.828125 0.43645833333333334 0.025 0.03958333333333333
0 0.8674264705882353 0.409375 0.025 0.03958333333333333
0 0.6665201163967611 0.16096491228070178 0.0265625 0.03333333333333333
0 0.7735800931876606 0.0732969151670951 0.0265625 0.03333333333333333
0 0.71015625 0.6354166666666666 0.0265625 0.03333333333333333
0 0.58562617481203 0.5033834586466166 0.0265625 0.03333333333333333
0 0.49765625 0.4030701754385965 0.0265625 0.03333333333333333
0 0.01287828947368421 0.27013157894736844 0.02575657894736842 0.03333333333333336
0 0.3421875 0.4354166666666667 0.028125 0.0375
0 0.76015625 0.44166666666666665 0.0265625 0.03333333333333333
0 0.9891887626262627 0.8094591750841751 0.014709595959595844 0.035416666666666666
0 0.73828125 0.78125 0.0296875 0.041666666666666664
0 0.58828125 0.11875 0.0296875 0.05
0 0.6015625 0.20625 0.025 0.04583333333333333
0 0.16328125 0.325 0.0359375 0.04583333333333333
0 0.85625 0.22395833333333334 0.0375 0.04375
0 0.5044819078947368 0.7317434210526316 0.0421875 0.04375
1 0.57109375 0.13333333333333333 0.0890625 0.1125
1 0.3203125 0.21041666666666667 0.103125 0.09583333333333334
