0 0.26484375 0.4354166666666667 0.0265625 0.0375
0 0.23828125 0.5770833333333333 0.0265625 0.0375
0 0.24130291334661352 0.85625 0.0265625 0.0375
0 0.19453125 0.8458333333333333 0.0265625 0.0375
0 0.08359375 0.80625 0.0265625 0.0375
0 0.006044034090909091 0.7927746212121212 0.012088068181818182 0.031799242424242515
0 0.13515625 0.18958333333333333 0.0265625 0.0375
0 0.31171875 0.23125 0.0265625 0.041666666666666664
0 0.24148958333333334 0.16473333333333334 0.0265625 0.0375
0 0.27874743852459016 0.22652322404371586 0.0265625 0.0375
0 0.25086623953974896 0.3694560669456067 0.0265625 0.0375
0 0.5361742770863837 0.9763573694485115 0.0265625 0.0375
0 0.6289991868029741 0.6071096654275093 0.0265625 0.0375
0 0.48828125 0.86875 0.0265625 0.0375
0 0.84296875 0.85625 0.0265625 0.0375
0 0.83359375 0.98125 0.0265625 0.0375
0 0.8464125689338236 0.7541666666666667 0.0265625 0.0375
0 0.828125 0.43645833333333334 0.025 0.03958333333333333
0 0.8652757352941176 0.409375 0.025 0.03958333333333333
0 0.6463986280487805 0.22484756097560973 0.0265625 0.03333333333333333
0 0.7618442520080321 0.09974899598393575 0.0265625 0.03333333333333333
0 0.71015625 0.6354166666666666 0.0265625 0.03333333333333333
0 0.5414381377551021 0.5798327664399092 0.0296875 0.03333333333333333
0 0.47048323675496684 0.42549668874172186 0.0265625 0.03333333333333333
0 0.7703125 0.39166666666666666 0.028125 0.0375
0 0.9509428879310345 0.9272988505747127 0.0234375 0.035416666666666666
0 0.58828125 0.11875 0.0296875 0.05
0 0.6015625 0.20625 0.025 0.04583333333333333
0 0.85625 0.22395833333333334 0.0375 0.04375
0 0.492456765776699 0.7496409789644013 0.0421875 0.04375
0 0.96875 0.38229166666666664 0.028125 0.04375
0 0.4912424828178694 0.039894759450171825 0.025 0.027083333333333334
0 0.50703125 0.0194546568627451 0.0296875 0.026409313725490196
0 0.3608652553763441 0.04893593189964158 0.0234375 0.027083333333333334
1 0.57109375 0.13333333333333333 0.0890625 0.1125
1 0.3203125 0.21041666666666667 0.103125 0.09583333333333334
