0 0.26484375 0.4354166666666667 0.0265625 0.0375
0 0.23828125 0.5770833333333333 0.0265625 0.0375
0 0.24196277390438245 0.85625 0.0265625 0.0375
0 0.19453125 0.8458333333333333 0.0265625 0.0375
0 0.08359375 0.80625 0.0265625 0.0375
0 0.015956347276264594 0.7623621919584954 0.0265625 0.0375
0 0.13515625 0.18958333333333333 0.0265625 0.0375
0 0.265234375 0.23333333333333334 0.0265625 0.041666666666666664
0 0.24931640625 0.145703125 0.0265625 0.0375
0 0.28168839928057554 0.22129046762589927 0.0265625 0.0375
0 0.27706962719298245 0.3483552631578947 0.0265625 0.0375
0 0.0859375 0.5583333333333333 0.028125 0.05
0 0.5337493136896047 0.9731240849194729 0.0265625 0.0375
0 0.6308196504237288 0.5962217514124294 0.0265625 0.0375
0 0.48828125 0.86875 0.0265625 0.0375
0 0.8438102647265078 0.8537254558204769 0.0265625 0.0375
0 0.8344352647265078 0.9787254558204769 0.0265625 0.0375
0 0.8514123860448807 0.7533251519401589 0.0265625 0.0375
0 0.828125 0.43645833333333334 0.025 0.03958333333333333
0 0.8663195903361345 0.409375 0.025 0.03958333333333333
0 0.6612114448051949 0.1846590909090909 0.0265625 0.03333333333333333
0 0.7684958584337349 0.08644578313253011 0.0265625 0.03333333333333333
0 0.71015625 0.6354166666666666 0.0265625 0.03333333333333333
0 0.5654639790076337 0.5379532442748091 0.028482824427480846 0.03333333333333328
0 0.48145177980132453 0.40721578366445915 0.0265625 0.03333333333333333
0 0.6078125 0.5225000000000001 0.028125 0.0375
0 0.673828125 0.078125 0.0265625 0.03333333333333333
0 0.9749799679487179 0.862633547008547 0.0234375 0.035416666666666666
0 0.58828125 0.11875 0.0296875 0.05
0 0.6015625 0.20625 0.025 0.04583333333333333
0 0.85625 0.22395833333333334 0.0375 0.04375
0 0.9221354166666667 0.24930555555555553 0.0328125 0.04166666666666664
0 0.49597428701456314 0.7449509506472491 0.0421875 0.04375
0 0.5047619047619047 0.02471891534391534 0.025 0.02708333333333333
0 0.09734374999999999 0.28729166666666667 0.0296875 0.03958333333333333
0 0.5136600378787879 0.01341540404040404 0.0296875 0.01875
0 0.36709845430107524 0.025190412186379924 0.0234375 0.02708333333333333
0 0.07265625 0.065625 0.0296875 0.03333333333333333
1 0.57109375 0.13333333333333333 0.0890625 0.1125
1 0.3203125 0.21041666666666667 0.103125 0.09583333333333334
