0 0.2714670907079646 0.4278392330383481 0.0265625 0.0375
0 0.23828125 0.5770833333333333 0.0265625 0.0375
0 0.2427222360557769 0.85625 0.0265625 0.0375
0 0.19453125 0.8458333333333333 0.0265625 0.0375
0 0.08359375 0.80625 0.0265625 0.0375
0 0.023373662451361864 0.7388740272373541 0.0265625 0.0375
0 0.13515625 0.18958333333333333 0.0265625 0.0375
0 0.22254464285714284 0.17730654761904763 0.0265625 0.041666666666666664
0 0.27674434267241377 0.11748383620689656 0.0265625 0.0375
0 0.28340265287769784 0.21900479616306956 0.0265625 0.0375
0 0.30237520973154364 0.31733780760626396 0.0265625 0.0375
0 0.26015625 0.425 0.0265625 0.041666666666666664
0 0.56106684602649 0.9160320088300221 0.0265625 0.0375
0 0.6392024927745664 0.571893063583815 0.0265625 0.0375
0 0.48828125 0.86875 0.0265625 0.0375
0 0.97421875 0.971875 0.0234375 0.035416666666666666
0 0.84648382713885 0.8457047685834502 0.0265625 0.0375
0 0.8371088271388499 0.9707047685834502 0.0265625 0.0375
0 0.8534175578541374 0.7506515895278167 0.0265625 0.0375
0 0.828125 0.43645833333333334 0.025 0.03958333333333333
0 0.8675210084033613 0.409375 0.025 0.03958333333333333
0 0.6671274038461539 0.15833333333333333 0.0265625 0.03333333333333333
0 0.7732908901028278 0.07252570694087404 0.0265625 0.03333333333333334
0 0.71015625 0.6354166666666666 0.0265625 0.03333333333333333
0 0.5867539943609023 0.5015037593984962 0.0265625 0.03333333333333333
0 0.49765625 0.4004385964912281 0.0265625 0.03333333333333333
0 0.01328125 0.26875 0.0265625 0.03333333333333333
0 0.33125 0.44166666666666665 0.028125 0.0375
0 0.75546875 0.48680555555555555 0.0265625 0.03333333333333333
0 0.990988005050505 0.80440867003367 0.01338383838383841 0.035416666666666666
0 0.72265625 0.75 0.0296875 0.041666666666666664
0 0.58828125 0.11875 0.0296875 0.05
0 0.6015625 0.20625 0.025 0.04583333333333333
0 0.19453125 0.37083333333333335 0.0359375 0.04583333333333333
0 0.85625 0.22395833333333334 0.0375 0.04375
0 0.5052220394736843 0.7305921052631579 0.0421875 0.04375
1 0.57109375 0.13333333333333333 0.0890625 0.1125
1 0.3203125 0.21041666666666667 0.103125 0.09583333333333334
