0 0.26484375 0.4354166666666667 0.0265625 0.0375
0 0.23828125 0.5770833333333333 0.0265625 0.0375
0 0.2414871762948207 0.85625 0.0265625 0.0375
0 0.19453125 0.8458333333333333 0.0265625 0.0375
0 0.08359375 0.80625 0.0265625 0.0375
0 0.007409793814432989 0.7838810137457045 0.014819587628865979 0.03228092783505154
0 0.13515625 0.18958333333333333 0.0265625 0.0375
0 0.30703125 0.24305555555555555 0.0265625 0.041666666666666664
0 0.24303124999999998 0.15980000000000003 0.0265625 0.0375
0 0.28061488309352517 0.22272182254196643 0.0265625 0.0375
0 0.25701407967032963 0.36597985347985346 0.0265625 0.0375
0 0.5354971174963397 0.9754544899951195 0.0265625 0.0375
0 0.628354437732342 0.605963444857497 0.0265625 0.0375
0 0.48828125 0.86875 0.0265625 0.0375
0 0.84296875 0.85625 0.0265625 0.0375
0 0.83359375 0.98125 0.0265625 0.0375
0 0.8483254825367647 0.7541666666666667 0.0265625 0.0375
0 0.828125 0.43645833333333334 0.025 0.03958333333333333
0 0.8655672268907564 0.409375 0.025 0.03958333333333333
0 0.651532451923077 0.2156650641025641 0.0265625 0.03333333333333333
0 0.7637016817269077 0.09603413654618474 0.0265625 0.03333333333333333
0 0.71015625 0.6354166666666666 0.0265625 0.03333333333333333
0 0.5502047936893204 0.5700242718446602 0.0296875 0.03333333333333333
0 0.47354615066225164 0.4203918322295806 0.0265625 0.03333333333333333
0 0.68125 0.46875 0.028125 0.0375
0 0.9577654367469879 0.9074422690763052 0.0234375 0.035416666666666666
0 0.58828125 0.11875 0.0296875 0.05
0 0.6015625 0.20625 0.025 0.04583333333333333
0 0.85625 0.22395833333333334 0.0375 0.04375
0 0.8028645833333334 0.06666666666666667 0.02968750000000009 0.03333333333333333
0 0.49343901699029125 0.7483313106796117 0.0421875 0.04375
0 0.4964078608247423 0.03512671821305842 0.025 0.027083333333333334
0 0.50703125 0.0171875 0.0296875 0.021875
0 0.36260584677419355 0.04230510752688172 0.0234375 0.02708333333333333
1 0.57109375 0.13333333333333333 0.0890625 0.1125
1 0.3203125 0.21041666666666667 0.103125 0.09583333333333334
