0 0.26484375 0.4354166666666667 0.0265625 0.0375
0 0.23828125 0.5770833333333333 0.0265625 0.0375
0 0.2419577938247012 0.85625 0.0265625 0.0375
0 0.19453125 0.8458333333333333 0.0265625 0.0375
0 0.08359375 0.80625 0.0265625 0.0375
0 0.015907709143968874 0.7625162127107653 0.0265625 0.0375
0 0.13515625 0.18958333333333333 0.0265625 0.0375
0 0.266015625 0.2375 0.0265625 0.041666666666666664
0 0.249169921875 0.1458984375 0.0265625 0.0375
0 0.2816771582733813 0.22130545563549162 0.0265625 0.0375
0 0.2769325657894737 0.3485745614035088 0.0265625 0.0375
0 0.084375 0.5479166666666667 0.028125 0.05
0 0.5337676153001464 0.9731484870668619 0.0265625 0.0375
0 0.6307269597457628 0.596433615819209 0.0265625 0.0375
0 0.48828125 0.86875 0.0265625 0.0375
0 0.8437927331697054 0.8537780504908835 0.0265625 0.0375
0 0.8344177331697054 0.9787780504908835 0.0265625 0.0375
0 0.8513992373772791 0.7533426834969611 0.0265625 0.0375
0 0.828125 0.43645833333333334 0.025 0.03958333333333333
0 0.8663117121848739 0.409375 0.025 0.03958333333333333
0 0.6611843885281385 0.18478535353535355 0.0265625 0.03333333333333333
0 0.7684456576305221 0.08654618473895583 0.0265625 0.03333333333333333
0 0.71015625 0.6354166666666666 0.0265625 0.03333333333333333
0 0.5652969942748092 0.5381917938931298 0.02850667938931295 0.03333333333333328
0 0.48136899834437086 0.4073537527593819 0.0265625 0.03333333333333333
0 0.609375 0.51875 0.028125 0.0375
0 0.6768229166666667 0.075 0.0265625 0.03333333333333333
0 0.9749399038461538 0.862900641025641 0.0234375 0.035416666666666666
0 0.58828125 0.11875 0.0296875 0.05
0 0.6015625 0.20625 0.025 0.04583333333333333
0 0.85625 0.22395833333333334 0.0375 0.04375
0 0.92578125 0.24791666666666667 0.0328125 0.041666666666666664
0 0.495947739684466 0.7449863470873787 0.0421875 0.04375
0 0.5048214285714285 0.024771825396825393 0.025 0.02708333333333333
0 0.09296875 0.2864583333333333 0.0296875 0.03958333333333333
0 0.5135653409090909 0.013446969696969699 0.0296875 0.01875
0 0.3670514112903226 0.025369623655913977 0.0234375 0.02708333333333333
0 0.06432291666666666 0.06319444444444446 0.029687499999999995 0.03333333333333334
1 0.57109375 0.13333333333333333 0.0890625 0.1125
1 0.3203125 0.21041666666666667 0.103125 0.09583333333333334
