0 0.271397953539823 0.4280850540806293 0.0265625 0.0375
0 0.23828125 0.5770833333333333 0.0265625 0.0375
0 0.2427097858565737 0.85625 0.0265625 0.0375
0 0.19453125 0.8458333333333333 0.0265625 0.0375
0 0.08359375 0.80625 0.0265625 0.0375
0 0.023252067120622565 0.7392590791180285 0.0265625 0.0375
0 0.13515625 0.18958333333333333 0.0265625 0.0375
0 0.22198660714285717 0.17842261904761905 0.0265625 0.041666666666666664
0 0.27610452586206896 0.11788793103448277 0.0265625 0.03750000000000001
0 0.2833745503597122 0.21904226618705033 0.0265625 0.0375
0 0.30190331375838925 0.31768736017897087 0.0265625 0.0375
0 0.25859375 0.41432291666666665 0.0265625 0.03697916666666667
0 0.5606012003311258 0.9170667770419426 0.0265625 0.0375
0 0.6390670158959537 0.5720435934489403 0.0265625 0.0375
0 0.48828125 0.86875 0.0265625 0.0375
0 0.99375 0.95625 0.0125 0.03333333333333333
0 0.8464399982468442 0.845836255259467 0.0265625 0.0375
0 0.8370649982468443 0.970836255259467 0.0265625 0.0375
0 0.8533846861851332 0.7506954184198223 0.0265625 0.0375
0 0.828125 0.43645833333333334 0.025 0.03958333333333333
0 0.86750131302521 0.409375 0.025 0.03958333333333333
0 0.6670008856275303 0.1588815789473684 0.0265625 0.03333333333333333
0 0.7733511407455013 0.07268637532133676 0.0265625 0.03333333333333333
0 0.71015625 0.6354166666666666 0.0265625 0.03333333333333333
0 0.5865190319548872 0.5018953634085214 0.0265625 0.03333333333333333
0 0.49765625 0.40098684210526314 0.0265625 0.03333333333333333
0 0.01328125 0.26875 0.0265625 0.03333333333333333
0 0.30625 0.45 0.028125 0.0375
0 0.7546875 0.47604166666666664 0.0265625 0.03333333333333333
0 0.9906131628787879 0.8054608585858586 0.01366003787878789 0.035416666666666666
0 0.73203125 0.7645833333333333 0.0296875 0.041666666666666664
0 0.58828125 0.11875 0.0296875 0.05
0 0.6015625 0.20625 0.025 0.04583333333333333
0 0.19296875 0.3541666666666667 0.0359375 0.04583333333333333
0 0.85625 0.22395833333333334 0.0375 0.04375
0 0.5050678453947368 0.7308319627192983 0.0421875 0.04375
1 0.57109375 0.13333333333333333 0.0890625 0.1125
1 0.3203125 0.21041666666666667 0.103125 0.09583333333333334
