0 0.26484375 0.4354166666666667 0.0265625 0.0375
0 0.23828125 0.5770833333333333 0.0265625 0.0375
0 0.24184076195219123 0.85625 0.0265625 0.0375
0 0.19453125 0.8458333333333333 0.0265625 0.0375
0 0.08359375 0.80625 0.0265625 0.0375
0 0.014764713035019455 0.7661357003891051 0.0265625 0.0375
0 0.13515625 0.18958333333333333 0.0265625 0.0375
0 0.28515625 0.24375 0.0265625 0.041666666666666664
0 0.24598958333333334 0.15033333333333332 0.0265625 0.0375
0 0.28141299460431657 0.22165767386091126 0.0265625 0.0375
0 0.27371162280701755 0.35372807017543856 0.0265625 0.0375
0 0.043229166666666666 0.5513888888888889 0.028124999999999994 0.05000000000000006
0 0.534197703147877 0.9737219375305026 0.0265625 0.0375
0 0.6285487288135594 0.601412429378531 0.0265625 0.0375
0 0.48828125 0.86875 0.0265625 0.0375
0 0.8433807415848527 0.8550140252454418 0.0265625 0.0375
0 0.8340057415848527 0.9800140252454418 0.0265625 0.0375
0 0.8510902436886395 0.7537546750818139 0.0265625 0.0375
0 0.828125 0.43645833333333334 0.025 0.03958333333333333
0 0.8661265756302521 0.409375 0.025 0.03958333333333333
0 0.660548566017316 0.18775252525252525 0.0265625 0.03333333333333333
0 0.7672659387550201 0.08890562248995984 0.0265625 0.03333333333333333
0 0.71015625 0.6354166666666666 0.0265625 0.03333333333333333
0 0.5613728530534351 0.5437977099236642 0.029067270992366456 0.03333333333333333
0 0.47942363410596023 0.4105960264900662 0.0265625 0.03333333333333333
0 0.6546875 0.5708333333333333 0.028125 0.0375
0 0.61875 0.052083333333333336 0.0265625 0.03333333333333333
0 0.9725419207317072 0.8705030487804878 0.0234375 0.035416666666666666
0 0.58828125 0.11875 0.0296875 0.05
0 0.6015625 0.20625 0.025 0.04583333333333333
0 0.85625 0.22395833333333334 0.0375 0.04375
0 0.91328125 0.196875 0.0328125 0.04375
0 0.4953238774271845 0.7458181634304207 0.0421875 0.04375
0 0.5062202380952381 0.02601521164021164 0.025 0.027083333333333334
0 0.0359375 0.26666666666666666 0.0296875 0.03958333333333333
0 0.5113399621212121 0.014188762626262626 0.0296875 0.01875
0 0.3659459005376344 0.029581093189964158 0.0234375 0.027083333333333334
1 0.57109375 0.13333333333333333 0.0890625 0.1125
1 0.3203125 0.21041666666666667 0.103125 0.09583333333333334
