0 0.26484375 0.4354166666666667 0.0265625 0.0375
0 0.23828125 0.5770833333333333 0.0265625 0.0375
0 0.24193538346613547 0.85625 0.0265625 0.0375
0 0.19453125 0.8458333333333333 0.0265625 0.0375
0 0.08359375 0.80625 0.0265625 0.0375
0 0.015688837548638136 0.7632093060959793 0.0265625 0.0375
0 0.13515625 0.18958333333333333 0.0265625 0.0375
0 0.2683293269230769 0.22403846153846152 0.0265625 0.041666666666666664
0 0.2485107421875 0.14677734375 0.0265625 0.0375
0 0.2816265737410072 0.22137290167865709 0.0265625 0.0375
0 0.2763157894736842 0.3495614035087719 0.0265625 0.0375
0 0.078125 0.5354166666666667 0.028125 0.05
0 0.5338499725475842 0.9732582967301122 0.0265625 0.0375
0 0.6303098516949153 0.5973870056497176 0.0265625 0.0375
0 0.48828125 0.86875 0.0265625 0.0375
0 0.8437138411640953 0.8540147265077139 0.0265625 0.0375
0 0.8343388411640953 0.9790147265077139 0.0265625 0.0375
0 0.8513400683730715 0.7534215755025713 0.0265625 0.0375
0 0.828125 0.43645833333333334 0.025 0.03958333333333333
0 0.8662762605042017 0.409375 0.025 0.03958333333333333
0 0.6610626352813853 0.18535353535353535 0.0265625 0.03333333333333333
0 0.7682197540160642 0.08699799196787147 0.0265625 0.03333333333333333
0 0.71015625 0.6354166666666666 0.0265625 0.03333333333333333
0 0.5645455629770992 0.5392652671755725 0.028614026717557285 0.03333333333333333
0 0.4809964817880795 0.4079746136865342 0.0265625 0.03333333333333333
0 0.6234375 0.5354166666666667 0.028125 0.0375
0 0.6638020833333333 0.06666666666666667 0.0265625 0.03333333333333333
0 0.9747596153846153 0.8641025641025641 0.0234375 0.035416666666666666
0 0.58828125 0.11875 0.0296875 0.05
0 0.6015625 0.20625 0.025 0.04583333333333333
0 0.85625 0.22395833333333334 0.0375 0.04375
0 0.93828125 0.225 0.0328125 0.041666666666666664
0 0.4958282766990291 0.7451456310679612 0.0421875 0.04375
0 0.5050892857142857 0.02500992063492064 0.025 0.027083333333333338
0 0.09140625 0.271875 0.0296875 0.03958333333333333
0 0.5131392045454546 0.013589015151515152 0.0296875 0.01875
0 0.36683971774193547 0.0261760752688172 0.0234375 0.02708333333333333
0 0.04140625 0.08055555555555555 0.0296875 0.033333333333333326
1 0.57109375 0.13333333333333333 0.0890625 0.1125
1 0.3203125 0.21041666666666667 0.103125 0.09583333333333334
