0 0.2731955199115044 0.4216937069813176 0.0265625 0.0375
0 0.23828125 0.5778462441314554 0.0265625 0.0375
0 0.24335020539906105 0.8552327856025038 0.0265625 0.0375
0 0.19453125 0.8458333333333333 0.0265625 0.0375
0 0.08359375 0.80625 0.0265625 0.0375
0 0.02635343309859155 0.7307413928012519 0.0265625 0.0375
0 0.13515625 0.18958333333333333 0.0265625 0.0375
0 0.21796875 0.16630434782608694 0.0265625 0.0375
0 0.2927397629310345 0.10738146551724138 0.0265625 0.0375
0 0.28410521582733816 0.21806804556354917 0.0265625 0.0375
0 0.312100205399061 0.3096537558685446 0.0265625 0.0375
0 0.3484375 0.3515625 0.0265625 0.041666666666666664
0 0.5730010269953052 0.8893779342723005 0.0265625 0.0375
0 0.6425894147398844 0.568129816955684 0.0265625 0.0375
0 0.48828125 0.86875 0.0265625 0.0375
0 0.77578125 0.8041666666666667 0.0234375 0.0375
0 0.8475795494389902 0.8424176016830295 0.0265625 0.0375
0 0.8382045494389901 0.9674176016830295 0.0265625 0.0375
0 0.8542393495792426 0.7495558672276765 0.0265625 0.0375
0 0.828125 0.43645833333333334 0.025 0.03958333333333333
0 0.868013392857143 0.409375 0.025 0.03958333333333333
0 0.60234375 0.09739583333333333 0.0234375 0.035416666666666666
0 0.6701792914746544 0.14532450076804918 0.0265625 0.03333333333333335
0 0.7717846240359897 0.06850899742930591 0.0265625 0.03333333333333334
0 0.710537705399061 0.6359252738654146 0.0265625 0.03333333333333333
0 0.591024794600939 0.49196987480438187 0.0265625 0.03333333333333333
0 0.498037705399061 0.38882042253521126 0.0265625 0.03333333333333333
0 0.00859375 0.6666666666666666 0.0171875 0.04583333333333333
0 0.014229910714285716 0.24322916666666666 0.0265625 0.03333333333333333
0 0.21067708333333335 0.31180555555555556 0.02812500000000002 0.0375
0 0.79296875 0.6239583333333333 0.0265625 0.03333333333333333
0 0.9925885881696429 0.7765764508928572 0.014822823660714236 0.035072544642857174
0 0.6609375 0.5 0.025 0.041666666666666664
0 0.58828125 0.11875 0.0296875 0.05
0 0.6015625 0.20625 0.025 0.04583333333333333
0 0.252734375 0.546875 0.0359375 0.04583333333333333
0 0.29713541666666665 0.46111111111111114 0.0328125 0.0375
0 0.85625 0.22395833333333334 0.0375 0.04375
0 0.5090768914473685 0.7245956688596491 0.0421875 0.04375
1 0.57109375 0.13333333333333333 0.0890625 0.1125
1 0.3203125 0.21041666666666667 0.103125 0.09583333333333334
