0 0.26484375 0.4354166666666667 0.0265625 0.0375
0 0.23828125 0.5770833333333333 0.0265625 0.0375
0 0.24069534362549802 0.85625 0.0265625 0.0375
0 0.19453125 0.8458333333333333 0.0265625 0.0375
0 0.08359375 0.80625 0.0265625 0.0375
0 0.00546875 0.8104166666666667 0.0109375 0.03333333333333333
0 0.13515625 0.18958333333333333 0.0265625 0.0375
0 0.30390625 0.21875 0.0265625 0.041666666666666664
0 0.22935267857142855 0.17351190476190478 0.0265625 0.0375
0 0.2699974385245901 0.2448565573770492 0.0265625 0.0375
0 0.2346875 0.381875 0.0265625 0.0375
0 0.5384070735724744 0.9793344314299658 0.0265625 0.0375
0 0.6311251161710036 0.6108890954151177 0.0265625 0.0375
0 0.48828125 0.86875 0.0265625 0.0375
0 0.84296875 0.85625 0.0265625 0.0375
0 0.83359375 0.98125 0.0265625 0.0375
0 0.8401051240808824 0.7541666666666667 0.0265625 0.0375
0 0.828125 0.43645833333333334 0.025 0.03958333333333333
0 0.8643146008403362 0.409375 0.025 0.03958333333333333
0 0.6310569428406467 0.23628271747498075 0.0265625 0.03333333333333333
0 0.7550098339160839 0.112004662004662 0.0265625 0.03333333333333333
0 0.71015625 0.6354166666666666 0.0265625 0.03333333333333333
0 0.5188459429824561 0.6001827485380117 0.0296875 0.03333333333333333
0 0.4619225543478261 0.4463164251207729 0.0265625 0.03333333333333333
0 0.9253592609489051 0.9766043187347931 0.0234375 0.035416666666666666
0 0.58828125 0.11875 0.0296875 0.05
0 0.6015625 0.20625 0.025 0.04583333333333333
0 0.85625 0.22395833333333334 0.0375 0.04375
0 0.4892179915048544 0.7539593446601941 0.0421875 0.04375
0 0.8607812499999999 0.6977083333333333 0.0296875 0.03958333333333333
0 0.1534375 0.9289583333333333 0.025 0.03958333333333333
0 0.15703125 0.9333333333333333 0.03125 0.03958333333333333
0 0.48439640410958906 0.04684646118721461 0.025 0.027083333333333334
0 0.5080462598425197 0.024581692913385824 0.0296875 0.03125
0 0.35703125 0.06354166666666666 0.0234375 0.027083333333333334
0 0.7536458333333333 0.01388888888888889 0.0322916666666667 0.02777777777777778
0 0.9859765625 0.016336805555555552 0.02117187499999993 0.024270833333333332
1 0.57109375 0.13333333333333333 0.0890625 0.1125
1 0.3203125 0.21041666666666667 0.103125 0.09583333333333334
