0 0.26484375 0.4354166666666667 0.0265625 0.0375
0 0.23828125 0.5770833333333333 0.0265625 0.0375
0 0.24183578187250995 0.85625 0.0265625 0.0375
0 0.19453125 0.8458333333333333 0.0265625 0.0375
0 0.08359375 0.80625 0.0265625 0.0375
0 0.014716074902723735 0.7662897211413748 0.0265625 0.0375
0 0.13515625 0.18958333333333333 0.0265625 0.0375
0 0.28515625 0.246875 0.0265625 0.041666666666666664
0 0.24594791666666665 0.15046666666666667 0.0265625 0.03750000000000001
0 0.28140175359712233 0.2216726618705036 0.0265625 0.0375
0 0.2735745614035088 0.3539473684210526 0.0265625 0.0375
0 0.0390625 0.5583333333333333 0.028125 0.05
0 0.5342160047584187 0.9737463396778916 0.0265625 0.0375
0 0.6284560381355933 0.6016242937853107 0.0265625 0.0375
0 0.48828125 0.86875 0.0265625 0.0375
0 0.8433632100280505 0.8550666199158485 0.0265625 0.0375
0 0.8339882100280505 0.9800666199158485 0.0265625 0.0375
0 0.8510770950210379 0.7537722066386162 0.0265625 0.0375
0 0.828125 0.43645833333333334 0.025 0.03958333333333333
0 0.8661186974789915 0.409375 0.025 0.03958333333333333
0 0.6605215097402597 0.1878787878787879 0.0265625 0.03333333333333333
0 0.7672157379518072 0.08900602409638554 0.0265625 0.03333333333333333
0 0.71015625 0.6354166666666666 0.0265625 0.03333333333333333
0 0.5612058683206106 0.5440362595419848 0.029091125954198473 0.033333333333333395
0 0.4793408526490066 0.41073399558498896 0.0265625 0.03333333333333333
0 0.6565624999999999 0.5716666666666667 0.028125 0.0375
0 0.6192708333333333 0.05347222222222222 0.0265625 0.033333333333333326
0 0.9722370426829269 0.8710111788617886 0.0234375 0.035416666666666666
0 0.58828125 0.11875 0.0296875 0.05
0 0.6015625 0.20625 0.025 0.04583333333333333
0 0.85625 0.22395833333333334 0.0375 0.04375
0 0.9049479166666666 0.19409722222222223 0.0328125 0.04375
0 0.49529733009708743 0.7458535598705501 0.0421875 0.04375
0 0.5061801975945017 0.02610609965635739 0.025 0.027083333333333334
0 0.03723958333333334 0.2586805555555555 0.0296875 0.039583333333333304
0 0.5112452651515151 0.014220328282828284 0.0296875 0.01875
0 0.3658988575268817 0.029760304659498207 0.0234375 0.027083333333333334
1 0.57109375 0.13333333333333333 0.0890625 0.1125
1 0.3203125 0.21041666666666667 0.103125 0.09583333333333334
