0 0.2721169800884956 0.4255285152409046 0.0265625 0.0375
0 0.23828125 0.5770833333333333 0.0265625 0.0375
0 0.24283926792828686 0.85625 0.0265625 0.0375
0 0.19453125 0.8458333333333333 0.0265625 0.0375
0 0.08359375 0.80625 0.0265625 0.0375
0 0.024516658560311284 0.7352545395590142 0.0265625 0.0375
0 0.13515625 0.18958333333333333 0.0265625 0.0375
0 0.22157866379310348 0.17708333333333334 0.0265625 0.0375
0 0.2827586206896552 0.11368534482758622 0.0265625 0.0375
0 0.28366681654676257 0.2186525779376499 0.0265625 0.0375
0 0.3068110318791947 0.3140520134228188 0.0265625 0.0375
0 0.30234375 0.3854166666666667 0.0265625 0.041666666666666664
0 0.5674005681818182 0.903219696969697 0.0265625 0.0375
0 0.6404759754335261 0.5704780828516378 0.0265625 0.0375
0 0.48828125 0.86875 0.0265625 0.0375
0 0.90390625 0.9020833333333333 0.0234375 0.0375
0 0.8468958187237027 0.844468793828892 0.0265625 0.0375
0 0.8375208187237027 0.969468793828892 0.0265625 0.0375
0 0.853726551542777 0.7502395979429639 0.0265625 0.0375
0 0.828125 0.43645833333333334 0.025 0.03958333333333333
0 0.8677061449579831 0.409375 0.025 0.03958333333333333
0 0.6683166751012146 0.1531798245614035 0.0265625 0.03333333333333333
0 0.7727245340616966 0.07101542416452442 0.0265625 0.033333333333333326
0 0.71015625 0.6354166666666666 0.0265625 0.03333333333333333
0 0.5889626409774437 0.49782268170426064 0.0265625 0.03333333333333333
0 0.49765625 0.3952850877192982 0.0265625 0.03333333333333333
0 0.01328125 0.25934139784946236 0.0265625 0.033333333333333305
0 0.2703125 0.4083333333333333 0.028125 0.0375
0 0.77890625 0.5354166666666667 0.0265625 0.03333333333333333
0 0.9928602430555555 0.7911747685185185 0.0125 0.035416666666666666
0 0.7203125 0.653125 0.0296875 0.041666666666666664
0 0.58828125 0.11875 0.0296875 0.05
0 0.6015625 0.20625 0.025 0.04583333333333333
0 0.23046875 0.42291666666666666 0.0359375 0.04583333333333333
0 0.08828125 0.33958333333333335 0.0328125 0.0375
0 0.85625 0.22395833333333334 0.0375 0.04375
0 0.5066714638157894 0.7283374451754386 0.0421875 0.04375
1 0.57109375 0.13333333333333333 0.0890625 0.1125
1 0.3203125 0.21041666666666667 0.103125 0.09583333333333334
