0 0.27366565265486725 0.4200221238938053 0.0265625 0.0375
0 0.23828125 0.578843896713615 0.0265625 0.0375
0 0.24384903169014085 0.8539025821596244 0.0265625 0.0375
0 0.19453125 0.8458333333333333 0.0265625 0.0375
0 0.08359375 0.80625 0.0265625 0.0375
0 0.027101672535211268 0.7300762910798123 0.0265625 0.0375
0 0.13515625 0.18958333333333333 0.0265625 0.0375
0 0.21814236111111113 0.16157407407407406 0.0265625 0.0375
0 0.296875 0.10486111111111111 0.0265625 0.0375
0 0.2842963129496403 0.2178132494004796 0.0265625 0.0375
0 0.31259903169014086 0.308656103286385 0.0265625 0.0375
0 0.36067708333333337 0.2972222222222222 0.0265625 0.041666666666666664
0 0.5754951584507042 0.8863849765258216 0.0265625 0.0375
0 0.6435106575144508 0.5671062138728324 0.0265625 0.0375
0 0.48828125 0.86875 0.0265625 0.0375
0 0.71171875 0.79375 0.0234375 0.0375
0 0.8478775859046284 0.841523492286115 0.0265625 0.0375
0 0.8385025859046283 0.966523492286115 0.0265625 0.0375
0 0.8544628769284712 0.7492578307620383 0.0265625 0.0375
0 0.97265625 0.8510416666666667 0.0265625 0.04375
0 0.828125 0.43645833333333334 0.025 0.03958333333333333
0 0.8681473214285715 0.409375 0.025 0.03958333333333333
0 0.62578125 0.13229166666666667 0.0234375 0.035416666666666666
0 0.6709137384792626 0.14238671274961598 0.0265625 0.03333333333333335
0 0.7713749196658097 0.06741645244215938 0.0265625 0.033333333333333326
0 0.7110365316901408 0.6365903755868544 0.0265625 0.03333333333333333
0 0.5905259683098592 0.4896420187793427 0.0265625 0.03333333333333333
0 0.4985365316901408 0.38782276995305165 0.0265625 0.03333333333333333
0 0.0078125 0.578125 0.0140625 0.03958333333333333
0 0.01487630208333333 0.2373046875 0.0265625 0.03333333333333333
0 0.18229166666666669 0.2652777777777778 0.028125 0.037500000000000026
0 0.78515625 0.6895833333333333 0.0265625 0.03333333333333333
0 0.9915213448660716 0.7751534598214285 0.016957310267857118 0.034756324404761924
0 0.65 0.45729166666666665 0.025 0.03333333333333333
0 0.58828125 0.11875 0.0296875 0.05
0 0.6015625 0.20625 0.025 0.04583333333333333
0 0.27578125 0.5708333333333333 0.0359375 0.04583333333333333
0 0.387890625 0.5317708333333333 0.0328125 0.0375
0 0.85625 0.22395833333333334 0.0375 0.04375
0 0.5101254111842105 0.7229646381578948 0.0421875 0.04375
1 0.57109375 0.13333333333333333 0.0890625 0.1125
1 0.3203125 0.21041666666666667 0.103125 0.09583333333333334
