0 0.26484375 0.4354166666666667 0.0265625 0.0375
0 0.23828125 0.5770833333333333 0.0265625 0.0375
0 0.2412456424302789 0.85625 0.0265625 0.0375
0 0.19453125 0.8458333333333333 0.0265625 0.0375
0 0.08359375 0.80625 0.0265625 0.0375
0 0.0059623579545454546 0.7952793560606061 0.011924715909090909 0.032017045454545465
0 0.13515625 0.18958333333333333 0.0265625 0.0375
0 0.31171875 0.228125 0.0265625 0.041666666666666664
0 0.24101041666666667 0.16626666666666665 0.0265625 0.0375
0 0.27792264344262296 0.2282513661202186 0.0265625 0.0375
0 0.24921221234309626 0.37045850767085076 0.0265625 0.0375
0 0.5363847456076135 0.9766379941434846 0.0265625 0.0375
0 0.6291995817843866 0.6074659231722428 0.0265625 0.0375
0 0.48828125 0.86875 0.0265625 0.0375
0 0.84296875 0.85625 0.0265625 0.0375
0 0.83359375 0.98125 0.0265625 0.0375
0 0.8458180147058825 0.7541666666666667 0.0265625 0.0375
0 0.828125 0.43645833333333334 0.025 0.03958333333333333
0 0.8651851365546218 0.409375 0.025 0.03958333333333333
0 0.6449377540650406 0.22757452574525744 0.0265625 0.03333333333333333
0 0.7611476840101523 0.10076142131979696 0.0265625 0.03333333333333333
0 0.71015625 0.6354166666666666 0.0265625 0.03333333333333333
0 0.5385044642857143 0.5824404761904761 0.0296875 0.03333333333333333
0 0.46953125 0.4270833333333333 0.0265625 0.03333333333333333
0 0.7921875 0.4125 0.028125 0.0375
0 0.9488775143678161 0.9325311302681992 0.0234375 0.035416666666666666
0 0.58828125 0.11875 0.0296875 0.05
0 0.6015625 0.20625 0.025 0.04583333333333333
0 0.85625 0.22395833333333334 0.0375 0.04375
0 0.4921514714805825 0.7500480380258899 0.0421875 0.04375
0 0.96015625 0.39895833333333336 0.028125 0.04375
0 0.4896370274914089 0.04137671821305842 0.025 0.027083333333333334
0 0.50703125 0.020159313725490194 0.0296875 0.02781862745098039
0 0.36032426075268814 0.05099686379928316 0.0234375 0.027083333333333334
1 0.57109375 0.13333333333333333 0.0890625 0.1125
1 0.3203125 0.21041666666666667 0.103125 0.09583333333333334
