0 0.26484375 0.4354166666666667 0.0265625 0.0375
0 0.23828125 0.5770833333333333 0.0265625 0.0375
0 0.24119833167330676 0.85625 0.0265625 0.0375
0 0.19453125 0.8458333333333333 0.0265625 0.0375
0 0.08359375 0.80625 0.0265625 0.0375
0 0.005894886363636364 0.7973484848484849 0.011789772727272729 0.03219696969696966
0 0.13515625 0.18958333333333333 0.0265625 0.0375
0 0.31395089285714284 0.22470238095238096 0.0265625 0.041666666666666664
0 0.24061458333333335 0.16753333333333334 0.0265625 0.0375
0 0.27724129098360656 0.2296789617486339 0.0265625 0.0375
0 0.2478458420502092 0.3712866108786611 0.0265625 0.0375
0 0.5365586109077599 0.9768698145436798 0.0265625 0.0375
0 0.629365125464684 0.6077602230483271 0.0265625 0.0375
0 0.48828125 0.86875 0.0265625 0.0375
0 0.84296875 0.85625 0.0265625 0.0375
0 0.83359375 0.98125 0.0265625 0.0375
0 0.8453268612132353 0.7541666666666667 0.0265625 0.0375
0 0.828125 0.43645833333333334 0.025 0.03958333333333333
0 0.865110294117647 0.409375 0.025 0.03958333333333333
0 0.6437309451219513 0.22982723577235772 0.0265625 0.03333333333333333
0 0.7605448921319797 0.10156514382402707 0.0265625 0.03333333333333333
0 0.71015625 0.6354166666666666 0.0265625 0.03333333333333333
0 0.5360809948979591 0.584594671201814 0.0296875 0.03333333333333333
0 0.4685631793478261 0.42837409420289857 0.0265625 0.03333333333333333
0 0.8109375 0.415625 0.028125 0.0375
0 0.9471713362068966 0.936853448275862 0.0234375 0.035416666666666666
0 0.58828125 0.11875 0.0296875 0.05
0 0.6015625 0.20625 0.025 0.04583333333333333
0 0.85625 0.22395833333333334 0.0375 0.04375
0 0.4918992718446602 0.7503843042071198 0.0421875 0.04375
0 0.9765625 0.42291666666666666 0.028125 0.04375
0 0.48831078178694154 0.04260094501718213 0.025 0.027083333333333334
0 0.50703125 0.020741421568627454 0.0296875 0.028982843137254907
0 0.3598773521505376 0.05269937275985663 0.0234375 0.027083333333333334
1 0.57109375 0.13333333333333333 0.0890625 0.1125
1 0.3203125 0.21041666666666667 0.103125 0.09583333333333334
