0 0.26996489537444934 0.4302955212922173 0.0265625 0.0375
0 0.23828125 0.5770833333333333 0.0265625 0.0375
0 0.24255291334661355 0.85625 0.0265625 0.0375
0 0.19453125 0.8458333333333333 0.0265625 0.0375
0 0.08359375 0.80625 0.0265625 0.0375
0 0.021719965953307396 0.7441107328145266 0.0265625 0.0375
0 0.13515625 0.18958333333333333 0.0265625 0.0375
0 0.22109375 0.1798611111111111 0.0265625 0.041666666666666664
0 0.26804283405172413 0.12297952586206898 0.0265625 0.03750000000000001
0 0.2830204586330935 0.21951438848920862 0.0265625 0.0375
0 0.2961995766932271 0.32277556440903055 0.0265625 0.0375
0 0.19791666666666666 0.48541666666666666 0.028124999999999976 0.04583333333333333
0 0.5547340645695364 0.9301048565121413 0.0265625 0.0375
0 0.63828125 0.5748484848484848 0.0265625 0.0375
0 0.48828125 0.86875 0.0265625 0.0375
0 0.8458877542075737 0.8474929873772791 0.0265625 0.0375
0 0.8365127542075736 0.9724929873772791 0.0265625 0.0375
0 0.8529705031556801 0.751247662459093 0.0265625 0.0375
0 0.828125 0.43645833333333334 0.025 0.03958333333333333
0 0.8672531512605042 0.409375 0.025 0.03958333333333333
0 0.6654067560728745 0.16578947368421054 0.0265625 0.03333333333333333
0 0.7741102988431876 0.07471079691516709 0.0265625 0.03333333333333333
0 0.71015625 0.6354166666666666 0.0265625 0.03333333333333333
0 0.5832244318181818 0.5086742424242424 0.0265625 0.03333333333333333
0 0.4955891293774319 0.40444228274967575 0.0265625 0.03333333333333333
0 0.010345394736842106 0.27881578947368424 0.02069078947368421 0.03333333333333333
0 0.3869791666666667 0.43680555555555556 0.028125000000000046 0.0375
0 0.79453125 0.375 0.0265625 0.03333333333333333
0 0.9858901515151516 0.8187184343434344 0.01714015151515156 0.035416666666666666
0 0.76796875 0.8625 0.0296875 0.041666666666666664
0 0.58828125 0.11875 0.0296875 0.05
0 0.6015625 0.20625 0.025 0.04583333333333333
0 0.154296875 0.2791666666666667 0.0359375 0.04583333333333333
0 0.85625 0.22395833333333334 0.0375 0.04375
0 0.503125 0.7338541666666667 0.0421875 0.04375
0 0.359375 0.09322916666666667 0.0234375 0.029166666666666667
0 0.49770833333333336 0.018449074074074076 0.025 0.027083333333333334
0 0.43828125 0.030416666666666668 0.0296875 0.029166666666666667
0 0.5248816287878788 0.009674873737373739 0.0296875 0.01875
1 0.57109375 0.13333333333333333 0.0890625 0.1125
1 0.3203125 0.21041666666666667 0.103125 0.09583333333333334
