0 0.26484375 0.4354166666666667 0.0265625 0.0375
0 0.23828125 0.5770833333333333 0.0265625 0.0375
0 0.24170878984063746 0.85625 0.0265625 0.0375
0 0.19453125 0.8458333333333333 0.0265625 0.0375
0 0.08359375 0.80625 0.0265625 0.0375
0 0.013475802529182878 0.7702172503242543 0.0265625 0.0375
0 0.13515625 0.18958333333333333 0.0265625 0.0375
0 0.30494791666666665 0.2520833333333333 0.0265625 0.041666666666666664
0 0.24488541666666666 0.15386666666666665 0.0265625 0.0375
0 0.28111510791366906 0.22205485611510792 0.0265625 0.0375
0 0.2700794956140351 0.3595394736842105 0.0265625 0.0375
0 0.01484375 0.590625 0.0234375 0.052083333333333336
0 0.5346826958272328 0.9743685944363104 0.0265625 0.0375
0 0.6275789962825279 0.6045848822800496 0.0265625 0.0375
0 0.48828125 0.86875 0.0265625 0.0375
0 0.84296875 0.85625 0.0265625 0.0375
0 0.83359375 0.98125 0.0265625 0.0375
0 0.8506261488970589 0.7541666666666667 0.0265625 0.0375
0 0.828125 0.43645833333333334 0.025 0.03958333333333333
0 0.8659178046218488 0.409375 0.025 0.03958333333333333
0 0.6595880681818181 0.1956439393939394 0.0265625 0.03333333333333333
0 0.7659356174698795 0.09156626506024096 0.0265625 0.03333333333333333
0 0.71015625 0.6354166666666666 0.0265625 0.03333333333333333
0 0.5569554004854369 0.5502224919093852 0.0296875 0.03333333333333333
0 0.4772299254966887 0.4142522075055188 0.0265625 0.03333333333333333
0 0.6635416666666667 0.51875 0.028125 0.0375
0 0.56484375 0.014583333333333334 0.0265625 0.029166666666666667
0 0.9652734374999999 0.8829166666666667 0.0234375 0.035416666666666666
0 0.58828125 0.11875 0.0296875 0.05
0 0.6015625 0.20625 0.025 0.04583333333333333
0 0.85625 0.22395833333333334 0.0375 0.04375
0 0.87109375 0.15729166666666666 0.0328125 0.04375
0 0.49462037317961166 0.7467561690938511 0.0421875 0.04375
0 0.5026202749140893 0.029392182130584196 0.025 0.027083333333333338
0 0.5088304924242424 0.015025252525252527 0.0296875 0.01875
0 0.36469926075268816 0.03433019713261649 0.0234375 0.02708333333333333
1 0.57109375 0.13333333333333333 0.0890625 0.1125
1 0.3203125 0.21041666666666667 0.103125 0.09583333333333334
