0 0.26484375 0.4354166666666667 0.0265625 0.0375
0 0.23828125 0.5770833333333333 0.0265625 0.0375
0 0.24145729581673306 0.85625 0.0265625 0.0375
0 0.19453125 0.8458333333333333 0.0265625 0.0375
0 0.08359375 0.80625 0.0265625 0.0375
0 0.006539948453608248 0.7858140034364262 0.013079896907216495 0.03150773195876286
0 0.13515625 0.18958333333333333 0.0265625 0.0375
0 0.305859375 0.24244791666666668 0.0265625 0.041666666666666664
0 0.24278125 0.1606 0.0265625 0.0375
0 0.28054743705035967 0.22281175059952038 0.0265625 0.0375
0 0.25532492154811715 0.36675383542538353 0.0265625 0.0375
0 0.53560692715959 0.9756009028794533 0.0265625 0.0375
0 0.6284589916356877 0.6061493184634448 0.0265625 0.0375
0 0.48828125 0.86875 0.0265625 0.0375
0 0.84296875 0.85625 0.0265625 0.0375
0 0.83359375 0.98125 0.0265625 0.0375
0 0.8480152803308825 0.7541666666666667 0.0265625 0.0375
0 0.828125 0.43645833333333334 0.025 0.03958333333333333
0 0.8655199579831934 0.409375 0.025 0.03958333333333333
0 0.6503366361788617 0.21749661246612464 0.0265625 0.03333333333333333
0 0.7634004769076305 0.09663654618473895 0.0265625 0.03333333333333333
0 0.71015625 0.6354166666666666 0.0265625 0.03333333333333333
0 0.5492945995145632 0.5726941747572815 0.0296875 0.03333333333333333
0 0.47304946192052977 0.421219646799117 0.0265625 0.03333333333333333
0 0.6984375 0.45416666666666666 0.028125 0.0375
0 0.9566359186746988 0.9110567269076306 0.0234375 0.035416666666666666
0 0.58828125 0.11875 0.0296875 0.05
0 0.6015625 0.20625 0.025 0.04583333333333333
0 0.85625 0.22395833333333334 0.0375 0.04375
0 0.78203125 0.075 0.0296875 0.03333333333333333
0 0.49327973300970873 0.7485436893203884 0.0421875 0.04375
0 0.4955702319587629 0.03589991408934708 0.025 0.027083333333333334
0 0.50703125 0.01755514705882353 0.0296875 0.02261029411764706
0 0.3623235887096774 0.043380376344086015 0.0234375 0.02708333333333333
1 0.57109375 0.13333333333333333 0.0890625 0.1125
1 0.3203125 0.21041666666666667 0.103125 0.09583333333333334
