0 0.26484375 0.4354166666666667 0.0265625 0.0375
0 0.23828125 0.5770833333333333 0.0265625 0.0375
0 0.2415120766932271 0.85625 0.0265625 0.0375
0 0.19453125 0.8458333333333333 0.0265625 0.0375
0 0.08359375 0.80625 0.0265625 0.0375
0 0.008134664948453609 0.7822701890034364 0.016269329896907218 0.03292525773195886
0 0.13515625 0.18958333333333333 0.0265625 0.0375
0 0.30859375 0.24375 0.0265625 0.041666666666666664
0 0.24323958333333334 0.15913333333333332 0.0265625 0.0375
0 0.28067108812949637 0.2226468824940048 0.0265625 0.0375
0 0.25855940934065935 0.36529304029304027 0.0265625 0.0375
0 0.535405609443631 0.9753324792581747 0.0265625 0.0375
0 0.6282673094795539 0.6058085501858735 0.0265625 0.0375
0 0.48828125 0.86875 0.0265625 0.0375
0 0.84296875 0.85625 0.0265625 0.0375
0 0.83359375 0.98125 0.0265625 0.0375
0 0.848583984375 0.7541666666666667 0.0265625 0.0375
0 0.828125 0.43645833333333334 0.025 0.03958333333333333
0 0.8656066176470588 0.409375 0.025 0.03958333333333333
0 0.6530348557692307 0.21366185897435896 0.0265625 0.03333333333333333
0 0.7639526857429719 0.09553212851405622 0.0265625 0.03333333333333333
0 0.71015625 0.6354166666666666 0.0265625 0.03333333333333333
0 0.5509632888349515 0.5677993527508091 0.0296875 0.03333333333333333
0 0.47396005794701984 0.41970198675496684 0.0265625 0.03333333333333333
0 0.6875 0.471875 0.028125 0.0375
0 0.958706701807229 0.9044302208835341 0.0234375 0.035416666666666666
0 0.58828125 0.11875 0.0296875 0.05
0 0.6015625 0.20625 0.025 0.04583333333333333
0 0.85625 0.22395833333333334 0.0375 0.04375
0 0.80703125 0.10416666666666667 0.0296875 0.03333333333333333
0 0.49357175364077666 0.7481543284789645 0.0421875 0.04375
0 0.49710588487972507 0.034482388316151205 0.025 0.027083333333333334
0 0.50703125 0.016881127450980395 0.0296875 0.021262254901960785
0 0.362841061827957 0.04140905017921147 0.0234375 0.02708333333333333
1 0.57109375 0.13333333333333333 0.0890625 0.1125
1 0.3203125 0.21041666666666667 0.103125 0.09583333333333334
