0 0.26484375 0.4354166666666667 0.0265625 0.0375
0 0.23828125 0.5770833333333333 0.0265625 0.0375
0 0.2407874750996016 0.85625 0.0265625 0.0375
0 0.19453125 0.8458333333333333 0.0265625 0.0375
0 0.08359375 0.80625 0.0265625 0.0375
0 0.00546875 0.8104166666666667 0.0109375 0.03333333333333333
0 0.13515625 0.18958333333333333 0.0265625 0.0375
0 0.30453125000000003 0.21833333333333332 0.0265625 0.041666666666666664
0 0.23302331349206348 0.17412367724867725 0.0265625 0.0375
0 0.27132428278688525 0.24207650273224043 0.0265625 0.0375
0 0.23661458333333335 0.37930555555555556 0.0265625 0.0375
0 0.5380684937774525 0.9788829917032699 0.0265625 0.0375
0 0.6308027416356877 0.6103159851301114 0.0265625 0.0375
0 0.48828125 0.86875 0.0265625 0.0375
0 0.84296875 0.85625 0.0265625 0.0375
0 0.83359375 0.98125 0.0265625 0.0375
0 0.8410615808823529 0.7541666666666667 0.0265625 0.0375
0 0.828125 0.43645833333333334 0.025 0.03958333333333333
0 0.8644603466386555 0.409375 0.025 0.03958333333333333
0 0.6314574913394919 0.23592667436489606 0.0265625 0.03333333333333333
0 0.7554141171328672 0.10877039627039627 0.0265625 0.03333333333333333
0 0.71015625 0.6354166666666666 0.0265625 0.03333333333333333
0 0.5215266047297298 0.5980996621621621 0.0296875 0.03333333333333333
0 0.4627604166666667 0.4425925925925926 0.0265625 0.03333333333333333
0 0.98125 0.39166666666666666 0.028125 0.0375
0 0.9300011405109488 0.9704151459854015 0.0234375 0.035416666666666666
0 0.58828125 0.11875 0.0296875 0.05
0 0.6015625 0.20625 0.025 0.04583333333333333
0 0.85625 0.22395833333333334 0.0375 0.04375
0 0.48970911711165044 0.7533045105177993 0.0421875 0.04375
0 0.88203125 0.634375 0.0296875 0.03958333333333333
0 0.1406929347826087 0.9288496376811594 0.025 0.03958333333333333
0 0.201171875 0.9807291666666667 0.028125 0.029166666666666667
0 0.4847358121330724 0.04639391715590346 0.025 0.027083333333333334
0 0.5078186515748031 0.023974737532808394 0.0296875 0.031249999999999997
0 0.35703125 0.06354166666666666 0.0234375 0.027083333333333334
0 0.9878348214285715 0.013492063492063493 0.020758928571428647 0.02261904761904762
1 0.57109375 0.13333333333333333 0.0890625 0.1125
1 0.3203125 0.21041666666666667 0.103125 0.09583333333333334
