0 0.26484375 0.4354166666666667 0.0265625 0.0375
0 0.23828125 0.5770833333333333 0.0265625 0.0375
0 0.240070343625498 0.85625 0.0265625 0.0375
0 0.19453125 0.8458333333333333 0.0265625 0.0375
0 0.08359375 0.80625 0.0265625 0.0375
0 0.13515625 0.18958333333333333 0.0265625 0.0375
0 0.22515625 0.21708333333333335 0.0265625 0.041666666666666664
0 0.2099844568062827 0.18996509598603842 0.02656249999999998 0.0375
0 0.26458333333333334 0.26222222222222225 0.0265625 0.037500000000000026
0 0.2196164772727273 0.39787878787878783 0.0265625 0.0375
0 0.53984375 0.98125 0.0265625 0.0375
0 0.6291481433054393 0.6073744769874476 0.0265625 0.0375
0 0.48828125 0.86875 0.0265625 0.0375
0 0.84296875 0.85625 0.0265625 0.0375
0 0.83359375 0.98125 0.0265625 0.0375
0 0.84140625 0.7746323529411765 0.0265625 0.0375
0 0.828125 0.43645833333333334 0.025 0.03958333333333333
0 0.8640625 0.409375 0.025 0.03958333333333333
0 0.6283397084295612 0.23869803695150116 0.0265625 0.03333333333333333
0 0.73671875 0.14768518518518517 0.0265625 0.03333333333333333
0 0.71015625 0.6354166666666666 0.0265625 0.03333333333333333
0 0.49724264705882354 0.6098039215686274 0.0296875 0.03333333333333333
0 0.4590252353556485 0.46773884239888425 0.0265625 0.03333333333333333
0 0.58828125 0.11875 0.0296875 0.05
0 0.6015625 0.20625 0.025 0.04583333333333333
0 0.85625 0.22395833333333334 0.0375 0.04375
0 0.48588630157766993 0.7584015978964401 0.0421875 0.04375
0 0.7162642045454546 0.9421401515151515 0.0296875 0.03958333333333333
0 0.2189967105263158 0.7641995614035088 0.025 0.03958333333333333
0 0.4820939334637965 0.04991642204827137 0.025 0.027083333333333334
0 0.5095903051181103 0.0286991469816273 0.0296875 0.03125000000000001
0 0.35703125 0.06354166666666666 0.0234375 0.027083333333333334
0 0.7953125 0.34479166666666666 0.034375 0.03958333333333333
0 0.9733705357142857 0.03563492063492064 0.02397321428571413 0.03547619047619048
1 0.57109375 0.13333333333333333 0.0890625 0.1125
1 0.3203125 0.21041666666666667 0.103125 0.09583333333333334
