0 0.2749516039823009 0.41544985250737465 0.0265625 0.0375
0 0.23828125 0.5815727699530516 0.0265625 0.0375
0 0.24521346830985916 0.8502640845070423 0.0265625 0.0375
0 0.19453125 0.8458333333333333 0.0265625 0.0375
0 0.08359375 0.80625 0.0265625 0.0375
0 0.02914832746478873 0.7282570422535211 0.0265625 0.0375
0 0.13515625 0.18958333333333333 0.0265625 0.0375
0 0.20265624999999998 0.13375 0.02656249999999998 0.0375
0 0.30777343749999997 0.09840277777777778 0.0265625 0.0375
0 0.2848190197841727 0.21711630695443646 0.0265625 0.0375
0 0.31396346830985916 0.30592723004694833 0.0265625 0.0375
0 0.41953125 0.16354166666666667 0.0265625 0.041666666666666664
0 0.5823173415492958 0.8781983568075117 0.0265625 0.0375
0 0.6460305274566475 0.5643063583815029 0.0265625 0.0375
0 0.48828125 0.86875 0.0265625 0.0375
0 0.54765625 0.7895833333333333 0.0265625 0.0375
0 0.8486928032959327 0.839077840112202 0.0265625 0.0375
0 0.8393178032959326 0.964077840112202 0.0265625 0.0375
0 0.8550742899719495 0.748442613370734 0.0265625 0.0375
0 0.91796875 0.71875 0.0265625 0.0375
0 0.828125 0.43645833333333334 0.025 0.03958333333333333
0 0.8685136554621848 0.409375 0.025 0.03958333333333333
0 0.70234375 0.16145833333333334 0.0234375 0.035416666666666666
0 0.6729226670506913 0.1343509984639017 0.0265625 0.03333333333333333
0 0.7702542577120822 0.0644280205655527 0.0265625 0.03333333333333333
0 0.7124009683098592 0.6384096244131456 0.0265625 0.03333333333333333
0 0.5891615316901408 0.48327464788732394 0.0265625 0.03333333333333333
0 0.4999009683098592 0.385093896713615 0.0265625 0.03333333333333333
0 0.11328125 0.5104166666666666 0.0296875 0.0375
0 0.017903645833333332 0.219140625 0.0265625 0.03333333333333333
0 0.07447916666666667 0.26458333333333334 0.028125 0.0375
0 0.73984375 0.8020833333333334 0.0265625 0.03333333333333333
0 0.9886021205357143 0.7712611607142856 0.02279575892857135 0.0338913690476191
0 0.6 0.296875 0.025 0.035416666666666666
0 0.58828125 0.11875 0.0296875 0.05
0 0.6015625 0.20625 0.025 0.04583333333333333
0 0.35625 0.7166666666666667 0.0390625 0.041666666666666664
0 0.67578125 0.615625 0.028125 0.035416666666666666
0 0.85625 0.22395833333333334 0.0375 0.04375
0 0.5129934210526316 0.7185032894736842 0.0421875 0.04375
