0 0.26484375 0.4354166666666667 0.0265625 0.0375
0 0.23828125 0.5770833333333333 0.0265625 0.0375
0 0.24158428784860558 0.85625 0.0265625 0.0375
0 0.19453125 0.8458333333333333 0.0265625 0.0375
0 0.08359375 0.80625 0.0265625 0.0375
0 0.010236791237113402 0.777598797250859 0.020473582474226804 0.034793814432989595
0 0.13515625 0.18958333333333333 0.0265625 0.0375
0 0.3021205357142857 0.24583333333333332 0.0265625 0.041666666666666664
0 0.24384375 0.1572 0.0265625 0.0375
0 0.28083408273381294 0.22242955635491607 0.0265625 0.0375
0 0.26304086538461535 0.36330128205128204 0.0265625 0.0375
0 0.535140236090776 0.9749786481210346 0.0265625 0.0375
0 0.6280146375464684 0.605359355638166 0.0265625 0.0375
0 0.48828125 0.86875 0.0265625 0.0375
0 0.84296875 0.85625 0.0265625 0.0375
0 0.83359375 0.98125 0.0265625 0.0375
0 0.8493336397058824 0.7541666666666667 0.0265625 0.0375
0 0.828125 0.43645833333333334 0.025 0.03958333333333333
0 0.8657208508403361 0.409375 0.025 0.03958333333333333
0 0.657391826923077 0.2078525641025641 0.0265625 0.03333333333333333
0 0.7646805973895583 0.09407630522088353 0.0265625 0.03333333333333333
0 0.71015625 0.6354166666666666 0.0265625 0.03333333333333333
0 0.5531629247572816 0.5613470873786408 0.0296875 0.03333333333333333
0 0.4751603890728477 0.41770143487858724 0.0265625 0.03333333333333333
0 0.6828125 0.5016666666666667 0.028125 0.0375
0 0.9614363704819278 0.895695281124498 0.0234375 0.035416666666666666
0 0.58828125 0.11875 0.0296875 0.05
0 0.6015625 0.20625 0.025 0.04583333333333333
0 0.85625 0.22395833333333334 0.0375 0.04375
0 0.81328125 0.115625 0.0296875 0.035416666666666666
0 0.49395668992718444 0.7476410800970874 0.0421875 0.04375
0 0.4991301546391752 0.03261383161512028 0.025 0.027083333333333334
0 0.50703125 0.01599264705882353 0.0296875 0.01948529411764706
0 0.36352318548387097 0.03881048387096774 0.0234375 0.027083333333333334
1 0.57109375 0.13333333333333333 0.0890625 0.1125
1 0.3203125 0.21041666666666667 0.103125 0.09583333333333334
