0 0.2714532632743363 0.42788839724680433 0.0265625 0.0375
0 0.23828125 0.5770833333333333 0.0265625 0.0375
0 0.24271974601593627 0.85625 0.0265625 0.0375
0 0.19453125 0.8458333333333333 0.0265625 0.0375
0 0.08359375 0.80625 0.0265625 0.0375
0 0.023349343385214005 0.738951037613489 0.0265625 0.0375
0 0.13515625 0.18958333333333333 0.0265625 0.0375
0 0.22243303571428572 0.17752976190476188 0.0265625 0.041666666666666664
0 0.27661637931034483 0.1175646551724138 0.0265625 0.0375
0 0.28339703237410074 0.2190122901678657 0.0265625 0.0375
0 0.3022808305369128 0.31740771812080537 0.0265625 0.0375
0 0.259375 0.42083333333333334 0.0265625 0.041666666666666664
0 0.5609737168874173 0.9162389624724061 0.0265625 0.0375
0 0.639175397398844 0.5719231695568401 0.0265625 0.0375
0 0.48828125 0.86875 0.0265625 0.0375
0 0.97734375 0.971875 0.0234375 0.035416666666666666
0 0.8464750613604488 0.8457310659186537 0.0265625 0.0375
0 0.8371000613604489 0.9707310659186537 0.0265625 0.0375
0 0.8534109835203367 0.7506603553062179 0.0265625 0.0375
0 0.828125 0.43645833333333334 0.025 0.03958333333333333
0 0.8675170693277311 0.409375 0.025 0.03958333333333333
0 0.6671021002024291 0.15844298245614036 0.0265625 0.03333333333333333
0 0.7733029402313625 0.07255784061696659 0.0265625 0.03333333333333333
0 0.71015625 0.6354166666666666 0.0265625 0.03333333333333333
0 0.5867070018796993 0.5015820802005012 0.0265625 0.03333333333333333
0 0.49765625 0.4005482456140351 0.0265625 0.03333333333333333
0 0.01328125 0.26875 0.0265625 0.03333333333333333
0 0.321875 0.44375 0.028125 0.0375
0 0.75234375 0.4881944444444445 0.0265625 0.03333333333333333
0 0.9909130366161616 0.8046191077441077 0.013439078282828375 0.035416666666666666
0 0.72734375 0.7541666666666667 0.0296875 0.041666666666666664
0 0.58828125 0.11875 0.0296875 0.05
0 0.6015625 0.20625 0.025 0.04583333333333333
0 0.19609375 0.37013888888888885 0.0359375 0.04583333333333333
0 0.85625 0.22395833333333334 0.0375 0.04375
0 0.5051912006578948 0.7306400767543859 0.0421875 0.04375
1 0.57109375 0.13333333333333333 0.0890625 0.1125
1 0.3203125 0.21041666666666667 0.103125 0.09583333333333334
