0 0.26484375 0.4354166666666667 0.0265625 0.0375
0 0.23828125 0.5770833333333333 0.0265625 0.0375
0 0.23989853087649404 0.85625 0.0265625 0.0375
0 0.19453125 0.8458333333333333 0.0265625 0.0375
0 0.08359375 0.80625 0.0265625 0.0375
0 0.13515625 0.18958333333333333 0.0265625 0.0375
0 0.20416666666666666 0.25486111111111115 0.02656249999999998 0.0416666666666667
0 0.2065976767015707 0.19749127399650962 0.026562500000000024 0.0375
0 0.26009114583333337 0.2718055555555556 0.0265625 0.0375
0 0.2151648116438356 0.40373858447488586 0.0265625 0.0375
0 0.53984375 0.98125 0.0265625 0.0375
0 0.6277948483263598 0.6049686192468618 0.0265625 0.0375
0 0.48828125 0.86875 0.0265625 0.0375
0 0.84296875 0.85625 0.0265625 0.0375
0 0.83359375 0.98125 0.0265625 0.0375
0 0.84140625 0.78125 0.0265625 0.0375
0 0.828125 0.43645833333333334 0.025 0.03958333333333333
0 0.8640625 0.409375 0.025 0.03958333333333333
0 0.6275927396073903 0.2393620092378753 0.0265625 0.03333333333333333
0 0.73671875 0.1556712962962963 0.0265625 0.03333333333333333
0 0.71015625 0.6354166666666666 0.0265625 0.03333333333333333
0 0.4904477415966387 0.6134278711484594 0.0296875 0.03333333333333333
0 0.45859375 0.47291666666666665 0.0265625 0.03333333333333333
0 0.58828125 0.11875 0.0296875 0.05
0 0.6015625 0.20625 0.025 0.04583333333333333
0 0.85625 0.22395833333333334 0.0375 0.04375
0 0.48515625 0.759375 0.0421875 0.04375
0 0.6787224264705882 0.9751838235294117 0.0296875 0.03958333333333333
0 0.18733377659574468 0.711502659574468 0.025 0.03958333333333333
0 0.48146098336594917 0.05076035551206784 0.025 0.027083333333333334
0 0.5100147637795276 0.02983103674540682 0.0296875 0.031249999999999997
0 0.35703125 0.06354166666666666 0.0234375 0.027083333333333334
0 0.7987500000000001 0.40229166666666666 0.034375000000000086 0.03958333333333333
0 0.9699051339285714 0.040939980158730155 0.024743303571428576 0.03855654761904762
1 0.57109375 0.13333333333333333 0.0890625 0.1125
1 0.3203125 0.21041666666666667 0.103125 0.09583333333333334
