0 0.26484375 0.4354166666666667 0.0265625 0.0375
0 0.23828125 0.5770833333333333 0.0265625 0.0375
0 0.241691359561753 0.85625 0.0265625 0.0375
0 0.19453125 0.8458333333333333 0.0265625 0.0375
0 0.08359375 0.80625 0.0265625 0.0375
0 0.01330556906614786 0.7707563229571985 0.0265625 0.0375
0 0.13515625 0.18958333333333333 0.0265625 0.0375
0 0.30078125 0.24583333333333332 0.0265625 0.041666666666666664
0 0.24473958333333332 0.15433333333333332 0.0265625 0.0375
0 0.28107576438848925 0.22210731414868107 0.0265625 0.0375
0 0.2695997807017544 0.36030701754385963 0.0265625 0.0375
0 0.01484375 0.590625 0.0234375 0.052083333333333336
0 0.5347467514641289 0.9744540019521718 0.0265625 0.0375
0 0.6276399860594796 0.6046933085501859 0.0265625 0.0375
0 0.48828125 0.86875 0.0265625 0.0375
0 0.84296875 0.85625 0.0265625 0.0375
0 0.83359375 0.98125 0.0265625 0.0375
0 0.8504451976102942 0.7541666666666667 0.0265625 0.0375
0 0.828125 0.43645833333333334 0.025 0.03958333333333333
0 0.865890231092437 0.409375 0.025 0.03958333333333333
0 0.6594223484848485 0.19741161616161615 0.0265625 0.03333333333333333
0 0.7657599146586345 0.09191767068273092 0.0265625 0.03333333333333333
0 0.71015625 0.6354166666666666 0.0265625 0.03333333333333333
0 0.5564244538834952 0.5517799352750808 0.0296875 0.03333333333333333
0 0.47694019039735097 0.4147350993377483 0.0265625 0.03333333333333333
0 0.653125 0.5104166666666666 0.028125 0.0375
0 0.55546875 0.011458333333333333 0.0171875 0.022916666666666665
0 0.964453125 0.884375 0.0234375 0.035416666666666666
0 0.58828125 0.11875 0.0296875 0.05
0 0.6015625 0.20625 0.025 0.04583333333333333
0 0.85625 0.22395833333333334 0.0375 0.04375
0 0.87578125 0.1375 0.0328125 0.0375
0 0.49452745752427185 0.7468800566343041 0.0421875 0.04375
0 0.5021316580756013 0.029843213058419246 0.025 0.027083333333333334
0 0.5084990530303031 0.015135732323232324 0.0296875 0.01875
0 0.3645346102150538 0.034957437275985666 0.0234375 0.027083333333333338
1 0.57109375 0.13333333333333333 0.0890625 0.1125
1 0.3203125 0.21041666666666667 0.103125 0.09583333333333334
