0 0.26484375 0.4354166666666667 0.0265625 0.0375
0 0.23828125 0.5770833333333333 0.0265625 0.0375
0 0.24161416832669325 0.85625 0.0265625 0.0375
0 0.19453125 0.8458333333333333 0.0265625 0.0375
0 0.08359375 0.80625 0.0265625 0.0375
0 0.011106636597938143 0.7756658075601375 0.022213273195876286 0.035567010309278405
0 0.13515625 0.18958333333333333 0.0265625 0.0375
0 0.31015625 0.2520833333333333 0.0265625 0.041666666666666664
0 0.24409375 0.1564 0.0265625 0.0375
0 0.2809015287769784 0.2223396282973621 0.0265625 0.0375
0 0.264895260989011 0.3624771062271062 0.0265625 0.0375
0 0.5350304264275256 0.9748322352367008 0.0265625 0.0375
0 0.6279100836431227 0.6051734820322181 0.0265625 0.0375
0 0.48828125 0.86875 0.0265625 0.0375
0 0.84296875 0.85625 0.0265625 0.0375
0 0.83359375 0.98125 0.0265625 0.0375
0 0.8496438419117647 0.7541666666666667 0.0265625 0.0375
0 0.828125 0.43645833333333334 0.025 0.03958333333333333
0 0.8657681197478991 0.409375 0.025 0.03958333333333333
0 0.658688446969697 0.205239898989899 0.0265625 0.03333333333333333
0 0.7649818022088353 0.09347389558232931 0.0265625 0.03333333333333333
0 0.71015625 0.6354166666666666 0.0265625 0.03333333333333333
0 0.5540731189320389 0.5586771844660193 0.0296875 0.03333333333333333
0 0.47565707781456956 0.4168736203090508 0.0265625 0.03333333333333333
0 0.6463541666666667 0.49236111111111114 0.028125 0.0375
0 0.9621875 0.8922916666666667 0.0234375 0.035416666666666666
0 0.58828125 0.11875 0.0296875 0.05
0 0.6015625 0.20625 0.025 0.04583333333333333
0 0.85625 0.22395833333333334 0.0375 0.04375
0 0.8484375 0.1078125 0.03125 0.036458333333333336
0 0.494115973907767 0.7474287014563107 0.0421875 0.04375
0 0.49996778350515464 0.03184063573883162 0.025 0.027083333333333334
0 0.50703125 0.015625 0.0296875 0.01875
0 0.3638054435483871 0.03773521505376344 0.0234375 0.027083333333333334
1 0.57109375 0.13333333333333333 0.0890625 0.1125
1 0.3203125 0.21041666666666667 0.103125 0.09583333333333334
