0 0.26484375 0.4354166666666667 0.0265625 0.0375
0 0.23828125 0.5770833333333333 0.0265625 0.0375
0 0.24112861055776894 0.85625 0.0265625 0.0375
0 0.19453125 0.8458333333333333 0.0265625 0.0375
0 0.08359375 0.80625 0.0265625 0.0375
0 0.0057954545454545455 0.8003977272727273 0.011590909090909091 0.032462121212121296
0 0.13515625 0.18958333333333333 0.0265625 0.0375
0 0.3221354166666667 0.22222222222222224 0.0265625 0.041666666666666664
0 0.24003125 0.1694 0.0265625 0.0375
0 0.2762371926229508 0.2317827868852459 0.0265625 0.0375
0 0.24583224372384938 0.37250697350069734 0.0265625 0.0375
0 0.5368148334553441 0.9772114446071254 0.0265625 0.0375
0 0.6296090845724908 0.6081939281288723 0.0265625 0.0375
0 0.48828125 0.86875 0.0265625 0.0375
0 0.84296875 0.85625 0.0265625 0.0375
0 0.83359375 0.98125 0.0265625 0.0375
0 0.8446030560661765 0.7541666666666667 0.0265625 0.0375
0 0.828125 0.43645833333333334 0.025 0.03958333333333333
0 0.865 0.409375 0.025 0.03958333333333333
0 0.64121875 0.23191666666666666 0.0265625 0.03333333333333333
0 0.7596565672588833 0.10274957698815566 0.0265625 0.03333333333333333
0 0.71015625 0.6354166666666666 0.0265625 0.03333333333333333
0 0.5325095663265306 0.5877692743764172 0.0296875 0.03333333333333333
0 0.46713654891304346 0.43027626811594205 0.0265625 0.03333333333333333
0 0.81796875 0.396875 0.028125 0.0375
0 0.9446569683908047 0.9432231800766284 0.0234375 0.035416666666666666
0 0.58828125 0.11875 0.0296875 0.05
0 0.6015625 0.20625 0.025 0.04583333333333333
0 0.85625 0.22395833333333334 0.0375 0.04375
0 0.491527609223301 0.750879854368932 0.0421875 0.04375
0 0.9598958333333334 0.46979166666666666 0.028125 0.04375
0 0.48635631443298966 0.04440506872852234 0.025 0.027083333333333338
0 0.50703125 0.021599264705882353 0.0296875 0.030698529411764704
0 0.35921875000000003 0.05520833333333333 0.0234375 0.027083333333333334
1 0.57109375 0.13333333333333333 0.0890625 0.1125
1 0.3203125 0.21041666666666667 0.103125 0.09583333333333334
