0 0.27298810840707965 0.4224311701081612 0.0265625 0.0375
0 0.23828125 0.577406103286385 0.0265625 0.0375
0 0.2431301349765258 0.8558196400625978 0.0265625 0.0375
0 0.19453125 0.8458333333333333 0.0265625 0.0375
0 0.08359375 0.80625 0.0265625 0.0375
0 0.02602332746478873 0.7310348200312989 0.0265625 0.0375
0 0.13515625 0.18958333333333333 0.0265625 0.0375
0 0.21796875 0.16834239130434783 0.0265625 0.0375
0 0.2908203125 0.10859375 0.0265625 0.0375
0 0.2840209082733813 0.21818045563549163 0.0265625 0.0375
0 0.3118801349765258 0.310093896713615 0.0265625 0.0375
0 0.36015625 0.3625 0.0265625 0.041666666666666664
0 0.5719006748826291 0.8906983568075117 0.0265625 0.0375
0 0.6421829841040463 0.5685814065510597 0.0265625 0.0375
0 0.48828125 0.86875 0.0265625 0.0375
0 0.7955729166666666 0.8194444444444444 0.02343749999999991 0.0375
0 0.8474480627629732 0.8428120617110799 0.0265625 0.0375
0 0.8380730627629733 0.9678120617110799 0.0265625 0.0375
0 0.85414073457223 0.7496873539036933 0.0265625 0.0375
0 0.828125 0.43645833333333334 0.025 0.03958333333333333
0 0.8679543067226891 0.409375 0.025 0.03958333333333333
0 0.61484375 0.057291666666666664 0.0234375 0.035416666666666666
0 0.6698552707373272 0.14662058371735792 0.0265625 0.03333333333333333
0 0.7719653759640103 0.06899100257069408 0.0265625 0.033333333333333326
0 0.7103176349765258 0.6356318466353678 0.0265625 0.03333333333333333
0 0.5912448650234742 0.4929968701095461 0.0265625 0.03333333333333333
0 0.4978176349765258 0.38926056338028164 0.0265625 0.03333333333333333
0 0.013950892857142854 0.24583333333333332 0.0265625 0.03333333333333333
0 0.215625 0.3375 0.028125 0.0375
0 0.77265625 0.6166666666666667 0.0265625 0.03333333333333333
0 0.9930594308035715 0.7772042410714285 0.013881138392857118 0.035212053571428585
0 0.6484375 0.54375 0.025 0.041666666666666664
0 0.58828125 0.11875 0.0296875 0.05
0 0.6015625 0.20625 0.025 0.04583333333333333
0 0.25625 0.5145833333333333 0.0359375 0.04583333333333333
0 0.262109375 0.4640625 0.0328125 0.0375
0 0.85625 0.22395833333333334 0.0375 0.04375
0 0.5086143092105263 0.7253152412280702 0.0421875 0.04375
1 0.57109375 0.13333333333333333 0.0890625 0.1125
1 0.3203125 0.21041666666666667 0.103125 0.09583333333333334
