0 0.26484375 0.4354166666666667 0.0265625 0.0375
0 0.23828125 0.5770833333333333 0.0265625 0.0375
0 0.24094932768924301 0.85625 0.0265625 0.0375
0 0.19453125 0.8458333333333333 0.0265625 0.0375
0 0.08359375 0.80625 0.0265625 0.0375
0 0.005539772727272727 0.8082386363636365 0.011079545454545455 0.03314393939393945
0 0.13515625 0.18958333333333333 0.0265625 0.0375
0 0.31073190789473687 0.22214912280701754 0.0265625 0.041666666666666664
0 0.23853125 0.1742 0.0265625 0.0375
0 0.27365522540983606 0.23719262295081966 0.0265625 0.0375
0 0.24065441945606697 0.3756450488145049 0.0265625 0.0375
0 0.5374736914348462 0.9780899219131283 0.0265625 0.0375
0 0.6302364079925651 0.6093091697645601 0.0265625 0.0375
0 0.48828125 0.86875 0.0265625 0.0375
0 0.84296875 0.85625 0.0265625 0.0375
0 0.83359375 0.98125 0.0265625 0.0375
0 0.8427418428308824 0.7541666666666667 0.0265625 0.0375
0 0.828125 0.43645833333333334 0.025 0.03958333333333333
0 0.8647163865546219 0.409375 0.025 0.03958333333333333
0 0.63334375 0.2349166666666667 0.0265625 0.03333333333333333
0 0.7573723032994923 0.10579526226734348 0.0265625 0.03333333333333333
0 0.71015625 0.6354166666666666 0.0265625 0.03333333333333333
0 0.5263302364864865 0.5935247747747747 0.0296875 0.03333333333333333
0 0.4642323369565218 0.4360507246376812 0.0265625 0.03333333333333333
0 0.8953125 0.42083333333333334 0.028125 0.0375
0 0.9381557937956204 0.9595422749391728 0.0234375 0.035416666666666666
0 0.58828125 0.11875 0.0296875 0.05
0 0.6015625 0.20625 0.025 0.04583333333333333
0 0.85625 0.22395833333333334 0.0375 0.04375
0 0.49057190533980577 0.7521541262135922 0.0421875 0.04375
0 0.9265625 0.5729166666666666 0.0296875 0.03958333333333333
0 0.1390625 0.9510416666666667 0.025 0.03958333333333333
0 0.4853320694716243 0.045598907371167646 0.025 0.027083333333333334
0 0.5074187992125985 0.022908464566929135 0.0296875 0.03125
0 0.35752520161290324 0.061659946236559134 0.0234375 0.027083333333333327
1 0.57109375 0.13333333333333333 0.0890625 0.1125
1 0.3203125 0.21041666666666667 0.103125 0.09583333333333334
