0 0.26484375 0.4354166666666667 0.0265625 0.0375
0 0.23828125 0.5770833333333333 0.0265625 0.0375
0 0.24135022410358564 0.85625 0.0265625 0.0375
0 0.19453125 0.8458333333333333 0.0265625 0.0375
0 0.08359375 0.80625 0.0265625 0.0375
0 0.0061115056818181815 0.7907054924242424 0.012223011363636363 0.0316193181818182
0 0.13515625 0.18958333333333333 0.0265625 0.0375
0 0.31171875 0.23541666666666666 0.0265625 0.041666666666666664
0 0.24188541666666669 0.16346666666666668 0.0265625 0.0375
0 0.27942879098360657 0.22509562841530056 0.0265625 0.0375
0 0.252232609832636 0.3686279637377964 0.0265625 0.0375
0 0.5360004117862373 0.9761255490483163 0.0265625 0.0375
0 0.6288336431226765 0.606815365551425 0.0265625 0.0375
0 0.48828125 0.86875 0.0265625 0.0375
0 0.84296875 0.85625 0.0265625 0.0375
0 0.83359375 0.98125 0.0265625 0.0375
0 0.8469037224264706 0.7541666666666667 0.0265625 0.0375
0 0.828125 0.43645833333333334 0.025 0.03958333333333333
0 0.8653505777310924 0.409375 0.025 0.03958333333333333
0 0.6476054369918699 0.22259485094850948 0.0265625 0.03333333333333333
0 0.7623211596385542 0.09879518072289156 0.0265625 0.03333333333333333
0 0.71015625 0.6354166666666666 0.0265625 0.03333333333333333
0 0.5438616071428571 0.5776785714285714 0.0296875 0.03333333333333333
0 0.47126966059602654 0.42418598233995586 0.0265625 0.03333333333333333
0 0.7640625 0.4548611111111111 0.028125 0.0375
0 0.952649066091954 0.9229765325670498 0.0234375 0.035416666666666666
0 0.58828125 0.11875 0.0296875 0.05
0 0.6015625 0.20625 0.025 0.04583333333333333
0 0.85625 0.22395833333333334 0.0375 0.04375
0 0.75234375 0.04375 0.0296875 0.03333333333333333
0 0.4927089654126213 0.7493047127831716 0.0421875 0.04375
0 0.978125 0.3614583333333333 0.028125 0.04375
0 0.49256872852233674 0.03867053264604811 0.025 0.027083333333333334
0 0.50703125 0.018872549019607842 0.0296875 0.025245098039215687
0 0.36131216397849464 0.0472334229390681 0.0234375 0.027083333333333334
1 0.57109375 0.13333333333333333 0.0890625 0.1125
1 0.3203125 0.21041666666666667 0.103125 0.09583333333333334
