0 0.26484375 0.4354166666666667 0.0265625 0.0375
0 0.23828125 0.5770833333333333 0.0265625 0.0375
0 0.24119086155378486 0.85625 0.0265625 0.0375
0 0.19453125 0.8458333333333333 0.0265625 0.0375
0 0.08359375 0.80625 0.0265625 0.0375
0 0.0058842329545454545 0.7976751893939393 0.011768465909090909 0.03222537878787885
0 0.13515625 0.18958333333333333 0.0265625 0.0375
0 0.31328125 0.22291666666666668 0.0265625 0.041666666666666664
0 0.2405520833333333 0.16773333333333335 0.0265625 0.0375
0 0.27713370901639345 0.22990437158469945 0.0265625 0.0375
0 0.24763009937238492 0.37141736401673636 0.0265625 0.0375
0 0.5365860633235725 0.9769064177647633 0.0265625 0.0375
0 0.6293912639405204 0.6078066914498141 0.0265625 0.0375
0 0.48828125 0.86875 0.0265625 0.0375
0 0.84296875 0.85625 0.0265625 0.0375
0 0.83359375 0.98125 0.0265625 0.0375
0 0.8452493106617647 0.7541666666666667 0.0265625 0.0375
0 0.828125 0.43645833333333334 0.025 0.03958333333333333
0 0.8650984768907563 0.409375 0.025 0.03958333333333333
0 0.6435403963414634 0.23018292682926828 0.0265625 0.03333333333333333
0 0.760449714467005 0.10169204737732657 0.0265625 0.03333333333333333
0 0.71015625 0.6354166666666666 0.0265625 0.03333333333333333
0 0.5356983418367347 0.5849348072562358 0.0296875 0.03333333333333333
0 0.46841032608695654 0.4285778985507246 0.0265625 0.03333333333333333
0 0.8223958333333334 0.40555555555555556 0.028125 0.0375
0 0.9469019396551724 0.9375359195402299 0.0234375 0.035416666666666666
0 0.58828125 0.11875 0.0296875 0.05
0 0.6015625 0.20625 0.025 0.04583333333333333
0 0.85625 0.22395833333333334 0.0375 0.04375
0 0.49185945084951455 0.750437398867314 0.0421875 0.04375
0 0.96875 0.4296875 0.028125 0.04375
0 0.4881013745704467 0.042794243986254296 0.025 0.027083333333333334
0 0.50703125 0.020833333333333332 0.0296875 0.029166666666666667
0 0.3598067876344086 0.052968189964157704 0.0234375 0.027083333333333334
1 0.57109375 0.13333333333333333 0.0890625 0.1125
1 0.3203125 0.21041666666666667 0.103125 0.09583333333333334
