0 0.2716191924778761 0.42729842674532936 0.0265625 0.0375
0 0.23828125 0.5770833333333333 0.0265625 0.0375
0 0.24274962649402393 0.85625 0.0265625 0.0375
0 0.19453125 0.8458333333333333 0.0265625 0.0375
0 0.08359375 0.80625 0.0265625 0.0375
0 0.023641172178988323 0.7380269130998703 0.0265625 0.0375
0 0.13515625 0.18958333333333333 0.0265625 0.0375
0 0.22265625 0.17407407407407408 0.0265625 0.039814814814814824
0 0.27815193965517243 0.11659482758620691 0.0265625 0.03750000000000001
0 0.2834644784172662 0.21892236211031174 0.0265625 0.0375
0 0.3034133808724832 0.3165687919463087 0.0265625 0.0375
0 0.28203125 0.41458333333333336 0.0265625 0.041666666666666664
0 0.5622869318181818 0.9134469696969697 0.0265625 0.0375
0 0.6395005419075145 0.5715618978805395 0.0265625 0.0375
0 0.48828125 0.86875 0.0265625 0.0375
0 0.97109375 0.9541666666666667 0.0234375 0.0375
0 0.8465802507012622 0.8454154978962133 0.0265625 0.0375
0 0.8372052507012622 0.9704154978962133 0.0265625 0.0375
0 0.8534898755259468 0.7505551659654045 0.0265625 0.0375
0 0.828125 0.43645833333333334 0.025 0.03958333333333333
0 0.8675643382352941 0.409375 0.025 0.03958333333333333
0 0.6674057439271255 0.15712719298245614 0.0265625 0.03333333333333333
0 0.773158338688946 0.07217223650385604 0.0265625 0.03333333333333334
0 0.71015625 0.6354166666666666 0.0265625 0.03333333333333333
0 0.5872709116541353 0.5006422305764411 0.0265625 0.03333333333333333
0 0.49765625 0.39923245614035086 0.0265625 0.03333333333333333
0 0.01328125 0.26875 0.0265625 0.03333333333333333
0 0.315625 0.41458333333333336 0.028125 0.0375
0 0.7765625 0.50625 0.0265625 0.03333333333333333
0 0.9918126578282829 0.8020938552188552 0.012776199494949481 0.035416666666666666
0 0.73984375 0.7197916666666667 0.0296875 0.041666666666666664
0 0.58828125 0.11875 0.0296875 0.05
0 0.6015625 0.20625 0.025 0.04583333333333333
0 0.19609375 0.4083333333333333 0.0359375 0.04583333333333333
0 0.01901041666666667 0.24375 0.028645833333333336 0.03194444444444446
0 0.85625 0.22395833333333334 0.0375 0.04375
0 0.5055612664473684 0.7300644188596491 0.0421875 0.04375
1 0.57109375 0.13333333333333333 0.0890625 0.1125
1 0.3203125 0.21041666666666667 0.103125 0.09583333333333334
