0 0.273306139380531 0.42130039331366764 0.0265625 0.0375
0 0.23828125 0.578080985915493 0.0265625 0.0375
0 0.2434675762910798 0.8549197965571206 0.0265625 0.0375
0 0.19453125 0.8458333333333333 0.0265625 0.0375
0 0.08359375 0.80625 0.0265625 0.0375
0 0.02652948943661972 0.7305848982785602 0.0265625 0.0375
0 0.13515625 0.18958333333333333 0.0265625 0.0375
0 0.21796875 0.16521739130434782 0.0265625 0.0375
0 0.2937634698275862 0.10673491379310346 0.0265625 0.0375
0 0.2841501798561151 0.21800809352517986 0.0265625 0.0375
0 0.3122175762910798 0.30941901408450706 0.0265625 0.0375
0 0.36171875 0.33541666666666664 0.0265625 0.041666666666666664
0 0.5735878814553991 0.8886737089201877 0.0265625 0.0375
0 0.6428061777456647 0.5678889691714837 0.0265625 0.0375
0 0.48828125 0.86875 0.0265625 0.0375
0 0.76171875 0.8291666666666667 0.0234375 0.0375
0 0.8476496756661991 0.8422072230014025 0.0265625 0.0375
0 0.8382746756661991 0.9672072230014025 0.0265625 0.0375
0 0.8542919442496494 0.7494857410004675 0.0265625 0.0375
0 0.990625 0.89375 0.01875 0.041666666666666664
0 0.828125 0.43645833333333334 0.025 0.03958333333333333
0 0.8680449054621849 0.409375 0.025 0.03958333333333333
0 0.6080729166666667 0.1170138888888889 0.0234375 0.03541666666666668
0 0.6703521025345622 0.14463325652841783 0.0265625 0.03333333333333333
0 0.7716882230077121 0.06825192802056555 0.0265625 0.03333333333333333
0 0.7106550762910798 0.6360817683881064 0.0265625 0.03333333333333333
0 0.5909074237089202 0.49142214397496087 0.0265625 0.03333333333333333
0 0.4981550762910798 0.3885856807511737 0.0265625 0.03333333333333333
0 0.009375 0.63125 0.015625 0.03333333333333333
0 0.014378720238095239 0.24184027777777778 0.0265625 0.03333333333333333
0 0.19874999999999998 0.3020833333333333 0.028124999999999976 0.0375
0 0.76640625 0.6354166666666666 0.0265625 0.03333333333333333
0 0.9923374720982142 0.7762416294642857 0.015325055803571352 0.034998139880952434
0 0.6473958333333333 0.5152777777777777 0.025 0.0347222222222222
0 0.58828125 0.11875 0.0296875 0.05
0 0.6015625 0.20625 0.025 0.04583333333333333
0 0.23984375 0.5729166666666666 0.0359375 0.04583333333333333
0 0.31328125 0.49166666666666664 0.0328125 0.0375
0 0.85625 0.22395833333333334 0.0375 0.04375
0 0.5093236019736842 0.7242118969298246 0.0421875 0.04375
1 0.57109375 0.13333333333333333 0.0890625 0.1125
1 0.3203125 0.21041666666666667 0.103125 0.09583333333333334
