0 0.26484375 0.4354166666666667 0.0265625 0.0375
0 0.23828125 0.5770833333333333 0.0265625 0.0375
0 0.2412282121513944 0.85625 0.0265625 0.0375
0 0.19453125 0.8458333333333333 0.0265625 0.0375
0 0.08359375 0.80625 0.0265625 0.0375
0 0.0059375 0.7960416666666668 0.011875 0.0320833333333334
0 0.13515625 0.18958333333333333 0.0265625 0.0375
0 0.3140625 0.22760416666666666 0.0265625 0.041666666666666664
0 0.24086458333333333 0.16673333333333332 0.0265625 0.0375
0 0.277671618852459 0.2287773224043716 0.0265625 0.0375
0 0.2487088127615063 0.37076359832635986 0.0265625 0.0375
0 0.5364488012445096 0.976723401659346 0.0265625 0.0375
0 0.6292605715613383 0.6075743494423792 0.0265625 0.0375
0 0.48828125 0.86875 0.0265625 0.0375
0 0.84296875 0.85625 0.0265625 0.0375
0 0.83359375 0.98125 0.0265625 0.0375
0 0.8456370634191176 0.7541666666666667 0.0265625 0.0375
0 0.828125 0.43645833333333334 0.025 0.03958333333333333
0 0.8651575630252101 0.409375 0.025 0.03958333333333333
0 0.6444931402439025 0.22840447154471546 0.0265625 0.03333333333333333
0 0.7609256027918782 0.1010575296108291 0.0265625 0.03333333333333333
0 0.71015625 0.6354166666666666 0.0265625 0.03333333333333333
0 0.5376116071428572 0.583234126984127 0.0296875 0.03333333333333333
0 0.4691745923913044 0.4275588768115942 0.0265625 0.03333333333333333
0 0.8046875 0.39375 0.028125 0.0375
0 0.9482489224137931 0.9341235632183907 0.0234375 0.035416666666666666
0 0.58828125 0.11875 0.0296875 0.05
0 0.6015625 0.20625 0.025 0.04583333333333333
0 0.85625 0.22395833333333334 0.0375 0.04375
0 0.4920585558252427 0.750171925566343 0.0421875 0.04375
0 0.95859375 0.42291666666666666 0.028125 0.04375
0 0.489148410652921 0.04182774914089347 0.025 0.02708333333333333
0 0.50703125 0.020373774509803922 0.0296875 0.028247549019607843
0 0.36015961021505377 0.051624103942652336 0.0234375 0.027083333333333334
1 0.57109375 0.13333333333333333 0.0890625 0.1125
1 0.3203125 0.21041666666666667 0.103125 0.09583333333333334
