0 0.27434319690265485 0.4176130776794494 0.0265625 0.0375
0 0.23828125 0.5802816901408451 0.0265625 0.0375
0 0.24456792840375585 0.8519855242566511 0.0265625 0.0375
0 0.19453125 0.8458333333333333 0.0265625 0.0375
0 0.08359375 0.80625 0.0265625 0.0375
0 0.0281800176056338 0.7291177621283255 0.0265625 0.0375
0 0.13515625 0.18958333333333333 0.0265625 0.0375
0 0.2045691287878788 0.14065656565656565 0.026562500000000024 0.0375
0 0.3026171875 0.10145833333333334 0.0265625 0.0375
0 0.2845717176258993 0.21744604316546762 0.0265625 0.0375
0 0.31331792840375583 0.30721830985915494 0.0265625 0.0375
0 0.36744791666666665 0.20972222222222223 0.0265625 0.041666666666666664
0 0.5790896420187793 0.8820715962441315 0.0265625 0.0375
0 0.6448383309248554 0.565631021194605 0.0265625 0.0375
0 0.48828125 0.86875 0.0265625 0.0375
0 0.6197916666666666 0.8208333333333333 0.019791666666666697 0.0375
0 0.8483071090462833 0.8402349228611501 0.0265625 0.0375
0 0.8389321090462832 0.9652349228611501 0.0265625 0.0375
0 0.8547850192847125 0.7488283076203834 0.0265625 0.0375
0 0.95078125 0.7739583333333333 0.0265625 0.04375
0 0.828125 0.43645833333333334 0.025 0.03958333333333333
0 0.8683403361344538 0.409375 0.025 0.03958333333333333
0 0.65734375 0.14770833333333336 0.0234375 0.03541666666666668
0 0.6719722062211981 0.13815284178187406 0.0265625 0.03333333333333335
0 0.7707844633676093 0.06584190231362468 0.0265625 0.033333333333333326
0 0.7117554284037559 0.6375489045383412 0.0265625 0.03333333333333333
0 0.5898070715962441 0.48628716744913925 0.0265625 0.03333333333333333
0 0.4992554284037559 0.3863849765258216 0.0265625 0.03333333333333333
0 0.03984375 0.47708333333333336 0.0296875 0.0375
0 0.016471354166666667 0.227734375 0.0265625 0.03333333333333333
0 0.134375 0.28541666666666665 0.028125 0.0375
0 0.78203125 0.75625 0.0265625 0.03333333333333333
0 0.9899832589285715 0.7731026785714284 0.020033482142857117 0.034300595238095255
0 0.6328125 0.403125 0.025 0.035416666666666666
0 0.58828125 0.11875 0.0296875 0.05
0 0.6015625 0.20625 0.025 0.04583333333333333
0 0.29921875 0.6416666666666667 0.0390625 0.041666666666666664
0 0.5463541666666667 0.6003472222222223 0.028125 0.035416666666666666
0 0.85625 0.22395833333333334 0.0375 0.04375
0 0.5116365131578948 0.7206140350877193 0.0421875 0.04375
