0 0.26484375 0.4354166666666667 0.0265625 0.0375
0 0.23828125 0.5770833333333333 0.0265625 0.0375
0 0.24164155876494023 0.85625 0.0265625 0.0375
0 0.19453125 0.8458333333333333 0.0265625 0.0375
0 0.08359375 0.80625 0.0265625 0.0375
0 0.011903994845360824 0.7738939003436426 0.023807989690721648 0.03627577319587635
0 0.13515625 0.18958333333333333 0.0265625 0.0375
0 0.30303819444444446 0.24953703703703703 0.0265625 0.041666666666666664
0 0.24432291666666667 0.15566666666666668 0.0265625 0.0375
0 0.28096335431654673 0.22225719424460433 0.0265625 0.0375
0 0.2665951236263736 0.3617216117216117 0.0265625 0.0375
0 0.5349297675695461 0.9746980234260615 0.0265625 0.0375
0 0.6278142425650557 0.6050030978934324 0.0265625 0.0375
0 0.48828125 0.86875 0.0265625 0.0375
0 0.84296875 0.85625 0.0265625 0.0375
0 0.83359375 0.98125 0.0265625 0.0375
0 0.8499281939338236 0.7541666666666667 0.0265625 0.0375
0 0.828125 0.43645833333333334 0.025 0.03958333333333333
0 0.8658114495798319 0.409375 0.025 0.03958333333333333
0 0.6589488636363636 0.20246212121212123 0.0265625 0.03333333333333333
0 0.7652579066265061 0.09292168674698796 0.0265625 0.03333333333333333
0 0.71015625 0.6354166666666666 0.0265625 0.03333333333333333
0 0.554907463592233 0.5562297734627832 0.0296875 0.03333333333333333
0 0.47611237582781457 0.41611479028697573 0.0265625 0.03333333333333333
0 0.6578125 0.49375 0.028125 0.0375
0 0.9627604166666666 0.8892361111111111 0.0234375 0.035416666666666666
0 0.58828125 0.11875 0.0296875 0.05
0 0.6015625 0.20625 0.025 0.04583333333333333
0 0.85625 0.22395833333333334 0.0375 0.04375
0 0.8453125 0.13020833333333334 0.0328125 0.0375
0 0.49426198422330103 0.7472340210355987 0.0421875 0.04375
0 0.5007356099656357 0.031131872852233674 0.025 0.02708333333333333
0 0.5075520833333333 0.015451388888888888 0.0296875 0.01875
0 0.3640641801075269 0.036749551971326164 0.0234375 0.027083333333333334
1 0.57109375 0.13333333333333333 0.0890625 0.1125
1 0.3203125 0.21041666666666667 0.103125 0.09583333333333334
