0 0.2754079092920354 0.4138274336283186 0.0265625 0.0375
0 0.23828125 0.5825410798122065 0.0265625 0.0375
0 0.2456976232394366 0.8489730046948357 0.0265625 0.0375
0 0.19453125 0.8458333333333333 0.0265625 0.0375
0 0.08359375 0.80625 0.0265625 0.0375
0 0.029874559859154926 0.7276115023474179 0.0265625 0.0375
0 0.13515625 0.18958333333333333 0.0265625 0.0375
0 0.19453125 0.11458333333333333 0.0265625 0.0375
0 0.311659787735849 0.09587264150943396 0.0265625 0.0375
0 0.28500449640287767 0.21686900479616306 0.0265625 0.0375
0 0.3144476232394366 0.3049589201877934 0.0265625 0.0375
0 0.43046875 0.11979166666666667 0.0265625 0.041666666666666664
0 0.5847381161971831 0.8752934272300469 0.0265625 0.0375
0 0.6469246748554913 0.5633128612716762 0.0265625 0.0375
0 0.48828125 0.86875 0.0265625 0.0375
0 0.4856770833333333 0.7666666666666667 0.0265625 0.0375
0 0.8489820739831696 0.8382100280504908 0.0265625 0.0375
0 0.8396070739831696 0.9632100280504908 0.0265625 0.0375
0 0.8552912429873774 0.7481533426834969 0.0265625 0.0375
0 0.8921875 0.634375 0.0265625 0.0375
0 0.828125 0.43645833333333334 0.025 0.03958333333333333
0 0.8686436449579832 0.409375 0.025 0.03958333333333333
0 0.6664981617647059 0.1840686274509804 0.0234375 0.03333333333333333
0 0.6736355126728111 0.13149961597542242 0.0265625 0.03333333333333333
0 0.74453125 0.058333333333333334 0.0265625 0.03333333333333333
0 0.769856603470437 0.06336760925449872 0.0265625 0.03333333333333333
0 0.7128851232394366 0.6390551643192488 0.0265625 0.03333333333333333
0 0.5886773767605634 0.48101525821596247 0.0265625 0.03333333333333333
0 0.5003851232394366 0.3841255868544601 0.0265625 0.03333333333333333
0 0.180859375 0.590625 0.0265625 0.03333333333333333
0 0.016298491379310342 0.2165229885057471 0.0265625 0.03333333333333333
0 0.0734375 0.20364583333333333 0.0265625 0.03333333333333333
0 0.6578125 0.978125 0.0265625 0.03333333333333333
0 0.74453125 0.8395833333333333 0.0265625 0.03333333333333333
0 0.9875662667410715 0.7698800223214285 0.024867466517857116 0.03358444940476192
0 0.572265625 0.259375 0.025 0.035416666666666666
0 0.58828125 0.11875 0.0296875 0.05
0 0.6015625 0.20625 0.025 0.04583333333333333
0 0.38671875 0.75 0.0390625 0.041666666666666664
0 0.765625 0.6135416666666667 0.028125 0.035416666666666666
0 0.85625 0.22395833333333334 0.0375 0.04375
0 0.5140111019736843 0.7169202302631579 0.0421875 0.04375
