0 0.2700199614537445 0.43024045521292215 0.0265625 0.0375
0 0.23828125 0.5770833333333333 0.0265625 0.0375
0 0.2425578934262948 0.85625 0.0265625 0.0375
0 0.19453125 0.8458333333333333 0.0265625 0.0375
0 0.08359375 0.80625 0.0265625 0.0375
0 0.021768604085603115 0.7439567120622568 0.0265625 0.0375
0 0.13515625 0.18958333333333333 0.0265625 0.0375
0 0.22109375 0.17847222222222223 0.0265625 0.041666666666666664
0 0.26829876077586207 0.12281788793103449 0.0265625 0.0375
0 0.2830316996402878 0.21949940047961633 0.0265625 0.0375
0 0.2963614292828685 0.32255976095617533 0.0265625 0.0375
0 0.196875 0.47291666666666665 0.028125 0.04583333333333333
0 0.5549203228476821 0.929690949227373 0.0265625 0.0375
0 0.63828125 0.5747348484848485 0.0265625 0.0375
0 0.48828125 0.86875 0.0265625 0.0375
0 0.8459052857643758 0.8474403927068723 0.0265625 0.0375
0 0.8365302857643758 0.9724403927068723 0.0265625 0.0375
0 0.852983651823282 0.7512301309022908 0.0265625 0.0375
0 0.828125 0.43645833333333334 0.025 0.03958333333333333
0 0.8672610294117646 0.409375 0.025 0.03958333333333333
0 0.6654573633603239 0.16557017543859648 0.0265625 0.03333333333333333
0 0.7740861985861183 0.074646529562982 0.0265625 0.03333333333333333
0 0.71015625 0.6354166666666666 0.0265625 0.03333333333333333
0 0.5833380681818181 0.5084090909090909 0.0265625 0.03333333333333333
0 0.49571072470817124 0.4044260700389105 0.0265625 0.03333333333333333
0 0.010460526315789472 0.27842105263157896 0.020921052631578944 0.03333333333333333
0 0.3828125 0.43125 0.028125 0.0375
0 0.78984375 0.37916666666666665 0.0265625 0.03333333333333333
0 0.9860400883838384 0.818297558922559 0.017029671717171624 0.035416666666666666
0 0.74453125 0.8645833333333334 0.0296875 0.041666666666666664
0 0.58828125 0.11875 0.0296875 0.05
0 0.6015625 0.20625 0.025 0.04583333333333333
0 0.148828125 0.2875 0.0359375 0.04583333333333333
0 0.85625 0.22395833333333334 0.0375 0.04375
0 0.503186677631579 0.7337582236842105 0.0421875 0.04375
0 0.35572916666666665 0.08854166666666667 0.0234375 0.029166666666666667
0 0.4976488095238095 0.01839616402116402 0.025 0.027083333333333334
0 0.43828125 0.024583333333333336 0.0296875 0.029166666666666667
0 0.5249763257575758 0.00964330808080808 0.0296875 0.01875
1 0.57109375 0.13333333333333333 0.0890625 0.1125
1 0.3203125 0.21041666666666667 0.103125 0.09583333333333334
