0 0.26484375 0.4354166666666667 0.0265625 0.0375
0 0.23828125 0.5770833333333333 0.0265625 0.0375
0 0.2400105826693227 0.85625 0.0265625 0.0375
0 0.19453125 0.8458333333333333 0.0265625 0.0375
0 0.08359375 0.80625 0.0265625 0.0375
0 0.13515625 0.18958333333333333 0.0265625 0.0375
0 0.214453125 0.225 0.0265625 0.041666666666666664
0 0.20880644633507855 0.1925828970331588 0.0265625 0.0375
0 0.26302083333333337 0.26555555555555554 0.0265625 0.0375
0 0.21805436643835616 0.39988584474885847 0.0265625 0.0375
0 0.53984375 0.98125 0.0265625 0.0375
0 0.6286774320083681 0.6065376569037657 0.0265625 0.0375
0 0.48828125 0.86875 0.0265625 0.0375
0 0.84296875 0.85625 0.0265625 0.0375
0 0.83359375 0.98125 0.0265625 0.0375
0 0.84140625 0.7775735294117647 0.0265625 0.0375
0 0.828125 0.43645833333333334 0.025 0.03958333333333333
0 0.8640625 0.409375 0.025 0.03958333333333333
0 0.6280798931870669 0.23892898383371824 0.0265625 0.03333333333333333
0 0.73671875 0.15046296296296297 0.0265625 0.03333333333333333
0 0.71015625 0.6354166666666666 0.0265625 0.03333333333333333
0 0.49487920168067223 0.6110644257703082 0.0296875 0.03333333333333333
0 0.45886833158995816 0.46962168758716877 0.0265625 0.03333333333333333
0 0.58828125 0.11875 0.0296875 0.05
0 0.6015625 0.20625 0.025 0.04583333333333333
0 0.85625 0.22395833333333334 0.0375 0.04375
0 0.48556773361650485 0.7588263551779935 0.0421875 0.04375
0 0.7051638719512195 0.9526168699186992 0.0296875 0.03958333333333333
0 0.20724431818181815 0.7305871212121212 0.024999999999999977 0.03958333333333333
0 0.48187377690802347 0.050209964122635356 0.025 0.027083333333333334
0 0.5097379429133858 0.029092847769028873 0.0296875 0.03125
0 0.35703125 0.06354166666666666 0.0234375 0.027083333333333334
0 0.7883680555555556 0.3630787037037037 0.034375 0.03958333333333333
0 0.9721651785714286 0.03748015873015874 0.02424107142857146 0.03654761904761905
1 0.57109375 0.13333333333333333 0.0890625 0.1125
1 0.3203125 0.21041666666666667 0.103125 0.09583333333333334
