0 0.26484375 0.4354166666666667 0.0265625 0.0375
0 0.23828125 0.5770833333333333 0.0265625 0.0375
0 0.24109624003984065 0.85625 0.0265625 0.0375
0 0.19453125 0.8458333333333333 0.0265625 0.0375
0 0.08359375 0.80625 0.0265625 0.0375
0 0.005749289772727273 0.801813446969697 0.011498579545454546 0.032585227272727245
0 0.13515625 0.18958333333333333 0.0265625 0.0375
0 0.31640625 0.22291666666666668 0.0265625 0.041666666666666664
0 0.23976041666666664 0.17026666666666665 0.0265625 0.0375
0 0.27577100409836064 0.23275956284153004 0.0265625 0.0375
0 0.24489735878661087 0.37307357043235706 0.0265625 0.0375
0 0.5369337939238653 0.9773700585651537 0.0265625 0.0375
0 0.6297223513011152 0.6083952912019827 0.0265625 0.0375
0 0.48828125 0.86875 0.0265625 0.0375
0 0.84296875 0.85625 0.0265625 0.0375
0 0.83359375 0.98125 0.0265625 0.0375
0 0.8442670036764707 0.7541666666666667 0.0265625 0.0375
0 0.828125 0.43645833333333334 0.025 0.03958333333333333
0 0.8649487920168066 0.409375 0.025 0.03958333333333333
0 0.639796875 0.23245833333333332 0.0265625 0.03333333333333333
0 0.7592441307106599 0.1032994923857868 0.0265625 0.03333333333333333
0 0.71015625 0.6354166666666666 0.0265625 0.03333333333333333
0 0.5308514030612245 0.5892431972789115 0.0296875 0.03333333333333333
0 0.4664741847826087 0.4311594202898551 0.0265625 0.03333333333333333
0 0.8380208333333334 0.36666666666666664 0.028125 0.0375
0 0.9434895833333334 0.9461805555555556 0.0234375 0.035416666666666666
0 0.58828125 0.11875 0.0296875 0.05
0 0.6015625 0.20625 0.025 0.04583333333333333
0 0.85625 0.22395833333333334 0.0375 0.04375
0 0.49135505157766995 0.7511099312297734 0.0421875 0.04375
0 0.9328125 0.46979166666666666 0.0265625 0.0375
0 0.48587328767123283 0.04487728310502283 0.025 0.02708333333333333
0 0.5070558562992126 0.021940616797900263 0.0296875 0.03125
0 0.35891297043010756 0.056373207885304664 0.0234375 0.02708333333333334
1 0.57109375 0.13333333333333333 0.0890625 0.1125
1 0.3203125 0.21041666666666667 0.103125 0.09583333333333334
