0 0.26875344162995596 0.4315069750367107 0.0265625 0.0375
0 0.23828125 0.5770833333333333 0.0265625 0.0375
0 0.2424433515936255 0.85625 0.0265625 0.0375
0 0.19453125 0.8458333333333333 0.0265625 0.0375
0 0.08359375 0.80625 0.0265625 0.0375
0 0.02064992704280156 0.7474991893644617 0.0265625 0.0375
0 0.13515625 0.18958333333333333 0.0265625 0.0375
0 0.22176339285714283 0.18541666666666667 0.0265625 0.041666666666666664
0 0.2634521484375 0.12685546875 0.0265625 0.0375
0 0.28277315647482015 0.21984412470023978 0.0265625 0.0375
0 0.2926388197211155 0.327523240371846 0.0265625 0.0375
0 0.20546875 0.5291666666666667 0.028125 0.04583333333333333
0 0.5506363824503311 0.9392108167770419 0.0265625 0.0375
0 0.63828125 0.5773484848484849 0.0265625 0.0375
0 0.48828125 0.86875 0.0265625 0.0375
0 0.8455020599579243 0.8486500701262273 0.0265625 0.0375
0 0.8361270599579242 0.9736500701262273 0.0265625 0.0375
0 0.8526812324684432 0.7516333567087424 0.0265625 0.0375
0 0.828125 0.43645833333333334 0.025 0.03958333333333333
0 0.8670798319327732 0.409375 0.025 0.03958333333333333
0 0.6642933957489878 0.1706140350877193 0.0265625 0.03333333333333333
0 0.7733402359437751 0.0767570281124498 0.0265625 0.03333333333333333
0 0.71015625 0.6354166666666666 0.0265625 0.03333333333333333
0 0.5807244318181819 0.5145075757575758 0.0265625 0.03333333333333333
0 0.49291403210116735 0.40479896238651103 0.0265625 0.03333333333333333
0 0.0078125 0.2875 0.015625 0.03333333333333333
0 0.4083333333333333 0.4548611111111111 0.028124999999999956 0.0375
0 0.77421875 0.28541666666666665 0.0265625 0.03333333333333333
0 0.9825915404040405 0.8279776936026937 0.019570707070707093 0.035416666666666666
0 0.81171875 0.9395833333333333 0.0328125 0.041666666666666664
0 0.58828125 0.11875 0.0296875 0.05
0 0.6015625 0.20625 0.025 0.04583333333333333
0 0.09088541666666668 0.2361111111111111 0.03593750000000001 0.04583333333333333
0 0.85625 0.22395833333333334 0.0375 0.04375
0 0.5017680921052632 0.7359649122807017 0.0421875 0.04375
0 0.43984375 0.035416666666666666 0.0234375 0.029166666666666667
0 0.4990178571428571 0.01961309523809524 0.025 0.027083333333333334
0 0.353125 0.1 0.028125 0.0375
0 0.5227982954545454 0.010369318181818181 0.0296875 0.01875
0 0.36640625 0.010416666666666666 0.0234375 0.020833333333333332
1 0.57109375 0.13333333333333333 0.0890625 0.1125
1 0.3203125 0.21041666666666667 0.103125 0.09583333333333334
