0 0.2716468473451327 0.4272000983284169 0.0265625 0.0375
0 0.23828125 0.5770833333333333 0.0265625 0.0375
0 0.24275460657370518 0.85625 0.0265625 0.0375
0 0.19453125 0.8458333333333333 0.0265625 0.0375
0 0.08359375 0.80625 0.0265625 0.0375
0 0.02368981031128405 0.7378728923476005 0.0265625 0.0375
0 0.13515625 0.18958333333333333 0.0265625 0.0375
0 0.22265625 0.17361111111111113 0.0265625 0.038888888888888896
0 0.2784078663793103 0.11643318965517242 0.0265625 0.0375
0 0.2834757194244604 0.21890737410071942 0.0265625 0.0375
0 0.30360213926174495 0.31642897091722594 0.0265625 0.0375
0 0.28828125 0.42291666666666666 0.0265625 0.041666666666666664
0 0.5625710227272728 0.9128787878787878 0.0265625 0.0375
0 0.6395547326589595 0.5715016859344894 0.0265625 0.0375
0 0.48828125 0.86875 0.0265625 0.0375
0 0.95859375 0.9541666666666667 0.0234375 0.0375
0 0.8465977822580646 0.8453629032258064 0.0265625 0.0375
0 0.8372227822580646 0.9703629032258064 0.0265625 0.0375
0 0.8535030241935484 0.7505376344086021 0.0265625 0.0375
0 0.828125 0.43645833333333334 0.025 0.03958333333333333
0 0.8675722163865546 0.409375 0.025 0.03958333333333333
0 0.6674563512145749 0.1569078947368421 0.0265625 0.03333333333333333
0 0.7731342384318766 0.07210796915167096 0.0265625 0.03333333333333333
0 0.71015625 0.6354166666666666 0.0265625 0.03333333333333333
0 0.5873648966165413 0.500485588972431 0.0265625 0.03333333333333333
0 0.49765625 0.3990131578947368 0.0265625 0.03333333333333333
0 0.01328125 0.26848118279569894 0.0265625 0.03333333333333333
0 0.315625 0.4083333333333333 0.028125 0.0375
0 0.7729166666666667 0.5006944444444444 0.0265625 0.03333333333333333
0 0.9919625946969696 0.8016729797979798 0.012665719696969724 0.035416666666666666
0 0.73984375 0.7135416666666666 0.0296875 0.041666666666666664
0 0.58828125 0.11875 0.0296875 0.05
0 0.6015625 0.20625 0.025 0.04583333333333333
0 0.196875 0.4010416666666667 0.0359375 0.04583333333333333
0 0.03046875 0.24791666666666667 0.0328125 0.0375
0 0.85625 0.22395833333333334 0.0375 0.04375
0 0.5056229440789474 0.729968475877193 0.0421875 0.04375
1 0.57109375 0.13333333333333333 0.0890625 0.1125
1 0.3203125 0.21041666666666667 0.103125 0.09583333333333334
