0 0.26484375 0.4354166666666667 0.0265625 0.0375
0 0.23828125 0.5770833333333333 0.0265625 0.0375
0 0.24171874999999998 0.85625 0.0265625 0.0375
0 0.19453125 0.8458333333333333 0.0265625 0.0375
0 0.08359375 0.80625 0.0265625 0.0375
0 0.013573078793774318 0.7699092088197147 0.0265625 0.0375
0 0.13515625 0.18958333333333333 0.0265625 0.0375
0 0.301953125 0.25729166666666664 0.0265625 0.041666666666666664
0 0.24496875 0.1536 0.0265625 0.0375
0 0.2811375899280576 0.22202488009592328 0.0265625 0.0375
0 0.2703536184210526 0.3591008771929825 0.0265625 0.0375
0 0.01484375 0.583125 0.0234375 0.052083333333333336
0 0.5346460926061494 0.9743197901415325 0.0265625 0.0375
0 0.6275441449814126 0.6045229244114002 0.0265625 0.0375
0 0.48828125 0.86875 0.0265625 0.0375
0 0.84296875 0.85625 0.0265625 0.0375
0 0.83359375 0.98125 0.0265625 0.0375
0 0.8507295496323529 0.7541666666666667 0.0265625 0.0375
0 0.828125 0.43645833333333334 0.025 0.03958333333333333
0 0.8659335609243698 0.409375 0.025 0.03958333333333333
0 0.6596827651515151 0.19463383838383838 0.0265625 0.03333333333333333
0 0.7660360190763053 0.09136546184738956 0.0265625 0.03333333333333333
0 0.71015625 0.6354166666666666 0.0265625 0.03333333333333333
0 0.5572817270992367 0.549642175572519 0.029651717557251888 0.03333333333333333
0 0.4773954884105961 0.41397626931567333 0.0265625 0.03333333333333333
0 0.6614583333333333 0.51875 0.028125 0.0375
0 0.55546875 0.03125 0.0265625 0.029166666666666667
0 0.9657421875000001 0.8820833333333333 0.0234375 0.035416666666666666
0 0.58828125 0.11875 0.0296875 0.05
0 0.6015625 0.20625 0.025 0.04583333333333333
0 0.85625 0.22395833333333334 0.0375 0.04375
0 0.86203125 0.17770833333333333 0.0328125 0.04375
0 0.4946734678398058 0.7466853762135923 0.0421875 0.04375
0 0.5028994845360825 0.02913445017182131 0.025 0.027083333333333338
0 0.5090198863636364 0.014962121212121211 0.0296875 0.01875
0 0.36479334677419356 0.03397177419354838 0.0234375 0.02708333333333333
1 0.57109375 0.13333333333333333 0.0890625 0.1125
1 0.3203125 0.21041666666666667 0.103125 0.09583333333333334
