0 0.26484375 0.4354166666666667 0.0265625 0.0375
0 0.23828125 0.5770833333333333 0.0265625 0.0375
0 0.24206237549800796 0.85625 0.0265625 0.0375
0 0.19453125 0.8458333333333333 0.0265625 0.0375
0 0.08359375 0.80625 0.0265625 0.0375
0 0.016929109922178987 0.7592817769131 0.0265625 0.0375
0 0.13515625 0.18958333333333333 0.0265625 0.0375
0 0.253515625 0.21197916666666666 0.0265625 0.041666666666666664
0 0.25224609375 0.141796875 0.0265625 0.0375
0 0.2819132194244604 0.22099070743405275 0.0265625 0.0375
0 0.2802570966135458 0.3440322045152723 0.0265625 0.0375
0 0.12281249999999999 0.5183333333333333 0.028125 0.05
0 0.53583984375 0.9685908564814815 0.0265625 0.0375
0 0.6326734639830509 0.5919844632768361 0.0265625 0.0375
0 0.48828125 0.86875 0.0265625 0.0375
0 0.8441608958625526 0.8526735624123422 0.0265625 0.0375
0 0.8347858958625526 0.9776735624123422 0.0265625 0.0375
0 0.8516753593969144 0.7529745208041141 0.0265625 0.0375
0 0.828125 0.43645833333333334 0.025 0.03958333333333333
0 0.8664771533613445 0.409375 0.025 0.03958333333333333
0 0.6617525703463204 0.18213383838383837 0.0265625 0.03333333333333333
0 0.769499874497992 0.08443775100401606 0.0265625 0.03333333333333333
0 0.71015625 0.6354166666666666 0.0265625 0.03333333333333333
0 0.5688036736641221 0.533182251908397 0.02800572519083975 0.033333333333333395
0 0.4836119892996109 0.4060392347600519 0.0265625 0.03333333333333333
0 0.5682291666666667 0.5090277777777777 0.028125 0.0375
0 0.70703125 0.09583333333333334 0.0265625 0.03333333333333333
0 0.97578125 0.8572916666666667 0.0234375 0.035416666666666666
0 0.58828125 0.11875 0.0296875 0.05
0 0.6015625 0.20625 0.025 0.04583333333333333
0 0.85625 0.22395833333333334 0.0375 0.04375
0 0.9453125 0.290625 0.0390625 0.041666666666666664
0 0.4970497532894737 0.7433045504385964 0.0421875 0.04375
0 0.5035714285714286 0.02366071428571429 0.025 0.027083333333333334
0 0.16041666666666668 0.28541666666666665 0.028125 0.0375
0 0.5155539772727272 0.01278409090909091 0.0296875 0.01875
0 0.3681026785714286 0.021629464285714287 0.0234375 0.026949404761904765
1 0.57109375 0.13333333333333333 0.0890625 0.1125
1 0.3203125 0.21041666666666667 0.103125 0.09583333333333334
