0 0.26484375 0.4354166666666667 0.0265625 0.0375
0 0.23828125 0.5770833333333333 0.0265625 0.0375
0 0.24011765438247012 0.85625 0.0265625 0.0375
0 0.19453125 0.8458333333333333 0.0265625 0.0375
0 0.08359375 0.80625 0.0265625 0.0375
0 0.13515625 0.18958333333333333 0.0265625 0.0375
0 0.234375 0.2125 0.0265625 0.041666666666666664
0 0.21091704842931938 0.18789267015706806 0.0265625 0.0375
0 0.2658203125 0.25958333333333333 0.0265625 0.0375
0 0.22123579545454547 0.3971590909090909 0.0265625 0.0375
0 0.53984375 0.98125 0.0265625 0.0375
0 0.629520789748954 0.608036959553696 0.0265625 0.0375
0 0.48828125 0.86875 0.0265625 0.0375
0 0.84296875 0.85625 0.0265625 0.0375
0 0.83359375 0.98125 0.0265625 0.0375
0 0.84140625 0.7723039215686274 0.0265625 0.0375
0 0.828125 0.43645833333333334 0.025 0.03958333333333333
0 0.8640625 0.409375 0.025 0.03958333333333333
0 0.6285453954965358 0.2385152040030793 0.0265625 0.03333333333333333
0 0.7371035447761194 0.14527363184079603 0.0265625 0.03333333333333333
0 0.71015625 0.6354166666666666 0.0265625 0.03333333333333333
0 0.4991137079831933 0.6088060224089635 0.0296875 0.03333333333333333
0 0.45914945083682007 0.46624825662482566 0.0265625 0.03333333333333333
0 0.58828125 0.11875 0.0296875 0.05
0 0.6015625 0.20625 0.025 0.04583333333333333
0 0.85625 0.22395833333333334 0.0375 0.04375
0 0.4861385012135922 0.7580653317152104 0.0421875 0.04375
0 0.7281589673913044 0.9297554347826087 0.0296875 0.03958333333333333
0 0.21692708333333335 0.8024305555555556 0.025 0.03958333333333333
0 0.4822682240704501 0.0496840345727332 0.025 0.027083333333333334
0 0.5094734251968503 0.02838746719160105 0.0296875 0.03125
0 0.35703125 0.06354166666666666 0.0234375 0.027083333333333334
0 0.759375 0.303125 0.034375 0.03958333333333333
0 0.9743247767857142 0.034174107142857145 0.0237611607142858 0.034627976190476195
1 0.57109375 0.13333333333333333 0.0890625 0.1125
1 0.3203125 0.21041666666666667 0.103125 0.09583333333333334
