0 0.26484375 0.4354166666666667 0.0265625 0.0375
0 0.23828125 0.5770833333333333 0.0265625 0.0375
0 0.241663969123506 0.85625 0.0265625 0.0375
0 0.19453125 0.8458333333333333 0.0265625 0.0375
0 0.08359375 0.80625 0.0265625 0.0375
0 0.012556378865979382 0.7724441580756013 0.025112757731958764 0.0368556701030928
0 0.13515625 0.18958333333333333 0.0265625 0.0375
0 0.30796875 0.25666666666666665 0.0265625 0.04166666666666664
0 0.24451041666666667 0.15506666666666666 0.0265625 0.0375
0 0.2810139388489209 0.22218974820143883 0.0265625 0.0375
0 0.26798592032967034 0.36110347985347985 0.0265625 0.0375
0 0.5348474103221084 0.9745882137628111 0.0265625 0.0375
0 0.6277358271375465 0.6048636926889714 0.0265625 0.0375
0 0.48828125 0.86875 0.0265625 0.0375
0 0.84296875 0.85625 0.0265625 0.0375
0 0.83359375 0.98125 0.0265625 0.0375
0 0.8501608455882353 0.7541666666666667 0.0265625 0.0375
0 0.828125 0.43645833333333334 0.025 0.03958333333333333
0 0.8658469012605042 0.409375 0.025 0.03958333333333333
0 0.6591619318181818 0.20018939393939394 0.0265625 0.03333333333333333
0 0.7654838102409639 0.0924698795180723 0.0265625 0.03333333333333333
0 0.71015625 0.6354166666666666 0.0265625 0.03333333333333333
0 0.555590109223301 0.5542273462783172 0.0296875 0.03333333333333333
0 0.47648489238410596 0.4154939293598234 0.0265625 0.03333333333333333
0 0.6515625 0.5083333333333333 0.028125 0.0375
0 0.9632291666666667 0.8867361111111111 0.0234375 0.035416666666666666
0 0.58828125 0.11875 0.0296875 0.05
0 0.6015625 0.20625 0.025 0.04583333333333333
0 0.85625 0.22395833333333334 0.0375 0.04375
0 0.851953125 0.15260416666666668 0.0328125 0.0375
0 0.4943814472087379 0.7470747370550161 0.0421875 0.04375
0 0.5013638316151202 0.03055197594501718 0.025 0.027083333333333334
0 0.5079782196969698 0.015309343434343432 0.0296875 0.01875
0 0.36427587365591396 0.03594310035842294 0.0234375 0.027083333333333334
1 0.57109375 0.13333333333333333 0.0890625 0.1125
1 0.3203125 0.21041666666666667 0.103125 0.09583333333333334
