0 0.26484375 0.4354166666666667 0.0265625 0.0375
0 0.23828125 0.5770833333333333 0.0265625 0.0375
0 0.24038906872509963 0.85625 0.0265625 0.0375
0 0.19453125 0.8458333333333333 0.0265625 0.0375
0 0.08359375 0.80625 0.0265625 0.0375
0 0.13515625 0.18958333333333333 0.0265625 0.0375
0 0.28272569444444445 0.20277777777777778 0.0265625 0.041666666666666664
0 0.217578125 0.17760416666666667 0.0265625 0.0375
0 0.2682674632352941 0.2508884803921569 0.0265625 0.037500000000000026
0 0.22783203125 0.3878038194444445 0.0265625 0.0375
0 0.5395326226207906 0.9808351634943875 0.0265625 0.0375
0 0.6316586035564853 0.6118375174337518 0.0265625 0.0375
0 0.48828125 0.86875 0.0265625 0.0375
0 0.84296875 0.85625 0.0265625 0.0375
0 0.83359375 0.98125 0.0265625 0.0375
0 0.8369255514705882 0.7541666666666667 0.0265625 0.0375
0 0.828125 0.43645833333333334 0.025 0.03958333333333333
0 0.8640625 0.409375 0.025 0.03958333333333333
0 0.6297253897228637 0.23746632024634334 0.0265625 0.03333333333333333
0 0.7510844216417911 0.12493781094527365 0.0265625 0.03333333333333335
0 0.71015625 0.6354166666666666 0.0265625 0.03333333333333333
0 0.5098476890756303 0.6030812324929972 0.0296875 0.03333333333333333
0 0.45986205543933056 0.45769700139470015 0.0265625 0.03333333333333333
0 0.9106266801075268 0.9922603046594981 0.026428091397849407 0.015479390681003598
0 0.58828125 0.11875 0.0296875 0.05
0 0.6015625 0.20625 0.025 0.04583333333333333
0 0.85625 0.22395833333333334 0.0375 0.04375
0 0.48758533070388343 0.7561362257281554 0.0421875 0.04375
0 0.8100142045454545 0.8565340909090909 0.029687499999999912 0.03958333333333333
0 0.18203125 0.8510416666666667 0.025 0.03958333333333333
0 0.027187499999999996 0.8464583333333333 0.03125 0.03958333333333333
0 0.48326810176125246 0.04835086431833007 0.025 0.027083333333333334
0 0.5088029035433072 0.026599409448818896 0.0296875 0.03125
0 0.35703125 0.06354166666666666 0.0234375 0.027083333333333334
0 0.78828125 0.178125 0.030729166666666696 0.03958333333333333
0 0.9797991071428573 0.025793650793650796 0.02254464285714288 0.029761904761904767
1 0.57109375 0.13333333333333333 0.0890625 0.1125
1 0.3203125 0.21041666666666667 0.103125 0.09583333333333334
