0 0.26484375 0.4354166666666667 0.0265625 0.0375
0 0.23828125 0.5770833333333333 0.0265625 0.0375
0 0.24059076195219126 0.85625 0.0265625 0.0375
0 0.19453125 0.8458333333333333 0.0265625 0.0375
0 0.08359375 0.80625 0.0265625 0.0375
0 0.13515625 0.18958333333333333 0.0265625 0.0375
0 0.296875 0.21770833333333334 0.0265625 0.041666666666666664
0 0.2252155172413793 0.17323994252873565 0.0265625 0.0375
0 0.26919806985294115 0.24716605392156862 0.0265625 0.0375
0 0.23236328125 0.3838802083333333 0.0265625 0.0375
0 0.5387914073938507 0.9798468765251341 0.0265625 0.0375
0 0.6314910548327137 0.6115396530359355 0.0265625 0.0375
0 0.48828125 0.86875 0.0265625 0.0375
0 0.84296875 0.85625 0.0265625 0.0375
0 0.83359375 0.98125 0.0265625 0.0375
0 0.8390194163602942 0.7541666666666667 0.0265625 0.0375
0 0.828125 0.43645833333333334 0.025 0.03958333333333333
0 0.8641491596638655 0.409375 0.025 0.03958333333333333
0 0.6306022661662818 0.23668687451886067 0.0265625 0.03333333333333333
0 0.7545509178321679 0.11567599067599069 0.0265625 0.03333333333333333
0 0.71015625 0.6354166666666666 0.0265625 0.03333333333333333
0 0.5159676535087719 0.6009502923976608 0.0296875 0.03333333333333333
0 0.4609714673913044 0.45054347826086955 0.0265625 0.03333333333333333
0 0.9201528897849462 0.983187724014337 0.023706317204301185 0.03362455197132614
0 0.58828125 0.11875 0.0296875 0.05
0 0.6015625 0.20625 0.025 0.04583333333333333
0 0.85625 0.22395833333333334 0.0375 0.04375
0 0.48866049757281554 0.7547026699029126 0.0421875 0.04375
0 0.85078125 0.759375 0.0296875 0.03958333333333333
0 0.1378125 0.888125 0.025 0.03958333333333333
0 0.13854166666666667 0.9052083333333333 0.03125 0.03958333333333333
0 0.48401113013698627 0.0473601598173516 0.025 0.027083333333333334
0 0.508304625984252 0.02527066929133858 0.0296875 0.03125
0 0.35703125 0.06354166666666666 0.0234375 0.027083333333333334
0 0.7345703125 0.08515625 0.0296875 0.03333333333333333
0 0.9838671874999999 0.01956597222222222 0.021640625000000035 0.02614583333333333
1 0.57109375 0.13333333333333333 0.0890625 0.1125
1 0.3203125 0.21041666666666667 0.103125 0.09583333333333334
