0 0.27333379424778764 0.4212020648967552 0.0265625 0.0375
0 0.23828125 0.5781396713615023 0.0265625 0.0375
0 0.2434969190140845 0.8548415492957747 0.0265625 0.0375
0 0.19453125 0.8458333333333333 0.0265625 0.0375
0 0.08359375 0.80625 0.0265625 0.0375
0 0.02657350352112676 0.7305457746478873 0.0265625 0.0375
0 0.13515625 0.18958333333333333 0.0265625 0.0375
0 0.21796875 0.16494565217391305 0.0265625 0.0375
0 0.29401939655172415 0.10657327586206897 0.0265625 0.0375
0 0.2841614208633093 0.21799310551558754 0.0265625 0.0375
0 0.3122469190140845 0.30936032863849766 0.0265625 0.0375
0 0.36796875 0.3340277777777778 0.0265625 0.041666666666666664
0 0.5737345950704225 0.8884976525821596 0.0265625 0.0375
0 0.6428603684971098 0.5678287572254335 0.0265625 0.0375
0 0.48828125 0.86875 0.0265625 0.0375
0 0.73984375 0.8333333333333334 0.0234375 0.0375
0 0.8476672072230015 0.8421546283309957 0.0265625 0.0375
0 0.8382922072230015 0.9671546283309957 0.0265625 0.0375
0 0.8543050929172511 0.7494682094436652 0.0265625 0.0375
0 0.990625 0.8756944444444444 0.01875 0.041666666666666664
0 0.828125 0.43645833333333334 0.025 0.03958333333333333
0 0.8680527836134454 0.409375 0.025 0.03958333333333333
0 0.61328125 0.11145833333333334 0.0234375 0.035416666666666666
0 0.6703953052995392 0.14446044546851 0.0265625 0.03333333333333335
0 0.7716641227506427 0.06818766066838046 0.0265625 0.03333333333333333
0 0.7106844190140845 0.6361208920187793 0.0265625 0.03333333333333333
0 0.5908780809859155 0.4912852112676056 0.0265625 0.03333333333333333
0 0.4981844190140845 0.3885269953051643 0.0265625 0.03333333333333333
0 0.0140625 0.6319444444444444 0.021875 0.0375
0 0.014415922619047616 0.24149305555555556 0.0265625 0.03333333333333333
0 0.196875 0.29791666666666666 0.028125 0.0375
0 0.76328125 0.6395833333333333 0.0265625 0.03333333333333333
0 0.9922746930803571 0.7761579241071428 0.015450613839285764 0.03497953869047616
0 0.6447916666666667 0.5142361111111111 0.025 0.03333333333333333
0 0.58828125 0.11875 0.0296875 0.05
0 0.6015625 0.20625 0.025 0.04583333333333333
0 0.24765625 0.575 0.0359375 0.04583333333333333
0 0.32734375 0.4791666666666667 0.0328125 0.0375
0 0.85625 0.22395833333333334 0.0375 0.04375
0 0.5093852796052631 0.7241159539473684 0.0421875 0.04375
1 0.57109375 0.13333333333333333 0.0890625 0.1125
1 0.3203125 0.21041666666666667 0.103125 0.09583333333333334
