0 0.26484375 0.4354166666666667 0.0265625 0.0375
0 0.23828125 0.5770833333333333 0.0265625 0.0375
0 0.24184325199203188 0.85625 0.0265625 0.0375
0 0.19453125 0.8458333333333333 0.0265625 0.0375
0 0.08359375 0.80625 0.0265625 0.0375
0 0.014789032101167315 0.7660586900129702 0.0265625 0.0375
0 0.13515625 0.18958333333333333 0.0265625 0.0375
0 0.28359375 0.2423611111111111 0.0265625 0.041666666666666664
0 0.24601041666666665 0.15026666666666666 0.0265625 0.0375
0 0.28141861510791366 0.22165017985611513 0.0265625 0.0375
0 0.27378015350877194 0.3536184210526316 0.0265625 0.0375
0 0.04583333333333334 0.548611111111111 0.028125000000000004 0.04999999999999994
0 0.5341885523426061 0.9737097364568081 0.0265625 0.0375
0 0.6285950741525423 0.6013064971751413 0.0265625 0.0375
0 0.48828125 0.86875 0.0265625 0.0375
0 0.8433895073632538 0.8549877279102385 0.0265625 0.0375
0 0.8340145073632538 0.9799877279102385 0.0265625 0.0375
0 0.8510968180224404 0.7537459093034129 0.0265625 0.0375
0 0.828125 0.43645833333333334 0.025 0.03958333333333333
0 0.8661305147058824 0.409375 0.025 0.03958333333333333
0 0.6605620941558442 0.18768939393939393 0.0265625 0.03333333333333333
0 0.7672910391566264 0.08885542168674698 0.0265625 0.03333333333333333
0 0.71015625 0.6354166666666666 0.0265625 0.03333333333333333
0 0.5614563454198473 0.5436784351145039 0.02905534351145036 0.03333333333333333
0 0.4794650248344371 0.41052704194260486 0.0265625 0.03333333333333333
0 0.65 0.5697916666666667 0.028125 0.0375
0 0.6184895833333333 0.05138888888888889 0.0265625 0.033333333333333326
0 0.9726943597560975 0.8702489837398375 0.0234375 0.035416666666666666
0 0.58828125 0.11875 0.0296875 0.05
0 0.6015625 0.20625 0.025 0.04583333333333333
0 0.85625 0.22395833333333334 0.0375 0.04375
0 0.9125 0.20520833333333333 0.0328125 0.04375
0 0.495337151092233 0.745800465210356 0.0421875 0.04375
0 0.5061904761904762 0.025988756613756613 0.025 0.027083333333333334
0 0.03359375 0.271875 0.0296875 0.03958333333333333
0 0.5113873106060607 0.014172979797979797 0.0296875 0.01875
0 0.36596942204301075 0.029491487455197134 0.0234375 0.027083333333333334
1 0.57109375 0.13333333333333333 0.0890625 0.1125
1 0.3203125 0.21041666666666667 0.103125 0.09583333333333334
