0 0.2691939702643172 0.4310664464023495 0.0265625 0.0375
0 0.23828125 0.5770833333333333 0.0265625 0.0375
0 0.24248319223107567 0.85625 0.0265625 0.0375
0 0.19453125 0.8458333333333333 0.0265625 0.0375
0 0.08359375 0.80625 0.0265625 0.0375
0 0.021039032101167317 0.7462670233463036 0.0265625 0.0375
0 0.13515625 0.18958333333333333 0.0265625 0.0375
0 0.22203124999999999 0.18291666666666667 0.0265625 0.041666666666666664
0 0.2646240234375 0.12529296875 0.0265625 0.0375
0 0.28286308453237413 0.2197242206235012 0.0265625 0.0375
0 0.293933640438247 0.32579681274900396 0.0265625 0.0375
0 0.19375 0.5201388888888889 0.028125 0.04583333333333339
0 0.5521264486754967 0.9358995584988963 0.0265625 0.0375
0 0.63828125 0.5764393939393939 0.0265625 0.0375
0 0.48828125 0.86875 0.0265625 0.0375
0 0.8456423124123422 0.8482293127629733 0.0265625 0.0375
0 0.8362673124123422 0.9732293127629733 0.0265625 0.0375
0 0.8527864218092567 0.7514931042543245 0.0265625 0.0375
0 0.828125 0.43645833333333334 0.025 0.03958333333333333
0 0.8671428571428571 0.409375 0.025 0.03958333333333333
0 0.664698254048583 0.16885964912280702 0.0265625 0.03333333333333333
0 0.7737418423694779 0.07595381526104418 0.0265625 0.03333333333333334
0 0.71015625 0.6354166666666666 0.0265625 0.03333333333333333
0 0.5816335227272728 0.5123863636363636 0.0265625 0.03333333333333333
0 0.49388679474708175 0.4046692607003891 0.0265625 0.03333333333333333
0 0.008733552631578947 0.2843421052631579 0.017467105263157895 0.03333333333333333
0 0.396875 0.4666666666666667 0.028125 0.0375
0 0.76484375 0.30833333333333335 0.0265625 0.03333333333333333
0 0.9837910353535353 0.8246106902356902 0.018686868686868686 0.035416666666666666
0 0.796875 0.91875 0.0390625 0.041666666666666664
0 0.58828125 0.11875 0.0296875 0.05
0 0.6015625 0.20625 0.025 0.04583333333333333
0 0.13046875 0.22447916666666667 0.0359375 0.04583333333333333
0 0.85625 0.22395833333333334 0.0375 0.04375
0 0.5022615131578948 0.7351973684210527 0.0421875 0.04375
0 0.41171875 0.11101190476190476 0.0234375 0.029166666666666667
0 0.49854166666666666 0.019189814814814816 0.025 0.027083333333333334
0 0.371875 0.05041666666666667 0.028125 0.037500000000000006
0 0.5235558712121212 0.010116792929292929 0.0296875 0.01875
1 0.57109375 0.13333333333333333 0.0890625 0.1125
1 0.3203125 0.21041666666666667 0.103125 0.09583333333333334
