0 0.26484375 0.4354166666666667 0.0265625 0.0375
0 0.23828125 0.5770833333333333 0.0265625 0.0375
0 0.24168388944223107 0.85625 0.0265625 0.0375
0 0.19453125 0.8458333333333333 0.0265625 0.0375
0 0.08359375 0.80625 0.0265625 0.0375
0 0.013136275773195876 0.771155498281787 0.026272551546391753 0.037371134020618514
0 0.13515625 0.18958333333333333 0.0265625 0.0375
0 0.3021205357142857 0.24851190476190474 0.0265625 0.04166666666666664
0 0.24467708333333332 0.15453333333333333 0.0265625 0.0375
0 0.28105890287769786 0.22212979616306955 0.0265625 0.0375
0 0.26922218406593407 0.3605540293040293 0.0265625 0.0375
0 0.5347742038799415 0.9744906051732553 0.0265625 0.0375
0 0.627666124535316 0.6047397769516729 0.0265625 0.0375
0 0.48828125 0.86875 0.0265625 0.0375
0 0.84296875 0.85625 0.0265625 0.0375
0 0.83359375 0.98125 0.0265625 0.0375
0 0.8503676470588235 0.7541666666666667 0.0265625 0.0375
0 0.828125 0.43645833333333334 0.025 0.03958333333333333
0 0.8658784138655463 0.409375 0.025 0.03958333333333333
0 0.6593513257575758 0.19816919191919194 0.0265625 0.03333333333333333
0 0.7656846134538153 0.09206827309236948 0.0265625 0.03333333333333333
0 0.71015625 0.6354166666666666 0.0265625 0.03333333333333333
0 0.5561969053398058 0.5524474110032362 0.0296875 0.03333333333333333
0 0.4768160182119205 0.4149420529801324 0.0265625 0.03333333333333333
0 0.66796875 0.5041666666666667 0.028125 0.0375
0 0.54453125 0.02256944444444444 0.0203125 0.027083333333333334
0 0.9641015625 0.885 0.0234375 0.035416666666666666
0 0.58828125 0.11875 0.0296875 0.05
0 0.6015625 0.20625 0.025 0.04583333333333333
0 0.85625 0.22395833333333334 0.0375 0.04375
0 0.87109375 0.13666666666666666 0.0328125 0.037499999999999985
0 0.4944876365291262 0.7469331512944984 0.0421875 0.04375
0 0.5019222508591066 0.03003651202749141 0.025 0.027083333333333334
0 0.5083570075757576 0.01518308080808081 0.0296875 0.01875
0 0.3644640456989247 0.03522625448028673 0.0234375 0.02708333333333333
1 0.57109375 0.13333333333333333 0.0890625 0.1125
1 0.3203125 0.21041666666666667 0.103125 0.09583333333333334
