0 0.26484375 0.4354166666666667 0.0265625 0.0375
0 0.23828125 0.5770833333333333 0.0265625 0.0375
0 0.24051606075697213 0.85625 0.0265625 0.0375
0 0.19453125 0.8458333333333333 0.0265625 0.0375
0 0.08359375 0.80625 0.0265625 0.0375
0 0.13515625 0.18958333333333333 0.0265625 0.0375
0 0.29140625 0.20833333333333334 0.0265625 0.041666666666666664
0 0.22238685344827586 0.17485632183908045 0.0265625 0.0375
0 0.2688534007352941 0.24854473039215688 0.0265625 0.037500000000000026
0 0.23060546875000001 0.3846614583333333 0.0265625 0.0375
0 0.5390659315519766 0.9802129087359688 0.0265625 0.0375
0 0.6317524395910781 0.6120043370508055 0.0265625 0.0375
0 0.48828125 0.86875 0.0265625 0.0375
0 0.84296875 0.85625 0.0265625 0.0375
0 0.83359375 0.98125 0.0265625 0.0375
0 0.8382439108455882 0.7541666666666667 0.0265625 0.0375
0 0.828125 0.43645833333333334 0.025 0.03958333333333333
0 0.8640625 0.409375 0.025 0.03958333333333333
0 0.6302774971131639 0.23697555812163204 0.0265625 0.03333333333333333
0 0.7542231206293707 0.1182983682983683 0.0265625 0.03333333333333333
0 0.71015625 0.6354166666666666 0.0265625 0.03333333333333333
0 0.5139117324561403 0.6014985380116958 0.0296875 0.03333333333333333
0 0.4602921195652174 0.45356280193236714 0.0265625 0.03333333333333333
0 0.9166246639784946 0.9865479390681002 0.02471438172043001 0.026904121863799327
0 0.58828125 0.11875 0.0296875 0.05
0 0.6015625 0.20625 0.025 0.04583333333333333
0 0.85625 0.22395833333333334 0.0375 0.04375
0 0.4882622876213592 0.7552336165048544 0.0421875 0.04375
0 0.8364062499999999 0.7960416666666668 0.0296875 0.03958333333333333
0 0.1572265625 0.8510416666666667 0.025 0.03958333333333333
0 0.08828125 0.875 0.03125 0.03958333333333333
0 0.48373593444227003 0.04772708741030659 0.025 0.027083333333333334
0 0.5084891732283465 0.02576279527559055 0.0296875 0.031249999999999997
0 0.35703125 0.06354166666666666 0.0234375 0.027083333333333334
0 0.763671875 0.12083333333333333 0.02421875 0.03333333333333333
0 0.9823604910714285 0.021872519841269842 0.02197544642857139 0.027485119047619046
1 0.57109375 0.13333333333333333 0.0890625 0.1125
1 0.3203125 0.21041666666666667 0.103125 0.09583333333333334
