0 0.26484375 0.4354166666666667 0.0265625 0.0375
0 0.23828125 0.5770833333333333 0.0265625 0.0375
0 0.24027452689243028 0.85625 0.0265625 0.0375
0 0.19453125 0.8458333333333333 0.0265625 0.0375
0 0.08359375 0.80625 0.0265625 0.0375
0 0.13515625 0.18958333333333333 0.0265625 0.0375
0 0.266015625 0.19479166666666667 0.0265625 0.041666666666666664
0 0.2140093259162304 0.18102094240837696 0.0265625 0.0375
0 0.2675464527027027 0.2537725225225225 0.0265625 0.0375
0 0.2255859375 0.3927951388888889 0.0265625 0.0375
0 0.53984375 0.98125 0.0265625 0.0375
0 0.6307564069037657 0.6102336122733613 0.0265625 0.0375
0 0.48828125 0.86875 0.0265625 0.0375
0 0.84296875 0.85625 0.0265625 0.0375
0 0.83359375 0.98125 0.0265625 0.0375
0 0.8399573863636365 0.7628030303030303 0.0265625 0.0375
0 0.828125 0.43645833333333334 0.025 0.03958333333333333
0 0.8640625 0.409375 0.025 0.03958333333333333
0 0.6292274105080831 0.23790896843725942 0.0265625 0.03333333333333333
0 0.7451842350746268 0.13351990049751242 0.0265625 0.03333333333333332
0 0.71015625 0.6354166666666666 0.0265625 0.03333333333333333
0 0.5053177521008403 0.6054971988795519 0.0296875 0.03333333333333333
0 0.45956132322175736 0.46130578800557875 0.0265625 0.03333333333333333
0 0.58828125 0.11875 0.0296875 0.05
0 0.6015625 0.20625 0.025 0.04583333333333333
0 0.85625 0.22395833333333334 0.0375 0.04375
0 0.4869747421116505 0.7569503438511327 0.0421875 0.04375
0 0.77265625 0.8980654761904762 0.0296875 0.03958333333333333
0 0.20044642857142855 0.8459821428571428 0.024999999999999977 0.03958333333333333
0 0.48284613502935425 0.04891348662752772 0.025 0.027083333333333334
0 0.5090858759842519 0.027354002624671914 0.0296875 0.031249999999999997
0 0.35703125 0.06354166666666666 0.0234375 0.027083333333333334
0 0.7520833333333333 0.22604166666666667 0.034375 0.03958333333333333
0 0.9774888392857143 0.029330357142857144 0.02305803571428573 0.03181547619047619
1 0.57109375 0.13333333333333333 0.0890625 0.1125
1 0.3203125 0.21041666666666667 0.103125 0.09583333333333334
