0 0.2756291482300885 0.4130408062930187 0.0265625 0.0375
0 0.23828125 0.5830105633802817 0.0265625 0.0375
0 0.2459323650234742 0.8483470266040688 0.0265625 0.0375
0 0.19453125 0.8458333333333333 0.0265625 0.0375
0 0.08359375 0.80625 0.0265625 0.0375
0 0.030226672535211267 0.7272985133020344 0.0265625 0.0375
0 0.13515625 0.18958333333333333 0.0265625 0.0375
0 0.19175347222222222 0.10717592592592592 0.0265625 0.0375
0 0.31354658018867926 0.09461477987421384 0.0265625 0.0375
0 0.28509442446043165 0.21674910071942446 0.0265625 0.0375
0 0.3146823650234742 0.30448943661971833 0.0265625 0.0375
0 0.4533854166666667 0.10972222222222222 0.0265625 0.0375
0 0.5859118251173709 0.8738849765258216 0.0265625 0.0375
0 0.647358200867052 0.5628311657032755 0.0265625 0.0375
0 0.48828125 0.86875 0.0265625 0.0375
0 0.44140625 0.7527777777777778 0.0265625 0.0375
0 0.8491223264375878 0.8377892706872371 0.0265625 0.0375
0 0.8397473264375878 0.9627892706872371 0.0265625 0.0375
0 0.8553964323281906 0.748013090229079 0.0265625 0.0375
0 0.86484375 0.6409722222222223 0.0265625 0.0375
0 0.828125 0.43645833333333334 0.025 0.03958333333333333
0 0.8687066701680672 0.409375 0.025 0.03958333333333333
0 0.678125 0.19036458333333334 0.0234375 0.03333333333333333
0 0.6739811347926267 0.13011712749615975 0.0265625 0.03333333333333333
0 0.73984375 0.12291666666666666 0.0265625 0.03333333333333333
0 0.7696638014138817 0.062853470437018 0.0265625 0.03333333333333333
0 0.7131198650234742 0.6393681533646323 0.0265625 0.03333333333333333
0 0.5884426349765258 0.4799197965571205 0.0265625 0.03333333333333333
0 0.5006198650234742 0.383656103286385 0.0265625 0.03333333333333333
0 0.19921875 0.6197916666666666 0.0265625 0.03333333333333333
0 0.015436422413793106 0.2153735632183908 0.0265625 0.03333333333333333
0 0.040625 0.20572916666666666 0.0265625 0.03333333333333333
0 0.7489583333333334 0.9770833333333333 0.022916666666666696 0.03333333333333333
0 0.66953125 0.9666666666666667 0.0265625 0.03333333333333333
0 0.73046875 0.8447916666666667 0.0265625 0.03333333333333333
0 0.9870640345982142 0.7692103794642856 0.025871930803571353 0.03343563988095243
0 0.5637152777777777 0.21886574074074075 0.025 0.035416666666666666
0 0.58828125 0.11875 0.0296875 0.05
0 0.6015625 0.20625 0.025 0.04583333333333333
0 0.38203125 0.7864583333333334 0.0328125 0.035416666666666666
0 0.809375 0.6708333333333333 0.028125 0.03333333333333333
0 0.85625 0.22395833333333334 0.0375 0.04375
0 0.5145045230263158 0.7161526864035088 0.0421875 0.04375
