0 0.27218611725663716 0.4252826941986234 0.0265625 0.0375
0 0.23828125 0.5770833333333333 0.0265625 0.0375
0 0.24285171812749 0.85625 0.0265625 0.0375
0 0.19453125 0.8458333333333333 0.0265625 0.0375
0 0.08359375 0.80625 0.0265625 0.0375
0 0.024638253891050583 0.7348694876783398 0.0265625 0.0375
0 0.13515625 0.18958333333333333 0.0265625 0.0375
0 0.2213092672413793 0.17708333333333334 0.0265625 0.0375
0 0.2833984375 0.11328125 0.0265625 0.0375
0 0.2836949190647482 0.21861510791366906 0.0265625 0.0375
0 0.307282927852349 0.3137024608501119 0.0265625 0.0375
0 0.31015625 0.39166666666666666 0.0265625 0.041666666666666664
0 0.5680338541666667 0.9018663194444444 0.0265625 0.0375
0 0.6406114523121388 0.5703275529865125 0.0265625 0.0375
0 0.48828125 0.86875 0.0265625 0.0375
0 0.88828125 0.88125 0.0234375 0.0375
0 0.8469396476157083 0.8443373071528751 0.0265625 0.0375
0 0.8375646476157084 0.9693373071528751 0.0265625 0.0375
0 0.8537594232117811 0.7501957690509583 0.0265625 0.0375
0 0.828125 0.43645833333333334 0.025 0.03958333333333333
0 0.8677258403361344 0.409375 0.025 0.03958333333333333
0 0.668443193319838 0.1526315789473684 0.0265625 0.03333333333333333
0 0.7726642834190232 0.0708547557840617 0.0265625 0.033333333333333326
0 0.71015625 0.6354166666666666 0.0265625 0.03333333333333333
0 0.5891976033834586 0.4974310776942356 0.0265625 0.03333333333333333
0 0.49765625 0.39473684210526316 0.0265625 0.03333333333333333
0 0.01328125 0.257997311827957 0.0265625 0.03333333333333333
0 0.2734375 0.3854166666666667 0.028125 0.0375
0 0.76953125 0.5479166666666667 0.0265625 0.03333333333333333
0 0.99296875 0.7895833333333333 0.0125 0.035416666666666666
0 0.72109375 0.6291666666666667 0.0296875 0.041666666666666664
0 0.58828125 0.11875 0.0296875 0.05
0 0.6015625 0.20625 0.025 0.04583333333333333
0 0.24401041666666665 0.4402777777777778 0.0359375 0.04583333333333333
0 0.10651041666666668 0.3229166666666667 0.03281250000000001 0.0375
0 0.85625 0.22395833333333334 0.0375 0.04375
0 0.5068256578947368 0.7280975877192983 0.0421875 0.04375
1 0.57109375 0.13333333333333333 0.0890625 0.1125
1 0.3203125 0.21041666666666667 0.103125 0.09583333333333334
