0 0.26561467511013215 0.43464574155653446 0.0265625 0.0375
0 0.23828125 0.5770833333333333 0.0265625 0.0375
0 0.24215948705179283 0.85625 0.0265625 0.0375
0 0.19453125 0.8458333333333333 0.0265625 0.0375
0 0.08359375 0.80625 0.0265625 0.0375
0 0.017877553501945524 0.7562783722438392 0.0265625 0.0375
0 0.13515625 0.18958333333333333 0.0265625 0.0375
0 0.24710937500000002 0.19208333333333333 0.0265625 0.041666666666666664
0 0.2551025390625 0.13798828125 0.0265625 0.0375
0 0.2821324190647482 0.2206984412470024 0.0265625 0.0375
0 0.2834132221115538 0.339824037184595 0.0265625 0.0375
0 0.135625 0.5283333333333334 0.028125 0.05000000000000006
0 0.5396484375 0.9612557870370371 0.0265625 0.0375
0 0.6344809322033897 0.5878531073446328 0.0265625 0.0375
0 0.48828125 0.86875 0.0265625 0.0375
0 0.8445027612201963 0.8516479663394109 0.0265625 0.0375
0 0.8351277612201964 0.9766479663394109 0.0265625 0.0375
0 0.8519317584151473 0.7526326554464703 0.0265625 0.0375
0 0.828125 0.43645833333333334 0.025 0.03958333333333333
0 0.8666307773109244 0.409375 0.025 0.03958333333333333
0 0.6622801677489177 0.17967171717171718 0.0265625 0.03333333333333333
0 0.7704787901606426 0.08247991967871486 0.0265625 0.03333333333333333
0 0.71015625 0.6354166666666666 0.0265625 0.03333333333333333
0 0.5720598759541985 0.528530534351145 0.027540553435114568 0.033333333333333395
0 0.4859830982490273 0.4057230869001297 0.0265625 0.03333333333333333
0 0.00546875 0.30520833333333336 0.0109375 0.035416666666666666
0 0.50859375 0.46770833333333334 0.028125 0.0375
0 0.7377604166666667 0.125 0.0265625 0.03333333333333333
0 0.9765154367469879 0.8504392570281124 0.0234375 0.035416666666666666
0 0.58828125 0.11875 0.0296875 0.05
0 0.6015625 0.20625 0.025 0.04583333333333333
0 0.01953125 0.058333333333333334 0.0296875 0.03958333333333333
0 0.85625 0.22395833333333334 0.0375 0.04375
0 0.9916015625 0.296875 0.016015625 0.0375
0 0.49825246710526316 0.7414336622807017 0.0421875 0.04375
0 0.5024107142857143 0.022628968253968252 0.025 0.02708333333333333
0 0.22916666666666666 0.2701388888888889 0.028125 0.03749999999999997
0 0.5174005681818181 0.012168560606060605 0.0296875 0.01875
0 0.36984374999999997 0.0184375 0.0234375 0.02520833333333333
1 0.57109375 0.13333333333333333 0.0890625 0.1125
1 0.3203125 0.21041666666666667 0.103125 0.09583333333333334
