0 0.2756153207964602 0.41308997050147495 0.0265625 0.0375
0 0.23828125 0.582981220657277 0.0265625 0.0375
0 0.24591769366197186 0.8483861502347417 0.0265625 0.0375
0 0.19453125 0.8458333333333333 0.0265625 0.0375
0 0.08359375 0.80625 0.0265625 0.0375
0 0.03020466549295775 0.7273180751173709 0.0265625 0.0375
0 0.13515625 0.18958333333333333 0.0265625 0.0375
0 0.19192708333333336 0.10763888888888888 0.026562500000000024 0.0375
0 0.31342865566037736 0.0946933962264151 0.0265625 0.0375
0 0.28508880395683456 0.21675659472422062 0.0265625 0.0375
0 0.31466769366197184 0.304518779342723 0.0265625 0.0375
0 0.4497395833333333 0.10902777777777778 0.0265625 0.0375
0 0.5858384683098592 0.8739730046948357 0.0265625 0.0375
0 0.6473311054913296 0.5628612716763006 0.0265625 0.0375
0 0.48828125 0.86875 0.0265625 0.0375
0 0.44296875 0.7604166666666666 0.0265625 0.0375
0 0.8491135606591864 0.8378155680224404 0.0265625 0.0375
0 0.8397385606591865 0.9628155680224404 0.0265625 0.0375
0 0.8553898579943899 0.7480218560074801 0.0265625 0.0375
0 0.86328125 0.6416666666666667 0.0265625 0.0375
0 0.828125 0.43645833333333334 0.025 0.03958333333333333
0 0.8687027310924369 0.409375 0.025 0.03958333333333333
0 0.67890625 0.18958333333333333 0.0234375 0.03333333333333333
0 0.6739595334101383 0.13020353302611368 0.0265625 0.03333333333333333
0 0.73984375 0.11597222222222221 0.0265625 0.03333333333333333
0 0.7696758515424165 0.06288560411311053 0.0265625 0.033333333333333326
0 0.7131051936619718 0.6393485915492957 0.0265625 0.03333333333333333
0 0.5884573063380282 0.47998826291079816 0.0265625 0.03333333333333333
0 0.5006051936619718 0.38368544600938964 0.0265625 0.03333333333333333
0 0.19765625 0.6208333333333333 0.0265625 0.03333333333333333
0 0.015490301724137933 0.21544540229885056 0.0265625 0.03333333333333333
0 0.04296875 0.20416666666666666 0.0265625 0.03333333333333333
0 0.7471354166666666 0.9770833333333333 0.019270833333333303 0.03333333333333333
0 0.6671875 0.96875 0.0265625 0.03333333333333333
0 0.72890625 0.8395833333333333 0.0265625 0.03333333333333333
0 0.9870954241071429 0.7692522321428572 0.025809151785714236 0.03344494047619051
0 0.5640625 0.21979166666666666 0.025 0.035416666666666666
0 0.58828125 0.11875 0.0296875 0.05
0 0.6015625 0.20625 0.025 0.04583333333333333
0 0.38125 0.7822916666666667 0.0328125 0.035416666666666666
0 0.8046875 0.6666666666666666 0.028125 0.03333333333333333
0 0.85625 0.22395833333333334 0.0375 0.04375
0 0.5144736842105263 0.7162006578947369 0.0421875 0.04375
