0 0.27377627212389377 0.41962881022615534 0.0265625 0.0375
0 0.23828125 0.5790786384976525 0.0265625 0.0375
0 0.2439664025821596 0.8535895931142411 0.0265625 0.0375
0 0.19453125 0.8458333333333333 0.0265625 0.0375
0 0.08359375 0.80625 0.0265625 0.0375
0 0.027277728873239437 0.7299197965571206 0.0265625 0.0375
0 0.13515625 0.18958333333333333 0.0265625 0.0375
0 0.21744791666666666 0.15376984126984128 0.0265625 0.0375
0 0.2978125 0.10430555555555557 0.0265625 0.0375
0 0.28434127697841727 0.2177532973621103 0.0265625 0.0375
0 0.3127164025821596 0.3084213615023474 0.0265625 0.0375
0 0.38307291666666665 0.27569444444444446 0.0265625 0.0416666666666667
0 0.5760820129107981 0.8856807511737089 0.0265625 0.0375
0 0.6437274205202312 0.5668653660886319 0.0265625 0.0375
0 0.48828125 0.86875 0.0265625 0.0375
0 0.68515625 0.7895833333333333 0.0234375 0.0375
0 0.8479477121318373 0.8413131136044881 0.0265625 0.0375
0 0.8385727121318374 0.9663131136044881 0.0265625 0.0375
0 0.854515471598878 0.7491877045348294 0.0265625 0.0375
0 0.98671875 0.8197916666666667 0.0265625 0.04375
0 0.828125 0.43645833333333334 0.025 0.03958333333333333
0 0.8681788340336135 0.409375 0.025 0.03958333333333333
0 0.63078125 0.14895833333333333 0.0234375 0.035416666666666666
0 0.6710865495391705 0.14169546850998463 0.0265625 0.03333333333333333
0 0.7712785186375322 0.06715938303341902 0.0265625 0.03333333333333333
0 0.7111539025821596 0.6367468701095461 0.0265625 0.03333333333333333
0 0.5904085974178404 0.4890942879499217 0.0265625 0.03333333333333333
0 0.4986539025821596 0.38758802816901405 0.0265625 0.03333333333333333
0 0.0109375 0.5697916666666667 0.01875 0.03958333333333333
0 0.01513671875 0.2357421875 0.0265625 0.03333333333333333
0 0.17708333333333331 0.2569444444444445 0.028125 0.037500000000000026
0 0.75703125 0.684375 0.0265625 0.03333333333333333
0 0.9912702287946429 0.7748186383928571 0.017459542410714235 0.034681919642857176
0 0.6328125 0.46041666666666664 0.025 0.03333333333333333
0 0.58828125 0.11875 0.0296875 0.05
0 0.6015625 0.20625 0.025 0.04583333333333333
0 0.26484375 0.6034722222222223 0.0359375 0.04583333333333333
0 0.416015625 0.5328125 0.0328125 0.0375
0 0.85625 0.22395833333333334 0.0375 0.04375
0 0.5103721217105263 0.7225808662280702 0.0421875 0.04375
1 0.57109375 0.13333333333333333 0.0890625 0.1125
1 0.3203125 0.21041666666666667 0.103125 0.09583333333333334
