0 0.2664131332599119 0.43384728340675477 0.0265625 0.0375
0 0.23828125 0.5770833333333333 0.0265625 0.0375
0 0.24223169820717133 0.85625 0.0265625 0.0375
0 0.19453125 0.8458333333333333 0.0265625 0.0375
0 0.08359375 0.80625 0.0265625 0.0375
0 0.018582806420233466 0.7540450713359274 0.0265625 0.0375
0 0.13515625 0.18958333333333333 0.0265625 0.0375
0 0.23491586538461537 0.1892628205128205 0.0265625 0.041666666666666664
0 0.2572265625 0.13515625 0.0265625 0.0375
0 0.28229541366906474 0.22048111510791368 0.0265625 0.0375
0 0.28576008466135455 0.3366948871181939 0.0265625 0.0375
0 0.1521875 0.53375 0.028125 0.05
0 0.54248046875 0.9558015046296297 0.0265625 0.0375
0 0.6358249470338982 0.5847810734463277 0.0265625 0.0375
0 0.48828125 0.86875 0.0265625 0.0375
0 0.8447569687938289 0.8508853436185133 0.0265625 0.0375
0 0.8353819687938289 0.9758853436185133 0.0265625 0.0375
0 0.8521224140953716 0.7523784478728378 0.0265625 0.0375
0 0.828125 0.43645833333333334 0.025 0.03958333333333333
0 0.8667450105042016 0.409375 0.025 0.03958333333333333
0 0.6626724837662338 0.17784090909090908 0.0265625 0.03333333333333333
0 0.7712067018072288 0.08102409638554217 0.0265625 0.03333333333333333
0 0.71015625 0.6354166666666666 0.0265625 0.03333333333333333
0 0.5744811545801527 0.5250715648854961 0.02719465648854964 0.03333333333333333
0 0.48774623054474703 0.4054880025940337 0.0265625 0.03333333333333333
0 0.0055156250000000006 0.30485416666666665 0.011031250000000001 0.035374999999999976
0 0.4640625 0.48333333333333334 0.028125 0.0375
0 0.744921875 0.14947916666666666 0.0265625 0.03333333333333333
0 0.9770613704819278 0.8453438755020081 0.0234375 0.035416666666666666
0 0.58828125 0.11875 0.0296875 0.05
0 0.6015625 0.20625 0.025 0.04583333333333333
0 0.04765625 0.08020833333333334 0.0296875 0.03958333333333333
0 0.85625 0.22395833333333334 0.0375 0.04375
0 0.4991467927631579 0.7400424890350876 0.0421875 0.04375
0 0.5015476190476191 0.02186177248677249 0.025 0.027083333333333334
0 0.26015625 0.22291666666666668 0.028125 0.0375
0 0.5187736742424243 0.011710858585858585 0.0296875 0.01875
0 0.3711383928571429 0.016063988095238093 0.0234375 0.023913690476190474
1 0.57109375 0.13333333333333333 0.0890625 0.1125
1 0.3203125 0.21041666666666667 0.103125 0.09583333333333334
