0 0.2668811949339207 0.433379221732746 0.0265625 0.0375
0 0.23828125 0.5770833333333333 0.0265625 0.0375
0 0.24227402888446217 0.85625 0.0265625 0.0375
0 0.19453125 0.8458333333333333 0.0265625 0.0375
0 0.08359375 0.80625 0.0265625 0.0375
0 0.018996230544747084 0.7527358949416343 0.0265625 0.0375
0 0.13515625 0.18958333333333333 0.0265625 0.0375
0 0.2315716911764706 0.18572303921568625 0.0265625 0.041666666666666664
0 0.2584716796875 0.13349609375 0.0265625 0.0375
0 0.2823909622302158 0.2203537170263789 0.0265625 0.0375
0 0.28713583167330675 0.3348605577689243 0.0265625 0.0375
0 0.159375 0.5305555555555556 0.028125 0.05000000000000006
0 0.544140625 0.9526041666666667 0.0265625 0.0375
0 0.6366128177966102 0.5829802259887006 0.0265625 0.0375
0 0.48828125 0.86875 0.0265625 0.0375
0 0.844905987026648 0.8504382889200561 0.0265625 0.0375
0 0.835530987026648 0.9754382889200561 0.0265625 0.0375
0 0.8522341777699859 0.7522294296400187 0.0265625 0.0375
0 0.828125 0.43645833333333334 0.025 0.03958333333333333
0 0.866811974789916 0.409375 0.025 0.03958333333333333
0 0.6629024621212121 0.17676767676767677 0.0265625 0.03333333333333333
0 0.7716334086345381 0.08017068273092369 0.0265625 0.03333333333333333
0 0.71015625 0.6354166666666666 0.0265625 0.03333333333333333
0 0.5759005248091602 0.523043893129771 0.02699188931297707 0.03333333333333333
0 0.4887797908560311 0.4053501945525292 0.0265625 0.03333333333333333
0 0.0063125 0.29883333333333334 0.012625 0.03466666666666664
0 0.465625 0.4635416666666667 0.028125 0.0375
0 0.73984375 0.17916666666666667 0.0265625 0.03333333333333333
0 0.9774936868686869 0.8422874579124578 0.023327020202020064 0.035416666666666666
0 0.58828125 0.11875 0.0296875 0.05
0 0.6015625 0.20625 0.025 0.04583333333333333
0 0.04453125 0.134375 0.0296875 0.03958333333333333
0 0.85625 0.22395833333333334 0.0375 0.04375
0 0.49967105263157896 0.7392269736842105 0.0421875 0.04375
0 0.5010416666666667 0.02141203703703704 0.025 0.027083333333333334
0 0.27578125 0.184375 0.028125 0.0375
0 0.5195785984848484 0.011442550505050504 0.0296875 0.01875
0 0.3718973214285714 0.014672619047619047 0.0234375 0.023154761904761904
1 0.57109375 0.13333333333333333 0.0890625 0.1125
1 0.3203125 0.21041666666666667 0.103125 0.09583333333333334
