0 0.26484375 0.4354166666666667 0.0265625 0.0375
0 0.23828125 0.5770833333333333 0.0265625 0.0375
0 0.24062313247011952 0.85625 0.0265625 0.0375
0 0.19453125 0.8458333333333333 0.0265625 0.0375
0 0.08359375 0.80625 0.0265625 0.0375
0 0.13515625 0.18958333333333333 0.0265625 0.0375
0 0.29765625 0.2113095238095238 0.0265625 0.041666666666666664
0 0.22647569444444446 0.1730324074074074 0.0265625 0.0375
0 0.26934742647058824 0.2465686274509804 0.0265625 0.0375
0 0.23312499999999997 0.38354166666666667 0.0265625 0.0375
0 0.5386724469253295 0.9796882625671058 0.0265625 0.0375
0 0.6313777881040892 0.6113382899628252 0.0265625 0.0375
0 0.48828125 0.86875 0.0265625 0.0375
0 0.84296875 0.85625 0.0265625 0.0375
0 0.83359375 0.98125 0.0265625 0.0375
0 0.83935546875 0.7541666666666667 0.0265625 0.0375
0 0.828125 0.43645833333333334 0.025 0.03958333333333333
0 0.8642003676470589 0.409375 0.025 0.03958333333333333
0 0.6307429994226328 0.23656177829099306 0.0265625 0.03333333333333333
0 0.7546929632867132 0.11453962703962704 0.0265625 0.03333333333333333
0 0.71015625 0.6354166666666666 0.0265625 0.03333333333333333
0 0.516858552631579 0.6007127192982457 0.0296875 0.03333333333333333
0 0.4612658514492754 0.4492351046698873 0.0265625 0.03333333333333333
0 0.9217210310218977 0.981455291970803 0.0234375 0.035416666666666666
0 0.58828125 0.11875 0.0296875 0.05
0 0.6015625 0.20625 0.025 0.04583333333333333
0 0.85625 0.22395833333333334 0.0375 0.04375
0 0.4888330552184466 0.7544725930420711 0.0421875 0.04375
0 0.85625 0.7354166666666667 0.0296875 0.03958333333333333
0 0.16111111111111112 0.9109953703703704 0.025 0.03958333333333333
0 0.1265625 0.9329861111111111 0.03125 0.03958333333333333
0 0.4841303816046967 0.047201157860404436 0.025 0.027083333333333334
0 0.5082246555118111 0.025057414698162733 0.0296875 0.03125
0 0.35703125 0.06354166666666666 0.0234375 0.027083333333333334
0 0.74609375 0.08541666666666667 0.0296875 0.03333333333333333
0 0.9845200892857143 0.018566468253968252 0.02149553571428573 0.02556547619047619
1 0.57109375 0.13333333333333333 0.0890625 0.1125
1 0.3203125 0.21041666666666667 0.103125 0.09583333333333334
