0 0.26484375 0.4354166666666667 0.0265625 0.0375
0 0.23828125 0.5770833333333333 0.0265625 0.0375
0 0.24115600099601595 0.85625 0.0265625 0.0375
0 0.19453125 0.8458333333333333 0.0265625 0.0375
0 0.08359375 0.80625 0.0265625 0.0375
0 0.0058345170454545455 0.7991998106060606 0.011669034090909091 0.03235795454545449
0 0.13515625 0.18958333333333333 0.0265625 0.0375
0 0.31828124999999996 0.22458333333333333 0.0265625 0.041666666666666664
0 0.2402604166666667 0.1686666666666667 0.0265625 0.0375
0 0.2766316598360656 0.23095628415300548 0.0265625 0.0375
0 0.24662330020920503 0.37202754532775456 0.0265625 0.0375
0 0.5367141745973646 0.9770772327964861 0.0265625 0.0375
0 0.6295132434944237 0.6080235439900867 0.0265625 0.0375
0 0.48828125 0.86875 0.0265625 0.0375
0 0.84296875 0.85625 0.0265625 0.0375
0 0.83359375 0.98125 0.0265625 0.0375
0 0.8448874080882354 0.7541666666666667 0.0265625 0.0375
0 0.828125 0.43645833333333334 0.025 0.03958333333333333
0 0.8650433298319328 0.409375 0.025 0.03958333333333333
0 0.6424218749999999 0.23145833333333332 0.0265625 0.03333333333333333
0 0.7600055520304568 0.10228426395939086 0.0265625 0.03333333333333333
0 0.71015625 0.6354166666666666 0.0265625 0.03333333333333333
0 0.5339126275510204 0.5865221088435374 0.0296875 0.03333333333333333
0 0.4676970108695652 0.42952898550724633 0.0265625 0.03333333333333333
0 0.8198437500000001 0.41229166666666667 0.028125 0.0375
0 0.9456447557471265 0.940720785440613 0.0234375 0.035416666666666666
0 0.58828125 0.11875 0.0296875 0.05
0 0.6015625 0.20625 0.025 0.04583333333333333
0 0.85625 0.22395833333333334 0.0375 0.04375
0 0.4916736195388349 0.7506851739482201 0.0421875 0.04375
0 0.9441964285714286 0.44092261904761904 0.028125 0.04375
0 0.4871241408934708 0.043696305841924396 0.025 0.02708333333333333
0 0.50703125 0.021262254901960785 0.0296875 0.030024509803921573
0 0.3594774865591398 0.05422267025089607 0.0234375 0.02708333333333334
1 0.57109375 0.13333333333333333 0.0890625 0.1125
1 0.3203125 0.21041666666666667 0.103125 0.09583333333333334
