0 0.26484375 0.4354166666666667 0.0265625 0.0375
0 0.23828125 0.5770833333333333 0.0265625 0.0375
0 0.24041645916334659 0.85625 0.0265625 0.0375
0 0.19453125 0.8458333333333333 0.0265625 0.0375
0 0.08359375 0.80625 0.0265625 0.0375
0 0.13515625 0.18958333333333333 0.0265625 0.0375
0 0.2838778409090909 0.19886363636363635 0.0265625 0.041666666666666664
0 0.21861530172413796 0.17701149425287357 0.0265625 0.0375
0 0.26839384191176474 0.2503829656862745 0.0265625 0.0375
0 0.228369140625 0.3866102430555555 0.0265625 0.0375
0 0.5394319637628111 0.9807009516837482 0.0265625 0.0375
0 0.6318743462343096 0.612221059972106 0.0265625 0.0375
0 0.48828125 0.86875 0.0265625 0.0375
0 0.84296875 0.85625 0.0265625 0.0375
0 0.83359375 0.98125 0.0265625 0.0375
0 0.8372099034926471 0.7541666666666667 0.0265625 0.0375
0 0.828125 0.43645833333333334 0.025 0.03958333333333333
0 0.8640625 0.409375 0.025 0.03958333333333333
0 0.6298444717090069 0.23736046959199386 0.0265625 0.03333333333333333
0 0.7524953358208955 0.12288557213930347 0.0265625 0.03333333333333332
0 0.71015625 0.6354166666666666 0.0265625 0.03333333333333333
0 0.5109309348739496 0.6025035014005603 0.0296875 0.03333333333333333
0 0.459933969665272 0.45683403068340306 0.0265625 0.03333333333333333
0 0.9119203629032258 0.9910282258064516 0.026058467741935588 0.017943548387096796
0 0.58828125 0.11875 0.0296875 0.05
0 0.6015625 0.20625 0.025 0.04583333333333333
0 0.85625 0.22395833333333334 0.0375 0.04375
0 0.48773134101941745 0.7559415453074434 0.0421875 0.04375
0 0.8154829545454545 0.8398674242424242 0.0296875 0.03958333333333333
0 0.17748161764705883 0.8469975490196079 0.025 0.03958333333333333
0 0.0421875 0.8135416666666667 0.03125 0.03958333333333333
0 0.48336900684931505 0.04821632420091324 0.025 0.027083333333333334
0 0.5087352362204725 0.02641896325459318 0.0296875 0.03125000000000001
0 0.35703125 0.06354166666666666 0.0234375 0.027083333333333334
0 0.7770833333333333 0.15868055555555557 0.022916666666666696 0.03958333333333333
0 0.9803515624999999 0.024947916666666667 0.022421875000000036 0.029270833333333336
1 0.57109375 0.13333333333333333 0.0890625 0.1125
1 0.3203125 0.21041666666666667 0.103125 0.09583333333333334
