0 0.2742878871681416 0.41780973451327436 0.0265625 0.0375
0 0.23828125 0.5801643192488263 0.0265625 0.0375
0 0.2445092429577465 0.8521420187793427 0.0265625 0.0375
0 0.19453125 0.8458333333333333 0.0265625 0.0375
0 0.08359375 0.80625 0.0265625 0.0375
0 0.028091989436619717 0.7291960093896713 0.0265625 0.0375
0 0.13515625 0.18958333333333333 0.0265625 0.0375
0 0.20551609848484848 0.1404040404040404 0.0265625 0.0375
0 0.3021484375 0.10173611111111111 0.0265625 0.0375
0 0.2845492356115108 0.21747601918465226 0.0265625 0.0375
0 0.3132592429577465 0.30733568075117373 0.0265625 0.0375
0 0.36015625 0.19166666666666668 0.0265625 0.041666666666666664
0 0.5787962147887324 0.8824237089201877 0.0265625 0.0375
0 0.6447299494219653 0.5657514450867053 0.0265625 0.0375
0 0.48828125 0.86875 0.0265625 0.0375
0 0.62578125 0.80625 0.0234375 0.0375
0 0.8482720459326789 0.8403401122019635 0.0265625 0.0375
0 0.8388970459326789 0.9653401122019635 0.0265625 0.0375
0 0.8547587219495091 0.7488633707339878 0.0265625 0.0375
0 0.95703125 0.7572916666666667 0.0265625 0.04375
0 0.828125 0.43645833333333334 0.025 0.03958333333333333
0 0.8683245798319328 0.409375 0.025 0.03958333333333333
0 0.65078125 0.15104166666666666 0.0234375 0.035416666666666666
0 0.6718858006912443 0.1384984639016897 0.0265625 0.03333333333333333
0 0.7708326638817481 0.06597043701799485 0.0265625 0.033333333333333326
0 0.7116967429577465 0.6374706572769954 0.0265625 0.03333333333333333
0 0.5898657570422535 0.4865610328638497 0.0265625 0.03333333333333333
0 0.4991967429577465 0.3865023474178404 0.0265625 0.03333333333333333
0 0.03671875 0.46041666666666664 0.0296875 0.0375
0 0.01634114583333333 0.228515625 0.0265625 0.03333333333333333
0 0.12875 0.29916666666666664 0.028125 0.0375
0 0.7828125 0.7552083333333334 0.0265625 0.03333333333333333
0 0.9901088169642858 0.7732700892857144 0.019782366071428647 0.034337797619047566
0 0.646875 0.3697916666666667 0.025 0.035416666666666666
0 0.58828125 0.11875 0.0296875 0.05
0 0.6015625 0.20625 0.025 0.04583333333333333
0 0.31953125 0.6375 0.0390625 0.041666666666666664
0 0.55078125 0.5828125 0.028125 0.035416666666666666
0 0.85625 0.22395833333333334 0.0375 0.04375
0 0.5115131578947368 0.7208059210526316 0.0421875 0.04375
