0 0.26484375 0.4354166666666667 0.0265625 0.0375
0 0.23828125 0.5770833333333333 0.0265625 0.0375
0 0.24102651892430277 0.85625 0.0265625 0.0375
0 0.19453125 0.8458333333333333 0.0265625 0.0375
0 0.08359375 0.80625 0.0265625 0.0375
0 0.005649857954545454 0.8048626893939395 0.011299715909090909 0.03285037878787887
0 0.13515625 0.18958333333333333 0.0265625 0.0375
0 0.3115816885964912 0.22101608187134503 0.0265625 0.041666666666666664
0 0.23917708333333332 0.17213333333333333 0.0265625 0.0375
0 0.2747669057377049 0.23486338797814207 0.0265625 0.0375
0 0.24288376046025104 0.37429393305439335 0.0265625 0.0375
0 0.5371900164714495 0.9777116886285993 0.0265625 0.0375
0 0.6299663104089219 0.6088289962825278 0.0265625 0.0375
0 0.48828125 0.86875 0.0265625 0.0375
0 0.84296875 0.85625 0.0265625 0.0375
0 0.83359375 0.98125 0.0265625 0.0375
0 0.8435431985294117 0.7541666666666667 0.0265625 0.0375
0 0.828125 0.43645833333333334 0.025 0.03958333333333333
0 0.8648384978991597 0.409375 0.025 0.03958333333333333
0 0.636734375 0.233625 0.0265625 0.03333333333333333
0 0.7583558058375635 0.1044839255499154 0.0265625 0.03333333333333333
0 0.71015625 0.6354166666666666 0.0265625 0.03333333333333333
0 0.5286211993243243 0.5913429054054054 0.0296875 0.03333333333333333
0 0.4650475543478261 0.4330615942028986 0.0265625 0.03333333333333333
0 0.871875 0.38333333333333336 0.028125 0.0375
0 0.9409752155172415 0.9525502873563219 0.0234375 0.035416666666666666
0 0.58828125 0.11875 0.0296875 0.05
0 0.6015625 0.20625 0.025 0.04583333333333333
0 0.85625 0.22395833333333334 0.0375 0.04375
0 0.49098338895631066 0.7516054813915858 0.0421875 0.04375
0 0.9265625 0.5291666666666667 0.0296875 0.03958333333333333
0 0.1455255681818182 0.9724431818181818 0.0203125 0.03125
0 0.48561643835616436 0.04521974885844749 0.025 0.027083333333333338
0 0.5072281003937008 0.0223999343832021 0.0296875 0.03125
0 0.3582543682795699 0.058882168458781366 0.0234375 0.027083333333333334
1 0.57109375 0.13333333333333333 0.0890625 0.1125
1 0.3203125 0.21041666666666667 0.103125 0.09583333333333334
