0 0.27336144911504423 0.42110373647984267 0.0265625 0.0375
0 0.23828125 0.5781983568075117 0.0265625 0.0375
0 0.2435262617370892 0.8547633020344289 0.0265625 0.0375
0 0.19453125 0.8458333333333333 0.0265625 0.0375
0 0.08359375 0.80625 0.0265625 0.0375
0 0.0266175176056338 0.7305066510172143 0.0265625 0.0375
0 0.13515625 0.18958333333333333 0.0265625 0.0375
0 0.21796875 0.16467391304347825 0.0265625 0.0375
0 0.29427532327586203 0.10641163793103449 0.0265625 0.0375
0 0.2841726618705036 0.2179781175059952 0.0265625 0.0375
0 0.3122762617370892 0.30930164319248826 0.0265625 0.0375
0 0.365625 0.3260416666666667 0.0265625 0.041666666666666664
0 0.573881308685446 0.8883215962441314 0.0265625 0.0375
0 0.6429145592485549 0.5677685452793835 0.0265625 0.0375
0 0.48828125 0.86875 0.0265625 0.0375
0 0.7408854166666667 0.8277777777777777 0.0234375 0.0375
0 0.8476847387798037 0.8421020336605891 0.0265625 0.0375
0 0.8383097387798036 0.9671020336605891 0.0265625 0.0375
0 0.8543182415848527 0.749450677886863 0.0265625 0.0375
0 0.828125 0.43645833333333334 0.025 0.03958333333333333
0 0.8680606617647058 0.409375 0.025 0.03958333333333333
0 0.6190104166666667 0.10659722222222222 0.0234375 0.035416666666666666
0 0.6704385080645161 0.14428763440860212 0.0265625 0.03333333333333332
0 0.7716400224935732 0.06812339331619537 0.0265625 0.03333333333333333
0 0.7107137617370892 0.6361600156494522 0.0265625 0.03333333333333333
0 0.5908487382629108 0.4911482785602504 0.0265625 0.03333333333333333
0 0.4982137617370892 0.3884683098591549 0.0265625 0.03333333333333333
0 0.0171875 0.6291666666666667 0.021875 0.0375
0 0.014453125 0.24114583333333334 0.0265625 0.03333333333333333
0 0.19921875 0.29270833333333335 0.028125 0.0375
0 0.76796875 0.64375 0.0265625 0.03333333333333333
0 0.9922119140625 0.77607421875 0.015576171875 0.0349609375
0 0.646875 0.5135416666666667 0.025 0.03333333333333333
0 0.58828125 0.11875 0.0296875 0.05
0 0.6015625 0.20625 0.025 0.04583333333333333
0 0.24765625 0.5740740740740741 0.0359375 0.04583333333333333
0 0.33359375 0.48541666666666666 0.0328125 0.0375
0 0.85625 0.22395833333333334 0.0375 0.04375
0 0.5094469572368421 0.7240200109649123 0.0421875 0.04375
1 0.57109375 0.13333333333333333 0.0890625 0.1125
1 0.3203125 0.21041666666666667 0.103125 0.09583333333333334
