0 0.26484375 0.4354166666666667 0.0265625 0.0375
0 0.23828125 0.5770833333333333 0.0265625 0.0375
0 0.2420300049800797 0.85625 0.0265625 0.0375
0 0.19453125 0.8458333333333333 0.0265625 0.0375
0 0.08359375 0.80625 0.0265625 0.0375
0 0.01661296206225681 0.7602829118028535 0.0265625 0.0375
0 0.13515625 0.18958333333333333 0.0265625 0.0375
0 0.25546875 0.20717592592592593 0.0265625 0.041666666666666664
0 0.2512939453125 0.14306640625 0.0265625 0.0375
0 0.2818401528776978 0.22108812949640289 0.0265625 0.0375
0 0.27920505478087654 0.3454349269588313 0.0265625 0.0375
0 0.11875 0.5229166666666667 0.028125 0.05
0 0.5345703125 0.9710358796296297 0.0265625 0.0375
0 0.6320709745762711 0.5933615819209039 0.0265625 0.0375
0 0.48828125 0.86875 0.0265625 0.0375
0 0.844046940743338 0.853015427769986 0.0265625 0.0375
0 0.834671940743338 0.978015427769986 0.0265625 0.0375
0 0.8515898930575035 0.7530884759233287 0.0265625 0.0375
0 0.828125 0.43645833333333334 0.025 0.03958333333333333
0 0.8664259453781513 0.409375 0.025 0.03958333333333333
0 0.6615767045454546 0.18295454545454545 0.0265625 0.03333333333333333
0 0.7691735692771084 0.08509036144578314 0.0265625 0.03333333333333333
0 0.71015625 0.6354166666666666 0.0265625 0.03333333333333333
0 0.5677182729007633 0.5347328244274809 0.02816078244274811 0.03333333333333333
0 0.48282161964980547 0.40614461738002594 0.0265625 0.03333333333333333
0 0.56171875 0.5354166666666667 0.028125 0.0375
0 0.68828125 0.10208333333333333 0.0265625 0.03333333333333333
0 0.9755208333333334 0.8590277777777777 0.0234375 0.035416666666666666
0 0.58828125 0.11875 0.0296875 0.05
0 0.6015625 0.20625 0.025 0.04583333333333333
0 0.85625 0.22395833333333334 0.0375 0.04375
0 0.94453125 0.2708333333333333 0.0328125 0.041666666666666664
0 0.49664884868421055 0.7439281798245614 0.0421875 0.04375
0 0.5039583333333334 0.02400462962962963 0.025 0.027083333333333334
0 0.14375 0.28072916666666664 0.028125 0.0375
0 0.5149384469696969 0.012989267676767675 0.0296875 0.01875
0 0.36773353494623656 0.02277105734767025 0.0234375 0.027083333333333334
0 0.12265625 0.011458333333333333 0.0265625 0.022916666666666665
1 0.57109375 0.13333333333333333 0.0890625 0.1125
1 0.3203125 0.21041666666666667 0.103125 0.09583333333333334
