0 0.26484375 0.4354166666666667 0.0265625 0.0375
0 0.23828125 0.5770833333333333 0.0265625 0.0375
0 0.2412331922310757 0.85625 0.0265625 0.0375
0 0.19453125 0.8458333333333333 0.0265625 0.0375
0 0.08359375 0.80625 0.0265625 0.0375
0 0.005944602272727273 0.7958238636363636 0.011889204545454547 0.032064393939393906
0 0.13515625 0.18958333333333333 0.0265625 0.0375
0 0.31302083333333336 0.22725694444444444 0.0265625 0.041666666666666664
0 0.24090625000000002 0.1666 0.0265625 0.0375
0 0.2777433401639344 0.22862704918032786 0.0265625 0.0375
0 0.24885264121338913 0.37067642956764296 0.0265625 0.0375
0 0.5364304996339678 0.976698999511957 0.0265625 0.0375
0 0.6292431459107807 0.6075433705080545 0.0265625 0.0375
0 0.48828125 0.86875 0.0265625 0.0375
0 0.84296875 0.85625 0.0265625 0.0375
0 0.83359375 0.98125 0.0265625 0.0375
0 0.8456887637867647 0.7541666666666667 0.0265625 0.0375
0 0.828125 0.43645833333333334 0.025 0.03958333333333333
0 0.8651654411764707 0.409375 0.025 0.03958333333333333
0 0.6446201727642277 0.22816734417344173 0.0265625 0.03333333333333333
0 0.760989054568528 0.10097292724196277 0.0265625 0.03333333333333333
0 0.71015625 0.6354166666666666 0.0265625 0.03333333333333333
0 0.5378667091836735 0.5830073696145124 0.0296875 0.03333333333333333
0 0.46927649456521736 0.42742300724637683 0.0265625 0.03333333333333333
0 0.8015625 0.3958333333333333 0.028125 0.0375
0 0.9484285201149426 0.9336685823754789 0.0234375 0.035416666666666666
0 0.58828125 0.11875 0.0296875 0.05
0 0.6015625 0.20625 0.025 0.04583333333333333
0 0.85625 0.22395833333333334 0.0375 0.04375
0 0.4920851031553398 0.7501365291262136 0.0421875 0.04375
0 0.9588541666666666 0.41354166666666664 0.028125 0.04375
0 0.48928801546391754 0.041698883161512025 0.025 0.02708333333333333
0 0.50703125 0.0203125 0.0296875 0.028125
0 0.3602066532258065 0.05144489247311828 0.0234375 0.027083333333333334
1 0.57109375 0.13333333333333333 0.0890625 0.1125
1 0.3203125 0.21041666666666667 0.103125 0.09583333333333334
