0 0.27189574115044246 0.42631514257620456 0.0265625 0.0375
0 0.23828125 0.5770833333333333 0.0265625 0.0375
0 0.24279942729083664 0.85625 0.0265625 0.0375
0 0.19453125 0.8458333333333333 0.0265625 0.0375
0 0.08359375 0.80625 0.0265625 0.0375
0 0.024127553501945526 0.7364867055771726 0.0265625 0.0375
0 0.13515625 0.18958333333333333 0.0265625 0.0375
0 0.2224407327586207 0.17708333333333334 0.0265625 0.0375
0 0.2807112068965517 0.11497844827586207 0.0265625 0.0375
0 0.2835768884892086 0.21877248201438848 0.0265625 0.0375
0 0.3053009647651007 0.315170581655481 0.0265625 0.0375
0 0.31119791666666663 0.4222222222222222 0.0265625 0.041666666666666664
0 0.565127840909091 0.9077651515151516 0.0265625 0.0375
0 0.6400424494219653 0.5709597784200385 0.0265625 0.0375
0 0.48828125 0.86875 0.0265625 0.0375
0 0.92734375 0.9270833333333334 0.0234375 0.0375
0 0.8467555662692847 0.8448895511921459 0.0265625 0.0375
0 0.8373805662692847 0.9698895511921459 0.0265625 0.0375
0 0.8536213622019636 0.750379850397382 0.0265625 0.0375
0 0.828125 0.43645833333333334 0.025 0.03958333333333333
0 0.8676431197478992 0.409375 0.025 0.03958333333333333
0 0.6679118168016195 0.15493421052631579 0.0265625 0.03333333333333333
0 0.7729173361182519 0.07152956298200515 0.0265625 0.03333333333333333
0 0.71015625 0.6354166666666666 0.0265625 0.03333333333333333
0 0.5882107612781955 0.49907581453634087 0.0265625 0.03333333333333333
0 0.49765625 0.3970394736842105 0.0265625 0.03333333333333333
0 0.01328125 0.2636424731182796 0.0265625 0.03333333333333336
0 0.3109375 0.4066666666666666 0.028125 0.0375
0 0.75234375 0.5135416666666667 0.0265625 0.03333333333333333
0 0.9925130208333334 0.7962673611111111 0.0125 0.035416666666666666
0 0.7095312500000001 0.69 0.0296875 0.041666666666666664
0 0.58828125 0.11875 0.0296875 0.05
0 0.6015625 0.20625 0.025 0.04583333333333333
0 0.21953125 0.4125 0.0359375 0.04583333333333333
0 0.05546875 0.27291666666666664 0.0328125 0.0375
0 0.85625 0.22395833333333334 0.0375 0.04375
0 0.5061780427631579 0.7291049890350877 0.0421875 0.04375
1 0.57109375 0.13333333333333333 0.0890625 0.1125
1 0.3203125 0.21041666666666667 0.103125 0.09583333333333334
