0 0.26484375 0.4354166666666667 0.0265625 0.0375
0 0.23828125 0.5770833333333333 0.0265625 0.0375
0 0.24141994521912352 0.85625 0.0265625 0.0375
0 0.19453125 0.8458333333333333 0.0265625 0.0375
0 0.08359375 0.80625 0.0265625 0.0375
0 0.0062109375 0.7876562500000001 0.012421875 0.03135416666666669
0 0.13515625 0.18958333333333333 0.0265625 0.0375
0 0.30859375 0.23854166666666668 0.0265625 0.041666666666666664
0 0.24246875 0.1616 0.0265625 0.0375
0 0.2804328893442623 0.2229918032786885 0.0265625 0.0375
0 0.25424620815899585 0.3674076011157601 0.0265625 0.0375
0 0.535744189238653 0.9757839189848706 0.0265625 0.0375
0 0.6285896840148699 0.6063816604708798 0.0265625 0.0375
0 0.48828125 0.86875 0.0265625 0.0375
0 0.84296875 0.85625 0.0265625 0.0375
0 0.83359375 0.98125 0.0265625 0.0375
0 0.8476275275735293 0.7541666666666667 0.0265625 0.0375
0 0.828125 0.43645833333333334 0.025 0.03958333333333333
0 0.8654608718487395 0.409375 0.025 0.03958333333333333
0 0.6493838922764228 0.2192750677506775 0.0265625 0.03333333333333333
0 0.7630239708835341 0.09738955823293173 0.0265625 0.03333333333333333
0 0.71015625 0.6354166666666666 0.0265625 0.03333333333333333
0 0.5474330357142857 0.5745039682539682 0.0296875 0.03333333333333333
0 0.47242860099337747 0.42225441501103755 0.0265625 0.03333333333333333
0 0.7125 0.43194444444444446 0.028125 0.0375
0 0.9552240210843375 0.9155747991967871 0.0234375 0.035416666666666666
0 0.58828125 0.11875 0.0296875 0.05
0 0.6015625 0.20625 0.025 0.04583333333333333
0 0.85625 0.22395833333333334 0.0375 0.04375
0 0.77109375 0.05625 0.0296875 0.03333333333333333
0 0.4930806280339806 0.7488091626213592 0.0421875 0.04375
0 0.9868750000000001 0.325625 0.0234375 0.03333333333333333
0 0.4945231958762887 0.036866408934707905 0.025 0.027083333333333334
0 0.50703125 0.01801470588235294 0.0296875 0.02352941176470588
0 0.36197076612903223 0.0447244623655914 0.0234375 0.027083333333333338
1 0.57109375 0.13333333333333333 0.0890625 0.1125
1 0.3203125 0.21041666666666667 0.103125 0.09583333333333334
