0 0.26484375 0.4354166666666667 0.0265625 0.0375
0 0.23828125 0.5770833333333333 0.0265625 0.0375
0 0.24043637948207172 0.85625 0.0265625 0.0375
0 0.19453125 0.8458333333333333 0.0265625 0.0375
0 0.08359375 0.80625 0.0265625 0.0375
0 0.13515625 0.18958333333333333 0.0265625 0.0375
0 0.28615056818181817 0.20643939393939395 0.0265625 0.041666666666666664
0 0.21936961206896552 0.17658045977011494 0.0265625 0.0375
0 0.2684857536764706 0.25001531862745097 0.0265625 0.0375
0 0.228759765625 0.3857421875 0.0265625 0.0375
0 0.5393587573206442 0.9806033430941923 0.0265625 0.0375
0 0.63203125 0.6125 0.0265625 0.0375
0 0.48828125 0.86875 0.0265625 0.0375
0 0.84296875 0.85625 0.0265625 0.0375
0 0.83359375 0.98125 0.0265625 0.0375
0 0.8374167049632353 0.7541666666666667 0.0265625 0.0375
0 0.828125 0.43645833333333334 0.025 0.03958333333333333
0 0.8640625 0.409375 0.025 0.03958333333333333
0 0.6299310767898383 0.23728348729792145 0.0265625 0.03333333333333333
0 0.7535214552238806 0.12139303482587065 0.0265625 0.03333333333333333
0 0.71015625 0.6354166666666666 0.0265625 0.03333333333333333
0 0.51171875 0.6020833333333333 0.0296875 0.03333333333333333
0 0.4599862709205021 0.45620641562064157 0.0265625 0.03333333333333333
0 0.9128612231182796 0.9901321684587814 0.0257896505376344 0.01973566308243733
0 0.58828125 0.11875 0.0296875 0.05
0 0.6015625 0.20625 0.025 0.04583333333333333
0 0.85625 0.22395833333333334 0.0375 0.04375
0 0.4878375303398058 0.7557999595469256 0.0421875 0.04375
0 0.817608173076923 0.8250801282051282 0.0296875 0.03958333333333333
0 0.175 0.8463348765432099 0.025 0.03958333333333333
0 0.0671875 0.8302083333333333 0.03125 0.03958333333333333
0 0.48344239236790604 0.04811847684279191 0.025 0.027083333333333334
0 0.5086860236220472 0.026287729658792655 0.0296875 0.03125000000000001
0 0.35703125 0.06354166666666666 0.0234375 0.027083333333333334
0 0.7583333333333333 0.15590277777777778 0.021875 0.03958333333333333
0 0.9807533482142858 0.024332837301587303 0.0223325892857142 0.028913690476190478
1 0.57109375 0.13333333333333333 0.0890625 0.1125
1 0.3203125 0.21041666666666667 0.103125 0.09583333333333334
