0 0.26484375 0.4354166666666667 0.0265625 0.0375
0 0.23828125 0.5770833333333333 0.0265625 0.0375
0 0.24161167828685257 0.85625 0.0265625 0.0375
0 0.19453125 0.8458333333333333 0.0265625 0.0375
0 0.08359375 0.80625 0.0265625 0.0375
0 0.011034149484536081 0.7758268900343642 0.022068298969072163 0.03550257731958754
0 0.13515625 0.18958333333333333 0.0265625 0.0375
0 0.30963541666666666 0.25069444444444444 0.0265625 0.0416666666666667
0 0.2440729166666667 0.15646666666666667 0.0265625 0.0375
0 0.2808959082733813 0.22234712230215828 0.0265625 0.0375
0 0.264740728021978 0.36254578754578753 0.0265625 0.0375
0 0.5350395772327965 0.9748444363103953 0.0265625 0.0375
0 0.6279187964684014 0.6051889714993804 0.0265625 0.0375
0 0.48828125 0.86875 0.0265625 0.0375
0 0.84296875 0.85625 0.0265625 0.0375
0 0.83359375 0.98125 0.0265625 0.0375
0 0.8496179917279412 0.7541666666666667 0.0265625 0.0375
0 0.828125 0.43645833333333334 0.025 0.03958333333333333
0 0.8657641806722689 0.409375 0.025 0.03958333333333333
0 0.6586647727272728 0.20549242424242425 0.0265625 0.03333333333333333
0 0.7649567018072289 0.09352409638554217 0.0265625 0.03333333333333333
0 0.71015625 0.6354166666666666 0.0265625 0.03333333333333333
0 0.5539972694174757 0.5588996763754045 0.0296875 0.03333333333333333
0 0.4756156870860927 0.41694260485651213 0.0265625 0.03333333333333333
0 0.6473958333333333 0.4888888888888889 0.028125 0.0375
0 0.9621354166666667 0.8925694444444444 0.0234375 0.035416666666666666
0 0.58828125 0.11875 0.0296875 0.05
0 0.6015625 0.20625 0.025 0.04583333333333333
0 0.85625 0.22395833333333334 0.0375 0.04375
0 0.84765625 0.10729166666666666 0.0296875 0.035416666666666666
0 0.49410270024271846 0.7474463996763754 0.0421875 0.04375
0 0.49989798109965633 0.03190506872852234 0.025 0.027083333333333334
0 0.50703125 0.01565563725490196 0.0296875 0.01881127450980392
0 0.36378192204301074 0.037824820788530465 0.0234375 0.027083333333333334
1 0.57109375 0.13333333333333333 0.0890625 0.1125
1 0.3203125 0.21041666666666667 0.103125 0.09583333333333334
