0 0.2706532213656388 0.42960719530102787 0.0265625 0.0375
0 0.23828125 0.5770833333333333 0.0265625 0.0375
0 0.24261516434262947 0.85625 0.0265625 0.0375
0 0.19453125 0.8458333333333333 0.0265625 0.0375
0 0.08359375 0.80625 0.0265625 0.0375
0 0.02232794260700389 0.7421854734111544 0.0265625 0.0375
0 0.13515625 0.18958333333333333 0.0265625 0.0375
0 0.2208470394736842 0.18311403508771928 0.0265625 0.041666666666666664
0 0.2712419181034483 0.12095905172413793 0.0265625 0.0375
0 0.2831609712230216 0.21932703836930456 0.0265625 0.0375
0 0.2983169043624161 0.3203439597315436 0.0265625 0.0375
0 0.2296875 0.46145833333333336 0.028125 0.04583333333333333
0 0.5570622930463577 0.9249310154525385 0.0265625 0.0375
0 0.63828125 0.5734280303030304 0.0265625 0.0375
0 0.48828125 0.86875 0.0265625 0.0375
0 0.8461068986676017 0.846835553997195 0.0265625 0.0375
0 0.8367318986676017 0.971835553997195 0.0265625 0.0375
0 0.8531348615007012 0.751028517999065 0.0265625 0.0375
0 0.828125 0.43645833333333334 0.025 0.03958333333333333
0 0.8673516281512604 0.409375 0.025 0.03958333333333333
0 0.6660393471659919 0.1630482456140351 0.0265625 0.03333333333333333
0 0.7738090456298201 0.07390745501285348 0.0265625 0.03333333333333333
0 0.71015625 0.6354166666666666 0.0265625 0.03333333333333333
0 0.5846448863636364 0.5053598484848485 0.0265625 0.03333333333333333
0 0.4971090710116732 0.40423962386511025 0.0265625 0.03333333333333333
0 0.01178453947368421 0.2738815789473684 0.02356907894736842 0.03333333333333333
0 0.37109375 0.434375 0.028125 0.0375
0 0.76796875 0.4 0.0265625 0.03333333333333333
0 0.9877643623737373 0.8134574915824916 0.015759154040404157 0.035416666666666666
0 0.75078125 0.81875 0.0296875 0.041666666666666664
0 0.58828125 0.11875 0.0296875 0.05
0 0.6015625 0.20625 0.025 0.04583333333333333
0 0.16223958333333333 0.30625 0.0359375 0.04583333333333333
0 0.85625 0.22395833333333334 0.0375 0.04375
0 0.5038959703947368 0.732654879385965 0.0421875 0.04375
0 0.32734375 0.02583333333333333 0.0234375 0.029166666666666667
0 0.49696428571428575 0.01778769841269841 0.025 0.027083333333333334
0 0.46875 0.0125 0.0296875 0.025
1 0.57109375 0.13333333333333333 0.0890625 0.1125
1 0.3203125 0.21041666666666667 0.103125 0.09583333333333334
