0 0.272614767699115 0.42375860373647983 0.0265625 0.0375
0 0.23828125 0.5770833333333333 0.0265625 0.0375
0 0.2429289093625498 0.85625 0.0265625 0.0375
0 0.19453125 0.8458333333333333 0.0265625 0.0375
0 0.08359375 0.80625 0.0265625 0.0375
0 0.02539214494163424 0.7324821660181583 0.0265625 0.0375
0 0.13515625 0.18958333333333333 0.0265625 0.0375
0 0.21796875 0.17708333333333334 0.0265625 0.0375
0 0.28736530172413793 0.11077586206896552 0.0265625 0.0375
0 0.28386915467625895 0.218382793764988 0.0265625 0.0375
0 0.31020868288590603 0.31153523489932883 0.0265625 0.0375
0 0.31640625 0.36875 0.0265625 0.041666666666666664
0 0.5700520833333333 0.8951388888888889 0.0265625 0.0375
0 0.6414514089595376 0.5693942678227359 0.0265625 0.0375
0 0.48828125 0.86875 0.0265625 0.0375
0 0.82734375 0.8666666666666667 0.0234375 0.0375
0 0.847211386746143 0.8435220897615708 0.0265625 0.0375
0 0.8378363867461431 0.9685220897615708 0.0265625 0.0375
0 0.8539632275596073 0.7499240299205235 0.0265625 0.0375
0 0.828125 0.43645833333333334 0.025 0.03958333333333333
0 0.8678479516806723 0.409375 0.025 0.03958333333333333
0 0.5856770833333333 0.07569444444444445 0.0234375 0.029166666666666674
0 0.6692276062753036 0.14923245614035088 0.0265625 0.03333333333333335
0 0.7722907294344473 0.06985861182519279 0.0265625 0.033333333333333326
0 0.71015625 0.6354166666666666 0.0265625 0.03333333333333333
0 0.5906543703007519 0.4950031328320802 0.0265625 0.03333333333333333
0 0.49765625 0.3913377192982456 0.0265625 0.03333333333333333
0 0.013448660714285715 0.25052083333333336 0.0265625 0.03333333333333333
0 0.2765625 0.3645833333333333 0.028125 0.0375
0 0.77578125 0.575 0.0265625 0.03333333333333333
0 0.9936414930555555 0.7797164351851852 0.0125 0.035416666666666666
0 0.6875 0.56875 0.025 0.03333333333333333
0 0.58828125 0.11875 0.0296875 0.05
0 0.6015625 0.20625 0.025 0.04583333333333333
0 0.2522235576923077 0.4966346153846154 0.0359375 0.04583333333333333
0 0.17265625 0.39166666666666666 0.0328125 0.0375
0 0.85625 0.22395833333333334 0.0375 0.04375
0 0.5077816611842105 0.726610471491228 0.0421875 0.04375
1 0.57109375 0.13333333333333333 0.0890625 0.1125
1 0.3203125 0.21041666666666667 0.103125 0.09583333333333334
