0 0.26484375 0.4354166666666667 0.0265625 0.0375
0 0.23828125 0.5770833333333333 0.0265625 0.0375
0 0.24022721613545817 0.85625 0.0265625 0.0375
0 0.19453125 0.8458333333333333 0.0265625 0.0375
0 0.08359375 0.80625 0.0265625 0.0375
0 0.13515625 0.18958333333333333 0.0265625 0.0375
0 0.259375 0.196875 0.0265625 0.041666666666666664
0 0.2130767342931937 0.1830933682373473 0.0265625 0.0375
0 0.26714527027027024 0.2553772522522523 0.0265625 0.037500000000000026
0 0.224658203125 0.3948567708333333 0.0265625 0.0375
0 0.53984375 0.98125 0.0265625 0.0375
0 0.6303837604602511 0.609571129707113 0.0265625 0.0375
0 0.48828125 0.86875 0.0265625 0.0375
0 0.84296875 0.85625 0.0265625 0.0375
0 0.83359375 0.98125 0.0265625 0.0375
0 0.84140625 0.7669117647058824 0.0265625 0.0375
0 0.828125 0.43645833333333334 0.025 0.03958333333333333
0 0.8640625 0.409375 0.025 0.03958333333333333
0 0.6290217234411085 0.23809180138568128 0.0265625 0.03333333333333333
0 0.7427472014925373 0.13706467661691543 0.0265625 0.03333333333333333
0 0.71015625 0.6354166666666666 0.0265625 0.03333333333333333
0 0.5034466911764706 0.6064950980392158 0.0296875 0.03333333333333333
0 0.45943710774058577 0.4627963737796374 0.0265625 0.03333333333333333
0 0.58828125 0.11875 0.0296875 0.05
0 0.6015625 0.20625 0.025 0.04583333333333333
0 0.85625 0.22395833333333334 0.0375 0.04375
0 0.4867225424757281 0.7572866100323625 0.0421875 0.04375
0 0.76318359375 0.898828125 0.0296875 0.03958333333333333
0 0.19231770833333334 0.8196180555555556 0.025000000000000022 0.03958333333333333
0 0.4826718444227006 0.04914587410306589 0.025 0.027083333333333334
0 0.5092027559055119 0.027665682414698165 0.0296875 0.03125
0 0.35703125 0.06354166666666666 0.0234375 0.027083333333333334
0 0.78 0.24729166666666663 0.034375 0.039583333333333304
0 0.9765345982142858 0.030791170634920637 0.023270089285714234 0.03266369047619048
1 0.57109375 0.13333333333333333 0.0890625 0.1125
1 0.3203125 0.21041666666666667 0.103125 0.09583333333333334
