0 0.26484375 0.4354166666666667 0.0265625 0.0375
0 0.23828125 0.5770833333333333 0.0265625 0.0375
0 0.2406629731075697 0.85625 0.0265625 0.0375
0 0.19453125 0.8458333333333333 0.0265625 0.0375
0 0.08359375 0.80625 0.0265625 0.0375
0 0.13515625 0.18958333333333333 0.0265625 0.0375
0 0.29921875 0.21145833333333333 0.0265625 0.041666666666666664
0 0.22806299603174604 0.17329695767195769 0.0265625 0.0375
0 0.26953125 0.24583333333333332 0.0265625 0.0375
0 0.2340104166666667 0.3827777777777778 0.0265625 0.0375
0 0.5385260340409956 0.9794930453879941 0.0265625 0.0375
0 0.6312383828996283 0.611090458488228 0.0265625 0.0375
0 0.48828125 0.86875 0.0265625 0.0375
0 0.84296875 0.85625 0.0265625 0.0375
0 0.83359375 0.98125 0.0265625 0.0375
0 0.8397690716911764 0.7541666666666667 0.0265625 0.0375
0 0.828125 0.43645833333333334 0.025 0.03958333333333333
0 0.8642633928571428 0.409375 0.025 0.03958333333333333
0 0.6309162095842956 0.23640781370284836 0.0265625 0.03333333333333333
0 0.7548677884615385 0.11314102564102564 0.0265625 0.03333333333333333
0 0.71015625 0.6354166666666666 0.0265625 0.03333333333333333
0 0.5179550438596492 0.600420321637427 0.0296875 0.03333333333333333
0 0.4616281702898551 0.44762479871175526 0.0265625 0.03333333333333333
0 0.9237283302919709 0.978778892944039 0.0234375 0.035416666666666666
0 0.58828125 0.11875 0.0296875 0.05
0 0.6015625 0.20625 0.025 0.04583333333333333
0 0.85625 0.22395833333333334 0.0375 0.04375
0 0.48904543385922333 0.7541894215210355 0.0421875 0.04375
0 0.862109375 0.7145833333333333 0.0296875 0.03958333333333333
0 0.16468750000000001 0.9290972222222221 0.025 0.03958333333333333
0 0.15104166666666669 0.9177083333333333 0.03125 0.03958333333333333
0 0.48427715264187865 0.04700546314416177 0.025 0.027083333333333334
0 0.5081262303149606 0.024794947506561683 0.0296875 0.03125
0 0.35703125 0.06354166666666666 0.0234375 0.027083333333333334
0 0.74734375 0.04916666666666667 0.0296875 0.03333333333333333
0 0.9853236607142858 0.017336309523809525 0.021316964285714234 0.024851190476190475
1 0.57109375 0.13333333333333333 0.0890625 0.1125
1 0.3203125 0.21041666666666667 0.103125 0.09583333333333334
