0 0.2717851216814159 0.4267084562438545 0.0265625 0.0375
0 0.23828125 0.5770833333333333 0.0265625 0.0375
0 0.24277950697211156 0.85625 0.0265625 0.0375
0 0.19453125 0.8458333333333333 0.0265625 0.0375
0 0.08359375 0.80625 0.0265625 0.0375
0 0.023933000972762648 0.7371027885862517 0.0265625 0.0375
0 0.13515625 0.18958333333333333 0.0265625 0.0375
0 0.22265625 0.17556818181818182 0.0265625 0.0375
0 0.2796875 0.115625 0.0265625 0.0375
0 0.28353192446043163 0.2188324340527578 0.0265625 0.0375
0 0.30454593120805373 0.31572986577181206 0.0265625 0.0375
0 0.3140625 0.425 0.0265625 0.041666666666666664
0 0.5639914772727272 0.9100378787878788 0.0265625 0.0375
0 0.639825686416185 0.571200626204239 0.0265625 0.0375
0 0.48828125 0.86875 0.0265625 0.0375
0 0.93359375 0.8958333333333334 0.0234375 0.0375
0 0.8466854400420758 0.8450999298737727 0.0265625 0.0375
0 0.8373104400420758 0.9700999298737727 0.0265625 0.0375
0 0.8535687675315569 0.7504499766245909 0.0265625 0.0375
0 0.828125 0.43645833333333334 0.025 0.03958333333333333
0 0.8676116071428572 0.409375 0.025 0.03958333333333333
0 0.6677093876518219 0.15581140350877193 0.0265625 0.03333333333333333
0 0.7730137371465295 0.0717866323907455 0.0265625 0.03333333333333333
0 0.71015625 0.6354166666666666 0.0265625 0.03333333333333333
0 0.5878348214285715 0.49970238095238095 0.0265625 0.03333333333333333
0 0.49765625 0.39791666666666664 0.0265625 0.03333333333333333
0 0.01328125 0.2657930107526882 0.0265625 0.03333333333333336
0 0.303125 0.4 0.028125 0.0375
0 0.77109375 0.5083333333333333 0.0265625 0.03333333333333333
0 0.9923394097222221 0.7988136574074074 0.0125 0.035416666666666666
0 0.71328125 0.70625 0.0296875 0.041666666666666664
0 0.58828125 0.11875 0.0296875 0.05
0 0.6015625 0.20625 0.025 0.04583333333333333
0 0.221875 0.3770833333333333 0.0359375 0.04583333333333333
0 0.04401041666666666 0.25069444444444444 0.032812499999999994 0.037500000000000026
0 0.85625 0.22395833333333334 0.0375 0.04375
0 0.5059313322368422 0.7294887609649123 0.0421875 0.04375
1 0.57109375 0.13333333333333333 0.0890625 0.1125
1 0.3203125 0.21041666666666667 0.103125 0.09583333333333334
