0 0.2663856002202643 0.43387481644640236 0.0265625 0.0375
0 0.23828125 0.5770833333333333 0.0265625 0.0375
0 0.24222920816733068 0.85625 0.0265625 0.0375
0 0.19453125 0.8458333333333333 0.0265625 0.0375
0 0.08359375 0.80625 0.0265625 0.0375
0 0.018558487354085607 0.7541220817120622 0.0265625 0.0375
0 0.13515625 0.18958333333333333 0.0265625 0.0375
0 0.23515625 0.18958333333333333 0.0265625 0.041666666666666664
0 0.2571533203125 0.13525390625 0.0265625 0.0375
0 0.28228979316546765 0.22048860911270982 0.0265625 0.0375
0 0.28567915836653385 0.3368027888446215 0.0265625 0.0375
0 0.15125 0.5341666666666666 0.028125 0.04999999999999994
0 0.5423828125 0.9559895833333333 0.0265625 0.0375
0 0.6357786016949152 0.5848870056497175 0.0265625 0.0375
0 0.48828125 0.86875 0.0265625 0.0375
0 0.8447482030154279 0.8509116409537167 0.0265625 0.0375
0 0.8353732030154278 0.9759116409537167 0.0265625 0.0375
0 0.8521158397615709 0.752387213651239 0.0265625 0.0375
0 0.828125 0.43645833333333334 0.025 0.03958333333333333
0 0.8667410714285714 0.409375 0.025 0.03958333333333333
0 0.6626589556277056 0.1779040404040404 0.0265625 0.03333333333333333
0 0.7711816014056225 0.08107429718875502 0.0265625 0.033333333333333326
0 0.71015625 0.6354166666666666 0.0265625 0.03333333333333333
0 0.5743976622137404 0.5251908396946565 0.027206583969465646 0.03333333333333333
0 0.48768543287937743 0.40549610894941635 0.0265625 0.03333333333333333
0 0.00546875 0.30520833333333336 0.0109375 0.035416666666666666
0 0.4625 0.4847222222222222 0.028125 0.0375
0 0.74453125 0.14791666666666667 0.0265625 0.03333333333333333
0 0.977042545180723 0.845519578313253 0.0234375 0.035416666666666666
0 0.58828125 0.11875 0.0296875 0.05
0 0.6015625 0.20625 0.025 0.04583333333333333
0 0.04296875 0.08541666666666667 0.0296875 0.03958333333333333
0 0.85625 0.22395833333333334 0.0375 0.04375
0 0.4991159539473684 0.7400904605263158 0.0421875 0.04375
0 0.5015773809523809 0.021888227513227512 0.025 0.027083333333333334
0 0.2578125 0.22083333333333333 0.028125 0.0375
0 0.5187263257575758 0.011726641414141415 0.0296875 0.01875
0 0.37109375 0.016145833333333335 0.0234375 0.023958333333333335
1 0.57109375 0.13333333333333333 0.0890625 0.1125
1 0.3203125 0.21041666666666667 0.103125 0.09583333333333334
