0 0.26484375 0.4354166666666667 0.0265625 0.0375
0 0.23828125 0.5770833333333333 0.0265625 0.0375
0 0.2403367778884462 0.85625 0.0265625 0.0375
0 0.19453125 0.8458333333333333 0.0265625 0.0375
0 0.08359375 0.80625 0.0265625 0.0375
0 0.13515625 0.18958333333333333 0.0265625 0.0375
0 0.27890625 0.2 0.0265625 0.041666666666666664
0 0.2155980603448276 0.17873563218390803 0.0265625 0.0375
0 0.26802619485294116 0.2518535539215686 0.0265625 0.03749999999999997
0 0.226806640625 0.3900824652777778 0.0265625 0.0375
0 0.5397247895314787 0.9810913860419717 0.0265625 0.0375
0 0.6312467311715481 0.61110529986053 0.0265625 0.0375
0 0.48828125 0.86875 0.0265625 0.0375
0 0.84296875 0.85625 0.0265625 0.0375
0 0.83359375 0.98125 0.0265625 0.0375
0 0.8378267045454546 0.7571212121212122 0.0265625 0.0375
0 0.828125 0.43645833333333334 0.025 0.03958333333333333
0 0.8640625 0.409375 0.025 0.03958333333333333
0 0.6294980513856813 0.2376683987682833 0.0265625 0.03333333333333333
0 0.7483908582089552 0.12885572139303483 0.0265625 0.03333333333333335
0 0.71015625 0.6354166666666666 0.0265625 0.03333333333333333
0 0.5077796743697479 0.6041841736694679 0.0296875 0.03333333333333333
0 0.4597247646443515 0.4593444909344491 0.0265625 0.03333333333333333
0 0.91015625 0.9927083333333333 0.0265625 0.014583333333333334
0 0.58828125 0.11875 0.0296875 0.05
0 0.6015625 0.20625 0.025 0.04583333333333333
0 0.85625 0.22395833333333334 0.0375 0.04375
0 0.48730658373786406 0.7565078883495145 0.0421875 0.04375
0 0.771701388888889 0.8658564814814814 0.0296875 0.03958333333333333
0 0.19187500000000002 0.8577083333333333 0.025000000000000022 0.03958333333333333
0 0.01328125 0.8052083333333333 0.0265625 0.03333333333333333
0 0.48307546477495106 0.04860771363339857 0.025 0.027083333333333334
0 0.5089320866141732 0.026943897637795276 0.0296875 0.03125
0 0.35703125 0.06354166666666666 0.0234375 0.027083333333333334
0 0.78125 0.196875 0.034375 0.03958333333333333
0 0.9787444196428572 0.027408234126984128 0.02277901785714285 0.030699404761904765
1 0.57109375 0.13333333333333333 0.0890625 0.1125
1 0.3203125 0.21041666666666667 0.103125 0.09583333333333334
