0 0.26484375 0.4354166666666667 0.0265625 0.0375
0 0.23828125 0.5770833333333333 0.0265625 0.0375
0 0.23989355079681274 0.85625 0.0265625 0.0375
0 0.19453125 0.8458333333333333 0.0265625 0.0375
0 0.08359375 0.80625 0.0265625 0.0375
0 0.13515625 0.18958333333333333 0.0265625 0.0375
0 0.2015625 0.25625 0.0265625 0.041666666666666664
0 0.2064995091623037 0.19770942408376962 0.026562500000000024 0.0375
0 0.2599609375 0.27208333333333334 0.0265625 0.0375
0 0.21503638698630137 0.4039098173515982 0.0265625 0.0375
0 0.53984375 0.98125 0.0265625 0.0375
0 0.6277556223849372 0.6048988842398885 0.0265625 0.0375
0 0.48828125 0.86875 0.0265625 0.0375
0 0.84296875 0.85625 0.0265625 0.0375
0 0.83359375 0.98125 0.0265625 0.0375
0 0.84140625 0.78125 0.0265625 0.0375
0 0.828125 0.43645833333333334 0.025 0.03958333333333333
0 0.8640625 0.409375 0.025 0.03958333333333333
0 0.6275710883371824 0.23938125481139336 0.0265625 0.03333333333333333
0 0.73671875 0.15590277777777778 0.0265625 0.03333333333333333
0 0.71015625 0.6354166666666666 0.0265625 0.03333333333333333
0 0.490250787815126 0.613532913165266 0.0296875 0.03333333333333333
0 0.45859375 0.47291666666666665 0.0265625 0.03333333333333333
0 0.58828125 0.11875 0.0296875 0.05
0 0.6015625 0.20625 0.025 0.04583333333333333
0 0.85625 0.22395833333333334 0.0375 0.04375
0 0.48515625 0.759375 0.0421875 0.04375
0 0.6774356617647059 0.9754289215686274 0.0296875 0.03958333333333333
0 0.1866688829787234 0.7116799645390071 0.025 0.03958333333333333
0 0.4814426369863014 0.05078481735159817 0.025 0.027083333333333334
0 0.5100270669291339 0.029863845144356953 0.0296875 0.031249999999999997
0 0.35703125 0.06354166666666666 0.0234375 0.027083333333333334
0 0.7975 0.40562499999999996 0.034375 0.03958333333333333
0 0.9698046874999999 0.041093750000000005 0.024765625000000034 0.03864583333333334
1 0.57109375 0.13333333333333333 0.0890625 0.1125
1 0.3203125 0.21041666666666667 0.103125 0.09583333333333334
