0 0.26484375 0.4354166666666667 0.0265625 0.0375
0 0.23828125 0.5770833333333333 0.0265625 0.0375
0 0.24073269422310756 0.85625 0.0265625 0.0375
0 0.19453125 0.8458333333333333 0.0265625 0.0375
0 0.08359375 0.80625 0.0265625 0.0375
0 0.00546875 0.8104166666666667 0.0109375 0.03333333333333333
0 0.13515625 0.18958333333333333 0.0265625 0.0375
0 0.30265624999999996 0.22020833333333334 0.0265625 0.041666666666666664
0 0.2308407738095238 0.17375992063492063 0.0265625 0.0375
0 0.27053534836065574 0.24372950819672132 0.0265625 0.0375
0 0.23546874999999998 0.38083333333333336 0.0265625 0.0375
0 0.5382698114934115 0.9791514153245485 0.0265625 0.0375
0 0.6309944237918216 0.6106567534076828 0.0265625 0.0375
0 0.48828125 0.86875 0.0265625 0.0375
0 0.84296875 0.85625 0.0265625 0.0375
0 0.83359375 0.98125 0.0265625 0.0375
0 0.8404928768382354 0.7541666666666667 0.0265625 0.0375
0 0.828125 0.43645833333333334 0.025 0.03958333333333333
0 0.8643736869747899 0.409375 0.025 0.03958333333333333
0 0.6312193273672055 0.23613837567359505 0.0265625 0.03333333333333333
0 0.7551737325174825 0.1106934731934732 0.0265625 0.03333333333333333
0 0.71015625 0.6354166666666666 0.0265625 0.03333333333333333
0 0.5199007601351352 0.5996480855855856 0.0296875 0.03333333333333333
0 0.46226222826086955 0.44480676328502416 0.0265625 0.03333333333333333
0 0.99453125 0.3638888888888889 0.0109375 0.03333333333333333
0 0.9272411040145986 0.974095194647202 0.0234375 0.035416666666666666
0 0.58828125 0.11875 0.0296875 0.05
0 0.6015625 0.20625 0.025 0.04583333333333333
0 0.85625 0.22395833333333334 0.0375 0.04375
0 0.4894170964805825 0.7536938713592233 0.0421875 0.04375
0 0.8735937500000001 0.6793750000000001 0.0296875 0.03958333333333333
0 0.14681490384615387 0.9295673076923077 0.025 0.03958333333333333
0 0.19140625 0.94375 0.028125 0.029166666666666667
0 0.4845340019569472 0.046662997390737114 0.025 0.027083333333333334
0 0.5079539862204724 0.024335629921259847 0.0296875 0.03125000000000001
0 0.35703125 0.06354166666666666 0.0234375 0.027083333333333334
0 0.7203125 0.015625 0.021875 0.03125
0 0.9867299107142857 0.015183531746031745 0.021004464285714165 0.023601190476190477
1 0.57109375 0.13333333333333333 0.0890625 0.1125
1 0.3203125 0.21041666666666667 0.103125 0.09583333333333334
