0 0.2674318557268722 0.43282856093979444 0.0265625 0.0375
0 0.23828125 0.5770833333333333 0.0265625 0.0375
0 0.24232382968127492 0.85625 0.0265625 0.0375
0 0.19453125 0.8458333333333333 0.0265625 0.0375
0 0.08359375 0.80625 0.0265625 0.0375
0 0.01948261186770428 0.7511956874189365 0.0265625 0.0375
0 0.13515625 0.18958333333333333 0.0265625 0.0375
0 0.22973345588235294 0.1869485294117647 0.0265625 0.041666666666666664
0 0.2599365234375 0.13154296875 0.0265625 0.0375
0 0.2825033723021583 0.22020383693045564 0.0265625 0.0375
0 0.2887543575697211 0.33270252324037186 0.0265625 0.0375
0 0.1625 0.5381944444444444 0.028125 0.04999999999999994
0 0.54609375 0.9488425925925926 0.0265625 0.0375
0 0.6375397245762712 0.5808615819209039 0.0265625 0.0375
0 0.48828125 0.86875 0.0265625 0.0375
0 0.8450813025946704 0.8499123422159888 0.0265625 0.0375
0 0.8357063025946705 0.9749123422159888 0.0265625 0.0375
0 0.8523656644460027 0.7520541140719962 0.0265625 0.0375
0 0.828125 0.43645833333333334 0.025 0.03958333333333333
0 0.866890756302521 0.409375 0.025 0.03958333333333333
0 0.6631730248917749 0.17550505050505052 0.0265625 0.03333333333333333
0 0.7721354166666667 0.07916666666666666 0.0265625 0.03333333333333333
0 0.71015625 0.6354166666666666 0.0265625 0.03333333333333333
0 0.5775703721374046 0.5206583969465649 0.026753339694656476 0.03333333333333333
0 0.48999574416342406 0.4051880674448768 0.0265625 0.03333333333333333
0 0.0072499999999999995 0.29175 0.014499999999999999 0.033833333333333354
0 0.437109375 0.4046875 0.028125 0.0375
0 0.75234375 0.21875 0.0265625 0.03333333333333333
0 0.9789930555555555 0.8380787037037037 0.022222222222222143 0.035416666666666666
0 0.58828125 0.11875 0.0296875 0.05
0 0.6015625 0.20625 0.025 0.04583333333333333
0 0.07734375 0.146875 0.0296875 0.03958333333333333
0 0.85625 0.22395833333333334 0.0375 0.04375
0 0.5002878289473685 0.7382675438596491 0.0421875 0.04375
0 0.5004464285714285 0.02088293650793651 0.025 0.027083333333333338
0 0.294921875 0.15260416666666668 0.028125 0.0375
0 0.5205255681818182 0.011126893939393938 0.0296875 0.01875
0 0.3727901785714286 0.013035714285714286 0.0234375 0.02226190476190476
1 0.57109375 0.13333333333333333 0.0890625 0.1125
1 0.3203125 0.21041666666666667 0.103125 0.09583333333333334
