0 0.2665507984581498 0.4337096182085169 0.0265625 0.0375
0 0.23828125 0.5770833333333333 0.0265625 0.0375
0 0.2422441484063745 0.85625 0.0265625 0.0375
0 0.19453125 0.8458333333333333 0.0265625 0.0375
0 0.08359375 0.80625 0.0265625 0.0375
0 0.018704401750972766 0.753660019455253 0.0265625 0.0375
0 0.13515625 0.18958333333333333 0.0265625 0.0375
0 0.2337139423076923 0.1876602564102564 0.0265625 0.041666666666666664
0 0.2575927734375 0.13466796875 0.0265625 0.0375
0 0.28232351618705037 0.22044364508393285 0.0265625 0.0375
0 0.2861647161354582 0.33615537848605576 0.0265625 0.0375
0 0.15437499999999998 0.525 0.028125 0.05
0 0.54296875 0.954861111111111 0.0265625 0.0375
0 0.6360566737288136 0.5842514124293785 0.0265625 0.0375
0 0.48828125 0.86875 0.0265625 0.0375
0 0.8448007976858346 0.8507538569424965 0.0265625 0.0375
0 0.8354257976858346 0.9757538569424965 0.0265625 0.0375
0 0.8521552857643758 0.7523346189808322 0.0265625 0.0375
0 0.828125 0.43645833333333334 0.025 0.03958333333333333
0 0.866764705882353 0.409375 0.025 0.03958333333333333
0 0.6627401244588744 0.17752525252525253 0.0265625 0.03333333333333333
0 0.771332203815261 0.08077309236947791 0.0265625 0.03333333333333334
0 0.71015625 0.6354166666666666 0.0265625 0.03333333333333333
0 0.5748986164122137 0.5244751908396946 0.027135019083969425 0.03333333333333328
0 0.4880502188715953 0.4054474708171206 0.0265625 0.03333333333333333
0 0.00575 0.3030833333333333 0.0115 0.03516666666666666
0 0.47109375 0.48020833333333335 0.028125 0.0375
0 0.76015625 0.15833333333333333 0.0265625 0.03333333333333333
0 0.9771554969879517 0.8444653614457831 0.0234375 0.035416666666666666
0 0.58828125 0.11875 0.0296875 0.05
0 0.6015625 0.20625 0.025 0.04583333333333333
0 0.06328125 0.09270833333333334 0.0296875 0.03958333333333333
0 0.85625 0.22395833333333334 0.0375 0.04375
0 0.4993009868421052 0.7398026315789473 0.0421875 0.04375
0 0.5013988095238096 0.021729497354497355 0.025 0.027083333333333334
0 0.277734375 0.22604166666666667 0.028125 0.0375
0 0.5190104166666667 0.011631944444444446 0.0296875 0.01875
0 0.37136160714285715 0.015654761904761904 0.0234375 0.02369047619047619
1 0.57109375 0.13333333333333333 0.0890625 0.1125
1 0.3203125 0.21041666666666667 0.103125 0.09583333333333334
