0 0.26484375 0.4354166666666667 0.0265625 0.0375
0 0.23828125 0.5770833333333333 0.0265625 0.0375
0 0.24147970617529882 0.85625 0.0265625 0.0375
0 0.19453125 0.8458333333333333 0.0265625 0.0375
0 0.08359375 0.80625 0.0265625 0.0375
0 0.007192332474226804 0.7843642611683849 0.014384664948453607 0.03208762886597943
0 0.13515625 0.18958333333333333 0.0265625 0.0375
0 0.3041015625 0.24361979166666667 0.0265625 0.041666666666666664
0 0.24296875 0.16 0.0265625 0.0375
0 0.28059802158273384 0.2227443045563549 0.0265625 0.0375
0 0.25655048076923076 0.36618589743589747 0.0265625 0.0375
0 0.5355245699121522 0.975491093216203 0.0265625 0.0375
0 0.6283805762081784 0.6060099132589839 0.0265625 0.0375
0 0.48828125 0.86875 0.0265625 0.0375
0 0.84296875 0.85625 0.0265625 0.0375
0 0.83359375 0.98125 0.0265625 0.0375
0 0.8482479319852942 0.7541666666666667 0.0265625 0.0375
0 0.828125 0.43645833333333334 0.025 0.03958333333333333
0 0.8655554096638655 0.409375 0.025 0.03958333333333333
0 0.6510817307692307 0.21626602564102565 0.0265625 0.03333333333333333
0 0.7636263805220883 0.09618473895582329 0.0265625 0.03333333333333333
0 0.71015625 0.6354166666666666 0.0265625 0.03333333333333333
0 0.5499772451456311 0.5706917475728156 0.0296875 0.03333333333333333
0 0.47342197847682116 0.4205987858719647 0.0265625 0.03333333333333333
0 0.68125 0.4583333333333333 0.028125 0.0375
0 0.9574830572289157 0.9083458835341366 0.0234375 0.035416666666666666
0 0.58828125 0.11875 0.0296875 0.05
0 0.6015625 0.20625 0.025 0.04583333333333333
0 0.85625 0.22395833333333334 0.0375 0.04375
0 0.803125 0.058333333333333334 0.0296875 0.03333333333333333
0 0.4933991959951456 0.7483844053398059 0.0421875 0.04375
0 0.49619845360824744 0.035320017182130584 0.025 0.02708333333333333
0 0.50703125 0.01727941176470588 0.0296875 0.022058823529411763
0 0.36253528225806453 0.0425739247311828 0.0234375 0.027083333333333338
1 0.57109375 0.13333333333333333 0.0890625 0.1125
1 0.3203125 0.21041666666666667 0.103125 0.09583333333333334
