0 0.2697721640969163 0.4304882525697504 0.0265625 0.0375
0 0.23828125 0.5770833333333333 0.0265625 0.0375
0 0.2425354830677291 0.85625 0.0265625 0.0375
0 0.19453125 0.8458333333333333 0.0265625 0.0375
0 0.08359375 0.80625 0.0265625 0.0375
0 0.021549732490272373 0.7446498054474708 0.0265625 0.0375
0 0.13515625 0.18958333333333333 0.0265625 0.0375
0 0.22109375 0.18229166666666666 0.0265625 0.041666666666666664
0 0.2671470905172414 0.12354525862068964 0.0265625 0.0375
0 0.2829811151079137 0.21956684652278177 0.0265625 0.0375
0 0.29563309262948206 0.3235308764940239 0.0265625 0.0375
0 0.21875 0.4881944444444445 0.028125 0.04583333333333333
0 0.5540821605960266 0.9315535320088301 0.0265625 0.0375
0 0.63828125 0.5752462121212122 0.0265625 0.0375
0 0.48828125 0.86875 0.0265625 0.0375
0 0.8458263937587658 0.8476770687237027 0.0265625 0.0375
0 0.8364513937587658 0.9726770687237027 0.0265625 0.0375
0 0.8529244828190743 0.7513090229079009 0.0265625 0.0375
0 0.828125 0.43645833333333334 0.025 0.03958333333333333
0 0.8672255777310924 0.409375 0.025 0.03958333333333333
0 0.6652296305668016 0.16655701754385965 0.0265625 0.03333333333333333
0 0.7741946497429306 0.0749357326478149 0.0265625 0.03333333333333333
0 0.71015625 0.6354166666666666 0.0265625 0.03333333333333333
0 0.5828267045454545 0.5096022727272728 0.0265625 0.03333333333333333
0 0.4951635457198444 0.4044990272373541 0.0265625 0.03333333333333333
0 0.009942434210526315 0.28019736842105264 0.01988486842105263 0.033333333333333305
0 0.3859375 0.4635416666666667 0.028125 0.0375
0 0.77109375 0.35625 0.0265625 0.03333333333333333
0 0.9853653724747474 0.8201914983164983 0.017526830808080797 0.035416666666666666
0 0.7830729166666666 0.8555555555555556 0.03906249999999991 0.041666666666666664
0 0.58828125 0.11875 0.0296875 0.05
0 0.6015625 0.20625 0.025 0.04583333333333333
0 0.15234375 0.26666666666666666 0.0359375 0.04583333333333333
0 0.85625 0.22395833333333334 0.0375 0.04375
0 0.5029091282894738 0.7341899671052631 0.0421875 0.04375
0 0.3619419642857143 0.07619047619047618 0.0234375 0.02916666666666666
0 0.4979166666666667 0.01863425925925926 0.025 0.027083333333333334
0 0.41886160714285714 0.04241071428571429 0.0296875 0.04375
0 0.5245501893939394 0.009785353535353536 0.0296875 0.01875
1 0.57109375 0.13333333333333333 0.0890625 0.1125
1 0.3203125 0.21041666666666667 0.103125 0.09583333333333334
