0 0.26484375 0.4354166666666667 0.0265625 0.0375
0 0.23828125 0.5770833333333333 0.0265625 0.0375
0 0.2406555029880478 0.85625 0.0265625 0.0375
0 0.19453125 0.8458333333333333 0.0265625 0.0375
0 0.08359375 0.80625 0.0265625 0.0375
0 0.13515625 0.18958333333333333 0.0265625 0.0375
0 0.30140625 0.21 0.0265625 0.041666666666666664
0 0.22776537698412697 0.1732473544973545 0.0265625 0.0375
0 0.26949678308823527 0.24597120098039216 0.0265625 0.0375
0 0.23385416666666664 0.38298611111111114 0.0265625 0.0375
0 0.5385534864568082 0.9795296486090775 0.0265625 0.0375
0 0.6312645213754646 0.611136926889715 0.0265625 0.0375
0 0.48828125 0.86875 0.0265625 0.0375
0 0.84296875 0.85625 0.0265625 0.0375
0 0.83359375 0.98125 0.0265625 0.0375
0 0.8396915211397058 0.7541666666666667 0.0265625 0.0375
0 0.828125 0.43645833333333334 0.025 0.03958333333333333
0 0.864251575630252 0.409375 0.025 0.03958333333333333
0 0.6308837326789838 0.2364366820631255 0.0265625 0.03333333333333333
0 0.7548350087412588 0.1134032634032634 0.0265625 0.03333333333333333
0 0.71015625 0.6354166666666666 0.0265625 0.03333333333333333
0 0.5177494517543859 0.6004751461988304 0.0296875 0.03333333333333333
0 0.4615602355072464 0.44792673107890496 0.0265625 0.03333333333333333
0 0.9233519616788322 0.9792807177615572 0.0234375 0.035416666666666666
0 0.58828125 0.11875 0.0296875 0.05
0 0.6015625 0.20625 0.025 0.04583333333333333
0 0.85625 0.22395833333333334 0.0375 0.04375
0 0.4890056128640777 0.7542425161812297 0.0421875 0.04375
0 0.85390625 0.7114583333333333 0.0296875 0.03958333333333333
0 0.1675 0.9282638888888889 0.025 0.03958333333333333
0 0.14140625 0.9208333333333333 0.03125 0.03958333333333333
0 0.484249633072407 0.047042155903457276 0.025 0.027083333333333334
0 0.50814468503937 0.024844160104986874 0.0296875 0.03125
0 0.35703125 0.06354166666666666 0.0234375 0.027083333333333334
0 0.74171875 0.05291666666666666 0.0296875 0.03333333333333333
0 0.9851729910714286 0.017566964285714286 0.021350446428571423 0.02498511904761905
1 0.57109375 0.13333333333333333 0.0890625 0.1125
1 0.3203125 0.21041666666666667 0.103125 0.09583333333333334
