0 0.26484375 0.4354166666666667 0.0265625 0.0375
0 0.23828125 0.5770833333333333 0.0265625 0.0375
0 0.24047871015936254 0.85625 0.0265625 0.0375
0 0.19453125 0.8458333333333333 0.0265625 0.0375
0 0.08359375 0.80625 0.0265625 0.0375
0 0.13515625 0.18958333333333333 0.0265625 0.0375
0 0.28703124999999996 0.21416666666666667 0.0265625 0.041666666666666664
0 0.22097252155172414 0.17566451149425288 0.0265625 0.0375
0 0.2686810661764706 0.24923406862745096 0.0265625 0.0375
0 0.2297265625 0.3850520833333333 0.0265625 0.0375
0 0.5392031936310395 0.980395924841386 0.0265625 0.0375
0 0.6318831319702602 0.6122366790582404 0.0265625 0.0375
0 0.48828125 0.86875 0.0265625 0.0375
0 0.84296875 0.85625 0.0265625 0.0375
0 0.83359375 0.98125 0.0265625 0.0375
0 0.8378561580882353 0.7541666666666667 0.0265625 0.0375
0 0.828125 0.43645833333333334 0.025 0.03958333333333333
0 0.8640625 0.409375 0.025 0.03958333333333333
0 0.6301151125866051 0.2371198999230177 0.0265625 0.03333333333333333
0 0.754059222027972 0.1196095571095571 0.0265625 0.03333333333333333
0 0.71015625 0.6354166666666666 0.0265625 0.03333333333333333
0 0.5128837719298246 0.6017726608187135 0.0296875 0.03333333333333333
0 0.46009741108786606 0.45487273361227337 0.0265625 0.03333333333333333
0 0.9148605510752688 0.9882280465949821 0.025218413978494603 0.023543906810035865
0 0.58828125 0.11875 0.0296875 0.05
0 0.6015625 0.20625 0.025 0.04583333333333333
0 0.85625 0.22395833333333334 0.0375 0.04375
0 0.4880631826456311 0.7554990898058253 0.0421875 0.04375
0 0.82546875 0.7956249999999999 0.0296875 0.03958333333333333
0 0.175 0.8594521604938271 0.025 0.03958333333333333
0 0.06171875 0.8609375 0.03125 0.03958333333333333
0 0.48359833659491197 0.047910551206784086 0.025 0.027083333333333334
0 0.5085814468503937 0.026008858267716536 0.0296875 0.03125
0 0.35703125 0.06354166666666666 0.0234375 0.027083333333333334
0 0.76875 0.14895833333333333 0.021875 0.03958333333333333
0 0.9816071428571428 0.02302579365079365 0.02214285714285715 0.028154761904761908
1 0.57109375 0.13333333333333333 0.0890625 0.1125
1 0.3203125 0.21041666666666667 0.103125 0.09583333333333334
