0 0.27432936946902653 0.41766224188790557 0.0265625 0.0375
0 0.23828125 0.5802523474178404 0.0265625 0.0375
0 0.2445532570422535 0.852024647887324 0.0265625 0.0375
0 0.19453125 0.8458333333333333 0.0265625 0.0375
0 0.08359375 0.80625 0.0265625 0.0375
0 0.02815801056338028 0.729137323943662 0.0265625 0.0375
0 0.13515625 0.18958333333333333 0.0265625 0.0375
0 0.20480587121212118 0.14059343434343435 0.02656249999999998 0.0375
0 0.3025 0.10152777777777779 0.0265625 0.0375
0 0.2845660971223022 0.21745353717026378 0.0265625 0.0375
0 0.3133032570422535 0.3072476525821596 0.0265625 0.0375
0 0.3653645833333333 0.2048611111111111 0.0265625 0.041666666666666664
0 0.5790162852112676 0.8821596244131455 0.0265625 0.0375
0 0.644811235549133 0.5656611271676301 0.0265625 0.0375
0 0.48828125 0.86875 0.0265625 0.0375
0 0.6216145833333334 0.8208333333333333 0.016145833333333304 0.0375
0 0.8482983432678821 0.8402612201963534 0.0265625 0.0375
0 0.8389233432678822 0.9652612201963534 0.0265625 0.0375
0 0.8547784449509116 0.7488370733987845 0.0265625 0.0375
0 0.95390625 0.7697916666666667 0.0265625 0.04375
0 0.828125 0.43645833333333334 0.025 0.03958333333333333
0 0.8683363970588236 0.409375 0.025 0.03958333333333333
0 0.65703125 0.14895833333333333 0.0234375 0.035416666666666666
0 0.6719506048387097 0.13823924731182796 0.0265625 0.03333333333333333
0 0.770796513496144 0.06587403598971722 0.0265625 0.03333333333333333
0 0.7117407570422535 0.6375293427230047 0.0265625 0.03333333333333333
0 0.5898217429577465 0.48635563380281693 0.0265625 0.03333333333333333
0 0.4992407570422535 0.38641431924882624 0.0265625 0.03333333333333333
0 0.039322916666666666 0.4722222222222222 0.0296875 0.0375
0 0.016438802083333332 0.2279296875 0.0265625 0.03333333333333333
0 0.1328125 0.28958333333333336 0.028125 0.0375
0 0.78203125 0.7625 0.0265625 0.03333333333333333
0 0.9900146484375 0.77314453125 0.019970703125 0.03430989583333333
0 0.6390625 0.384375 0.025 0.035416666666666666
0 0.58828125 0.11875 0.0296875 0.05
0 0.6015625 0.20625 0.025 0.04583333333333333
0 0.30390625 0.6409722222222223 0.0390625 0.041666666666666664
0 0.5390625 0.603125 0.028125 0.035416666666666666
0 0.85625 0.22395833333333334 0.0375 0.04375
0 0.5116056743421052 0.7206620065789474 0.0421875 0.04375
