0 0.26726665748898676 0.43299375917767985 0.0265625 0.0375
0 0.23828125 0.5770833333333333 0.0265625 0.0375
0 0.24230888944223108 0.85625 0.0265625 0.0375
0 0.19453125 0.8458333333333333 0.0265625 0.0375
0 0.08359375 0.80625 0.0265625 0.0375
0 0.01933669747081712 0.7516577496757457 0.0265625 0.0375
0 0.13515625 0.18958333333333333 0.0265625 0.0375
0 0.23028492647058824 0.18658088235294118 0.0265625 0.041666666666666664
0 0.2594970703125 0.13212890625 0.0265625 0.0375
0 0.2824696492805755 0.2202488009592326 0.0265625 0.0375
0 0.2882687998007968 0.3333499335989376 0.0265625 0.0375
0 0.16354166666666667 0.5288194444444444 0.028125 0.04999999999999994
0 0.5455078125 0.9499710648148147 0.0265625 0.0375
0 0.6372616525423729 0.5814971751412429 0.0265625 0.0375
0 0.48828125 0.86875 0.0265625 0.0375
0 0.8450287079242637 0.850070126227209 0.0265625 0.0375
0 0.8356537079242636 0.975070126227209 0.0265625 0.0375
0 0.8523262184431978 0.752106708742403 0.0265625 0.0375
0 0.828125 0.43645833333333334 0.025 0.03958333333333333
0 0.8668671218487395 0.409375 0.025 0.03958333333333333
0 0.663091856060606 0.1758838383838384 0.0265625 0.03333333333333333
0 0.771984814257028 0.07946787148594378 0.0265625 0.03333333333333333
0 0.71015625 0.6354166666666666 0.0265625 0.03333333333333333
0 0.5770694179389313 0.5213740458015267 0.026824904580152697 0.03333333333333333
0 0.4896309581712062 0.4052367055771725 0.0265625 0.03333333333333333
0 0.00696875 0.293875 0.0139375 0.03408333333333336
0 0.440625 0.4125 0.028125 0.0375
0 0.73203125 0.21041666666666667 0.0265625 0.03333333333333333
0 0.978543244949495 0.83934132996633 0.02255366161616159 0.035416666666666666
0 0.58828125 0.11875 0.0296875 0.05
0 0.6015625 0.20625 0.025 0.04583333333333333
0 0.08359375 0.13020833333333334 0.0296875 0.03958333333333333
0 0.85625 0.22395833333333334 0.0375 0.04375
0 0.5001027960526316 0.7385553728070176 0.0421875 0.04375
0 0.500625 0.02104166666666667 0.025 0.027083333333333338
0 0.30625 0.17708333333333334 0.028125 0.0375
0 0.5202414772727273 0.01122159090909091 0.0296875 0.01875
0 0.37252232142857145 0.013526785714285715 0.0234375 0.022529761904761907
1 0.57109375 0.13333333333333333 0.0890625 0.1125
1 0.3203125 0.21041666666666667 0.103125 0.09583333333333334
