0 0.26484375 0.4354166666666667 0.0265625 0.0375
0 0.23828125 0.5770833333333333 0.0265625 0.0375
0 0.2410190488047809 0.85625 0.0265625 0.0375
0 0.19453125 0.8458333333333333 0.0265625 0.0375
0 0.08359375 0.80625 0.0265625 0.0375
0 0.005639204545454545 0.8051893939393939 0.01127840909090909 0.03287878787878782
0 0.13515625 0.18958333333333333 0.0265625 0.0375
0 0.311499451754386 0.22112573099415206 0.0265625 0.041666666666666664
0 0.23911458333333332 0.17233333333333334 0.0265625 0.0375
0 0.27465932377049185 0.23508879781420766 0.0265625 0.0375
0 0.2426680177824268 0.3744246861924686 0.0265625 0.0375
0 0.5372174688872621 0.9777482918496827 0.0265625 0.0375
0 0.6299924488847584 0.6088754646840149 0.0265625 0.0375
0 0.48828125 0.86875 0.0265625 0.0375
0 0.84296875 0.85625 0.0265625 0.0375
0 0.83359375 0.98125 0.0265625 0.0375
0 0.8434656479779411 0.7541666666666667 0.0265625 0.0375
0 0.828125 0.43645833333333334 0.025 0.03958333333333333
0 0.8648266806722689 0.409375 0.025 0.03958333333333333
0 0.6364062500000001 0.23375 0.0265625 0.03333333333333333
0 0.7582606281725888 0.10461082910321488 0.0265625 0.03333333333333333
0 0.71015625 0.6354166666666666 0.0265625 0.03333333333333333
0 0.5283994932432432 0.591554054054054 0.0296875 0.03333333333333333
0 0.4648947010869565 0.4332653985507246 0.0265625 0.03333333333333333
0 0.868359375 0.37395833333333334 0.028125 0.0375
0 0.9407058189655173 0.9532327586206897 0.0234375 0.035416666666666666
0 0.58828125 0.11875 0.0296875 0.05
0 0.6015625 0.20625 0.025 0.04583333333333333
0 0.85625 0.22395833333333334 0.0375 0.04375
0 0.49094356796116506 0.7516585760517799 0.0421875 0.04375
0 0.9294921875 0.5361979166666667 0.0296875 0.03958333333333333
0 0.14573863636363635 0.9698863636363637 0.0203125 0.03125
0 0.48558891878669275 0.04525644161774299 0.025 0.027083333333333334
0 0.5072465551181102 0.0224491469816273 0.0296875 0.03125000000000001
0 0.3581838037634409 0.05915098566308243 0.0234375 0.027083333333333327
1 0.57109375 0.13333333333333333 0.0890625 0.1125
1 0.3203125 0.21041666666666667 0.103125 0.09583333333333334
