0 0.26484375 0.4354166666666667 0.0265625 0.0375
0 0.23828125 0.5770833333333333 0.0265625 0.0375
0 0.2413801045816733 0.85625 0.0265625 0.0375
0 0.19453125 0.8458333333333333 0.0265625 0.0375
0 0.08359375 0.80625 0.0265625 0.0375
0 0.006154119318181818 0.7893986742424243 0.012308238636363636 0.03150568181818182
0 0.13515625 0.18958333333333333 0.0265625 0.0375
0 0.31640625 0.2375 0.0265625 0.041666666666666664
0 0.24213541666666666 0.16266666666666665 0.0265625 0.0375
0 0.279859118852459 0.22419398907103824 0.0265625 0.0375
0 0.25309558054393305 0.36810495118549513 0.0265625 0.0375
0 0.5358906021229868 0.9759791361639824 0.0265625 0.0375
0 0.6287290892193308 0.606629491945477 0.0265625 0.0375
0 0.48828125 0.86875 0.0265625 0.0375
0 0.84296875 0.85625 0.0265625 0.0375
0 0.83359375 0.98125 0.0265625 0.0375
0 0.8472139246323529 0.7541666666666667 0.0265625 0.0375
0 0.828125 0.43645833333333334 0.025 0.03958333333333333
0 0.8653978466386555 0.409375 0.025 0.03958333333333333
0 0.6483676321138211 0.2211720867208672 0.0265625 0.03333333333333333
0 0.7626223644578313 0.09819277108433735 0.0265625 0.03333333333333333
0 0.71015625 0.6354166666666666 0.0265625 0.03333333333333333
0 0.5453922193877551 0.5763180272108844 0.0296875 0.03333333333333333
0 0.47176634933774836 0.4233581677704194 0.0265625 0.03333333333333333
0 0.7473958333333333 0.4472222222222222 0.028125 0.0375
0 0.9537266522988507 0.9202466475095785 0.0234375 0.035416666666666666
0 0.58828125 0.11875 0.0296875 0.05
0 0.6015625 0.20625 0.025 0.04583333333333333
0 0.85625 0.22395833333333334 0.0375 0.04375
0 0.7674479166666667 0.025 0.0296875 0.03333333333333333
0 0.49286824939320384 0.7490923341423948 0.0421875 0.04375
0 0.974609375 0.3328125 0.028125 0.04375
0 0.4934063573883162 0.037897336769759454 0.025 0.027083333333333338
0 0.50703125 0.018504901960784314 0.0296875 0.02450980392156863
0 0.36159442204301073 0.0461581541218638 0.0234375 0.027083333333333334
1 0.57109375 0.13333333333333333 0.0890625 0.1125
1 0.3203125 0.21041666666666667 0.103125 0.09583333333333334
