0 0.26484375 0.4354166666666667 0.0265625 0.0375
0 0.23828125 0.5770833333333333 0.0265625 0.0375
0 0.24024464641434262 0.85625 0.0265625 0.0375
0 0.19453125 0.8458333333333333 0.0265625 0.0375
0 0.08359375 0.80625 0.0265625 0.0375
0 0.13515625 0.18958333333333333 0.0265625 0.0375
0 0.26640625 0.20694444444444443 0.0265625 0.041666666666666664
0 0.21342032068062827 0.18232984293193719 0.0265625 0.0375
0 0.26729307432432436 0.254786036036036 0.0265625 0.0375
0 0.225 0.3940972222222222 0.0265625 0.0375
0 0.53984375 0.98125 0.0265625 0.0375
0 0.6305210512552302 0.6098152022315202 0.0265625 0.0375
0 0.48828125 0.86875 0.0265625 0.0375
0 0.84296875 0.85625 0.0265625 0.0375
0 0.83359375 0.98125 0.0265625 0.0375
0 0.8409801136363637 0.765530303030303 0.0265625 0.0375
0 0.828125 0.43645833333333334 0.025 0.03958333333333333
0 0.8640625 0.409375 0.025 0.03958333333333333
0 0.6290975028868361 0.23802444187836796 0.0265625 0.03333333333333333
0 0.7436450559701493 0.1357587064676617 0.0265625 0.03333333333333333
0 0.71015625 0.6354166666666666 0.0265625 0.03333333333333333
0 0.5041360294117647 0.6061274509803921 0.0296875 0.03333333333333333
0 0.4594828713389122 0.46224721059972107 0.0265625 0.03333333333333333
0 0.58828125 0.11875 0.0296875 0.05
0 0.6015625 0.20625 0.025 0.04583333333333333
0 0.85625 0.22395833333333334 0.0375 0.04375
0 0.4868154581310679 0.7571627224919094 0.0421875 0.04375
0 0.76796875 0.8971726190476191 0.0296875 0.03958333333333333
0 0.196875 0.828125 0.025 0.03958333333333333
0 0.4827360567514677 0.049060257664709714 0.025 0.027083333333333334
0 0.5091596948818897 0.0275508530183727 0.0296875 0.031249999999999997
0 0.35703125 0.06354166666666666 0.0234375 0.027083333333333334
0 0.7690625 0.2485416666666667 0.034375 0.039583333333333366
0 0.9768861607142856 0.03025297619047619 0.02319196428571413 0.03235119047619047
1 0.57109375 0.13333333333333333 0.0890625 0.1125
1 0.3203125 0.21041666666666667 0.103125 0.09583333333333334
