0 0.26484375 0.4354166666666667 0.0265625 0.0375
0 0.23828125 0.5770833333333333 0.0265625 0.0375
0 0.24085221613545818 0.85625 0.0265625 0.0375
0 0.19453125 0.8458333333333333 0.0265625 0.0375
0 0.08359375 0.80625 0.0265625 0.0375
0 0.00546875 0.8104166666666667 0.0109375 0.03333333333333333
0 0.13515625 0.18958333333333333 0.0265625 0.0375
0 0.30893342391304346 0.22128623188405797 0.0265625 0.041666666666666664
0 0.23560267857142855 0.17455357142857145 0.0265625 0.0375
0 0.27225665983606556 0.24012295081967214 0.0265625 0.0375
0 0.23796875 0.3775 0.0265625 0.0375
0 0.53783057284041 0.9785657637872133 0.0265625 0.0375
0 0.6305762081784387 0.6099132589838909 0.0265625 0.0375
0 0.48828125 0.86875 0.0265625 0.0375
0 0.84296875 0.85625 0.0265625 0.0375
0 0.83359375 0.98125 0.0265625 0.0375
0 0.8417336856617647 0.7541666666666667 0.0265625 0.0375
0 0.828125 0.43645833333333334 0.025 0.03958333333333333
0 0.864562762605042 0.409375 0.025 0.03958333333333333
0 0.631738957852194 0.23567648190916088 0.0265625 0.03333333333333333
0 0.7561349936548224 0.1074450084602369 0.0265625 0.03333333333333333
0 0.71015625 0.6354166666666666 0.0265625 0.03333333333333333
0 0.5234480574324325 0.5962697072072073 0.0296875 0.03333333333333333
0 0.46334918478260867 0.439975845410628 0.0265625 0.03333333333333333
0 0.9390625 0.35989583333333336 0.028125 0.0375
0 0.9332630018248175 0.9660659975669099 0.0234375 0.035416666666666666
0 0.58828125 0.11875 0.0296875 0.05
0 0.6015625 0.20625 0.025 0.04583333333333333
0 0.85625 0.22395833333333334 0.0375 0.04375
0 0.49005423240291257 0.7528443567961165 0.0421875 0.04375
0 0.89609375 0.6015625 0.0296875 0.03958333333333333
0 0.14189680232558138 0.9453730620155039 0.025 0.03958333333333333
0 0.48497431506849314 0.04607591324200913 0.025 0.027083333333333334
0 0.5076587106299213 0.02354822834645669 0.0296875 0.031249999999999997
0 0.35703125 0.06354166666666666 0.0234375 0.027083333333333334
0 0.9891406249999999 0.011493055555555555 0.020468750000000036 0.021458333333333333
1 0.57109375 0.13333333333333333 0.0890625 0.1125
1 0.3203125 0.21041666666666667 0.103125 0.09583333333333334
