0 0.27155005530973453 0.42754424778761063 0.0265625 0.0375
0 0.23828125 0.5770833333333333 0.0265625 0.0375
0 0.24273717629482072 0.85625 0.0265625 0.0375
0 0.19453125 0.8458333333333333 0.0265625 0.0375
0 0.08359375 0.80625 0.0265625 0.0375
0 0.023519576848249023 0.7384119649805447 0.0265625 0.0375
0 0.13515625 0.18958333333333333 0.0265625 0.0375
0 0.22213541666666664 0.17708333333333334 0.0265625 0.041666666666666664
0 0.27751212284482757 0.11699892241379309 0.0265625 0.037499999999999985
0 0.28343637589928056 0.21895983213429257 0.0265625 0.0375
0 0.3029414848993289 0.3169183445190156 0.0265625 0.0375
0 0.26875 0.4125 0.0265625 0.041666666666666664
0 0.5616256208609272 0.9147902869757175 0.0265625 0.0375
0 0.6393650650289018 0.5717124277456648 0.0265625 0.0375
0 0.48828125 0.86875 0.0265625 0.0375
0 0.98046875 0.940625 0.0234375 0.035416666666666666
0 0.8465364218092567 0.8455469845722301 0.0265625 0.0375
0 0.8371614218092567 0.9705469845722301 0.0265625 0.0375
0 0.8534570038569426 0.7505989948574101 0.0265625 0.0375
0 0.828125 0.43645833333333334 0.025 0.03958333333333333
0 0.8675446428571428 0.409375 0.025 0.03958333333333333
0 0.6672792257085021 0.15767543859649125 0.0265625 0.03333333333333333
0 0.7732185893316196 0.07233290488431877 0.0265625 0.03333333333333333
0 0.71015625 0.6354166666666666 0.0265625 0.03333333333333333
0 0.5870359492481203 0.5010338345864661 0.0265625 0.03333333333333333
0 0.49765625 0.39978070175438596 0.0265625 0.03333333333333333
0 0.01328125 0.26875 0.0265625 0.03333333333333333
0 0.31796875 0.4270833333333333 0.028125 0.0375
0 0.78203125 0.5020833333333333 0.0265625 0.03333333333333333
0 0.9914378156565657 0.8031460437710437 0.013052398989899138 0.035416666666666666
0 0.72421875 0.7375 0.0296875 0.041666666666666664
0 0.58828125 0.11875 0.0296875 0.05
0 0.6015625 0.20625 0.025 0.04583333333333333
0 0.17526041666666667 0.3902777777777778 0.0359375 0.04583333333333333
0 0.01328125 0.21041666666666667 0.0265625 0.029166666666666667
0 0.85625 0.22395833333333334 0.0375 0.04375
0 0.5054070723684211 0.7303042763157895 0.0421875 0.04375
1 0.57109375 0.13333333333333333 0.0890625 0.1125
1 0.3203125 0.21041666666666667 0.103125 0.09583333333333334
