0 0.26484375 0.4354166666666667 0.0265625 0.0375
0 0.23828125 0.5770833333333333 0.0265625 0.0375
0 0.24105888944223106 0.85625 0.0265625 0.0375
0 0.19453125 0.8458333333333333 0.0265625 0.0375
0 0.08359375 0.80625 0.0265625 0.0375
0 0.0056960227272727275 0.8034469696969696 0.011392045454545455 0.03272727272727269
0 0.13515625 0.18958333333333333 0.0265625 0.0375
0 0.3150669642857143 0.22827380952380952 0.0265625 0.041666666666666664
0 0.23944791666666668 0.17126666666666665 0.0265625 0.0375
0 0.2752330942622951 0.23388661202185793 0.0265625 0.0375
0 0.24381864539748954 0.3737273361227336 0.0265625 0.0375
0 0.5370710560029283 0.977553074670571 0.0265625 0.0375
0 0.6298530436802974 0.6086276332094176 0.0265625 0.0375
0 0.48828125 0.86875 0.0265625 0.0375
0 0.84296875 0.85625 0.0265625 0.0375
0 0.83359375 0.98125 0.0265625 0.0375
0 0.8438792509191175 0.7541666666666667 0.0265625 0.0375
0 0.828125 0.43645833333333334 0.025 0.03958333333333333
0 0.8648897058823529 0.409375 0.025 0.03958333333333333
0 0.63815625 0.23308333333333334 0.0265625 0.03333333333333333
0 0.7587682423857868 0.10393401015228426 0.0265625 0.03333333333333333
0 0.71015625 0.6354166666666666 0.0265625 0.03333333333333333
0 0.5295819256756757 0.590427927927928 0.0296875 0.03333333333333333
0 0.4657099184782608 0.4321784420289855 0.0265625 0.03333333333333333
0 0.859375 0.3875 0.028125 0.0375
0 0.9421426005747126 0.9495929118773946 0.0234375 0.035416666666666666
0 0.58828125 0.11875 0.0296875 0.05
0 0.6015625 0.20625 0.025 0.04583333333333333
0 0.85625 0.22395833333333334 0.0375 0.04375
0 0.49115594660194173 0.7513754045307444 0.0421875 0.04375
0 0.95390625 0.515625 0.0296875 0.03958333333333333
0 0.14460227272727272 0.9835227272727273 0.0203125 0.03125
0 0.48573568982387477 0.045060746901500325 0.025 0.027083333333333334
0 0.5071481299212598 0.02218667979002625 0.0296875 0.03125000000000001
0 0.35856014784946233 0.05771729390681003 0.0234375 0.027083333333333334
1 0.57109375 0.13333333333333333 0.0890625 0.1125
1 0.3203125 0.21041666666666667 0.103125 0.09583333333333334
