0 0.26484375 0.4354166666666667 0.0265625 0.0375
0 0.23828125 0.5770833333333333 0.0265625 0.0375
0 0.2403143675298805 0.85625 0.0265625 0.0375
0 0.19453125 0.8458333333333333 0.0265625 0.0375
0 0.08359375 0.80625 0.0265625 0.0375
0 0.13515625 0.18958333333333333 0.0265625 0.0375
0 0.27317708333333335 0.20277777777777778 0.0265625 0.041666666666666664
0 0.2147946662303665 0.1792757417102967 0.0265625 0.0375
0 0.2678842905405405 0.2524211711711712 0.0265625 0.0375
0 0.2263671875 0.3910590277777778 0.0265625 0.0375
0 0.5398071467789165 0.981201195705222 0.0265625 0.0375
0 0.6310702144351464 0.6107914923291492 0.0265625 0.0375
0 0.48828125 0.86875 0.0265625 0.0375
0 0.84296875 0.85625 0.0265625 0.0375
0 0.83359375 0.98125 0.0265625 0.0375
0 0.83859375 0.7591666666666667 0.0265625 0.0375
0 0.828125 0.43645833333333334 0.025 0.03958333333333333
0 0.8640625 0.409375 0.025 0.03958333333333333
0 0.629400620669746 0.23775500384911472 0.0265625 0.03333333333333333
0 0.747236473880597 0.13053482587064677 0.0265625 0.03333333333333333
0 0.71015625 0.6354166666666666 0.0265625 0.03333333333333333
0 0.5068933823529412 0.6046568627450981 0.0296875 0.03333333333333333
0 0.4596659257322176 0.4600505578800558 0.0265625 0.03333333333333333
0 0.91015625 0.9927083333333333 0.0265625 0.014583333333333334
0 0.58828125 0.11875 0.0296875 0.05
0 0.6015625 0.20625 0.025 0.04583333333333333
0 0.85625 0.22395833333333334 0.0375 0.04375
0 0.4871871207524272 0.7566671723300971 0.0421875 0.04375
0 0.775607638888889 0.8887731481481481 0.0296875 0.03958333333333333
0 0.19820312499999998 0.8586458333333333 0.025 0.03958333333333333
0 0.4829929060665362 0.048717791911285065 0.025 0.027083333333333334
0 0.5089874507874016 0.027091535433070864 0.0296875 0.03125
0 0.35703125 0.06354166666666666 0.0234375 0.027083333333333334
0 0.771875 0.21770833333333334 0.034375 0.03958333333333333
0 0.9782924107142857 0.028100198412698413 0.022879464285714236 0.031101190476190473
1 0.57109375 0.13333333333333333 0.0890625 0.1125
1 0.3203125 0.21041666666666667 0.103125 0.09583333333333334
