0 0.26484375 0.4354166666666667 0.0265625 0.0375
0 0.23828125 0.5770833333333333 0.0265625 0.0375
0 0.2416390687250996 0.85625 0.0265625 0.0375
0 0.19453125 0.8458333333333333 0.0265625 0.0375
0 0.08359375 0.80625 0.0265625 0.0375
0 0.011831507731958762 0.7740549828178694 0.023663015463917525 0.0362113402061856
0 0.13515625 0.18958333333333333 0.0265625 0.0375
0 0.3037326388888889 0.24907407407407406 0.0265625 0.04166666666666664
0 0.2443020833333333 0.15573333333333333 0.0265625 0.0375
0 0.28095773381294964 0.2222646882494005 0.0265625 0.0375
0 0.26644059065934067 0.3617902930402931 0.0265625 0.0375
0 0.534938918374817 0.974710224499756 0.0265625 0.0375
0 0.6278229553903346 0.6050185873605948 0.0265625 0.0375
0 0.48828125 0.86875 0.0265625 0.0375
0 0.84296875 0.85625 0.0265625 0.0375
0 0.83359375 0.98125 0.0265625 0.0375
0 0.84990234375 0.7541666666666667 0.0265625 0.0375
0 0.828125 0.43645833333333334 0.025 0.03958333333333333
0 0.8658075105042016 0.409375 0.025 0.03958333333333333
0 0.6589251893939394 0.20271464646464646 0.0265625 0.03333333333333333
0 0.7652328062248996 0.0929718875502008 0.0265625 0.03333333333333333
0 0.71015625 0.6354166666666666 0.0265625 0.03333333333333333
0 0.5548316140776699 0.5564522653721683 0.0296875 0.03333333333333333
0 0.47607098509933776 0.4161837748344371 0.0265625 0.03333333333333333
0 0.6578125 0.4875 0.028125 0.0375
0 0.9627083333333333 0.8895138888888888 0.0234375 0.035416666666666666
0 0.58828125 0.11875 0.0296875 0.05
0 0.6015625 0.20625 0.025 0.04583333333333333
0 0.85625 0.22395833333333334 0.0375 0.04375
0 0.84921875 0.125 0.0328125 0.0375
0 0.49424871055825237 0.7472517192556635 0.0421875 0.04375
0 0.5006658075601375 0.031196305841924395 0.025 0.02708333333333333
0 0.5075047348484849 0.015467171717171716 0.0296875 0.01875
0 0.36404065860215057 0.03683915770609319 0.0234375 0.027083333333333334
1 0.57109375 0.13333333333333333 0.0890625 0.1125
1 0.3203125 0.21041666666666667 0.103125 0.09583333333333334
