0 0.27279452433628315 0.4231194690265487 0.0265625 0.0375
0 0.23828125 0.5770833333333333 0.0265625 0.0375
0 0.2429612798804781 0.85625 0.0265625 0.0375
0 0.19453125 0.8458333333333333 0.0265625 0.0375
0 0.08359375 0.80625 0.0265625 0.0375
0 0.02570829280155642 0.7314810311284047 0.0265625 0.0375
0 0.13515625 0.18958333333333333 0.0265625 0.0375
0 0.21856971153846155 0.17836538461538462 0.0265625 0.0375
0 0.2890288254310345 0.10972521551724139 0.0265625 0.0375
0 0.2839422212230216 0.2182853717026379 0.0265625 0.0375
0 0.3114356124161074 0.3106263982102908 0.0265625 0.0375
0 0.33098958333333334 0.37430555555555556 0.0265625 0.041666666666666664
0 0.5708984375 0.8923177083333333 0.0265625 0.0375
0 0.6418036488439307 0.5690028901734103 0.0265625 0.0375
0 0.48828125 0.86875 0.0265625 0.0375
0 0.82734375 0.84375 0.0234375 0.0375
0 0.8473253418653577 0.843180224403927 0.0265625 0.0375
0 0.8379503418653578 0.968180224403927 0.0265625 0.0375
0 0.8540486938990183 0.749810074801309 0.0265625 0.0375
0 0.828125 0.43645833333333334 0.025 0.03958333333333333
0 0.8678991596638654 0.409375 0.025 0.03958333333333333
0 0.603515625 0.06510416666666667 0.0234375 0.029166666666666667
0 0.6695528513824885 0.14783026113671274 0.0265625 0.03333333333333333
0 0.7721340777634962 0.06944087403598972 0.0265625 0.03333333333333334
0 0.71015625 0.6354166666666666 0.0265625 0.03333333333333333
0 0.5912652725563909 0.493984962406015 0.0265625 0.03333333333333333
0 0.49765625 0.3899122807017544 0.0265625 0.03333333333333333
0 0.013690476190476192 0.2482638888888889 0.0265625 0.03333333333333333
0 0.2484375 0.3152777777777778 0.028125 0.0375
0 0.75703125 0.6020833333333333 0.0265625 0.03333333333333333
0 0.9934988839285716 0.7777901785714285 0.013002232142857117 0.035342261904761925
0 0.66484375 0.5739583333333333 0.025 0.041666666666666664
0 0.58828125 0.11875 0.0296875 0.05
0 0.6015625 0.20625 0.025 0.04583333333333333
0 0.23337053571428573 0.513095238095238 0.0359375 0.04583333333333333
0 0.21067708333333335 0.44375 0.03281250000000002 0.0375
0 0.85625 0.22395833333333334 0.0375 0.04375
0 0.5081825657894737 0.7259868421052631 0.0421875 0.04375
1 0.57109375 0.13333333333333333 0.0890625 0.1125
1 0.3203125 0.21041666666666667 0.103125 0.09583333333333334
