0 0.26484375 0.4354166666666667 0.0265625 0.0375
0 0.23828125 0.5770833333333333 0.0265625 0.0375
0 0.24100410856573706 0.85625 0.0265625 0.0375
0 0.19453125 0.8458333333333333 0.0265625 0.0375
0 0.08359375 0.80625 0.0265625 0.0375
0 0.0056178977272727275 0.805842803030303 0.011235795454545455 0.03293560606060607
0 0.13515625 0.18958333333333333 0.0265625 0.0375
0 0.3113349780701754 0.2213450292397661 0.0265625 0.041666666666666664
0 0.2389895833333333 0.17273333333333335 0.0265625 0.0375
0 0.27444415983606557 0.23553961748633878 0.0265625 0.0375
0 0.24223653242677826 0.37468619246861923 0.0265625 0.0375
0 0.5372723737188873 0.9778214982918496 0.0265625 0.0375
0 0.6300447258364312 0.6089684014869888 0.0265625 0.0375
0 0.48828125 0.86875 0.0265625 0.0375
0 0.84296875 0.85625 0.0265625 0.0375
0 0.83359375 0.98125 0.0265625 0.0375
0 0.843310546875 0.7541666666666667 0.0265625 0.0375
0 0.828125 0.43645833333333334 0.025 0.03958333333333333
0 0.8648030462184874 0.409375 0.025 0.03958333333333333
0 0.63575 0.23399999999999999 0.0265625 0.03333333333333333
0 0.7580702728426396 0.10486463620981387 0.0265625 0.03333333333333333
0 0.71015625 0.6354166666666666 0.0265625 0.03333333333333333
0 0.527956081081081 0.5919763513513513 0.0296875 0.03333333333333333
0 0.46473052536231885 0.4338365539452496 0.0265625 0.03333333333333333
0 0.87578125 0.35520833333333335 0.028125 0.0375
0 0.940167025862069 0.9545977011494252 0.0234375 0.035416666666666666
0 0.58828125 0.11875 0.0296875 0.05
0 0.6015625 0.20625 0.025 0.04583333333333333
0 0.85625 0.22395833333333334 0.0375 0.04375
0 0.4908639259708738 0.7517647653721683 0.0421875 0.04375
0 0.91953125 0.5302083333333333 0.0296875 0.03958333333333333
0 0.1465401785714286 0.9635416666666666 0.0203125 0.03125
0 0.4855338796477495 0.04532982713633398 0.025 0.027083333333333334
0 0.5072834645669292 0.022547572178477693 0.0296875 0.03125000000000001
0 0.3580426747311828 0.05968862007168459 0.0234375 0.027083333333333334
1 0.57109375 0.13333333333333333 0.0890625 0.1125
1 0.3203125 0.21041666666666667 0.103125 0.09583333333333334
