0 0.26484375 0.4354166666666667 0.0265625 0.0375
0 0.23828125 0.5770833333333333 0.0265625 0.0375
0 0.24128548306772907 0.85625 0.0265625 0.0375
0 0.19453125 0.8458333333333333 0.0265625 0.0375
0 0.08359375 0.80625 0.0265625 0.0375
0 0.006019176136363636 0.7935369318181817 0.012038352272727272 0.03186553030303033
0 0.13515625 0.18958333333333333 0.0265625 0.0375
0 0.31588541666666664 0.22777777777777777 0.0265625 0.041666666666666664
0 0.24134375000000002 0.16519999999999999 0.0265625 0.0375
0 0.27849641393442626 0.22704918032786883 0.0265625 0.0375
0 0.250362839958159 0.3697611576011158 0.0265625 0.0375
0 0.5362383327232797 0.9764427769643729 0.0265625 0.0375
0 0.6290601765799256 0.6072180916976456 0.0265625 0.0375
0 0.48828125 0.86875 0.0265625 0.0375
0 0.84296875 0.85625 0.0265625 0.0375
0 0.83359375 0.98125 0.0265625 0.0375
0 0.8462316176470589 0.7541666666666667 0.0265625 0.0375
0 0.828125 0.43645833333333334 0.025 0.03958333333333333
0 0.8652481617647059 0.409375 0.025 0.03958333333333333
0 0.6459540142276423 0.22567750677506776 0.0265625 0.03333333333333333
0 0.7616552982233503 0.10008460236886633 0.0265625 0.03333333333333333
0 0.71015625 0.6354166666666666 0.0265625 0.03333333333333333
0 0.5405452806122449 0.5806264172335601 0.0296875 0.03333333333333333
0 0.4701935016556291 0.4259795805739514 0.0265625 0.03333333333333333
0 0.7625 0.39375 0.028125 0.0375
0 0.9503142959770114 0.9288912835249042 0.0234375 0.035416666666666666
0 0.58828125 0.11875 0.0296875 0.05
0 0.6015625 0.20625 0.025 0.04583333333333333
0 0.85625 0.22395833333333334 0.0375 0.04375
0 0.4923638501213592 0.7497648665048544 0.0421875 0.04375
0 0.9833333333333334 0.384375 0.028125 0.04375
0 0.4907538659793815 0.040345790378006875 0.025 0.027083333333333334
0 0.50703125 0.019669117647058823 0.0296875 0.02683823529411765
0 0.3607006048387097 0.04956317204301075 0.0234375 0.027083333333333334
1 0.57109375 0.13333333333333333 0.0890625 0.1125
1 0.3203125 0.21041666666666667 0.103125 0.09583333333333334
