0 0.26484375 0.4354166666666667 0.0265625 0.0375
0 0.23828125 0.5770833333333333 0.0265625 0.0375
0 0.2404214392430279 0.85625 0.0265625 0.0375
0 0.19453125 0.8458333333333333 0.0265625 0.0375
0 0.08359375 0.80625 0.0265625 0.0375
0 0.13515625 0.18958333333333333 0.0265625 0.0375
0 0.2844460227272727 0.20075757575757575 0.0265625 0.041666666666666664
0 0.21880387931034484 0.1769037356321839 0.0265625 0.0375
0 0.2684168198529412 0.2502910539215686 0.0265625 0.03749999999999997
0 0.228466796875 0.3863932291666667 0.0265625 0.0375
0 0.5394136621522694 0.9806765495363592 0.0265625 0.0375
0 0.6319135721757323 0.6122907949790795 0.0265625 0.0375
0 0.48828125 0.86875 0.0265625 0.0375
0 0.84296875 0.85625 0.0265625 0.0375
0 0.83359375 0.98125 0.0265625 0.0375
0 0.8372616038602942 0.7541666666666667 0.0265625 0.0375
0 0.828125 0.43645833333333334 0.025 0.03958333333333333
0 0.8640625 0.409375 0.025 0.03958333333333333
0 0.6298661229792148 0.23734122401847574 0.0265625 0.03333333333333333
0 0.7527518656716418 0.12251243781094526 0.0265625 0.03333333333333332
0 0.71015625 0.6354166666666666 0.0265625 0.03333333333333333
0 0.5111278886554622 0.6023984593837535 0.0296875 0.03333333333333333
0 0.4599470449790795 0.4566771269177127 0.0265625 0.03333333333333333
0 0.9121555779569892 0.9908042114695341 0.025991263440860203 0.01839157706093187
0 0.58828125 0.11875 0.0296875 0.05
0 0.6015625 0.20625 0.025 0.04583333333333333
0 0.85625 0.22395833333333334 0.0375 0.04375
0 0.4877578883495145 0.755906148867314 0.0421875 0.04375
0 0.8164772727272727 0.8368371212121212 0.0296875 0.03958333333333333
0 0.1766544117647059 0.8462622549019607 0.025 0.03958333333333333
0 0.0546875 0.8065972222222223 0.03125 0.03958333333333333
0 0.4833873532289628 0.04819186236138291 0.025 0.027083333333333334
0 0.5087229330708661 0.026386154855643048 0.0296875 0.03125000000000001
0 0.35703125 0.06354166666666666 0.0234375 0.027083333333333334
0 0.7703125 0.16145833333333334 0.021875 0.03958333333333333
0 0.9804520089285713 0.024794146825396823 0.022399553571428577 0.02918154761904762
1 0.57109375 0.13333333333333333 0.0890625 0.1125
1 0.3203125 0.21041666666666667 0.103125 0.09583333333333334
