0 0.26484375 0.4354166666666667 0.0265625 0.0375
0 0.23828125 0.5770833333333333 0.0265625 0.0375
0 0.2399234312749004 0.85625 0.0265625 0.0375
0 0.19453125 0.8458333333333333 0.0265625 0.0375
0 0.08359375 0.80625 0.0265625 0.0375
0 0.13515625 0.18958333333333333 0.0265625 0.0375
0 0.20182291666666666 0.25069444444444444 0.02656249999999998 0.0416666666666667
0 0.20708851439790577 0.19640052356020943 0.0265625 0.0375
0 0.2607421875 0.2704166666666667 0.0265625 0.037500000000000026
0 0.21580693493150688 0.4028824200913242 0.0265625 0.0375
0 0.53984375 0.98125 0.0265625 0.0375
0 0.6279909780334728 0.6053172942817294 0.0265625 0.0375
0 0.48828125 0.86875 0.0265625 0.0375
0 0.84296875 0.85625 0.0265625 0.0375
0 0.83359375 0.98125 0.0265625 0.0375
0 0.84140625 0.78125 0.0265625 0.0375
0 0.828125 0.43645833333333334 0.025 0.03958333333333333
0 0.8640625 0.409375 0.025 0.03958333333333333
0 0.6277009959584295 0.23926578137028484 0.0265625 0.03333333333333333
0 0.73671875 0.1545138888888889 0.0265625 0.03333333333333333
0 0.71015625 0.6354166666666666 0.0265625 0.03333333333333333
0 0.49143251050420167 0.6129026610644258 0.0296875 0.03333333333333333
0 0.45863951359832633 0.47236750348675033 0.0265625 0.03333333333333333
0 0.58828125 0.11875 0.0296875 0.05
0 0.6015625 0.20625 0.025 0.04583333333333333
0 0.85625 0.22395833333333334 0.0375 0.04375
0 0.48515625 0.759375 0.0421875 0.04375
0 0.68515625 0.9739583333333334 0.0296875 0.03958333333333333
0 0.19065824468085107 0.710616134751773 0.025000000000000022 0.03958333333333333
0 0.4815527152641879 0.05063804631441617 0.025 0.027083333333333334
0 0.509953248031496 0.029666994750656164 0.0296875 0.031249999999999997
0 0.35703125 0.06354166666666666 0.0234375 0.027083333333333334
0 0.784375 0.40520833333333334 0.034375 0.03958333333333333
0 0.9704073660714286 0.04017113095238096 0.024631696428571458 0.03811011904761905
1 0.57109375 0.13333333333333333 0.0890625 0.1125
1 0.3203125 0.21041666666666667 0.103125 0.09583333333333334
