0 0.26867084251101325 0.43158957415565347 0.0265625 0.0375
0 0.23828125 0.5770833333333333 0.0265625 0.0375
0 0.24243588147410358 0.85625 0.0265625 0.0375
0 0.19453125 0.8458333333333333 0.0265625 0.0375
0 0.08359375 0.80625 0.0265625 0.0375
0 0.020576969844357973 0.7477302204928663 0.0265625 0.0375
0 0.13515625 0.18958333333333333 0.0265625 0.0375
0 0.22265625 0.18697916666666667 0.0265625 0.041666666666666664
0 0.263232421875 0.1271484375 0.0265625 0.0375
0 0.28275629496402876 0.2198666067146283 0.0265625 0.0375
0 0.2923960408366534 0.3278469455511288 0.0265625 0.0375
0 0.2025390625 0.5307291666666667 0.028125 0.04583333333333333
0 0.5503569950331125 0.9398316777041943 0.0265625 0.0375
0 0.63828125 0.5775189393939394 0.0265625 0.0375
0 0.48828125 0.86875 0.0265625 0.0375
0 0.845475762622721 0.8487289621318372 0.0265625 0.0375
0 0.8361007626227209 0.9737289621318372 0.0265625 0.0375
0 0.8526615094670407 0.7516596540439457 0.0265625 0.0375
0 0.828125 0.43645833333333334 0.025 0.03958333333333333
0 0.8670680147058822 0.409375 0.025 0.03958333333333333
0 0.6642174848178137 0.17094298245614034 0.0265625 0.03333333333333333
0 0.7732649347389559 0.07690763052208835 0.0265625 0.033333333333333326
0 0.71015625 0.6354166666666666 0.0265625 0.03333333333333333
0 0.5805539772727273 0.514905303030303 0.0265625 0.03333333333333333
0 0.49273163910505835 0.4048232814526589 0.0265625 0.03333333333333333
0 0.0078125 0.2875 0.015625 0.03333333333333333
0 0.41125 0.4479166666666667 0.028125 0.0375
0 0.7606770833333333 0.2875 0.0265625 0.03333333333333333
0 0.9823666351010101 0.8286090067340067 0.01973642676767664 0.035416666666666666
0 0.81640625 0.93125 0.0328125 0.041666666666666664
0 0.58828125 0.11875 0.0296875 0.05
0 0.6015625 0.20625 0.025 0.04583333333333333
0 0.09296875 0.22152777777777777 0.0359375 0.04583333333333333
0 0.85625 0.22395833333333334 0.0375 0.04375
0 0.5016755756578948 0.7361088267543859 0.0421875 0.04375
0 0.45078125 0.029166666666666667 0.0234375 0.029166666666666667
0 0.49910714285714286 0.019692460317460317 0.025 0.027083333333333334
0 0.3453125 0.09791666666666667 0.028125 0.0375
0 0.52265625 0.010416666666666666 0.0296875 0.01875
0 0.3670758928571428 0.010416666666666666 0.0234375 0.020833333333333332
1 0.57109375 0.13333333333333333 0.0890625 0.1125
1 0.3203125 0.21041666666666667 0.103125 0.09583333333333334
