0 0.26484375 0.4354166666666667 0.0265625 0.0375
0 0.23828125 0.5770833333333333 0.0265625 0.0375
0 0.24077751494023905 0.85625 0.0265625 0.0375
0 0.19453125 0.8458333333333333 0.0265625 0.0375
0 0.08359375 0.80625 0.0265625 0.0375
0 0.00546875 0.8104166666666667 0.0109375 0.03333333333333333
0 0.13515625 0.18958333333333333 0.0265625 0.0375
0 0.30598958333333337 0.2138888888888889 0.0265625 0.041666666666666664
0 0.2326264880952381 0.1740575396825397 0.0265625 0.0375
0 0.27118084016393446 0.24237704918032785 0.0265625 0.0375
0 0.23640625 0.37958333333333333 0.0265625 0.0375
0 0.5381050969985359 0.9789317959980478 0.0265625 0.0375
0 0.630837592936803 0.6103779429987609 0.0265625 0.0375
0 0.48828125 0.86875 0.0265625 0.0375
0 0.84296875 0.85625 0.0265625 0.0375
0 0.83359375 0.98125 0.0265625 0.0375
0 0.8409581801470589 0.7541666666666667 0.0265625 0.0375
0 0.828125 0.43645833333333334 0.025 0.03958333333333333
0 0.8644445903361344 0.409375 0.025 0.03958333333333333
0 0.6314141887990762 0.23596516551193225 0.0265625 0.03333333333333333
0 0.7553704108391608 0.10912004662004662 0.0265625 0.03333333333333333
0 0.71015625 0.6354166666666666 0.0265625 0.03333333333333333
0 0.5212309966216215 0.5983811936936937 0.0296875 0.03333333333333333
0 0.46266983695652175 0.4429951690821256 0.0265625 0.03333333333333333
0 0.9859375 0.37916666666666665 0.028125 0.0375
0 0.9294993156934307 0.9710842457420925 0.0234375 0.035416666666666666
0 0.58828125 0.11875 0.0296875 0.05
0 0.6015625 0.20625 0.025 0.04583333333333333
0 0.85625 0.22395833333333334 0.0375 0.04375
0 0.48965602245145634 0.7533753033980582 0.0421875 0.04375
0 0.8717633928571429 0.6358630952380953 0.0296875 0.03958333333333333
0 0.14296875 0.93125 0.025 0.03958333333333333
0 0.180859375 0.9760416666666667 0.028125 0.029166666666666667
0 0.4846991193737769 0.04644284083496412 0.025 0.02708333333333333
0 0.5078432578740157 0.024040354330708658 0.0296875 0.031249999999999997
0 0.35703125 0.06354166666666666 0.0234375 0.027083333333333334
0 0.9876339285714286 0.013799603174603174 0.020803571428571387 0.02279761904761905
1 0.57109375 0.13333333333333333 0.0890625 0.1125
1 0.3203125 0.21041666666666667 0.103125 0.09583333333333334
