0 0.26484375 0.4354166666666667 0.0265625 0.0375
0 0.23828125 0.5770833333333333 0.0265625 0.0375
0 0.2414996264940239 0.85625 0.0265625 0.0375
0 0.19453125 0.8458333333333333 0.0265625 0.0375
0 0.08359375 0.80625 0.0265625 0.0375
0 0.007772229381443299 0.7830756013745704 0.015544458762886598 0.03260309278350514
0 0.13515625 0.18958333333333333 0.0265625 0.0375
0 0.3125 0.2420138888888889 0.0265625 0.041666666666666664
0 0.24313541666666666 0.15946666666666667 0.0265625 0.0375
0 0.2806429856115108 0.2226843525179856 0.0265625 0.0375
0 0.25778674450549455 0.3656364468864469 0.0265625 0.0375
0 0.5354513634699853 0.9753934846266471 0.0265625 0.0375
0 0.628310873605948 0.6058859975216853 0.0265625 0.0375
0 0.48828125 0.86875 0.0265625 0.0375
0 0.84296875 0.85625 0.0265625 0.0375
0 0.83359375 0.98125 0.0265625 0.0375
0 0.8484547334558824 0.7541666666666667 0.0265625 0.0375
0 0.828125 0.43645833333333334 0.025 0.03958333333333333
0 0.8655869222689075 0.409375 0.025 0.03958333333333333
0 0.6522836538461538 0.21466346153846153 0.0265625 0.03333333333333333
0 0.7638271837349397 0.09578313253012048 0.0265625 0.03333333333333333
0 0.71015625 0.6354166666666666 0.0265625 0.03333333333333333
0 0.5505840412621359 0.5689118122977347 0.0296875 0.03333333333333333
0 0.47375310430463574 0.42004690949227375 0.0265625 0.03333333333333333
0 0.6890625 0.46208333333333335 0.028125 0.0375
0 0.9582360692771085 0.9059362449799196 0.0234375 0.035416666666666666
0 0.58828125 0.11875 0.0296875 0.05
0 0.6015625 0.20625 0.025 0.04583333333333333
0 0.85625 0.22395833333333334 0.0375 0.04375
0 0.78828125 0.075 0.0296875 0.03333333333333333
0 0.493505385315534 0.748242819579288 0.0421875 0.04375
0 0.4967568728522337 0.03480455326460481 0.025 0.027083333333333334
0 0.50703125 0.017034313725490195 0.0296875 0.021568627450980392
0 0.3627234543010753 0.0418570788530466 0.0234375 0.027083333333333338
1 0.57109375 0.13333333333333333 0.0890625 0.1125
1 0.3203125 0.21041666666666667 0.103125 0.09583333333333334
