0 0.26484375 0.4354166666666667 0.0265625 0.0375
0 0.23828125 0.5770833333333333 0.0265625 0.0375
0 0.2408273157370518 0.85625 0.0265625 0.0375
0 0.19453125 0.8458333333333333 0.0265625 0.0375
0 0.08359375 0.80625 0.0265625 0.0375
0 0.00546875 0.8104166666666667 0.0109375 0.03333333333333333
0 0.13515625 0.18958333333333333 0.0265625 0.0375
0 0.30837053571428574 0.21309523809523812 0.0265625 0.041666666666666664
0 0.23461061507936506 0.1743882275132275 0.0265625 0.0375
0 0.27189805327868855 0.2408743169398907 0.0265625 0.0375
0 0.23744791666666668 0.37819444444444444 0.0265625 0.0375
0 0.5379220808931187 0.9786877745241581 0.0265625 0.0375
0 0.6306633364312269 0.6100681536555143 0.0265625 0.0375
0 0.48828125 0.86875 0.0265625 0.0375
0 0.84296875 0.85625 0.0265625 0.0375
0 0.83359375 0.98125 0.0265625 0.0375
0 0.8414751838235294 0.7541666666666667 0.0265625 0.0375
0 0.828125 0.43645833333333334 0.025 0.03958333333333333
0 0.8645233718487395 0.409375 0.025 0.03958333333333333
0 0.6316307015011547 0.23577270977675135 0.0265625 0.03333333333333333
0 0.7558177347715735 0.10786802030456853 0.0265625 0.03333333333333333
0 0.71015625 0.6354166666666666 0.0265625 0.03333333333333333
0 0.5227090371621622 0.596973536036036 0.0296875 0.03333333333333333
0 0.46312273550724636 0.44098228663446054 0.0265625 0.03333333333333333
0 0.959375 0.4125 0.028125 0.0375
0 0.9320084397810218 0.9677387469586375 0.0234375 0.035416666666666666
0 0.58828125 0.11875 0.0296875 0.05
0 0.6015625 0.20625 0.025 0.04583333333333333
0 0.85625 0.22395833333333334 0.0375 0.04375
0 0.4899214957524272 0.7530213389967637 0.0421875 0.04375
0 0.896484375 0.6213541666666667 0.0296875 0.03958333333333333
0 0.14177989130434782 0.9404438405797102 0.025 0.03958333333333333
0 0.4848825831702544 0.04619822243966079 0.025 0.02708333333333333
0 0.5077202263779528 0.023712270341207344 0.0296875 0.031249999999999997
0 0.35703125 0.06354166666666666 0.0234375 0.027083333333333334
0 0.9886383928571428 0.01226190476190476 0.020580357142857154 0.021904761904761906
1 0.57109375 0.13333333333333333 0.0890625 0.1125
1 0.3203125 0.21041666666666667 0.103125 0.09583333333333334
