0 0.26484375 0.4354166666666667 0.0265625 0.0375
0 0.23828125 0.5770833333333333 0.0265625 0.0375
0 0.24017243525896412 0.85625 0.0265625 0.0375
0 0.19453125 0.8458333333333333 0.0265625 0.0375
0 0.08359375 0.80625 0.0265625 0.0375
0 0.13515625 0.18958333333333333 0.0265625 0.0375
0 0.243359375 0.19479166666666667 0.0265625 0.041666666666666664
0 0.21199689136125652 0.18549301919720768 0.02656249999999998 0.0375
0 0.26668074324324326 0.2572353603603604 0.0265625 0.0375
0 0.22311079545454543 0.3963257575757576 0.0265625 0.0375
0 0.53984375 0.98125 0.0265625 0.0375
0 0.6299522751046025 0.6088040446304045 0.0265625 0.0375
0 0.48828125 0.86875 0.0265625 0.0375
0 0.84296875 0.85625 0.0265625 0.0375
0 0.83359375 0.98125 0.0265625 0.0375
0 0.84140625 0.7696078431372549 0.0265625 0.0375
0 0.828125 0.43645833333333334 0.025 0.03958333333333333
0 0.8640625 0.409375 0.025 0.03958333333333333
0 0.6287835594688221 0.2383035026943803 0.0265625 0.03333333333333333
0 0.7399253731343284 0.1411691542288557 0.0265625 0.03333333333333333
0 0.71015625 0.6354166666666666 0.0265625 0.03333333333333333
0 0.5012801995798319 0.6076505602240896 0.0296875 0.03333333333333333
0 0.4592932792887029 0.4645223152022315 0.0265625 0.03333333333333333
0 0.58828125 0.11875 0.0296875 0.05
0 0.6015625 0.20625 0.025 0.04583333333333333
0 0.85625 0.22395833333333334 0.0375 0.04375
0 0.4864305218446602 0.7576759708737864 0.0421875 0.04375
0 0.7431046195652173 0.9138134057971015 0.0296875 0.03958333333333333
0 0.19827302631578947 0.8063048245614035 0.025 0.03958333333333333
0 0.48247003424657536 0.049414954337899546 0.025 0.027083333333333334
0 0.5093380905511811 0.028026574803149608 0.0296875 0.03125
0 0.35703125 0.06354166666666666 0.0234375 0.027083333333333334
0 0.790625 0.246875 0.034375 0.03958333333333333
0 0.9754296874999999 0.03248263888888889 0.02351562499999993 0.03364583333333334
1 0.57109375 0.13333333333333333 0.0890625 0.1125
1 0.3203125 0.21041666666666667 0.103125 0.09583333333333334
