0 0.26484375 0.4354166666666667 0.0265625 0.0375
0 0.23828125 0.5770833333333333 0.0265625 0.0375
0 0.24098916832669323 0.85625 0.0265625 0.0375
0 0.19453125 0.8458333333333333 0.0265625 0.0375
0 0.08359375 0.80625 0.0265625 0.0375
0 0.00559659090909091 0.8064962121212121 0.01119318181818182 0.032992424242424316
0 0.13515625 0.18958333333333333 0.0265625 0.0375
0 0.3111705043859649 0.2215643274853801 0.0265625 0.041666666666666664
0 0.23886458333333332 0.17313333333333333 0.0265625 0.0375
0 0.27422899590163935 0.23599043715846996 0.0265625 0.0375
0 0.2418050470711297 0.3749476987447699 0.0265625 0.0375
0 0.5373272785505124 0.9778947047340165 0.0265625 0.0375
0 0.6300970027881041 0.6090613382899629 0.0265625 0.0375
0 0.48828125 0.86875 0.0265625 0.0375
0 0.84296875 0.85625 0.0265625 0.0375
0 0.83359375 0.98125 0.0265625 0.0375
0 0.8431554457720589 0.7541666666666667 0.0265625 0.0375
0 0.828125 0.43645833333333334 0.025 0.03958333333333333
0 0.864779411764706 0.409375 0.025 0.03958333333333333
0 0.63509375 0.23424999999999999 0.0265625 0.03333333333333333
0 0.7578799175126903 0.10511844331641286 0.0265625 0.03333333333333333
0 0.71015625 0.6354166666666666 0.0265625 0.03333333333333333
0 0.5275126689189189 0.5923986486486487 0.0296875 0.03333333333333333
0 0.46459465579710146 0.43444041867954913 0.0265625 0.03333333333333333
0 0.8885416666666666 0.3722222222222222 0.028125 0.0375
0 0.9396282327586206 0.955962643678161 0.0234375 0.035416666666666666
0 0.58828125 0.11875 0.0296875 0.05
0 0.6015625 0.20625 0.025 0.04583333333333333
0 0.85625 0.22395833333333334 0.0375 0.04375
0 0.49078428398058255 0.7518709546925566 0.0421875 0.04375
0 0.9171875 0.534375 0.0296875 0.03958333333333333
0 0.14921875 0.9510416666666667 0.0203125 0.03125
0 0.4854788405088063 0.04540321265492498 0.025 0.02708333333333333
0 0.507320374015748 0.022645997375328086 0.0296875 0.03125
0 0.35790154569892474 0.060226254480286734 0.0234375 0.027083333333333334
1 0.57109375 0.13333333333333333 0.0890625 0.1125
1 0.3203125 0.21041666666666667 0.103125 0.09583333333333334
