0 0.2723797013274336 0.424594395280236 0.0265625 0.0375
0 0.23828125 0.5770833333333333 0.0265625 0.0375
0 0.24288657868525898 0.85625 0.0265625 0.0375
0 0.19453125 0.8458333333333333 0.0265625 0.0375
0 0.08359375 0.80625 0.0265625 0.0375
0 0.024978720817120624 0.7337913424124513 0.0265625 0.0375
0 0.13515625 0.18958333333333333 0.0265625 0.0375
0 0.22109375 0.17916666666666667 0.0265625 0.0375
0 0.2851899245689655 0.11214978448275861 0.0265625 0.0375
0 0.28377360611510793 0.2185101918465228 0.0265625 0.0375
0 0.30860423657718117 0.3127237136465324 0.0265625 0.0375
0 0.31015625 0.38958333333333334 0.0265625 0.041666666666666664
0 0.5689453125 0.898828125 0.0265625 0.0375
0 0.6409907875722543 0.5699060693641619 0.0265625 0.0375
0 0.48828125 0.86875 0.0265625 0.0375
0 0.87421875 0.8833333333333333 0.0234375 0.0375
0 0.8470623685133241 0.843969144460028 0.0265625 0.0375
0 0.837687368513324 0.968969144460028 0.0265625 0.0375
0 0.853851463884993 0.7500730481533427 0.0265625 0.0375
0 0.828125 0.43645833333333334 0.025 0.03958333333333333
0 0.8677809873949579 0.409375 0.025 0.03958333333333333
0 0.6687974443319838 0.15109649122807017 0.0265625 0.03333333333333333
0 0.7724955816195374 0.07040488431876607 0.0265625 0.03333333333333333
0 0.71015625 0.6354166666666666 0.0265625 0.03333333333333333
0 0.5898554981203008 0.4963345864661654 0.0265625 0.03333333333333333
0 0.49765625 0.3932017543859649 0.0265625 0.03333333333333333
0 0.01328125 0.2542338709677419 0.0265625 0.03333333333333333
0 0.26328125 0.37395833333333334 0.028125 0.0375
0 0.7684895833333333 0.5694444444444444 0.0265625 0.03333333333333333
0 0.9932725694444444 0.7851273148148148 0.0125 0.035416666666666666
0 0.6856770833333333 0.625 0.0296875 0.041666666666666664
0 0.58828125 0.11875 0.0296875 0.05
0 0.6015625 0.20625 0.025 0.04583333333333333
0 0.2375 0.46770833333333334 0.0359375 0.04583333333333333
0 0.13151041666666669 0.3763888888888889 0.0328125 0.0375
0 0.85625 0.22395833333333334 0.0375 0.04375
0 0.5072574013157894 0.7274259868421052 0.0421875 0.04375
1 0.57109375 0.13333333333333333 0.0890625 0.1125
1 0.3203125 0.21041666666666667 0.103125 0.09583333333333334
