0 0.26484375 0.4354166666666667 0.0265625 0.0375
0 0.23828125 0.5770833333333333 0.0265625 0.0375
0 0.23984624003984062 0.85625 0.0265625 0.0375
0 0.19453125 0.8458333333333333 0.0265625 0.0375
0 0.08359375 0.80625 0.0265625 0.0375
0 0.13515625 0.18958333333333333 0.0265625 0.0375
0 0.19421875000000002 0.26958333333333334 0.026562500000000024 0.041666666666666664
0 0.205566917539267 0.19978184991273995 0.0265625 0.0375
0 0.25872395833333334 0.27472222222222226 0.0265625 0.037500000000000026
0 0.21484375 0.4041666666666667 0.0265625 0.0375
0 0.53984375 0.98125 0.0265625 0.0375
0 0.6273829759414226 0.6042364016736402 0.0265625 0.0375
0 0.48828125 0.86875 0.0265625 0.0375
0 0.84296875 0.85625 0.0265625 0.0375
0 0.83359375 0.98125 0.0265625 0.0375
0 0.84140625 0.78125 0.0265625 0.0375
0 0.828125 0.43645833333333334 0.025 0.03958333333333333
0 0.8640625 0.409375 0.025 0.03958333333333333
0 0.6273654012702078 0.23956408775981522 0.0265625 0.03333333333333333
0 0.73671875 0.15810185185185185 0.0265625 0.03333333333333333
0 0.71015625 0.6354166666666666 0.0265625 0.03333333333333333
0 0.4883797268907563 0.6145308123249299 0.0296875 0.03333333333333333
0 0.45859375 0.47291666666666665 0.0265625 0.03333333333333333
0 0.58828125 0.11875 0.0296875 0.05
0 0.6015625 0.20625 0.025 0.04583333333333333
0 0.85625 0.22395833333333334 0.0375 0.04375
0 0.48515625 0.759375 0.0421875 0.04375
0 0.18035239361702127 0.7133643617021277 0.025 0.03958333333333333
0 0.48126834637964777 0.051017204827136335 0.025 0.027083333333333334
0 0.5101439468503937 0.0301755249343832 0.0296875 0.03125
0 0.35703125 0.06354166666666666 0.0234375 0.027083333333333334
0 0.8041666666666666 0.4197916666666667 0.03437499999999991 0.03958333333333333
0 0.9688504464285714 0.0425545634920635 0.02497767857142854 0.039494047619047616
1 0.57109375 0.13333333333333333 0.0890625 0.1125
1 0.3203125 0.21041666666666667 0.103125 0.09583333333333334
