0 0.26484375 0.4354166666666667 0.0265625 0.0375
0 0.23828125 0.5770833333333333 0.0265625 0.0375
0 0.2412680527888446 0.85625 0.0265625 0.0375
0 0.19453125 0.8458333333333333 0.0265625 0.0375
0 0.08359375 0.80625 0.0265625 0.0375
0 0.005994318181818182 0.7942992424242424 0.011988636363636365 0.03193181818181815
0 0.13515625 0.18958333333333333 0.0265625 0.0375
0 0.31109375 0.23166666666666666 0.0265625 0.041666666666666664
0 0.24119791666666668 0.16566666666666666 0.0265625 0.0375
0 0.2782453893442623 0.22757513661202186 0.0265625 0.0375
0 0.24985944037656904 0.3700662482566248 0.0265625 0.0375
0 0.5363023883601757 0.9765281844802343 0.0265625 0.0375
0 0.6291211663568773 0.6073265179677818 0.0265625 0.0375
0 0.48828125 0.86875 0.0265625 0.0375
0 0.84296875 0.85625 0.0265625 0.0375
0 0.83359375 0.98125 0.0265625 0.0375
0 0.8460506663602942 0.7541666666666667 0.0265625 0.0375
0 0.828125 0.43645833333333334 0.025 0.03958333333333333
0 0.8652205882352941 0.409375 0.025 0.03958333333333333
0 0.6455094004065041 0.22650745257452573 0.0265625 0.03333333333333333
0 0.7614332170050762 0.10038071065989847 0.0265625 0.03333333333333333
0 0.71015625 0.6354166666666666 0.0265625 0.03333333333333333
0 0.5396524234693878 0.5814200680272108 0.0296875 0.03333333333333333
0 0.4699037665562914 0.426462472406181 0.0265625 0.03333333333333333
0 0.76484375 0.36875 0.028125 0.0375
0 0.9496857040229886 0.9304837164750958 0.0234375 0.035416666666666666
0 0.58828125 0.11875 0.0296875 0.05
0 0.6015625 0.20625 0.025 0.04583333333333333
0 0.85625 0.22395833333333334 0.0375 0.04375
0 0.4922709344660194 0.7498887540453075 0.0421875 0.04375
0 0.9692708333333334 0.4003472222222222 0.028125 0.04375
0 0.4902652491408935 0.040796821305841925 0.025 0.027083333333333334
0 0.50703125 0.019883578431372548 0.0296875 0.027267156862745095
0 0.36053595430107527 0.050190412186379936 0.0234375 0.027083333333333334
1 0.57109375 0.13333333333333333 0.0890625 0.1125
1 0.3203125 0.21041666666666667 0.103125 0.09583333333333334
