0 0.2667435297356828 0.43351688693098384 0.0265625 0.0375
0 0.23828125 0.5770833333333333 0.0265625 0.0375
0 0.24226157868525897 0.85625 0.0265625 0.0375
0 0.19453125 0.8458333333333333 0.0265625 0.0375
0 0.08359375 0.80625 0.0265625 0.0375
0 0.018874635214007784 0.7531209468223087 0.0265625 0.0375
0 0.13515625 0.18958333333333333 0.0265625 0.0375
0 0.23203125 0.18541666666666667 0.0265625 0.041666666666666664
0 0.25810546875 0.133984375 0.0265625 0.0375
0 0.2823628597122302 0.22039118705035973 0.0265625 0.0375
0 0.2867312001992032 0.3354000664010624 0.0265625 0.0375
0 0.15364583333333331 0.5326388888888889 0.028125 0.05000000000000006
0 0.54365234375 0.9535445601851852 0.0265625 0.0375
0 0.6363810911016949 0.5835098870056498 0.0265625 0.0375
0 0.48828125 0.86875 0.0265625 0.0375
0 0.8448621581346423 0.8505697755960729 0.0265625 0.0375
0 0.8354871581346422 0.9755697755960729 0.0265625 0.0375
0 0.8522013061009817 0.7522732585320243 0.0265625 0.0375
0 0.828125 0.43645833333333334 0.025 0.03958333333333333
0 0.8667922794117647 0.409375 0.025 0.03958333333333333
0 0.6628348214285714 0.17708333333333334 0.0265625 0.03333333333333333
0 0.771507906626506 0.08042168674698795 0.0265625 0.033333333333333326
0 0.71015625 0.6354166666666666 0.0265625 0.03333333333333333
0 0.5754830629770993 0.5236402671755725 0.027051526717557284 0.03333333333333333
0 0.4884758025291829 0.4053907263294423 0.0265625 0.03333333333333333
0 0.006078125 0.3006041666666667 0.01215625 0.03487500000000002
0 0.4484375 0.4666666666666667 0.028125 0.0375
0 0.72890625 0.17708333333333334 0.0265625 0.03333333333333333
0 0.9772872740963855 0.8432354417670683 0.0234375 0.035416666666666666
0 0.58828125 0.11875 0.0296875 0.05
0 0.6015625 0.20625 0.025 0.04583333333333333
0 0.0421875 0.10833333333333334 0.0296875 0.03958333333333333
0 0.85625 0.22395833333333334 0.0375 0.04375
0 0.4995168585526316 0.7394668311403509 0.0421875 0.04375
0 0.5011904761904762 0.02154431216931217 0.025 0.027083333333333334
0 0.26796875 0.20572916666666666 0.028125 0.0375
0 0.519341856060606 0.011521464646464648 0.0296875 0.01875
0 0.37167410714285715 0.015081845238095238 0.0234375 0.023377976190476192
1 0.57109375 0.13333333333333333 0.0890625 0.1125
1 0.3203125 0.21041666666666667 0.103125 0.09583333333333334
