0 0.26484375 0.4354166666666667 0.0265625 0.0375
0 0.23828125 0.5770833333333333 0.0265625 0.0375
0 0.2412182519920319 0.85625 0.0265625 0.0375
0 0.19453125 0.8458333333333333 0.0265625 0.0375
0 0.08359375 0.80625 0.0265625 0.0375
0 0.0059232954545454545 0.7964772727272728 0.011846590909090909 0.03212121212121204
0 0.13515625 0.18958333333333333 0.0265625 0.0375
0 0.31609375 0.22874999999999998 0.0265625 0.041666666666666664
0 0.24078125 0.16699999999999998 0.0265625 0.0375
0 0.2775281762295082 0.229077868852459 0.0265625 0.0375
0 0.24842115585774058 0.3709379358437936 0.0265625 0.0375
0 0.536485404465593 0.976772205954124 0.0265625 0.0375
0 0.6292954228624535 0.6076363073110286 0.0265625 0.0375
0 0.48828125 0.86875 0.0265625 0.0375
0 0.84296875 0.85625 0.0265625 0.0375
0 0.83359375 0.98125 0.0265625 0.0375
0 0.8455336626838236 0.7541666666666667 0.0265625 0.0375
0 0.828125 0.43645833333333334 0.025 0.03958333333333333
0 0.865141806722689 0.409375 0.025 0.03958333333333333
0 0.6442390752032521 0.22887872628726286 0.0265625 0.03333333333333333
0 0.7607986992385787 0.10122673434856176 0.0265625 0.03333333333333333
0 0.71015625 0.6354166666666666 0.0265625 0.03333333333333333
0 0.5371014030612244 0.5836876417233561 0.0296875 0.03333333333333333
0 0.46897078804347825 0.427830615942029 0.0265625 0.03333333333333333
0 0.80625 0.40708333333333335 0.028125 0.0375
0 0.9478897270114942 0.9350335249042145 0.0234375 0.035416666666666666
0 0.58828125 0.11875 0.0296875 0.05
0 0.6015625 0.20625 0.025 0.04583333333333333
0 0.85625 0.22395833333333334 0.0375 0.04375
0 0.4920054611650485 0.750242718446602 0.0421875 0.04375
0 0.9703125 0.4197916666666667 0.028125 0.04375
0 0.48886920103092785 0.042085481099656354 0.025 0.02708333333333333
0 0.50703125 0.020496323529411765 0.0296875 0.02849264705882353
0 0.36006552419354837 0.051982526881720434 0.0234375 0.027083333333333334
1 0.57109375 0.13333333333333333 0.0890625 0.1125
1 0.3203125 0.21041666666666667 0.103125 0.09583333333333334
