0 0.26484375 0.4354166666666667 0.0265625 0.0375
0 0.23828125 0.5770833333333333 0.0265625 0.0375
0 0.24123568227091635 0.85625 0.0265625 0.0375
0 0.19453125 0.8458333333333333 0.0265625 0.0375
0 0.08359375 0.80625 0.0265625 0.0375
0 0.005948153409090909 0.7957149621212121 0.011896306818181818 0.03205492424242422
0 0.13515625 0.18958333333333333 0.0265625 0.0375
0 0.31276041666666665 0.22743055555555555 0.0265625 0.041666666666666664
0 0.24092708333333332 0.16653333333333334 0.0265625 0.0375
0 0.2777792008196721 0.228551912568306 0.0265625 0.0375
0 0.24892455543933054 0.3706328451882845 0.0265625 0.0375
0 0.536421348828697 0.9766867984382626 0.0265625 0.0375
0 0.6292344330855019 0.6075278810408923 0.0265625 0.0375
0 0.48828125 0.86875 0.0265625 0.0375
0 0.84296875 0.85625 0.0265625 0.0375
0 0.83359375 0.98125 0.0265625 0.0375
0 0.8457146139705882 0.7541666666666667 0.0265625 0.0375
0 0.828125 0.43645833333333334 0.025 0.03958333333333333
0 0.8651693802521008 0.409375 0.025 0.03958333333333333
0 0.6446836890243903 0.2280487804878049 0.0265625 0.03333333333333333
0 0.7610207804568528 0.1009306260575296 0.0265625 0.03333333333333333
0 0.71015625 0.6354166666666666 0.0265625 0.03333333333333333
0 0.5379942602040816 0.5828939909297052 0.0296875 0.03333333333333333
0 0.46932744565217394 0.4273550724637681 0.0265625 0.03333333333333333
0 0.8005208333333333 0.3958333333333333 0.028125000000000087 0.0375
0 0.9485183189655173 0.933441091954023 0.0234375 0.035416666666666666
0 0.58828125 0.11875 0.0296875 0.05
0 0.6015625 0.20625 0.025 0.04583333333333333
0 0.85625 0.22395833333333334 0.0375 0.04375
0 0.4920983768203883 0.750118830906149 0.0421875 0.04375
0 0.9630208333333334 0.409375 0.028125 0.04375
0 0.4893578178694158 0.04163445017182131 0.025 0.027083333333333338
0 0.50703125 0.020281862745098037 0.0296875 0.028063725490196076
0 0.3602301747311828 0.05135528673835125 0.0234375 0.027083333333333334
1 0.57109375 0.13333333333333333 0.0890625 0.1125
1 0.3203125 0.21041666666666667 0.103125 0.09583333333333334
