0 0.27448147123893807 0.41712143559488696 0.0265625 0.0375
0 0.23828125 0.580575117370892 0.0265625 0.0375
0 0.24471464201877935 0.8515942879499218 0.0265625 0.0375
0 0.19453125 0.8458333333333333 0.0265625 0.0375
0 0.08359375 0.80625 0.0265625 0.0375
0 0.028400088028169013 0.7289221439749609 0.0265625 0.0375
0 0.13515625 0.18958333333333333 0.0265625 0.0375
0 0.20220170454545455 0.14128787878787877 0.0265625 0.037499999999999985
0 0.30378906250000004 0.10076388888888889 0.0265625 0.0375
0 0.28462792266187054 0.217371103117506 0.0265625 0.0375
0 0.3134646420187793 0.306924882629108 0.0265625 0.0375
0 0.39453125 0.20416666666666666 0.0265625 0.041666666666666664
0 0.5798232100938967 0.8811913145539907 0.0265625 0.0375
0 0.645109284682081 0.5653299614643544 0.0265625 0.0375
0 0.48828125 0.86875 0.0265625 0.0375
0 0.60078125 0.8020833333333334 0.024479166666666607 0.0375
0 0.8483947668302946 0.8399719495091165 0.0265625 0.0375
0 0.8390197668302946 0.9649719495091165 0.0265625 0.0375
0 0.854850762622721 0.7487406498363722 0.0265625 0.0375
0 0.92734375 0.7635416666666667 0.0265625 0.04375
0 0.828125 0.43645833333333334 0.025 0.03958333333333333
0 0.8683797268907563 0.409375 0.025 0.03958333333333333
0 0.66703125 0.14145833333333335 0.0234375 0.03541666666666668
0 0.6721882200460829 0.13728878648233486 0.0265625 0.03333333333333333
0 0.7706639620822622 0.06552056555269922 0.0265625 0.03333333333333333
0 0.7119021420187793 0.6377445226917058 0.0265625 0.03333333333333333
0 0.5896603579812207 0.4856025039123631 0.0265625 0.03333333333333333
0 0.4994021420187793 0.38609154929577466 0.0265625 0.03333333333333333
0 0.06859375 0.48000000000000004 0.0296875 0.0375
0 0.016796875 0.22578125 0.0265625 0.03333333333333333
0 0.1234375 0.27708333333333335 0.028125 0.0375
0 0.76015625 0.7583333333333333 0.0265625 0.03333333333333333
0 0.9896693638392857 0.7726841517857144 0.02066127232142865 0.034207589285714234
0 0.6015625 0.365625 0.025 0.035416666666666666
0 0.58828125 0.11875 0.0296875 0.05
0 0.6015625 0.20625 0.025 0.04583333333333333
0 0.30911458333333336 0.670138888888889 0.0390625 0.041666666666666664
0 0.58046875 0.60625 0.028125 0.035416666666666666
0 0.85625 0.22395833333333334 0.0375 0.04375
0 0.5119449013157895 0.7201343201754385 0.0421875 0.04375
