0 0.26484375 0.4354166666666667 0.0265625 0.0375
0 0.23828125 0.5770833333333333 0.0265625 0.0375
0 0.2408148655378486 0.85625 0.0265625 0.0375
0 0.19453125 0.8458333333333333 0.0265625 0.0375
0 0.08359375 0.80625 0.0265625 0.0375
0 0.00546875 0.8104166666666667 0.0109375 0.03333333333333333
0 0.13515625 0.18958333333333333 0.0265625 0.0375
0 0.3072544642857143 0.21607142857142855 0.0265625 0.041666666666666664
0 0.23411458333333335 0.17430555555555557 0.0265625 0.0375
0 0.27171875 0.24125 0.0265625 0.0375
0 0.23718750000000002 0.37854166666666667 0.0265625 0.0375
0 0.537967834919473 0.9787487798926305 0.0265625 0.0375
0 0.6307069005576208 0.6101456009913259 0.0265625 0.0375
0 0.48828125 0.86875 0.0265625 0.0375
0 0.84296875 0.85625 0.0265625 0.0375
0 0.83359375 0.98125 0.0265625 0.0375
0 0.8413459329044117 0.7541666666666667 0.0265625 0.0375
0 0.828125 0.43645833333333334 0.025 0.03958333333333333
0 0.8645036764705882 0.409375 0.025 0.03958333333333333
0 0.6315765733256351 0.23582082371054655 0.0265625 0.03333333333333333
0 0.7556591053299492 0.10807952622673435 0.0265625 0.03333333333333333
0 0.71015625 0.6354166666666666 0.0265625 0.03333333333333333
0 0.522339527027027 0.5973254504504504 0.0296875 0.03333333333333333
0 0.4630095108695652 0.4414855072463768 0.0265625 0.03333333333333333
0 0.9703125 0.40625 0.028125 0.0375
0 0.9313811587591241 0.9685751216545012 0.0234375 0.035416666666666666
0 0.58828125 0.11875 0.0296875 0.05
0 0.6015625 0.20625 0.025 0.04583333333333333
0 0.85625 0.22395833333333334 0.0375 0.04375
0 0.48985512742718446 0.7531098300970874 0.0421875 0.04375
0 0.90859375 0.6302083333333334 0.0296875 0.03958333333333333
0 0.14144021739130436 0.936820652173913 0.025 0.03958333333333333
0 0.4848367172211351 0.04625937703848663 0.025 0.027083333333333338
0 0.5077509842519685 0.023794291338582678 0.0296875 0.03125
0 0.35703125 0.06354166666666666 0.0234375 0.027083333333333334
0 0.9883872767857141 0.012646329365079366 0.0206361607142858 0.02212797619047619
1 0.57109375 0.13333333333333333 0.0890625 0.1125
1 0.3203125 0.21041666666666667 0.103125 0.09583333333333334
