0 0.26484375 0.4354166666666667 0.0265625 0.0375
0 0.23828125 0.5770833333333333 0.0265625 0.0375
0 0.24171376992031873 0.85625 0.0265625 0.0375
0 0.19453125 0.8458333333333333 0.0265625 0.0375
0 0.08359375 0.80625 0.0265625 0.0375
0 0.013524440661478598 0.7700632295719845 0.0265625 0.0375
0 0.13515625 0.18958333333333333 0.0265625 0.0375
0 0.304296875 0.2552083333333333 0.0265625 0.041666666666666664
0 0.24492708333333332 0.15373333333333333 0.0265625 0.0375
0 0.2811263489208633 0.2220398681055156 0.0265625 0.0375
0 0.2702165570175439 0.35932017543859646 0.0265625 0.0375
0 0.01484375 0.590625 0.0234375 0.052083333333333336
0 0.5346643942166911 0.9743441922889214 0.0265625 0.0375
0 0.6275615706319703 0.6045539033457249 0.0265625 0.0375
0 0.48828125 0.86875 0.0265625 0.0375
0 0.84296875 0.85625 0.0265625 0.0375
0 0.83359375 0.98125 0.0265625 0.0375
0 0.8506778492647058 0.7541666666666667 0.0265625 0.0375
0 0.828125 0.43645833333333334 0.025 0.03958333333333333
0 0.8659256827731092 0.409375 0.025 0.03958333333333333
0 0.6596354166666667 0.1951388888888889 0.0265625 0.03333333333333333
0 0.7659858182730923 0.09146586345381526 0.0265625 0.03333333333333333
0 0.71015625 0.6354166666666666 0.0265625 0.03333333333333333
0 0.5571147423664122 0.5498807251908396 0.029675572519083992 0.03333333333333333
0 0.47731270695364236 0.414114238410596 0.0265625 0.03333333333333333
0 0.65625 0.51875 0.028125 0.0375
0 0.5596354166666667 0.01875 0.0265625 0.029166666666666667
0 0.9655078125 0.8825000000000001 0.0234375 0.035416666666666666
0 0.58828125 0.11875 0.0296875 0.05
0 0.6015625 0.20625 0.025 0.04583333333333333
0 0.85625 0.22395833333333334 0.0375 0.04375
0 0.85703125 0.17604166666666668 0.0328125 0.04375
0 0.4946469205097087 0.7467207726537217 0.0421875 0.04375
0 0.502759879725086 0.029263316151202753 0.025 0.027083333333333338
0 0.5089251893939394 0.01499368686868687 0.0296875 0.01875
0 0.36474630376344086 0.03415098566308243 0.0234375 0.02708333333333333
1 0.57109375 0.13333333333333333 0.0890625 0.1125
1 0.3203125 0.21041666666666667 0.103125 0.09583333333333334
