0 0.26484375 0.4354166666666667 0.0265625 0.0375
0 0.23828125 0.5770833333333333 0.0265625 0.0375
0 0.2399707420318725 0.85625 0.0265625 0.0375
0 0.19453125 0.8458333333333333 0.0265625 0.0375
0 0.08359375 0.80625 0.0265625 0.0375
0 0.13515625 0.18958333333333333 0.0265625 0.0375
0 0.20390625 0.23541666666666666 0.0265625 0.041666666666666664
0 0.2080211060209424 0.1943280977312391 0.02656249999999998 0.0375
0 0.26197916666666665 0.2677777777777778 0.0265625 0.0375
0 0.21702696917808217 0.4012557077625571 0.0265625 0.0375
0 0.53984375 0.98125 0.0265625 0.0375
0 0.6283636244769875 0.6059797768479777 0.0265625 0.0375
0 0.48828125 0.86875 0.0265625 0.0375
0 0.84296875 0.85625 0.0265625 0.0375
0 0.83359375 0.98125 0.0265625 0.0375
0 0.84140625 0.7795343137254902 0.0265625 0.0375
0 0.828125 0.43645833333333334 0.025 0.03958333333333333
0 0.8640625 0.409375 0.025 0.03958333333333333
0 0.6279066830254042 0.23908294842186298 0.0265625 0.03333333333333333
0 0.73671875 0.15231481481481482 0.0265625 0.03333333333333333
0 0.71015625 0.6354166666666666 0.0265625 0.03333333333333333
0 0.49330357142857145 0.611904761904762 0.0296875 0.03333333333333333
0 0.4587637290794979 0.4708769177126918 0.0265625 0.03333333333333333
0 0.58828125 0.11875 0.0296875 0.05
0 0.6015625 0.20625 0.025 0.04583333333333333
0 0.85625 0.22395833333333334 0.0375 0.04375
0 0.4853553549757281 0.7591095266990292 0.0421875 0.04375
0 0.6960175304878049 0.9623729674796748 0.0296875 0.03958333333333333
0 0.1981534090909091 0.7144255050505051 0.025 0.03958333333333333
0 0.4817270058708415 0.05040565883887802 0.025 0.027083333333333334
0 0.5098363681102362 0.029355314960629923 0.0296875 0.03125
0 0.35703125 0.06354166666666666 0.0234375 0.027083333333333334
0 0.7875 0.3802083333333333 0.034375 0.03958333333333333
0 0.9713616071428571 0.038710317460317466 0.024419642857142775 0.03726190476190476
1 0.57109375 0.13333333333333333 0.0890625 0.1125
1 0.3203125 0.21041666666666667 0.103125 0.09583333333333334
