0 0.26484375 0.4354166666666667 0.0265625 0.0375
0 0.23828125 0.5770833333333333 0.0265625 0.0375
0 0.24165898904382468 0.85625 0.0265625 0.0375
0 0.19453125 0.8458333333333333 0.0265625 0.0375
0 0.08359375 0.80625 0.0265625 0.0375
0 0.012411404639175259 0.7727663230240549 0.024822809278350517 0.03672680412371143
0 0.13515625 0.18958333333333333 0.0265625 0.0375
0 0.30671875000000004 0.2533333333333333 0.0265625 0.041666666666666664
0 0.24446875 0.15519999999999998 0.0265625 0.0375
0 0.2810026978417266 0.22220473621103118 0.0265625 0.0375
0 0.2676768543956044 0.36124084249084254 0.0265625 0.0375
0 0.5348657119326501 0.9746126159102001 0.0265625 0.0375
0 0.6277532527881041 0.6048946716232961 0.0265625 0.0375
0 0.48828125 0.86875 0.0265625 0.0375
0 0.84296875 0.85625 0.0265625 0.0375
0 0.83359375 0.98125 0.0265625 0.0375
0 0.8501091452205882 0.7541666666666667 0.0265625 0.0375
0 0.828125 0.43645833333333334 0.025 0.03958333333333333
0 0.8658390231092437 0.409375 0.025 0.03958333333333333
0 0.6591145833333333 0.20069444444444443 0.0265625 0.03333333333333333
0 0.765433609437751 0.09257028112449799 0.0265625 0.03333333333333333
0 0.71015625 0.6354166666666666 0.0265625 0.03333333333333333
0 0.5554384101941747 0.5546723300970874 0.0296875 0.03333333333333333
0 0.4764021109271523 0.41563189845474613 0.0265625 0.03333333333333333
0 0.6515625 0.51 0.028125 0.0375
0 0.963125 0.8872916666666666 0.0234375 0.035416666666666666
0 0.58828125 0.11875 0.0296875 0.05
0 0.6015625 0.20625 0.025 0.04583333333333333
0 0.85625 0.22395833333333334 0.0375 0.04375
0 0.8453125 0.153125 0.0328125 0.0375
0 0.4943548998786408 0.7471101334951455 0.0421875 0.04375
0 0.5012242268041237 0.030680841924398624 0.025 0.027083333333333334
0 0.5078835227272728 0.01534090909090909 0.0296875 0.01875
0 0.36422883064516126 0.036122311827956985 0.0234375 0.02708333333333333
1 0.57109375 0.13333333333333333 0.0890625 0.1125
1 0.3203125 0.21041666666666667 0.103125 0.09583333333333334
