0 0.26484375 0.4354166666666667 0.0265625 0.0375
0 0.23828125 0.5770833333333333 0.0265625 0.0375
0 0.24152452689243029 0.85625 0.0265625 0.0375
0 0.19453125 0.8458333333333333 0.0265625 0.0375
0 0.08359375 0.80625 0.0265625 0.0375
0 0.008497100515463919 0.7814647766323025 0.016994201030927837 0.03324742268041246
0 0.13515625 0.18958333333333333 0.0265625 0.0375
0 0.30911458333333336 0.24791666666666667 0.0265625 0.041666666666666664
0 0.24334375000000003 0.1588 0.0265625 0.0375
0 0.280699190647482 0.222609412470024 0.0265625 0.0375
0 0.25933207417582416 0.3649496336996337 0.0265625 0.0375
0 0.5353598554172767 0.9752714738897023 0.0265625 0.0375
0 0.6282237453531598 0.6057311028500619 0.0265625 0.0375
0 0.48828125 0.86875 0.0265625 0.0375
0 0.84296875 0.85625 0.0265625 0.0375
0 0.83359375 0.98125 0.0265625 0.0375
0 0.8487132352941176 0.7541666666666667 0.0265625 0.0375
0 0.828125 0.43645833333333334 0.025 0.03958333333333333
0 0.8656263130252102 0.409375 0.025 0.03958333333333333
0 0.6537860576923077 0.2126602564102564 0.0265625 0.03333333333333333
0 0.764078187751004 0.09528112449799196 0.0265625 0.03333333333333333
0 0.71015625 0.6354166666666666 0.0265625 0.03333333333333333
0 0.551342536407767 0.5666868932038834 0.0296875 0.03333333333333333
0 0.47416701158940394 0.41935706401766004 0.0265625 0.03333333333333333
0 0.7 0.4895833333333333 0.028125 0.0375
0 0.9591773343373495 0.9029241967871486 0.0234375 0.035416666666666666
0 0.58828125 0.11875 0.0296875 0.05
0 0.6015625 0.20625 0.025 0.04583333333333333
0 0.85625 0.22395833333333334 0.0375 0.04375
0 0.81328125 0.1 0.0296875 0.03333333333333333
0 0.4936381219660194 0.7480658373786409 0.0421875 0.04375
0 0.4974548969072165 0.0341602233676976 0.025 0.027083333333333334
0 0.50703125 0.016727941176470588 0.0296875 0.020955882352941175
0 0.36295866935483867 0.04096102150537635 0.0234375 0.027083333333333338
1 0.57109375 0.13333333333333333 0.0890625 0.1125
1 0.3203125 0.21041666666666667 0.103125 0.09583333333333334
