0 0.2712320243362832 0.42867502458210427 0.0265625 0.0375
0 0.23828125 0.5770833333333333 0.0265625 0.0375
0 0.24267990537848605 0.85625 0.0265625 0.0375
0 0.19453125 0.8458333333333333 0.0265625 0.0375
0 0.08359375 0.80625 0.0265625 0.0375
0 0.022960238326848247 0.7401832036316471 0.0265625 0.0375
0 0.13515625 0.18958333333333333 0.0265625 0.0375
0 0.22064732142857144 0.18110119047619047 0.0265625 0.041666666666666664
0 0.27456896551724136 0.11885775862068965 0.0265625 0.0375
0 0.28330710431654677 0.21913219424460434 0.0265625 0.0375
0 0.30077076342281883 0.3185262863534676 0.0265625 0.0375
0 0.2596354166666667 0.44548611111111114 0.0265625 0.035416666666666666
0 0.5594836506622516 0.9195502207505518 0.0265625 0.0375
0 0.6387418713872832 0.5724048651252409 0.0265625 0.0375
0 0.48828125 0.86875 0.0265625 0.0375
0 0.846334808906031 0.8461518232819074 0.0265625 0.0375
0 0.8369598089060309 0.9711518232819074 0.0265625 0.0375
0 0.8533057941795231 0.7508006077606358 0.0265625 0.0375
0 0.828125 0.43645833333333334 0.025 0.03958333333333333
0 0.867454044117647 0.409375 0.025 0.03958333333333333
0 0.6666972419028341 0.16019736842105262 0.0265625 0.03333333333333333
0 0.7734957422879177 0.07307197943444729 0.0265625 0.03333333333333333
0 0.71015625 0.6354166666666666 0.0265625 0.03333333333333333
0 0.5859551221804511 0.5028352130325815 0.0265625 0.03333333333333333
0 0.49765625 0.40230263157894736 0.0265625 0.03333333333333333
0 0.01328125 0.26875 0.0265625 0.03333333333333333
0 0.328125 0.45416666666666666 0.028125 0.0375
0 0.76875 0.45416666666666666 0.0265625 0.03333333333333333
0 0.9897135416666668 0.8079861111111111 0.014322916666666607 0.035416666666666666
0 0.7591145833333333 0.7652777777777777 0.0296875 0.041666666666666664
0 0.58828125 0.11875 0.0296875 0.05
0 0.6015625 0.20625 0.025 0.04583333333333333
0 0.159375 0.35520833333333335 0.0359375 0.04583333333333333
0 0.85625 0.22395833333333334 0.0375 0.04375
0 0.5046977796052632 0.7314076206140351 0.0421875 0.04375
1 0.57109375 0.13333333333333333 0.0890625 0.1125
1 0.3203125 0.21041666666666667 0.103125 0.09583333333333334
