0 0.26484375 0.4354166666666667 0.0265625 0.0375
0 0.23828125 0.5770833333333333 0.0265625 0.0375
0 0.24074265438247014 0.85625 0.0265625 0.0375
0 0.19453125 0.8458333333333333 0.0265625 0.0375
0 0.08359375 0.80625 0.0265625 0.0375
0 0.00546875 0.8104166666666667 0.0109375 0.03333333333333333
0 0.13515625 0.18958333333333333 0.0265625 0.0375
0 0.30328125 0.21958333333333335 0.0265625 0.041666666666666664
0 0.2312375992063492 0.1738260582010582 0.0265625 0.0375
0 0.27067879098360653 0.24342896174863388 0.0265625 0.0375
0 0.23567708333333334 0.38055555555555554 0.0265625 0.0375
0 0.538233208272328 0.9791026110297706 0.0265625 0.0375
0 0.6309595724907063 0.6105947955390334 0.0265625 0.0375
0 0.48828125 0.86875 0.0265625 0.0375
0 0.84296875 0.85625 0.0265625 0.0375
0 0.83359375 0.98125 0.0265625 0.0375
0 0.8405962775735294 0.7541666666666667 0.0265625 0.0375
0 0.828125 0.43645833333333334 0.025 0.03958333333333333
0 0.8643894432773109 0.409375 0.025 0.03958333333333333
0 0.6312626299076213 0.2360998845265589 0.0265625 0.03333333333333333
0 0.7552174388111889 0.11034382284382285 0.0265625 0.03333333333333333
0 0.71015625 0.6354166666666666 0.0265625 0.03333333333333333
0 0.5201963682432432 0.599366554054054 0.0296875 0.03333333333333333
0 0.46235280797101447 0.44440418679549115 0.0265625 0.03333333333333333
0 0.99453125 0.3645833333333333 0.0109375 0.0375
0 0.9277429288321167 0.973426094890511 0.0234375 0.035416666666666666
0 0.58828125 0.11875 0.0296875 0.05
0 0.6015625 0.20625 0.025 0.04583333333333333
0 0.85625 0.22395833333333334 0.0375 0.04375
0 0.48947019114077667 0.7536230784789645 0.0421875 0.04375
0 0.88359375 0.6760416666666667 0.0296875 0.03958333333333333
0 0.14609375 0.9302083333333333 0.025 0.03958333333333333
0 0.2 0.9527777777777777 0.028125 0.029166666666666667
0 0.48457069471624264 0.04661407371167645 0.025 0.027083333333333334
0 0.5079293799212599 0.024270013123359583 0.0296875 0.03125000000000001
0 0.35703125 0.06354166666666666 0.0234375 0.027083333333333334
0 0.7192708333333334 0.010416666666666666 0.019791666666666697 0.020833333333333332
0 0.9869308035714287 0.014875992063492065 0.020959821428571425 0.02342261904761905
1 0.57109375 0.13333333333333333 0.0890625 0.1125
1 0.3203125 0.21041666666666667 0.103125 0.09583333333333334
