0 0.2690563050660793 0.43120411160058736 0.0265625 0.0375
0 0.23828125 0.5770833333333333 0.0265625 0.0375
0 0.2424707420318725 0.85625 0.0265625 0.0375
0 0.19453125 0.8458333333333333 0.0265625 0.0375
0 0.08359375 0.80625 0.0265625 0.0375
0 0.020917436770428018 0.746652075226978 0.0265625 0.0375
0 0.13515625 0.18958333333333333 0.0265625 0.0375
0 0.22544642857142855 0.17395833333333333 0.0265625 0.041666666666666664
0 0.2642578125 0.12578125 0.0265625 0.0375
0 0.2828349820143885 0.21976169064748202 0.0265625 0.0375
0 0.29352900896414347 0.32633632138114205 0.0265625 0.0375
0 0.20234375 0.515625 0.028125 0.04583333333333333
0 0.5516608029801324 0.9369343267108168 0.0265625 0.0375
0 0.63828125 0.5767234848484848 0.0265625 0.0375
0 0.48828125 0.86875 0.0265625 0.0375
0 0.8455984835203367 0.8483607994389902 0.0265625 0.0375
0 0.8362234835203367 0.9733607994389902 0.0265625 0.0375
0 0.8527535501402526 0.7515369331463301 0.0265625 0.0375
0 0.828125 0.43645833333333334 0.025 0.03958333333333333
0 0.8671231617647059 0.409375 0.025 0.03958333333333333
0 0.6645717358299594 0.1694078947368421 0.0265625 0.03333333333333333
0 0.7736163403614458 0.07620481927710844 0.0265625 0.03333333333333333
0 0.71015625 0.6354166666666666 0.0265625 0.03333333333333333
0 0.5813494318181818 0.5130492424242424 0.0265625 0.03333333333333333
0 0.4935828064202335 0.4047097924773022 0.0265625 0.03333333333333333
0 0.008445723684210527 0.285328947368421 0.016891447368421054 0.03333333333333333
0 0.4036458333333333 0.47291666666666665 0.028124999999999956 0.0375
0 0.77890625 0.3 0.0265625 0.03333333333333333
0 0.9834161931818184 0.8256628787878788 0.018963068181818164 0.035416666666666666
0 0.78296875 0.9254166666666667 0.0328125 0.041666666666666664
0 0.58828125 0.11875 0.0296875 0.05
0 0.6015625 0.20625 0.025 0.04583333333333333
0 0.11484375 0.22222222222222224 0.0359375 0.04583333333333333
0 0.85625 0.22395833333333334 0.0375 0.04375
0 0.5021073190789473 0.7354372258771931 0.0421875 0.04375
0 0.41953125 0.0931547619047619 0.0234375 0.029166666666666667
0 0.49869047619047613 0.01932208994708995 0.025 0.027083333333333334
0 0.3627232142857143 0.05089285714285715 0.028125 0.0375
0 0.5233191287878788 0.010195707070707072 0.0296875 0.01875
1 0.57109375 0.13333333333333333 0.0890625 0.1125
1 0.3203125 0.21041666666666667 0.103125 0.09583333333333334
