0 0.26484375 0.4354166666666667 0.0265625 0.0375
0 0.23828125 0.5770833333333333 0.0265625 0.0375
0 0.24144733565737053 0.85625 0.0265625 0.0375
0 0.19453125 0.8458333333333333 0.0265625 0.0375
0 0.08359375 0.80625 0.0265625 0.0375
0 0.00625 0.7864583333333334 0.0125 0.03125
0 0.13515625 0.18958333333333333 0.0265625 0.0375
0 0.306640625 0.24192708333333332 0.0265625 0.041666666666666664
0 0.24269791666666665 0.16086666666666666 0.0265625 0.0375
0 0.28052495503597125 0.22284172661870505 0.0265625 0.0375
0 0.25503726464435145 0.36692817294281727 0.0265625 0.0375
0 0.5356435303806735 0.9756497071742313 0.0265625 0.0375
0 0.628493842936803 0.6062112763320943 0.0265625 0.0375
0 0.48828125 0.86875 0.0265625 0.0375
0 0.84296875 0.85625 0.0265625 0.0375
0 0.83359375 0.98125 0.0265625 0.0375
0 0.8479118795955882 0.7541666666666667 0.0265625 0.0375
0 0.828125 0.43645833333333334 0.025 0.03958333333333333
0 0.8655042016806723 0.409375 0.025 0.03958333333333333
0 0.6500825711382114 0.2179708672086721 0.0265625 0.03333333333333333
0 0.7633000753012048 0.09683734939759035 0.0265625 0.03333333333333333
0 0.71015625 0.6354166666666666 0.0265625 0.03333333333333333
0 0.5488360969387756 0.5732568027210885 0.0296875 0.03333333333333333
0 0.47288389900662253 0.42149558498896245 0.0265625 0.03333333333333333
0 0.7140625 0.46875 0.028125 0.0375
0 0.9562594126506024 0.912261546184739 0.0234375 0.035416666666666666
0 0.58828125 0.11875 0.0296875 0.05
0 0.6015625 0.20625 0.025 0.04583333333333333
0 0.85625 0.22395833333333334 0.0375 0.04375
0 0.7734375 0.08229166666666667 0.0296875 0.03333333333333333
0 0.4932266383495145 0.7486144822006473 0.0421875 0.04375
0 0.4952910223367698 0.03615764604810997 0.025 0.027083333333333334
0 0.50703125 0.017677696078431372 0.0296875 0.022855392156862744
0 0.362229502688172 0.04373879928315413 0.0234375 0.027083333333333334
1 0.57109375 0.13333333333333333 0.0890625 0.1125
1 0.3203125 0.21041666666666667 0.103125 0.09583333333333334
