0 0.26484375 0.4354166666666667 0.0265625 0.0375
0 0.23828125 0.5770833333333333 0.0265625 0.0375
0 0.24199763446215142 0.85625 0.0265625 0.0375
0 0.19453125 0.8458333333333333 0.0265625 0.0375
0 0.08359375 0.80625 0.0265625 0.0375
0 0.01629681420233463 0.761284046692607 0.0265625 0.0375
0 0.13515625 0.18958333333333333 0.0265625 0.0375
0 0.2625 0.22916666666666666 0.0265625 0.041666666666666664
0 0.250341796875 0.1443359375 0.0265625 0.0375
0 0.2817670863309353 0.221185551558753 0.0265625 0.0375
0 0.27815301294820716 0.3468376494023904 0.0265625 0.0375
0 0.11145833333333333 0.5729166666666666 0.02812499999999999 0.05
0 0.5336212024158126 0.9729532698877501 0.0265625 0.0375
0 0.6314684851694915 0.5947387005649717 0.0265625 0.0375
0 0.48828125 0.86875 0.0265625 0.0375
0 0.8439329856241236 0.8533572931276298 0.0265625 0.0375
0 0.8345579856241235 0.9783572931276298 0.0265625 0.0375
0 0.8515044267180926 0.7532024310425433 0.0265625 0.0375
0 0.828125 0.43645833333333334 0.025 0.03958333333333333
0 0.866374737394958 0.409375 0.025 0.03958333333333333
0 0.6614008387445887 0.18377525252525254 0.0265625 0.03333333333333333
0 0.7688472640562249 0.0857429718875502 0.0265625 0.03333333333333333
0 0.71015625 0.6354166666666666 0.0265625 0.03333333333333333
0 0.5666328721374045 0.5362833969465649 0.028315839694656474 0.03333333333333333
0 0.48203125 0.40625 0.0265625 0.03333333333333333
0 0.5848958333333333 0.5277777777777778 0.028125 0.03749999999999994
0 0.69453125 0.07604166666666666 0.0265625 0.03333333333333333
0 0.9752604166666666 0.8607638888888889 0.0234375 0.035416666666666666
0 0.58828125 0.11875 0.0296875 0.05
0 0.6015625 0.20625 0.025 0.04583333333333333
0 0.85625 0.22395833333333334 0.0375 0.04375
0 0.9379687499999999 0.2529166666666667 0.0328125 0.041666666666666664
0 0.49624794407894735 0.7445518092105263 0.0421875 0.04375
0 0.5043452380952381 0.024348544973544974 0.025 0.027083333333333334
0 0.128125 0.31875 0.028125 0.0375
0 0.5143229166666667 0.013194444444444446 0.0296875 0.01875
0 0.3674277553763441 0.023935931899641574 0.0234375 0.027083333333333334
0 0.09088541666666668 0.013541666666666667 0.02656250000000001 0.027083333333333334
1 0.57109375 0.13333333333333333 0.0890625 0.1125
1 0.3203125 0.21041666666666667 0.103125 0.09583333333333334
