0 0.26484375 0.4354166666666667 0.0265625 0.0375
0 0.23828125 0.5770833333333333 0.0265625 0.0375
0 0.2398885707171315 0.85625 0.0265625 0.0375
0 0.19453125 0.8458333333333333 0.0265625 0.0375
0 0.08359375 0.80625 0.0265625 0.0375
0 0.13515625 0.18958333333333333 0.0265625 0.0375
0 0.19895833333333335 0.25763888888888886 0.026562500000000024 0.04166666666666664
0 0.20640134162303667 0.19792757417102969 0.026562500000000024 0.0375
0 0.25983072916666666 0.2723611111111111 0.0265625 0.03749999999999997
0 0.21490796232876713 0.4040810502283105 0.0265625 0.0375
0 0.53984375 0.98125 0.0265625 0.0375
0 0.6277163964435146 0.6048291492329149 0.0265625 0.0375
0 0.48828125 0.86875 0.0265625 0.0375
0 0.84296875 0.85625 0.0265625 0.0375
0 0.83359375 0.98125 0.0265625 0.0375
0 0.84140625 0.78125 0.0265625 0.0375
0 0.828125 0.43645833333333334 0.025 0.03958333333333333
0 0.8640625 0.409375 0.025 0.03958333333333333
0 0.6275494370669745 0.23940050038491148 0.0265625 0.03333333333333333
0 0.73671875 0.15613425925925925 0.0265625 0.03333333333333333
0 0.71015625 0.6354166666666666 0.0265625 0.03333333333333333
0 0.49005383403361347 0.6136379551820729 0.0296875 0.03333333333333333
0 0.45859375 0.47291666666666665 0.0265625 0.03333333333333333
0 0.58828125 0.11875 0.0296875 0.05
0 0.6015625 0.20625 0.025 0.04583333333333333
0 0.85625 0.22395833333333334 0.0375 0.04375
0 0.48515625 0.759375 0.0421875 0.04375
0 0.6761488970588235 0.9756740196078432 0.0296875 0.03958333333333333
0 0.18600398936170212 0.7118572695035461 0.025 0.03958333333333333
0 0.48142429060665365 0.05080927919112851 0.025 0.027083333333333334
0 0.5100393700787402 0.029896653543307082 0.0296875 0.031249999999999997
0 0.35703125 0.06354166666666666 0.0234375 0.027083333333333334
0 0.796875 0.4079861111111111 0.034375 0.03958333333333333
0 0.9697042410714285 0.04124751984126984 0.024787946428571316 0.038735119047619046
1 0.57109375 0.13333333333333333 0.0890625 0.1125
1 0.3203125 0.21041666666666667 0.103125 0.09583333333333334
