0 0.26952436674008806 0.4307360499265786 0.0265625 0.0375
0 0.23828125 0.5770833333333333 0.0265625 0.0375
0 0.24251307270916334 0.85625 0.0265625 0.0375
0 0.19453125 0.8458333333333333 0.0265625 0.0375
0 0.08359375 0.80625 0.0265625 0.0375
0 0.021330860894941635 0.7453428988326849 0.0265625 0.0375
0 0.13515625 0.18958333333333333 0.0265625 0.0375
0 0.22109375 0.18050595238095238 0.0265625 0.041666666666666664
0 0.26599542025862066 0.12427262931034484 0.0265625 0.03750000000000001
0 0.2829305305755396 0.21963429256594724 0.0265625 0.0375
0 0.2949047559760956 0.3245019920318725 0.0265625 0.0375
0 0.19739583333333335 0.5125 0.02812500000000002 0.04583333333333333
0 0.5532439983443709 0.933416114790287 0.0265625 0.0375
0 0.63828125 0.5757575757575758 0.0265625 0.0375
0 0.48828125 0.86875 0.0265625 0.0375
0 0.8457475017531557 0.8479137447405329 0.0265625 0.0375
0 0.8363725017531557 0.9729137447405329 0.0265625 0.0375
0 0.8528653138148667 0.751387914913511 0.0265625 0.0375
0 0.828125 0.43645833333333334 0.025 0.03958333333333333
0 0.8671901260504201 0.409375 0.025 0.03958333333333333
0 0.6650018977732793 0.1675438596491228 0.0265625 0.03333333333333333
0 0.774043047188755 0.07535140562248996 0.0265625 0.03333333333333333
0 0.71015625 0.6354166666666666 0.0265625 0.03333333333333333
0 0.5823153409090909 0.5107954545454546 0.0265625 0.03333333333333333
0 0.4946163667315175 0.40457198443579767 0.0265625 0.03333333333333333
0 0.009424342105263158 0.2819736842105263 0.018848684210526316 0.03333333333333333
0 0.4046875 0.4739583333333333 0.028125 0.0375
0 0.79296875 0.33958333333333335 0.0265625 0.03333333333333333
0 0.9846906565656566 0.8220854377104377 0.018023989898989966 0.035416666666666666
0 0.7877604166666666 0.89375 0.03906249999999991 0.041666666666666664
0 0.58828125 0.11875 0.0296875 0.05
0 0.6015625 0.20625 0.025 0.04583333333333333
0 0.11848958333333333 0.2694444444444445 0.0359375 0.045833333333333365
0 0.85625 0.22395833333333334 0.0375 0.04375
0 0.5026315789473684 0.7346217105263158 0.0421875 0.04375
0 0.39140625 0.07777777777777778 0.0234375 0.029166666666666674
0 0.4981845238095238 0.018872354497354495 0.025 0.027083333333333334
0 0.3921875 0.03333333333333333 0.028125 0.0375
0 0.5241240530303031 0.009927398989898991 0.0296875 0.01875
1 0.57109375 0.13333333333333333 0.0890625 0.1125
1 0.3203125 0.21041666666666667 0.103125 0.09583333333333334
