0 0.26484375 0.4354166666666667 0.0265625 0.0375
0 0.23828125 0.5770833333333333 0.0265625 0.0375
0 0.24081237549800796 0.85625 0.0265625 0.0375
0 0.19453125 0.8458333333333333 0.0265625 0.0375
0 0.08359375 0.80625 0.0265625 0.0375
0 0.00546875 0.8104166666666667 0.0109375 0.03333333333333333
0 0.13515625 0.18958333333333333 0.0265625 0.0375
0 0.30703125 0.21666666666666667 0.0265625 0.041666666666666664
0 0.23401537698412697 0.17428902116402117 0.0265625 0.0375
0 0.2716828893442623 0.24132513661202187 0.0265625 0.0375
0 0.23713541666666668 0.37861111111111106 0.0265625 0.0375
0 0.5379769857247438 0.978760980966325 0.0265625 0.0375
0 0.6307156133828996 0.6101610904584882 0.0265625 0.0375
0 0.48828125 0.86875 0.0265625 0.0375
0 0.84296875 0.85625 0.0265625 0.0375
0 0.83359375 0.98125 0.0265625 0.0375
0 0.8413200827205882 0.7541666666666667 0.0265625 0.0375
0 0.828125 0.43645833333333334 0.025 0.03958333333333333
0 0.8644997373949581 0.409375 0.025 0.03958333333333333
0 0.6315657476905312 0.23583044649730564 0.0265625 0.03333333333333333
0 0.7556273794416244 0.1081218274111675 0.0265625 0.03333333333333333
0 0.71015625 0.6354166666666666 0.0265625 0.03333333333333333
0 0.522265625 0.5973958333333333 0.0296875 0.03333333333333333
0 0.462986865942029 0.44158615136876006 0.0265625 0.03333333333333333
0 0.9703125 0.4041666666666667 0.028125 0.0375
0 0.9312557025547445 0.968742396593674 0.0234375 0.035416666666666666
0 0.58828125 0.11875 0.0296875 0.05
0 0.6015625 0.20625 0.025 0.04583333333333333
0 0.85625 0.22395833333333334 0.0375 0.04375
0 0.48984185376213596 0.7531275283171521 0.0421875 0.04375
0 0.90703125 0.634375 0.0296875 0.03958333333333333
0 0.14137228260869567 0.9360960144927536 0.025 0.03958333333333333
0 0.4848275440313111 0.0462716079582518 0.025 0.027083333333333338
0 0.5077571358267716 0.02381069553805774 0.0296875 0.031249999999999997
0 0.35703125 0.06354166666666666 0.0234375 0.027083333333333334
0 0.9883370535714284 0.012723214285714287 0.020647321428571352 0.022172619047619045
1 0.57109375 0.13333333333333333 0.0890625 0.1125
1 0.3203125 0.21041666666666667 0.103125 0.09583333333333334
