0 0.26484375 0.4354166666666667 0.0265625 0.0375
0 0.23828125 0.5770833333333333 0.0265625 0.0375
0 0.24153946713147412 0.85625 0.0265625 0.0375
0 0.19453125 0.8458333333333333 0.0265625 0.0375
0 0.08359375 0.80625 0.0265625 0.0375
0 0.008932023195876288 0.7804982817869416 0.017864046391752576 0.033634020618556686
0 0.13515625 0.18958333333333333 0.0265625 0.0375
0 0.31265624999999997 0.24875 0.0265625 0.041666666666666664
0 0.24346874999999998 0.15839999999999999 0.0265625 0.0375
0 0.2807329136690647 0.222564448441247 0.0265625 0.0375
0 0.260259271978022 0.3645375457875458 0.0265625 0.0375
0 0.5353049505856515 0.9751982674475353 0.0265625 0.0375
0 0.628171468401487 0.605638166047088 0.0265625 0.0375
0 0.48828125 0.86875 0.0265625 0.0375
0 0.84296875 0.85625 0.0265625 0.0375
0 0.83359375 0.98125 0.0265625 0.0375
0 0.8488683363970588 0.7541666666666667 0.0265625 0.0375
0 0.828125 0.43645833333333334 0.025 0.03958333333333333
0 0.8656499474789916 0.409375 0.025 0.03958333333333333
0 0.6546875 0.21145833333333333 0.0265625 0.03333333333333333
0 0.7642287901606426 0.09497991967871486 0.0265625 0.03333333333333333
0 0.71015625 0.6354166666666666 0.0265625 0.03333333333333333
0 0.5517976334951455 0.5653519417475728 0.0296875 0.03333333333333333
0 0.47441535596026496 0.41894315673289184 0.0265625 0.03333333333333333
0 0.7072916666666667 0.5083333333333333 0.028125 0.0375
0 0.9597420933734939 0.901116967871486 0.0234375 0.035416666666666666
0 0.58828125 0.11875 0.0296875 0.05
0 0.6015625 0.20625 0.025 0.04583333333333333
0 0.85625 0.22395833333333334 0.0375 0.04375
0 0.8234375 0.071875 0.0296875 0.03333333333333333
0 0.4937177639563107 0.7479596480582524 0.0421875 0.04375
0 0.4978737113402062 0.03377362542955327 0.025 0.027083333333333338
0 0.50703125 0.016544117647058824 0.0296875 0.020588235294117647
0 0.3630997983870968 0.0404233870967742 0.0234375 0.027083333333333338
1 0.57109375 0.13333333333333333 0.0890625 0.1125
1 0.3203125 0.21041666666666667 0.103125 0.09583333333333334
