0 0.2752558075221239 0.41436823992133726 0.0265625 0.0375
0 0.23828125 0.5822183098591549 0.0265625 0.0375
0 0.2455362382629108 0.8494033646322379 0.0265625 0.0375
0 0.19453125 0.8458333333333333 0.0265625 0.0375
0 0.08359375 0.80625 0.0265625 0.0375
0 0.0296324823943662 0.7278266823161189 0.0265625 0.0375
0 0.13515625 0.18958333333333333 0.0265625 0.0375
0 0.19254261363636363 0.1253787878787879 0.02656249999999998 0.03750000000000001
0 0.3103626179245283 0.0967374213836478 0.0265625 0.0375
0 0.2849426708633093 0.21695143884892085 0.0265625 0.0375
0 0.3142862382629108 0.30528169014084505 0.0265625 0.0375
0 0.43671875 0.14791666666666667 0.0265625 0.041666666666666664
0 0.583931191314554 0.8762617370892019 0.0265625 0.0375
0 0.6466266257225434 0.5636440269749519 0.0265625 0.0375
0 0.48828125 0.86875 0.0265625 0.0375
0 0.50078125 0.80625 0.0265625 0.0375
0 0.8488856504207574 0.838499298737728 0.0265625 0.0375
0 0.8395106504207573 0.963499298737728 0.0265625 0.0375
0 0.855218925315568 0.7482497662459093 0.0265625 0.0375
0 0.88453125 0.6829166666666667 0.0265625 0.0375
0 0.828125 0.43645833333333334 0.025 0.03958333333333333
0 0.8686003151260504 0.409375 0.025 0.03958333333333333
0 0.6736979166666667 0.17152777777777778 0.0234375 0.03333333333333333
0 0.6733978974654378 0.13245007680491552 0.0265625 0.03333333333333333
0 0.77109375 0.05625 0.0265625 0.03333333333333333
0 0.7699891548843187 0.0637210796915167 0.0265625 0.03333333333333333
0 0.7127237382629108 0.6388399843505478 0.0265625 0.03333333333333333
0 0.5888387617370892 0.48176838810641626 0.0265625 0.03333333333333333
0 0.5002237382629108 0.3844483568075117 0.0265625 0.03333333333333333
0 0.15921875000000002 0.5725 0.0265625 0.03333333333333333
0 0.016891163793103448 0.21731321839080459 0.0265625 0.03333333333333333
0 0.08046875 0.2125 0.0265625 0.03333333333333333
0 0.64765625 0.99375 0.0265625 0.0125
0 0.75859375 0.8375 0.0265625 0.03333333333333333
0 0.9879115513392858 0.7703404017857144 0.024176897321428647 0.0336867559523809
0 0.5859375 0.2677083333333333 0.025 0.035416666666666666
0 0.58828125 0.11875 0.0296875 0.05
0 0.6015625 0.20625 0.025 0.04583333333333333
0 0.34296875 0.75625 0.0390625 0.041666666666666664
0 0.7583333333333333 0.5996527777777777 0.028125 0.035416666666666666
0 0.85625 0.22395833333333334 0.0375 0.04375
0 0.513671875 0.7174479166666666 0.0421875 0.04375
