0 0.26484375 0.4354166666666667 0.0265625 0.0375
0 0.23828125 0.5770833333333333 0.0265625 0.0375
0 0.24138757470119523 0.85625 0.0265625 0.0375
0 0.19453125 0.8458333333333333 0.0265625 0.0375
0 0.08359375 0.80625 0.0265625 0.0375
0 0.006164772727272727 0.7890719696969697 0.012329545454545454 0.031477272727272756
0 0.13515625 0.18958333333333333 0.0265625 0.0375
0 0.31265624999999997 0.23625000000000002 0.0265625 0.041666666666666664
0 0.24219791666666665 0.16246666666666665 0.0265625 0.0375
0 0.2799667008196721 0.22396857923497268 0.0265625 0.0375
0 0.2533113232217573 0.36797419804741976 0.0265625 0.0375
0 0.5358631497071742 0.9759425329428989 0.0265625 0.0375
0 0.6287029507434945 0.6065830235439901 0.0265625 0.0375
0 0.48828125 0.86875 0.0265625 0.0375
0 0.84296875 0.85625 0.0265625 0.0375
0 0.83359375 0.98125 0.0265625 0.0375
0 0.8472914751838235 0.7541666666666667 0.0265625 0.0375
0 0.828125 0.43645833333333334 0.025 0.03958333333333333
0 0.8654096638655462 0.409375 0.025 0.03958333333333333
0 0.6485581808943089 0.22081639566395664 0.0265625 0.03333333333333333
0 0.7626976656626506 0.0980421686746988 0.0265625 0.03333333333333333
0 0.71015625 0.6354166666666666 0.0265625 0.03333333333333333
0 0.5457748724489796 0.5759778911564626 0.0296875 0.03333333333333333
0 0.47189052152317884 0.4231512141280353 0.0265625 0.03333333333333333
0 0.7333333333333333 0.4388888888888889 0.028125 0.0375
0 0.9540003765060241 0.9194904618473896 0.0234375 0.035416666666666666
0 0.58828125 0.11875 0.0296875 0.05
0 0.6015625 0.20625 0.025 0.04583333333333333
0 0.85625 0.22395833333333334 0.0375 0.04375
0 0.771875 0.022916666666666665 0.0296875 0.03333333333333333
0 0.49290807038834955 0.7490392394822006 0.0421875 0.04375
0 0.9734375 0.315625 0.028125 0.04375
0 0.493615764604811 0.03770403780068728 0.025 0.02708333333333333
0 0.50703125 0.018412990196078432 0.0296875 0.024325980392156863
0 0.3616649865591398 0.045889336917562716 0.0234375 0.02708333333333333
1 0.57109375 0.13333333333333333 0.0890625 0.1125
1 0.3203125 0.21041666666666667 0.103125 0.09583333333333334
