0 0.26484375 0.4354166666666667 0.0265625 0.0375
0 0.23828125 0.5770833333333333 0.0265625 0.0375
0 0.24143488545816733 0.85625 0.0265625 0.0375
0 0.19453125 0.8458333333333333 0.0265625 0.0375
0 0.08359375 0.80625 0.0265625 0.0375
0 0.006232244318181818 0.7870028409090909 0.012464488636363636 0.03129734848484844
0 0.13515625 0.18958333333333333 0.0265625 0.0375
0 0.310546875 0.24010416666666667 0.0265625 0.041666666666666664
0 0.24259375 0.1612 0.0265625 0.0375
0 0.2804968525179856 0.22287919664268585 0.0265625 0.0375
0 0.2546776935146443 0.3671460948396095 0.0265625 0.0375
0 0.5356892844070278 0.9757107125427037 0.0265625 0.0375
0 0.628537407063197 0.6062887236679058 0.0265625 0.0375
0 0.48828125 0.86875 0.0265625 0.0375
0 0.84296875 0.85625 0.0265625 0.0375
0 0.83359375 0.98125 0.0265625 0.0375
0 0.8477826286764707 0.7541666666666667 0.0265625 0.0375
0 0.828125 0.43645833333333334 0.025 0.03958333333333333
0 0.8654845063025209 0.409375 0.025 0.03958333333333333
0 0.6497649898373984 0.21856368563685635 0.0265625 0.03333333333333333
0 0.7631745732931727 0.09708835341365463 0.0265625 0.03333333333333333
0 0.71015625 0.6354166666666666 0.0265625 0.03333333333333333
0 0.5481983418367347 0.5738236961451247 0.0296875 0.03333333333333333
0 0.47267694536423843 0.42184050772626935 0.0265625 0.03333333333333333
0 0.7286458333333333 0.4597222222222222 0.028125 0.0375
0 0.9557887801204819 0.9137675702811244 0.0234375 0.035416666666666666
0 0.58828125 0.11875 0.0296875 0.05
0 0.6015625 0.20625 0.025 0.04583333333333333
0 0.85625 0.22395833333333334 0.0375 0.04375
0 0.7622395833333333 0.07013888888888889 0.0296875 0.033333333333333326
0 0.4931602700242719 0.7487029733009708 0.0421875 0.04375
0 0.9878125000000001 0.31687499999999996 0.0234375 0.03333333333333333
0 0.4949420103092783 0.036479810996563576 0.025 0.027083333333333334
0 0.50703125 0.017830882352941176 0.0296875 0.02316176470588235
0 0.36211189516129033 0.04418682795698925 0.0234375 0.027083333333333334
1 0.57109375 0.13333333333333333 0.0890625 0.1125
1 0.3203125 0.21041666666666667 0.103125 0.09583333333333334
