0 0.26484375 0.4354166666666667 0.0265625 0.0375
0 0.23828125 0.5770833333333333 0.0265625 0.0375
0 0.240242156374502 0.85625 0.0265625 0.0375
0 0.19453125 0.8458333333333333 0.0265625 0.0375
0 0.08359375 0.80625 0.0265625 0.0375
0 0.13515625 0.18958333333333333 0.0265625 0.0375
0 0.26640625 0.2076388888888889 0.0265625 0.041666666666666664
0 0.21337123691099474 0.1824389179755672 0.0265625 0.0375
0 0.2672719594594595 0.2548704954954955 0.0265625 0.0375
0 0.224951171875 0.3942057291666667 0.0265625 0.0375
0 0.53984375 0.98125 0.0265625 0.0375
0 0.6305014382845189 0.6097803347280334 0.0265625 0.0375
0 0.48828125 0.86875 0.0265625 0.0375
0 0.84296875 0.85625 0.0265625 0.0375
0 0.83359375 0.98125 0.0265625 0.0375
0 0.8410653409090909 0.7657575757575757 0.0265625 0.0375
0 0.828125 0.43645833333333334 0.025 0.03958333333333333
0 0.8640625 0.409375 0.025 0.03958333333333333
0 0.6290866772517321 0.23803406466512703 0.0265625 0.03333333333333333
0 0.7435167910447762 0.13594527363184078 0.0265625 0.03333333333333332
0 0.71015625 0.6354166666666666 0.0265625 0.03333333333333333
0 0.5040375525210085 0.6061799719887956 0.0296875 0.03333333333333333
0 0.45947633368200835 0.46232566248256624 0.0265625 0.03333333333333333
0 0.58828125 0.11875 0.0296875 0.05
0 0.6015625 0.20625 0.025 0.04583333333333333
0 0.85625 0.22395833333333334 0.0375 0.04375
0 0.4868021844660194 0.7571804207119741 0.0421875 0.04375
0 0.767578125 0.8970982142857142 0.0296875 0.03958333333333333
0 0.19622395833333334 0.8269097222222223 0.025000000000000022 0.03958333333333333
0 0.48272688356164384 0.04907248858447488 0.025 0.027083333333333334
0 0.5091658464566928 0.02756725721784777 0.0296875 0.03125
0 0.35703125 0.06354166666666666 0.0234375 0.027083333333333334
0 0.77 0.24729166666666663 0.034375 0.039583333333333304
0 0.9768359375 0.030329861111111113 0.023203125000000036 0.03239583333333334
1 0.57109375 0.13333333333333333 0.0890625 0.1125
1 0.3203125 0.21041666666666667 0.103125 0.09583333333333334
