0 0.26484375 0.4354166666666667 0.0265625 0.0375
0 0.23828125 0.5770833333333333 0.0265625 0.0375
0 0.24055092131474104 0.85625 0.0265625 0.0375
0 0.19453125 0.8458333333333333 0.0265625 0.0375
0 0.08359375 0.80625 0.0265625 0.0375
0 0.13515625 0.18958333333333333 0.0265625 0.0375
0 0.29401041666666666 0.21666666666666667 0.0265625 0.041666666666666664
0 0.22370689655172415 0.1741020114942529 0.0265625 0.0375
0 0.2690142463235294 0.2479013480392157 0.0265625 0.0375
0 0.23142578125000002 0.38429687500000004 0.0265625 0.0375
0 0.5389378202781845 0.9800420937042459 0.0265625 0.0375
0 0.6316304600371747 0.6117874845105328 0.0265625 0.0375
0 0.48828125 0.86875 0.0265625 0.0375
0 0.84296875 0.85625 0.0265625 0.0375
0 0.83359375 0.98125 0.0265625 0.0375
0 0.8386058134191176 0.7541666666666667 0.0265625 0.0375
0 0.828125 0.43645833333333334 0.025 0.03958333333333333
0 0.8640861344537815 0.409375 0.025 0.03958333333333333
0 0.630429056004619 0.2368408391070054 0.0265625 0.03333333333333333
0 0.7543760926573426 0.11707459207459209 0.0265625 0.03333333333333335
0 0.71015625 0.6354166666666666 0.0265625 0.03333333333333333
0 0.5148711622807017 0.6012426900584795 0.0296875 0.03333333333333333
0 0.4606091485507246 0.4521537842190016 0.0265625 0.03333333333333333
0 0.9182711693548388 0.9849798387096773 0.02424395161290338 0.030040322580645196
0 0.58828125 0.11875 0.0296875 0.05
0 0.6015625 0.20625 0.025 0.04583333333333333
0 0.85625 0.22395833333333334 0.0375 0.04375
0 0.4884481189320389 0.7549858414239482 0.0421875 0.04375
0 0.85078125 0.7802083333333333 0.0296875 0.03958333333333333
0 0.1375 0.8572916666666667 0.025 0.03958333333333333
0 0.11145833333333333 0.907986111111111 0.03124999999999999 0.03958333333333333
0 0.4838643590998043 0.04755585453359426 0.025 0.027083333333333334
0 0.5084030511811024 0.02553313648293963 0.0296875 0.031249999999999997
0 0.35703125 0.06354166666666666 0.0234375 0.027083333333333334
0 0.76484375 0.07708333333333334 0.0296875 0.03333333333333333
0 0.9830636160714284 0.020796130952380955 0.02181919642857135 0.02686011904761905
1 0.57109375 0.13333333333333333 0.0890625 0.1125
1 0.3203125 0.21041666666666667 0.103125 0.09583333333333334
