0 0.27431554203539826 0.4177114060963618 0.0265625 0.0375
0 0.23828125 0.5802230046948357 0.0265625 0.0375
0 0.24453858568075115 0.852063771517997 0.0265625 0.0375
0 0.19453125 0.8458333333333333 0.0265625 0.0375
0 0.08359375 0.80625 0.0265625 0.0375
0 0.028136003521126763 0.7291568857589984 0.0265625 0.0375
0 0.13515625 0.18958333333333333 0.0265625 0.0375
0 0.2050426136363636 0.14053030303030303 0.02656249999999998 0.0375
0 0.3023828125 0.10159722222222221 0.0265625 0.0375
0 0.28456047661870504 0.21746103117505997 0.0265625 0.0375
0 0.31328858568075113 0.30727699530516434 0.0265625 0.0375
0 0.36328125 0.2 0.0265625 0.041666666666666664
0 0.5789429284037559 0.8822476525821596 0.0265625 0.0375
0 0.6447841401734105 0.5656912331406551 0.0265625 0.0375
0 0.48828125 0.86875 0.0265625 0.0375
0 0.6234375 0.8208333333333333 0.0125 0.0375
0 0.8482895774894811 0.8402875175315568 0.0265625 0.0375
0 0.8389145774894811 0.9652875175315568 0.0265625 0.0375
0 0.8547718706171109 0.7488458391771856 0.0265625 0.0375
0 0.95703125 0.765625 0.0265625 0.04375
0 0.828125 0.43645833333333334 0.025 0.03958333333333333
0 0.8683324579831933 0.409375 0.025 0.03958333333333333
0 0.6549479166666667 0.14965277777777777 0.0234375 0.03541666666666665
0 0.6719290034562212 0.1383256528417819 0.0265625 0.03333333333333333
0 0.7708085636246786 0.06590616966580977 0.0265625 0.033333333333333326
0 0.7117260856807512 0.6375097809076683 0.0265625 0.03333333333333333
0 0.5898364143192488 0.4864241001564945 0.0265625 0.03333333333333333
0 0.4992260856807512 0.386443661971831 0.0265625 0.03333333333333333
0 0.038802083333333334 0.4673611111111111 0.0296875 0.0375
0 0.01640625 0.228125 0.0265625 0.03333333333333333
0 0.13125 0.29375 0.028125 0.0375
0 0.78359375 0.7625 0.0265625 0.03333333333333333
0 0.9900460379464284 0.7731863839285715 0.019907924107142882 0.03431919642857141
0 0.6416666666666667 0.3795138888888889 0.025 0.035416666666666666
0 0.58828125 0.11875 0.0296875 0.05
0 0.6015625 0.20625 0.025 0.04583333333333333
0 0.30859375 0.6402777777777777 0.0390625 0.041666666666666664
0 0.54296875 0.5963541666666666 0.028125 0.035416666666666666
0 0.85625 0.22395833333333334 0.0375 0.04375
0 0.5115748355263158 0.7207099780701754 0.0421875 0.04375
