0 0.26484375 0.4354166666666667 0.0265625 0.0375
0 0.23828125 0.5770833333333333 0.0265625 0.0375
0 0.24032183764940238 0.85625 0.0265625 0.0375
0 0.19453125 0.8458333333333333 0.0265625 0.0375
0 0.08359375 0.80625 0.0265625 0.0375
0 0.13515625 0.18958333333333333 0.0265625 0.0375
0 0.2734375 0.19895833333333332 0.0265625 0.041666666666666664
0 0.21503232758620688 0.17905890804597702 0.0265625 0.0375
0 0.26794763513513514 0.25216779279279283 0.0265625 0.0375
0 0.226513671875 0.3907335069444445 0.0265625 0.0375
0 0.5397796943631039 0.9811645924841386 0.0265625 0.0375
0 0.6311290533472803 0.6108960948396095 0.0265625 0.0375
0 0.48828125 0.86875 0.0265625 0.0375
0 0.84296875 0.85625 0.0265625 0.0375
0 0.83359375 0.98125 0.0265625 0.0375
0 0.8383380681818181 0.7584848484848484 0.0265625 0.0375
0 0.828125 0.43645833333333334 0.025 0.03958333333333333
0 0.8640625 0.409375 0.025 0.03958333333333333
0 0.6294330975750577 0.23772613548883756 0.0265625 0.03333333333333333
0 0.7476212686567164 0.12997512437810946 0.0265625 0.03333333333333333
0 0.71015625 0.6354166666666666 0.0265625 0.03333333333333333
0 0.5071888130252101 0.604499299719888 0.0296875 0.03333333333333333
0 0.45968553870292883 0.4598152022315202 0.0265625 0.03333333333333333
0 0.91015625 0.9927083333333333 0.0265625 0.014583333333333334
0 0.58828125 0.11875 0.0296875 0.05
0 0.6015625 0.20625 0.025 0.04583333333333333
0 0.85625 0.22395833333333334 0.0375 0.04375
0 0.4872269417475728 0.756614077669903 0.0421875 0.04375
0 0.7743055555555556 0.8811342592592593 0.0296875 0.03958333333333333
0 0.19609375 0.8583333333333333 0.025 0.03958333333333333
0 0.0078125 0.8322916666666667 0.015625 0.035416666666666666
0 0.48302042563600783 0.048681099151989565 0.025 0.027083333333333334
0 0.5089689960629922 0.027042322834645673 0.0296875 0.03125
0 0.35703125 0.06354166666666666 0.0234375 0.027083333333333334
0 0.7671875 0.20833333333333334 0.034375 0.03958333333333333
0 0.9784430803571429 0.02786954365079365 0.022845982142857223 0.030967261904761907
1 0.57109375 0.13333333333333333 0.0890625 0.1125
1 0.3203125 0.21041666666666667 0.103125 0.09583333333333334
