0 0.27492394911504425 0.41554818092428714 0.0265625 0.0375
0 0.23828125 0.5815140845070422 0.0265625 0.0375
0 0.24518412558685446 0.8503423317683881 0.0265625 0.0375
0 0.19453125 0.8458333333333333 0.0265625 0.0375
0 0.08359375 0.80625 0.0265625 0.0375
0 0.029104313380281688 0.728296165884194 0.0265625 0.0375
0 0.13515625 0.18958333333333333 0.0265625 0.0375
0 0.2034375 0.13583333333333333 0.02656249999999998 0.0375
0 0.30753906249999996 0.09854166666666667 0.0265625 0.0375
0 0.2848077787769784 0.21713129496402878 0.0265625 0.0375
0 0.31393412558685446 0.3059859154929577 0.0265625 0.0375
0 0.42109375 0.16458333333333333 0.0265625 0.041666666666666664
0 0.5821706279342723 0.8783744131455399 0.0265625 0.0375
0 0.6459763367052023 0.564366570327553 0.0265625 0.0375
0 0.48828125 0.86875 0.0265625 0.0375
0 0.54609375 0.8020833333333334 0.0265625 0.0375
0 0.8486752717391305 0.8391304347826087 0.0265625 0.0375
0 0.8393002717391305 0.9641304347826087 0.0265625 0.0375
0 0.8550611413043478 0.7484601449275362 0.0265625 0.0375
0 0.9106770833333334 0.7201388888888889 0.0265625 0.0375
0 0.828125 0.43645833333333334 0.025 0.03958333333333333
0 0.8685057773109243 0.409375 0.025 0.03958333333333333
0 0.69921875 0.16354166666666667 0.0234375 0.035416666666666666
0 0.6728794642857143 0.13452380952380952 0.0265625 0.03333333333333333
0 0.7702783579691517 0.0644922879177378 0.0265625 0.03333333333333334
0 0.7123716255868545 0.6383705007824727 0.0265625 0.03333333333333333
0 0.5891908744131455 0.4834115805946792 0.0265625 0.03333333333333333
0 0.4998716255868545 0.3851525821596244 0.0265625 0.03333333333333333
0 0.10078125 0.5208333333333334 0.0296875 0.0375
0 0.01783854166666667 0.21953125 0.0265625 0.03333333333333333
0 0.0765625 0.2708333333333333 0.028125 0.0375
0 0.73984375 0.8020833333333334 0.0265625 0.03333333333333333
0 0.9886648995535715 0.7713448660714285 0.022670200892857116 0.033909970238095256
0 0.6109375 0.31979166666666664 0.025 0.035416666666666666
0 0.58828125 0.11875 0.0296875 0.05
0 0.6015625 0.20625 0.025 0.04583333333333333
0 0.35625 0.70625 0.0390625 0.041666666666666664
0 0.6677083333333333 0.6059027777777778 0.028125 0.035416666666666666
0 0.85625 0.22395833333333334 0.0375 0.04375
0 0.5129317434210526 0.7185992324561403 0.0421875 0.04375
