0 0.2724903207964602 0.424201081612586 0.0265625 0.0375
0 0.23828125 0.5770833333333333 0.0265625 0.0375
0 0.24290649900398406 0.85625 0.0265625 0.0375
0 0.19453125 0.8458333333333333 0.0265625 0.0375
0 0.08359375 0.80625 0.0265625 0.0375
0 0.025173273346303503 0.7331752594033722 0.0265625 0.0375
0 0.13515625 0.18958333333333333 0.0265625 0.0375
0 0.21901041666666665 0.17847222222222223 0.0265625 0.0375
0 0.28621363146551726 0.11150323275862069 0.0265625 0.0375
0 0.2838185701438849 0.21845023980815348 0.0265625 0.0375
0 0.30935927013422815 0.31216442953020135 0.0265625 0.0375
0 0.32135416666666666 0.38645833333333335 0.0265625 0.041666666666666664
0 0.5694661458333333 0.8970920138888889 0.0265625 0.0375
0 0.6412075505780347 0.5696652215799615 0.0265625 0.0375
0 0.48828125 0.86875 0.0265625 0.0375
0 0.8658854166666666 0.8333333333333334 0.0234375 0.0375
0 0.847132494740533 0.8437587657784011 0.0265625 0.0375
0 0.8377574947405331 0.9687587657784011 0.0265625 0.0375
0 0.8539040585553996 0.7500029219261337 0.0265625 0.0375
0 0.828125 0.43645833333333334 0.025 0.03958333333333333
0 0.8678125 0.409375 0.025 0.03958333333333333
0 0.5934895833333333 0.05555555555555555 0.0234375 0.02916666666666666
0 0.6689998734817814 0.15021929824561403 0.0265625 0.03333333333333333
0 0.7723991805912596 0.0701478149100257 0.0265625 0.033333333333333326
0 0.71015625 0.6354166666666666 0.0265625 0.03333333333333333
0 0.5902314379699248 0.4957080200501253 0.0265625 0.03333333333333333
0 0.49765625 0.3923245614035088 0.0265625 0.03333333333333333
0 0.01328125 0.2520833333333333 0.0265625 0.03333333333333333
0 0.240625 0.37916666666666665 0.028125 0.0375
0 0.76796875 0.575 0.0265625 0.03333333333333333
0 0.9934461805555556 0.7825810185185186 0.0125 0.035416666666666666
0 0.690625 0.601388888888889 0.025 0.03333333333333333
0 0.58828125 0.11875 0.0296875 0.05
0 0.6015625 0.20625 0.025 0.04583333333333333
0 0.25655048076923076 0.48653846153846153 0.0359375 0.04583333333333333
0 0.16328125 0.3875 0.0328125 0.0375
0 0.85625 0.22395833333333334 0.0375 0.04375
0 0.5075041118421052 0.7270422149122807 0.0421875 0.04375
1 0.57109375 0.13333333333333333 0.0890625 0.1125
1 0.3203125 0.21041666666666667 0.103125 0.09583333333333334
