0 0.26484375 0.4354166666666667 0.0265625 0.0375
0 0.23828125 0.5770833333333333 0.0265625 0.0375
0 0.24090450697211155 0.85625 0.0265625 0.0375
0 0.19453125 0.8458333333333333 0.0265625 0.0375
0 0.08359375 0.80625 0.0265625 0.0375
0 0.005475852272727273 0.8101988636363636 0.010951704545454546 0.033314393939393956
0 0.13515625 0.18958333333333333 0.0265625 0.0375
0 0.31023848684210525 0.22280701754385965 0.0265625 0.041666666666666664
0 0.2376860119047619 0.17490079365079364 0.0265625 0.0375
0 0.2730097336065574 0.2385450819672131 0.0265625 0.0375
0 0.23935996338912133 0.37642956764295676 0.0265625 0.0375
0 0.5376384059297219 0.9783095412396291 0.0265625 0.0375
0 0.6303932388475836 0.609587980173482 0.0265625 0.0375
0 0.48828125 0.86875 0.0265625 0.0375
0 0.84296875 0.85625 0.0265625 0.0375
0 0.83359375 0.98125 0.0265625 0.0375
0 0.8422765395220588 0.7541666666666667 0.0265625 0.0375
0 0.828125 0.43645833333333334 0.025 0.03958333333333333
0 0.8646454831932774 0.409375 0.025 0.03958333333333333
0 0.6319662961893765 0.23547440338722095 0.0265625 0.03333333333333333
0 0.7568012373096447 0.10655668358714045 0.0265625 0.03333333333333333
0 0.71015625 0.6354166666666666 0.0265625 0.03333333333333333
0 0.525 0.5947916666666667 0.0296875 0.03333333333333333
0 0.4638247282608695 0.4378623188405797 0.0265625 0.03333333333333333
0 0.9296875 0.38125 0.028125 0.0375
0 0.9358975821167883 0.9625532238442822 0.0234375 0.035416666666666666
0 0.58828125 0.11875 0.0296875 0.05
0 0.6015625 0.20625 0.025 0.04583333333333333
0 0.85625 0.22395833333333334 0.0375 0.04375
0 0.49033297936893205 0.7524726941747573 0.0421875 0.04375
0 0.909375 0.59375 0.0296875 0.03958333333333333
0 0.1403706395348837 0.9484253875968992 0.025 0.03958333333333333
0 0.48516695205479454 0.04581906392694064 0.025 0.027083333333333334
0 0.5075295275590551 0.023203740157480317 0.0296875 0.03125
0 0.357101814516129 0.0632728494623656 0.0234375 0.02708333333333334
1 0.57109375 0.13333333333333333 0.0890625 0.1125
1 0.3203125 0.21041666666666667 0.103125 0.09583333333333334
