0 0.26484375 0.4354166666666667 0.0265625 0.0375
0 0.23828125 0.5770833333333333 0.0265625 0.0375
0 0.2419254233067729 0.85625 0.0265625 0.0375
0 0.19453125 0.8458333333333333 0.0265625 0.0375
0 0.08359375 0.80625 0.0265625 0.0375
0 0.015591561284046696 0.7635173476005188 0.0265625 0.0375
0 0.13515625 0.18958333333333333 0.0265625 0.0375
0 0.2697716346153846 0.22852564102564102 0.0265625 0.041666666666666664
0 0.2482177734375 0.14716796875 0.0265625 0.0375
0 0.2816040917266187 0.22140287769784173 0.0265625 0.0375
0 0.27604166666666663 0.35 0.0265625 0.0375
0 0.068359375 0.54375 0.028125 0.05
0 0.5338865757686676 0.9733071010248902 0.0265625 0.0375
0 0.630124470338983 0.5978107344632768 0.0265625 0.0375
0 0.48828125 0.86875 0.0265625 0.0375
0 0.843678778050491 0.8541199158485273 0.0265625 0.0375
0 0.8343037780504909 0.9791199158485273 0.0265625 0.0375
0 0.8513137710378682 0.7534566386161757 0.0265625 0.0375
0 0.828125 0.43645833333333334 0.025 0.03958333333333333
0 0.8662605042016807 0.409375 0.025 0.03958333333333333
0 0.6610085227272727 0.1856060606060606 0.0265625 0.03333333333333333
0 0.7681193524096386 0.08719879518072289 0.0265625 0.03333333333333333
0 0.71015625 0.6354166666666666 0.0265625 0.03333333333333333
0 0.5642115935114503 0.5397423664122137 0.028661736641221403 0.033333333333333395
0 0.48083091887417223 0.4082505518763797 0.0265625 0.03333333333333333
0 0.6109375 0.5708333333333333 0.028125 0.0375
0 0.65546875 0.08333333333333333 0.0265625 0.03333333333333333
0 0.9746794871794873 0.8646367521367522 0.0234375 0.035416666666666666
0 0.58828125 0.11875 0.0296875 0.05
0 0.6015625 0.20625 0.025 0.04583333333333333
0 0.85625 0.22395833333333334 0.0375 0.04375
0 0.93359375 0.21458333333333332 0.0328125 0.041666666666666664
0 0.4957751820388349 0.7452164239482201 0.0421875 0.04375
0 0.5052083333333333 0.025115740740740744 0.025 0.027083333333333338
0 0.08307291666666666 0.2871527777777778 0.0296875 0.03958333333333333
0 0.5129498106060606 0.013652146464646464 0.0296875 0.01875
0 0.3667456317204301 0.026534498207885306 0.0234375 0.027083333333333338
0 0.03619791666666666 0.08888888888888888 0.0296875 0.03333333333333333
1 0.57109375 0.13333333333333333 0.0890625 0.1125
1 0.3203125 0.21041666666666667 0.103125 0.09583333333333334
