0 0.27567063053097346 0.4128933136676499 0.0265625 0.0375
0 0.23828125 0.5830985915492958 0.0265625 0.0375
0 0.2459763791079812 0.8482296557120501 0.0265625 0.0375
0 0.19453125 0.8458333333333333 0.0265625 0.0375
0 0.08359375 0.80625 0.0265625 0.0375
0 0.03029269366197183 0.727239827856025 0.0265625 0.0375
0 0.13515625 0.18958333333333333 0.0265625 0.0375
0 0.1912326388888889 0.10578703703703704 0.0265625 0.0375
0 0.3139003537735849 0.09437893081761008 0.0265625 0.0375
0 0.28511128597122304 0.21672661870503598 0.0265625 0.0375
0 0.3147263791079812 0.3044014084507042 0.0265625 0.0375
0 0.45953125000000006 0.10875 0.0265625 0.0375
0 0.5861318955399061 0.8736208920187793 0.0265625 0.0375
0 0.6474394869942197 0.5627408477842003 0.0265625 0.0375
0 0.48828125 0.86875 0.0265625 0.0375
0 0.4341145833333333 0.7381944444444444 0.0265625 0.0375
0 0.849148623772791 0.837710378681627 0.0265625 0.0375
0 0.8397736237727911 0.962710378681627 0.0265625 0.0375
0 0.8554161553295933 0.7479867928938757 0.0265625 0.0375
0 0.86796875 0.6385416666666667 0.0265625 0.0375
0 0.828125 0.43645833333333334 0.025 0.03958333333333333
0 0.8687184873949579 0.409375 0.025 0.03958333333333333
0 0.67578125 0.19270833333333334 0.0234375 0.03333333333333333
0 0.6740459389400921 0.129857910906298 0.0265625 0.03333333333333335
0 0.7268229166666667 0.11458333333333333 0.0265625 0.03333333333333333
0 0.7696276510282776 0.06275706940874036 0.0265625 0.03333333333333334
0 0.7131638791079812 0.6394268388106416 0.0265625 0.03333333333333333
0 0.5883986208920188 0.4797143974960877 0.0265625 0.03333333333333333
0 0.5006638791079812 0.38356807511737084 0.0265625 0.03333333333333333
0 0.20078125 0.63125 0.0265625 0.03333333333333333
0 0.015274784482758619 0.21515804597701152 0.0265625 0.03333333333333333
0 0.03359375 0.21041666666666667 0.0265625 0.03333333333333333
0 0.75 0.9708333333333333 0.0265625 0.03333333333333333
0 0.66953125 0.9597222222222223 0.0265625 0.03333333333333333
0 0.73359375 0.855 0.0265625 0.03333333333333333
0 0.9869698660714284 0.7690848214285715 0.026060267857142883 0.03340773809523808
0 0.562673611111111 0.21608796296296298 0.025 0.035416666666666666
0 0.58828125 0.11875 0.0296875 0.05
0 0.6015625 0.20625 0.025 0.04583333333333333
0 0.38671875 0.7802083333333333 0.0328125 0.035416666666666666
0 0.825 0.6729166666666667 0.028125 0.03333333333333333
0 0.85625 0.22395833333333334 0.0375 0.04375
0 0.5145970394736843 0.7160087719298246 0.0421875 0.04375
