0 0.26484375 0.4354166666666667 0.0265625 0.0375
0 0.23828125 0.5770833333333333 0.0265625 0.0375
0 0.24067293326693226 0.85625 0.0265625 0.0375
0 0.19453125 0.8458333333333333 0.0265625 0.0375
0 0.08359375 0.80625 0.0265625 0.0375
0 0.00546875 0.8104166666666667 0.0109375 0.03333333333333333
0 0.13515625 0.18958333333333333 0.0265625 0.0375
0 0.297265625 0.21614583333333334 0.0265625 0.041666666666666664
0 0.22845982142857144 0.17336309523809523 0.0265625 0.0375
0 0.26967469262295085 0.24553278688524588 0.0265625 0.0375
0 0.23421875 0.3825 0.0265625 0.0375
0 0.5384894308199122 0.9794442410932162 0.0265625 0.0375
0 0.6312035315985131 0.6110285006195787 0.0265625 0.0375
0 0.48828125 0.86875 0.0265625 0.0375
0 0.84296875 0.85625 0.0265625 0.0375
0 0.83359375 0.98125 0.0265625 0.0375
0 0.8398724724264707 0.7541666666666667 0.0265625 0.0375
0 0.828125 0.43645833333333334 0.025 0.03958333333333333
0 0.8642791491596638 0.409375 0.025 0.03958333333333333
0 0.6309595121247114 0.23636932255581217 0.0265625 0.03333333333333333
0 0.7549114947552448 0.1127913752913753 0.0265625 0.03333333333333333
0 0.71015625 0.6354166666666666 0.0265625 0.03333333333333333
0 0.5182291666666667 0.6003472222222223 0.0296875 0.03333333333333333
0 0.46171875 0.4472222222222222 0.0265625 0.03333333333333333
0 0.924230155109489 0.9781097931873479 0.0234375 0.035416666666666666
0 0.58828125 0.11875 0.0296875 0.05
0 0.6015625 0.20625 0.025 0.04583333333333333
0 0.85625 0.22395833333333334 0.0375 0.04375
0 0.4890985285194175 0.7541186286407767 0.0421875 0.04375
0 0.87421875 0.7118749999999999 0.0296875 0.03958333333333333
0 0.1609375 0.9302083333333333 0.025 0.03958333333333333
0 0.165625 0.9121527777777777 0.03125 0.03958333333333333
0 0.48431384540117417 0.04695653946510111 0.025 0.027083333333333334
0 0.5081016240157481 0.02472933070866142 0.0296875 0.03125
0 0.35703125 0.06354166666666666 0.0234375 0.027083333333333334
0 0.7528645833333333 0.04305555555555555 0.0328125 0.03333333333333333
0 0.9855245535714285 0.01702876984126984 0.021272321428571318 0.024672619047619044
1 0.57109375 0.13333333333333333 0.0890625 0.1125
1 0.3203125 0.21041666666666667 0.103125 0.09583333333333334
