0 0.27117671460176995 0.4288716814159292 0.0265625 0.0375
0 0.23828125 0.5770833333333333 0.0265625 0.0375
0 0.2426699452191235 0.85625 0.0265625 0.0375
0 0.19453125 0.8458333333333333 0.0265625 0.0375
0 0.08359375 0.80625 0.0265625 0.0375
0 0.022862962062256808 0.7404912451361868 0.0265625 0.0375
0 0.13515625 0.18958333333333333 0.0265625 0.0375
0 0.22020089285714284 0.18199404761904764 0.0265625 0.041666666666666664
0 0.27405711206896555 0.11918103448275863 0.0265625 0.0375
0 0.28328462230215823 0.21916217026378898 0.0265625 0.0375
0 0.3003932466442953 0.31880592841163313 0.0265625 0.0375
0 0.26953125 0.45729166666666665 0.0265625 0.035416666666666666
0 0.5591111341059603 0.9203780353200882 0.0265625 0.0375
0 0.6386334898843931 0.572525289017341 0.0265625 0.0375
0 0.48828125 0.86875 0.0265625 0.0375
0 0.8462997457924264 0.8462570126227209 0.0265625 0.0375
0 0.8369247457924264 0.9712570126227209 0.0265625 0.0375
0 0.8532794968443198 0.7508356708742403 0.0265625 0.0375
0 0.828125 0.43645833333333334 0.025 0.03958333333333333
0 0.867438287815126 0.409375 0.025 0.03958333333333333
0 0.6665960273279352 0.16063596491228072 0.0265625 0.03333333333333333
0 0.7735439428020565 0.07320051413881748 0.0265625 0.03333333333333333
0 0.71015625 0.6354166666666666 0.0265625 0.03333333333333333
0 0.5857671522556391 0.5031484962406015 0.0265625 0.03333333333333333
0 0.49765625 0.4027412280701755 0.0265625 0.03333333333333333
0 0.013050986842105265 0.26953947368421055 0.02610197368421053 0.03333333333333333
0 0.3328125 0.4388888888888889 0.028125 0.0375
0 0.75234375 0.446875 0.0265625 0.03333333333333333
0 0.9894136679292929 0.8088278619528619 0.014543876262626298 0.035416666666666666
0 0.74296875 0.7791666666666667 0.0296875 0.041666666666666664
0 0.58828125 0.11875 0.0296875 0.05
0 0.6015625 0.20625 0.025 0.04583333333333333
0 0.15859375 0.3368055555555555 0.0359375 0.04583333333333333
0 0.85625 0.22395833333333334 0.0375 0.04375
0 0.5045744243421052 0.7315995065789473 0.0421875 0.04375
1 0.57109375 0.13333333333333333 0.0890625 0.1125
1 0.3203125 0.21041666666666667 0.103125 0.09583333333333334
