0 0.2739698561946903 0.41894051130776794 0.0265625 0.0375
0 0.23828125 0.5794894366197183 0.0265625 0.0375
0 0.2441718016431925 0.85304186228482 0.0265625 0.0375
0 0.19453125 0.8458333333333333 0.0265625 0.0375
0 0.08359375 0.80625 0.0265625 0.0375
0 0.027585827464788732 0.72964593114241 0.0265625 0.0375
0 0.13515625 0.18958333333333333 0.0265625 0.0375
0 0.21015625 0.15238095238095237 0.0265625 0.0375
0 0.299453125 0.10333333333333333 0.0265625 0.0375
0 0.28441996402877695 0.21764838129496403 0.0265625 0.0375
0 0.3129218016431925 0.30801056338028165 0.0265625 0.0375
0 0.35598958333333336 0.2638888888888889 0.0265625 0.04166666666666664
0 0.5771090082159624 0.8844483568075118 0.0265625 0.0375
0 0.6441067557803468 0.5664438824662813 0.0265625 0.0375
0 0.48828125 0.86875 0.0265625 0.0375
0 0.67265625 0.7875 0.0234375 0.0375
0 0.8480704330294531 0.840944950911641 0.0265625 0.0375
0 0.838695433029453 0.965944950911641 0.0265625 0.0375
0 0.8546075122720899 0.7490649836372136 0.0265625 0.0375
0 0.95234375 0.8177083333333334 0.0265625 0.04375
0 0.828125 0.43645833333333334 0.025 0.03958333333333333
0 0.868233981092437 0.409375 0.025 0.03958333333333333
0 0.632421875 0.1625 0.0234375 0.035416666666666666
0 0.6713889688940092 0.1404857910906298 0.0265625 0.03333333333333333
0 0.7711098168380464 0.0667095115681234 0.0265625 0.03333333333333334
0 0.7113593016431925 0.6370207355242566 0.0265625 0.03333333333333333
0 0.5902031983568075 0.4881357589984351 0.0265625 0.03333333333333333
0 0.4988593016431925 0.3871772300469483 0.0265625 0.03333333333333333
0 0.01484375 0.5104166666666666 0.0296875 0.0375
0 0.015592447916666669 0.2330078125 0.0265625 0.03333333333333333
0 0.16484375 0.271875 0.028125 0.0375
0 0.78671875 0.70625 0.0265625 0.03333333333333333
0 0.9908307756696428 0.7742327008928572 0.018338448660714234 0.03455171130952384
0 0.6296875 0.453125 0.025 0.035416666666666666
0 0.58828125 0.11875 0.0296875 0.05
0 0.6015625 0.20625 0.025 0.04583333333333333
0 0.29765625 0.59375 0.0359375 0.04583333333333333
0 0.47421875 0.5484375 0.0328125 0.0375
0 0.85625 0.22395833333333334 0.0375 0.04375
0 0.5108038651315789 0.7219092653508772 0.0421875 0.04375
1 0.57109375 0.13333333333333333 0.0890625 0.1125
1 0.3203125 0.21041666666666667 0.103125 0.09583333333333334
