0 0.26836797907488985 0.43189243759177676 0.0265625 0.0375
0 0.23828125 0.5770833333333333 0.0265625 0.0375
0 0.24240849103585654 0.85625 0.0265625 0.0375
0 0.19453125 0.8458333333333333 0.0265625 0.0375
0 0.08359375 0.80625 0.0265625 0.0375
0 0.020309460116731515 0.7485773346303503 0.0265625 0.0375
0 0.13515625 0.18958333333333333 0.0265625 0.0375
0 0.228125 0.18541666666666667 0.0265625 0.041666666666666664
0 0.2624267578125 0.12822265625 0.0265625 0.0375
0 0.2826944694244604 0.21994904076738608 0.0265625 0.0375
0 0.29150585159362546 0.3290338645418327 0.0265625 0.0375
0 0.17281249999999998 0.5291666666666667 0.028125 0.04583333333333333
0 0.5493325745033113 0.9421081677704194 0.0265625 0.0375
0 0.63828125 0.5781439393939394 0.0265625 0.0375
0 0.48828125 0.86875 0.0265625 0.0375
0 0.8453793390603085 0.8490182328190744 0.0265625 0.0375
0 0.8360043390603085 0.9740182328190744 0.0265625 0.0375
0 0.8525891917952315 0.7517560776063582 0.0265625 0.0375
0 0.828125 0.43645833333333334 0.025 0.03958333333333333
0 0.8670246848739496 0.409375 0.025 0.03958333333333333
0 0.6639391447368421 0.17214912280701755 0.0265625 0.03333333333333333
0 0.7729888303212851 0.07745983935742971 0.0265625 0.033333333333333326
0 0.71015625 0.6354166666666666 0.0265625 0.03333333333333333
0 0.5799289772727272 0.5163636363636364 0.0265625 0.03333333333333333
0 0.4920628647859922 0.4049124513618677 0.0265625 0.03333333333333333
0 0.0078125 0.2875 0.015625 0.03333333333333333
0 0.428125 0.4395833333333333 0.028125 0.0375
0 0.7828125 0.2677083333333333 0.0265625 0.03333333333333333
0 0.9815419823232323 0.8309238215488216 0.020344065656565748 0.035416666666666666
0 0.82265625 0.9625 0.0328125 0.041666666666666664
0 0.58828125 0.11875 0.0296875 0.05
0 0.6015625 0.20625 0.025 0.04583333333333333
0 0.07786458333333333 0.1986111111111111 0.0359375 0.04583333333333333
0 0.85625 0.22395833333333334 0.0375 0.04375
0 0.5013363486842105 0.7366365131578948 0.0421875 0.04375
0 0.4994345238095238 0.019983465608465607 0.025 0.027083333333333334
0 0.32152777777777775 0.08472222222222221 0.028125 0.03749999999999999
0 0.5221354166666667 0.010590277777777778 0.0296875 0.01875
0 0.3728298611111111 0.010416666666666666 0.0234375 0.020833333333333332
1 0.57109375 0.13333333333333333 0.0890625 0.1125
1 0.3203125 0.21041666666666667 0.103125 0.09583333333333334
