0 0.26484375 0.4354166666666667 0.0265625 0.0375
0 0.23828125 0.5770833333333333 0.0265625 0.0375
0 0.24061815239043827 0.85625 0.0265625 0.0375
0 0.19453125 0.8458333333333333 0.0265625 0.0375
0 0.08359375 0.80625 0.0265625 0.0375
0 0.13515625 0.18958333333333333 0.0265625 0.0375
0 0.29765625 0.21011904761904762 0.0265625 0.041666666666666664
0 0.22627728174603176 0.17299933862433864 0.0265625 0.0375
0 0.2693244485294118 0.24666053921568626 0.0265625 0.0375
0 0.2330078125 0.38359375 0.0265625 0.0375
0 0.5386907485358712 0.9797126647144948 0.0265625 0.0375
0 0.6313952137546468 0.6113692688971499 0.0265625 0.0375
0 0.48828125 0.86875 0.0265625 0.0375
0 0.84296875 0.85625 0.0265625 0.0375
0 0.83359375 0.98125 0.0265625 0.0375
0 0.8393037683823529 0.7541666666666667 0.0265625 0.0375
0 0.828125 0.43645833333333334 0.025 0.03958333333333333
0 0.8641924894957983 0.409375 0.025 0.03958333333333333
0 0.630721348152425 0.23658102386451116 0.0265625 0.03333333333333333
0 0.7546711101398602 0.11471445221445223 0.0265625 0.03333333333333333
0 0.71015625 0.6354166666666666 0.0265625 0.03333333333333333
0 0.5167214912280702 0.6007492690058479 0.0296875 0.03333333333333333
0 0.46122056159420294 0.4494363929146538 0.0265625 0.03333333333333333
0 0.9214701186131388 0.9817898418491484 0.0234375 0.035416666666666666
0 0.58828125 0.11875 0.0296875 0.05
0 0.6015625 0.20625 0.025 0.04583333333333333
0 0.85625 0.22395833333333334 0.0375 0.04375
0 0.48880650788834956 0.7545079894822007 0.0421875 0.04375
0 0.86640625 0.7385416666666667 0.0296875 0.03958333333333333
0 0.15555555555555556 0.904976851851852 0.025 0.03958333333333333
0 0.11510416666666667 0.9315972222222223 0.031250000000000014 0.03958333333333333
0 0.4841120352250489 0.047225619699934766 0.025 0.027083333333333334
0 0.5082369586614173 0.02509022309711286 0.0296875 0.03125
0 0.35703125 0.06354166666666666 0.0234375 0.027083333333333334
0 0.74296875 0.08125 0.0296875 0.03333333333333333
0 0.9844196428571429 0.018720238095238095 0.02151785714285719 0.025654761904761902
1 0.57109375 0.13333333333333333 0.0890625 0.1125
1 0.3203125 0.21041666666666667 0.103125 0.09583333333333334
