0 0.26484375 0.4354166666666667 0.0265625 0.0375
0 0.23828125 0.5770833333333333 0.0265625 0.0375
0 0.23984375 0.85625 0.0265625 0.0375
0 0.19453125 0.8458333333333333 0.0265625 0.0375
0 0.08359375 0.80625 0.0265625 0.0375
0 0.13515625 0.18958333333333333 0.0265625 0.0375
0 0.19296875 0.27291666666666664 0.0265625 0.041666666666666664
0 0.20546875 0.2 0.0265625 0.0375
0 0.25859375 0.275 0.0265625 0.0375
0 0.21484375 0.4041666666666667 0.0265625 0.0375
0 0.53984375 0.98125 0.0265625 0.0375
0 0.62734375 0.6041666666666666 0.0265625 0.0375
0 0.48828125 0.86875 0.0265625 0.0375
0 0.84296875 0.85625 0.0265625 0.0375
0 0.83359375 0.98125 0.0265625 0.0375
0 0.84140625 0.78125 0.0265625 0.0375
0 0.828125 0.43645833333333334 0.025 0.03958333333333333
0 0.8640625 0.409375 0.025 0.03958333333333333
0 0.62734375 0.23958333333333334 0.0265625 0.03333333333333333
0 0.73671875 0.15833333333333333 0.0265625 0.03333333333333333
0 0.71015625 0.6354166666666666 0.0265625 0.03333333333333333
0 0.48828125 0.6145833333333334 0.0296875 0.03333333333333333
0 0.45859375 0.47291666666666665 0.0265625 0.03333333333333333
0 0.58828125 0.11875 0.0296875 0.05
0 0.6015625 0.20625 0.025 0.04583333333333333
0 0.85625 0.22395833333333334 0.0375 0.04375
0 0.48515625 0.759375 0.0421875 0.04375
0 0.1796875 0.7135416666666666 0.025 0.03958333333333333
0 0.48125 0.051041666666666666 0.025 0.027083333333333334
0 0.51015625 0.030208333333333334 0.0296875 0.03125
0 0.35703125 0.06354166666666666 0.0234375 0.027083333333333334
0 0.8046875 0.42604166666666665 0.034375 0.03958333333333333
0 0.96875 0.042708333333333334 0.025 0.03958333333333333
1 0.57109375 0.13333333333333333 0.0890625 0.1125
1 0.3203125 0.21041666666666667 0.103125 0.09583333333333334
