0 0.27297428097345133 0.42248033431661747 0.0265625 0.0375
0 0.23828125 0.5773767605633803 0.0265625 0.0375
0 0.24311546361502345 0.8558587636932707 0.0265625 0.0375
0 0.19453125 0.8458333333333333 0.0265625 0.0375
0 0.08359375 0.80625 0.0265625 0.0375
0 0.026001320422535213 0.7310543818466353 0.0265625 0.0375
0 0.13515625 0.18958333333333333 0.0265625 0.0375
0 0.21796875 0.16847826086956524 0.0265625 0.0375
0 0.29069234913793107 0.10867456896551725 0.0265625 0.0375
0 0.2840152877697842 0.21818794964028776 0.0265625 0.0375
0 0.31186546361502343 0.31012323943661974 0.0265625 0.0375
0 0.35390625 0.36666666666666664 0.0265625 0.041666666666666664
0 0.5718273180751174 0.8907863849765258 0.0265625 0.0375
0 0.6421558887283237 0.5686115125240847 0.0265625 0.0375
0 0.48828125 0.86875 0.0265625 0.0375
0 0.79921875 0.8208333333333333 0.0234375 0.0375
0 0.8474392969845722 0.8428383590462832 0.0265625 0.0375
0 0.8380642969845722 0.9678383590462832 0.0265625 0.0375
0 0.8541341602384291 0.7496961196820944 0.0265625 0.0375
0 0.828125 0.43645833333333334 0.025 0.03958333333333333
0 0.8679503676470588 0.409375 0.025 0.03958333333333333
0 0.61484375 0.05625 0.0234375 0.03333333333333333
0 0.6698336693548387 0.14670698924731182 0.0265625 0.03333333333333333
0 0.771977426092545 0.06902313624678663 0.0265625 0.03333333333333333
0 0.7103029636150235 0.6356122848200313 0.0265625 0.03333333333333333
0 0.5912595363849765 0.4930653364632238 0.0265625 0.03333333333333333
0 0.4978029636150235 0.3892899061032864 0.0265625 0.03333333333333333
0 0.01393229166666667 0.24600694444444443 0.0265625 0.03333333333333333
0 0.21822916666666664 0.33125 0.028125 0.0375
0 0.7640625 0.615625 0.0265625 0.03333333333333333
0 0.9930908203125 0.77724609375 0.013818359375 0.03522135416666667
0 0.6515625 0.5458333333333333 0.025 0.041666666666666664
0 0.58828125 0.11875 0.0296875 0.05
0 0.6015625 0.20625 0.025 0.04583333333333333
0 0.25078125 0.5104166666666666 0.0359375 0.04583333333333333
0 0.26171875 0.47291666666666665 0.0328125 0.0375
0 0.85625 0.22395833333333334 0.0375 0.04375
0 0.5085834703947368 0.7253632127192983 0.0421875 0.04375
1 0.57109375 0.13333333333333333 0.0890625 0.1125
1 0.3203125 0.21041666666666667 0.103125 0.09583333333333334
