0 0.2733476216814159 0.4211529006882989 0.0265625 0.0375
0 0.23828125 0.578169014084507 0.0265625 0.0375
0 0.24351159037558684 0.8548024256651018 0.0265625 0.0375
0 0.19453125 0.8458333333333333 0.0265625 0.0375
0 0.08359375 0.80625 0.0265625 0.0375
0 0.026595510563380283 0.7305262128325508 0.0265625 0.0375
0 0.13515625 0.18958333333333333 0.0265625 0.0375
0 0.21796875 0.16480978260869564 0.0265625 0.0375
0 0.2941473599137931 0.10649245689655172 0.0265625 0.0375
0 0.2841670413669065 0.21798561151079138 0.0265625 0.0375
0 0.3122615903755869 0.30933098591549296 0.0265625 0.0375
0 0.37109375 0.3333333333333333 0.0265625 0.041666666666666664
0 0.5738079518779343 0.8884096244131456 0.0265625 0.0375
0 0.6428874638728324 0.5677986512524085 0.0265625 0.0375
0 0.48828125 0.86875 0.0265625 0.0375
0 0.7403645833333333 0.8305555555555556 0.0234375 0.0375
0 0.8476759730014025 0.8421283309957924 0.0265625 0.0375
0 0.8383009730014026 0.9671283309957924 0.0265625 0.0375
0 0.854311667251052 0.7494594436652642 0.0265625 0.0375
0 0.990625 0.8666666666666667 0.01875 0.041666666666666664
0 0.828125 0.43645833333333334 0.025 0.03958333333333333
0 0.8680567226890756 0.409375 0.025 0.03958333333333333
0 0.6161458333333333 0.10902777777777778 0.0234375 0.035416666666666666
0 0.6704169066820277 0.14437403993855608 0.0265625 0.03333333333333335
0 0.771652072622108 0.06815552699228793 0.0265625 0.03333333333333334
0 0.7106990903755869 0.6361404538341159 0.0265625 0.03333333333333333
0 0.5908634096244131 0.491216744913928 0.0265625 0.03333333333333333
0 0.4981990903755869 0.3884976525821596 0.0265625 0.03333333333333333
0 0.015625 0.6305555555555556 0.021875 0.0375
0 0.014434523809523809 0.24131944444444445 0.0265625 0.03333333333333333
0 0.198046875 0.2953125 0.028125 0.0375
0 0.765625 0.6416666666666667 0.0265625 0.03333333333333333
0 0.9922433035714284 0.7761160714285715 0.015513392857142882 0.034970238095238075
0 0.6458333333333333 0.5138888888888888 0.025 0.03333333333333333
0 0.58828125 0.11875 0.0296875 0.05
0 0.6015625 0.20625 0.025 0.04583333333333333
0 0.24765625 0.5745370370370371 0.0359375 0.04583333333333333
0 0.33046875 0.4822916666666667 0.0328125 0.0375
0 0.85625 0.22395833333333334 0.0375 0.04375
0 0.5094161184210526 0.7240679824561403 0.0421875 0.04375
1 0.57109375 0.13333333333333333 0.0890625 0.1125
1 0.3203125 0.21041666666666667 0.103125 0.09583333333333334
