0 0.26484375 0.4354166666666667 0.0265625 0.0375
0 0.23828125 0.5770833333333333 0.0265625 0.0375
0 0.23987363047808766 0.85625 0.0265625 0.0375
0 0.19453125 0.8458333333333333 0.0265625 0.0375
0 0.08359375 0.80625 0.0265625 0.0375
0 0.13515625 0.18958333333333333 0.0265625 0.0375
0 0.18828125 0.25833333333333336 0.0265625 0.041666666666666664
0 0.20610683900523558 0.19858202443280976 0.02656249999999998 0.0375
0 0.25944010416666663 0.2731944444444444 0.0265625 0.03749999999999997
0 0.21484375 0.4041666666666667 0.0265625 0.0375
0 0.53984375 0.98125 0.0265625 0.0375
0 0.6275987186192469 0.6046199442119945 0.0265625 0.0375
0 0.48828125 0.86875 0.0265625 0.0375
0 0.84296875 0.85625 0.0265625 0.0375
0 0.83359375 0.98125 0.0265625 0.0375
0 0.84140625 0.78125 0.0265625 0.0375
0 0.828125 0.43645833333333334 0.025 0.03958333333333333
0 0.8640625 0.409375 0.025 0.03958333333333333
0 0.6274844832563511 0.23945823710546574 0.0265625 0.03333333333333333
0 0.73671875 0.1568287037037037 0.0265625 0.03333333333333333
0 0.71015625 0.6354166666666666 0.0265625 0.03333333333333333
0 0.4894629726890757 0.613953081232493 0.0296875 0.03333333333333333
0 0.45859375 0.47291666666666665 0.0265625 0.03333333333333333
0 0.58828125 0.11875 0.0296875 0.05
0 0.6015625 0.20625 0.025 0.04583333333333333
0 0.85625 0.22395833333333334 0.0375 0.04375
0 0.48515625 0.759375 0.0421875 0.04375
0 0.67333984375 0.9807291666666667 0.0279296875 0.030208333333333334
0 0.1840093085106383 0.712389184397163 0.025 0.03958333333333333
0 0.4813692514677104 0.0508826647097195 0.025 0.027083333333333334
0 0.5100762795275591 0.029995078740157485 0.0296875 0.03125000000000001
0 0.35703125 0.06354166666666666 0.0234375 0.027083333333333334
0 0.7979166666666666 0.41354166666666664 0.03437499999999991 0.03958333333333333
0 0.9694029017857144 0.041708829365079365 0.02485491071428587 0.039002976190476185
1 0.57109375 0.13333333333333333 0.0890625 0.1125
1 0.3203125 0.21041666666666667 0.103125 0.09583333333333334
