0 0.26484375 0.4354166666666667 0.0265625 0.0375
0 0.23828125 0.5770833333333333 0.0265625 0.0375
0 0.2401425547808765 0.85625 0.0265625 0.0375
0 0.19453125 0.8458333333333333 0.0265625 0.0375
0 0.08359375 0.80625 0.0265625 0.0375
0 0.13515625 0.18958333333333333 0.0265625 0.0375
0 0.23984375 0.2109375 0.0265625 0.041666666666666664
0 0.21140788612565445 0.1868019197207679 0.0265625 0.0375
0 0.26642736486486485 0.25824887387387385 0.0265625 0.0375
0 0.22208806818181817 0.39678030303030304 0.0265625 0.0375
0 0.53984375 0.98125 0.0265625 0.0375
0 0.6297169194560669 0.6083856345885634 0.0265625 0.0375
0 0.48828125 0.86875 0.0265625 0.0375
0 0.84296875 0.85625 0.0265625 0.0375
0 0.83359375 0.98125 0.0265625 0.0375
0 0.84140625 0.7710784313725491 0.0265625 0.0375
0 0.828125 0.43645833333333334 0.025 0.03958333333333333
0 0.8640625 0.409375 0.025 0.03958333333333333
0 0.628653651847575 0.23841897613548882 0.0265625 0.03333333333333333
0 0.7383861940298507 0.14340796019900498 0.0265625 0.03333333333333333
0 0.71015625 0.6354166666666666 0.0265625 0.03333333333333333
0 0.5000984768907564 0.6082808123249299 0.0296875 0.03333333333333333
0 0.45921482740585773 0.4654637377963738 0.0265625 0.03333333333333333
0 0.58828125 0.11875 0.0296875 0.05
0 0.6015625 0.20625 0.025 0.04583333333333333
0 0.85625 0.22395833333333334 0.0375 0.04375
0 0.48627123786407767 0.7578883495145631 0.0421875 0.04375
0 0.7349524456521739 0.9225090579710145 0.0296875 0.03958333333333333
0 0.20564236111111112 0.8070601851851852 0.025 0.03958333333333333
0 0.48235995596868886 0.049561725375081536 0.025 0.027083333333333334
0 0.5094119094488189 0.028223425196850394 0.0296875 0.03125
0 0.35703125 0.06354166666666666 0.0234375 0.027083333333333334
0 0.7671875 0.27395833333333336 0.034375 0.03958333333333333
0 0.9748270089285714 0.03340525793650794 0.023649553571428682 0.03418154761904762
1 0.57109375 0.13333333333333333 0.0890625 0.1125
1 0.3203125 0.21041666666666667 0.103125 0.09583333333333334
