0 0.26484375 0.4354166666666667 0.0265625 0.0375
0 0.23828125 0.5770833333333333 0.0265625 0.0375
0 0.24056586155378484 0.85625 0.0265625 0.0375
0 0.19453125 0.8458333333333333 0.0265625 0.0375
0 0.08359375 0.80625 0.0265625 0.0375
0 0.13515625 0.18958333333333333 0.0265625 0.0375
0 0.29546875 0.21 0.0265625 0.041666666666666664
0 0.22427262931034483 0.1737787356321839 0.0265625 0.0375
0 0.26908318014705884 0.24762561274509803 0.0265625 0.0375
0 0.23177734375 0.38414062499999996 0.0265625 0.0375
0 0.5388829154465593 0.979968887262079 0.0265625 0.0375
0 0.6315781830855018 0.6116945477075589 0.0265625 0.0375
0 0.48828125 0.86875 0.0265625 0.0375
0 0.84296875 0.85625 0.0265625 0.0375
0 0.83359375 0.98125 0.0265625 0.0375
0 0.8387609145220589 0.7541666666666667 0.0265625 0.0375
0 0.828125 0.43645833333333334 0.025 0.03958333333333333
0 0.8641097689075631 0.409375 0.025 0.03958333333333333
0 0.6304940098152425 0.23678310238645112 0.0265625 0.03333333333333333
0 0.754441652097902 0.11655011655011656 0.0265625 0.03333333333333333
0 0.71015625 0.6354166666666666 0.0265625 0.03333333333333333
0 0.5152823464912281 0.6011330409356724 0.0296875 0.03333333333333333
0 0.460745018115942 0.4515499194847021 0.0265625 0.03333333333333333
0 0.9189768145161292 0.9843077956989248 0.024042338709677404 0.03138440860215053
0 0.58828125 0.11875 0.0296875 0.05
0 0.6015625 0.20625 0.025 0.04583333333333333
0 0.85625 0.22395833333333334 0.0375 0.04375
0 0.4885277609223301 0.7548796521035599 0.0421875 0.04375
0 0.83359375 0.7697916666666667 0.0296875 0.03958333333333333
0 0.1375 0.8697916666666666 0.025 0.03958333333333333
0 0.105625 0.894375 0.03124999999999999 0.03958333333333333
0 0.4839193982387475 0.04748246901500326 0.025 0.027083333333333334
0 0.5083661417322834 0.025434711286089238 0.0296875 0.031249999999999997
0 0.35703125 0.06354166666666666 0.0234375 0.027083333333333334
0 0.76171875 0.08333333333333333 0.0296875 0.03333333333333333
0 0.9833649553571429 0.020334821428571428 0.021752232142857153 0.0265922619047619
1 0.57109375 0.13333333333333333 0.0890625 0.1125
1 0.3203125 0.21041666666666667 0.103125 0.09583333333333334
