0 0.26484375 0.4354166666666667 0.0265625 0.0375
0 0.23828125 0.5770833333333333 0.0265625 0.0375
0 0.2403965388446215 0.85625 0.0265625 0.0375
0 0.19453125 0.8458333333333333 0.0265625 0.0375
0 0.08359375 0.80625 0.0265625 0.0375
0 0.13515625 0.18958333333333333 0.0265625 0.0375
0 0.28324652777777776 0.2048611111111111 0.0265625 0.041666666666666664
0 0.21786099137931036 0.17744252873563218 0.0265625 0.0375
0 0.26830193014705883 0.2507506127450981 0.0265625 0.037500000000000026
0 0.227978515625 0.3874782986111111 0.0265625 0.0375
0 0.539505170204978 0.980798560273304 0.0265625 0.0375
0 0.6317174424686193 0.611942119944212 0.0265625 0.0375
0 0.48828125 0.86875 0.0265625 0.0375
0 0.84296875 0.85625 0.0265625 0.0375
0 0.83359375 0.98125 0.0265625 0.0375
0 0.8370031020220589 0.7541666666666667 0.0265625 0.0375
0 0.828125 0.43645833333333334 0.025 0.03958333333333333
0 0.8640625 0.409375 0.025 0.03958333333333333
0 0.6297578666281755 0.23743745188606621 0.0265625 0.03333333333333333
0 0.7514692164179104 0.12437810945273631 0.0265625 0.03333333333333332
0 0.71015625 0.6354166666666666 0.0265625 0.03333333333333333
0 0.5101431197478992 0.6029236694677871 0.0296875 0.03333333333333333
0 0.45988166841004186 0.45746164574616455 0.0265625 0.03333333333333333
0 0.910979502688172 0.9919242831541218 0.026327284946236595 0.016151433691756267
0 0.58828125 0.11875 0.0296875 0.05
0 0.6015625 0.20625 0.025 0.04583333333333333
0 0.85625 0.22395833333333334 0.0375 0.04375
0 0.48762515169902915 0.7560831310679611 0.0421875 0.04375
0 0.8115056818181818 0.8519886363636363 0.0296875 0.03958333333333333
0 0.18079044117647058 0.8499387254901961 0.025 0.03958333333333333
0 0.035546875 0.8510416666666667 0.03125 0.03958333333333333
0 0.48329562133072407 0.04831417155903458 0.025 0.027083333333333334
0 0.5087844488188976 0.026550196850393705 0.0296875 0.03125000000000001
0 0.35703125 0.06354166666666666 0.0234375 0.027083333333333334
0 0.7830729166666667 0.1704861111111111 0.0234375 0.03958333333333333
0 0.9799497767857144 0.025562996031746034 0.022511160714285872 0.029627976190476187
1 0.57109375 0.13333333333333333 0.0890625 0.1125
1 0.3203125 0.21041666666666667 0.103125 0.09583333333333334
