0 0.26663339757709253 0.43362701908957413 0.0265625 0.0375
0 0.23828125 0.5770833333333333 0.0265625 0.0375
0 0.2422516185258964 0.85625 0.0265625 0.0375
0 0.19453125 0.8458333333333333 0.0265625 0.0375
0 0.08359375 0.80625 0.0265625 0.0375
0 0.018777358949416345 0.7534289883268482 0.0265625 0.0375
0 0.13515625 0.18958333333333333 0.0265625 0.0375
0 0.23299278846153845 0.18669871794871795 0.0265625 0.041666666666666664
0 0.2578125 0.134375 0.0265625 0.0375
0 0.2823403776978417 0.22042116306954437 0.0265625 0.0375
0 0.28640749501992036 0.3358316733067729 0.0265625 0.0375
0 0.15434027777777776 0.5261574074074074 0.028125 0.05
0 0.54326171875 0.954296875 0.0265625 0.0375
0 0.6361957097457627 0.583933615819209 0.0265625 0.0375
0 0.48828125 0.86875 0.0265625 0.0375
0 0.8448270950210379 0.8506749649368863 0.0265625 0.0375
0 0.8354520950210379 0.9756749649368863 0.0265625 0.0375
0 0.8521750087657785 0.7523083216456288 0.0265625 0.0375
0 0.828125 0.43645833333333334 0.025 0.03958333333333333
0 0.8667765231092437 0.409375 0.025 0.03958333333333333
0 0.6627807088744588 0.1773358585858586 0.0265625 0.03333333333333333
0 0.7714075050200803 0.08062248995983935 0.0265625 0.03333333333333333
0 0.71015625 0.6354166666666666 0.0265625 0.03333333333333333
0 0.5751490935114504 0.5241173664122137 0.0270992366412214 0.033333333333333395
0 0.4882326118677042 0.40542315175097277 0.0265625 0.03333333333333333
0 0.005890625 0.30202083333333335 0.01178125 0.03504166666666665
0 0.4640625 0.475 0.028125 0.0375
0 0.7481770833333333 0.16875 0.0265625 0.03333333333333333
0 0.9772119728915662 0.8439382530120482 0.0234375 0.035416666666666666
0 0.58828125 0.11875 0.0296875 0.05
0 0.6015625 0.20625 0.025 0.04583333333333333
0 0.061328125 0.1015625 0.0296875 0.03958333333333333
0 0.85625 0.22395833333333334 0.0375 0.04375
0 0.49939350328947374 0.7396587171052631 0.0421875 0.04375
0 0.5013095238095239 0.021650132275132277 0.025 0.027083333333333334
0 0.28125 0.21666666666666667 0.028125 0.0375
0 0.5191524621212121 0.01158459595959596 0.0296875 0.01875
0 0.37149553571428573 0.015409226190476192 0.0234375 0.02355654761904762
1 0.57109375 0.13333333333333333 0.0890625 0.1125
1 0.3203125 0.21041666666666667 0.103125 0.09583333333333334
