0 0.26484375 0.4354166666666667 0.0265625 0.0375
0 0.23828125 0.5770833333333333 0.0265625 0.0375
0 0.24039404880478088 0.85625 0.0265625 0.0375
0 0.19453125 0.8458333333333333 0.0265625 0.0375
0 0.08359375 0.80625 0.0265625 0.0375
0 0.13515625 0.18958333333333333 0.0265625 0.0375
0 0.2830729166666667 0.20416666666666666 0.0265625 0.041666666666666664
0 0.2177667025862069 0.17749640804597702 0.0265625 0.0375
0 0.2682904411764706 0.250796568627451 0.0265625 0.0375
0 0.2279296875 0.3875868055555555 0.0265625 0.0375
0 0.5395143210102489 0.9808107613469985 0.0265625 0.0375
0 0.6316978294979079 0.6119072524407252 0.0265625 0.0375
0 0.48828125 0.86875 0.0265625 0.0375
0 0.84296875 0.85625 0.0265625 0.0375
0 0.83359375 0.98125 0.0265625 0.0375
0 0.8369772518382353 0.7541666666666667 0.0265625 0.0375
0 0.828125 0.43645833333333334 0.025 0.03958333333333333
0 0.8640625 0.409375 0.025 0.03958333333333333
0 0.6297470409930715 0.23744707467282525 0.0265625 0.03333333333333333
0 0.7513409514925373 0.12456467661691543 0.0265625 0.03333333333333333
0 0.71015625 0.6354166666666666 0.0265625 0.03333333333333333
0 0.5100446428571429 0.6029761904761906 0.0296875 0.03333333333333333
0 0.4598751307531381 0.45754009762900977 0.0265625 0.03333333333333333
0 0.9108618951612903 0.9920362903225807 0.0263608870967742 0.01592741935483867
0 0.58828125 0.11875 0.0296875 0.05
0 0.6015625 0.20625 0.025 0.04583333333333333
0 0.85625 0.22395833333333334 0.0375 0.04375
0 0.4876118780339806 0.7561008292880259 0.0421875 0.04375
0 0.8110085227272726 0.8535037878787879 0.029687499999999912 0.03958333333333333
0 0.18120404411764707 0.8503063725490195 0.025 0.03958333333333333
0 0.0328125 0.8489583333333334 0.03125 0.03958333333333333
0 0.4832864481409002 0.04832640247879974 0.025 0.027083333333333334
0 0.5087906003937008 0.026566601049868764 0.0296875 0.03125
0 0.35703125 0.06354166666666666 0.0234375 0.027083333333333334
0 0.78359375 0.17395833333333333 0.0234375 0.03958333333333333
0 0.9798995535714287 0.025639880952380956 0.022522321428571423 0.02967261904761905
1 0.57109375 0.13333333333333333 0.0890625 0.1125
1 0.3203125 0.21041666666666667 0.103125 0.09583333333333334
