0 0.26484375 0.4354166666666667 0.0265625 0.0375
0 0.23828125 0.5770833333333333 0.0265625 0.0375
0 0.24001307270916333 0.85625 0.0265625 0.0375
0 0.19453125 0.8458333333333333 0.0265625 0.0375
0 0.08359375 0.80625 0.0265625 0.0375
0 0.13515625 0.18958333333333333 0.0265625 0.0375
0 0.2125 0.22291666666666668 0.0265625 0.041666666666666664
0 0.20885553010471206 0.1924738219895288 0.0265625 0.0375
0 0.2630859375 0.2654166666666667 0.0265625 0.0375
0 0.2181185787671233 0.39980022831050227 0.0265625 0.0375
0 0.53984375 0.98125 0.0265625 0.0375
0 0.6286970449790795 0.6065725244072524 0.0265625 0.0375
0 0.48828125 0.86875 0.0265625 0.0375
0 0.84296875 0.85625 0.0265625 0.0375
0 0.83359375 0.98125 0.0265625 0.0375
0 0.84140625 0.7774509803921569 0.0265625 0.0375
0 0.828125 0.43645833333333334 0.025 0.03958333333333333
0 0.8640625 0.409375 0.025 0.03958333333333333
0 0.6280907188221709 0.23891936104695918 0.0265625 0.03333333333333333
0 0.73671875 0.15034722222222224 0.0265625 0.03333333333333333
0 0.71015625 0.6354166666666666 0.0265625 0.03333333333333333
0 0.49497767857142855 0.6110119047619047 0.0296875 0.03333333333333333
0 0.45887486924686194 0.46954323570432355 0.0265625 0.03333333333333333
0 0.58828125 0.11875 0.0296875 0.05
0 0.6015625 0.20625 0.025 0.04583333333333333
0 0.85625 0.22395833333333334 0.0375 0.04375
0 0.4855810072815534 0.7588086569579288 0.0421875 0.04375
0 0.705735518292683 0.9520071138211381 0.0296875 0.03958333333333333
0 0.2078125 0.7315972222222222 0.025 0.03958333333333333
0 0.4818829500978474 0.050197733202870194 0.025 0.027083333333333334
0 0.5097317913385827 0.029076443569553804 0.0296875 0.03125
0 0.35703125 0.06354166666666666 0.0234375 0.027083333333333334
0 0.7885416666666666 0.3621527777777778 0.03437499999999991 0.03958333333333333
0 0.9722154017857143 0.03740327380952381 0.024229910714285728 0.03650297619047619
1 0.57109375 0.13333333333333333 0.0890625 0.1125
1 0.3203125 0.21041666666666667 0.103125 0.09583333333333334
