0 0.2727668694690265 0.42321779744346116 0.0265625 0.0375
0 0.23828125 0.5770833333333333 0.0265625 0.0375
0 0.2429562998007968 0.85625 0.0265625 0.0375
0 0.19453125 0.8458333333333333 0.0265625 0.0375
0 0.08359375 0.80625 0.0265625 0.0375
0 0.0256596546692607 0.7316350518806745 0.0265625 0.0375
0 0.13515625 0.18958333333333333 0.0265625 0.0375
0 0.2178485576923077 0.17932692307692308 0.0265625 0.0375
0 0.28877289870689654 0.10988685344827585 0.0265625 0.0375
0 0.2839309802158273 0.21830035971223022 0.0265625 0.0375
0 0.31124685402684565 0.3107662192393736 0.0265625 0.0375
0 0.33359375 0.37986111111111115 0.0265625 0.041666666666666664
0 0.5707682291666667 0.892751736111111 0.0265625 0.0375
0 0.6417494580924855 0.5690631021194605 0.0265625 0.0375
0 0.48828125 0.86875 0.0265625 0.0375
0 0.81796875 0.8166666666666667 0.0234375 0.0375
0 0.8473078103085554 0.8432328190743338 0.0265625 0.0375
0 0.8379328103085554 0.9682328190743338 0.0265625 0.0375
0 0.8540355452314164 0.7498276063581113 0.0265625 0.0375
0 0.828125 0.43645833333333334 0.025 0.03958333333333333
0 0.8678912815126051 0.409375 0.025 0.03958333333333333
0 0.602734375 0.06197916666666667 0.0234375 0.029166666666666667
0 0.6695059463562754 0.1480263157894737 0.0265625 0.03333333333333333
0 0.7721581780205655 0.06950514138817482 0.0265625 0.03333333333333334
0 0.71015625 0.6354166666666666 0.0265625 0.03333333333333333
0 0.591171287593985 0.49414160401002505 0.0265625 0.03333333333333333
0 0.49765625 0.39013157894736844 0.0265625 0.03333333333333333
0 0.013653273809523808 0.2486111111111111 0.0265625 0.03333333333333333
0 0.2546875 0.32083333333333336 0.028125 0.0375
0 0.74921875 0.5979166666666667 0.0265625 0.03333333333333333
0 0.9935616629464284 0.7778738839285715 0.012876674107142883 0.03536086309523808
0 0.6723958333333333 0.5805555555555556 0.025 0.041666666666666664
0 0.58828125 0.11875 0.0296875 0.05
0 0.6015625 0.20625 0.025 0.04583333333333333
0 0.23203125 0.5041666666666667 0.0359375 0.04583333333333333
0 0.2046875 0.42916666666666664 0.0328125 0.0375
0 0.85625 0.22395833333333334 0.0375 0.04375
0 0.5081208881578948 0.7260827850877193 0.0421875 0.04375
1 0.57109375 0.13333333333333333 0.0890625 0.1125
1 0.3203125 0.21041666666666667 0.103125 0.09583333333333334
