0 0.26484375 0.4354166666666667 0.0265625 0.0375
0 0.23828125 0.5770833333333333 0.0265625 0.0375
0 0.24091944721115538 0.85625 0.0265625 0.0375
0 0.19453125 0.8458333333333333 0.0265625 0.0375
0 0.08359375 0.80625 0.0265625 0.0375
0 0.005497159090909091 0.8095454545454547 0.010994318181818181 0.03325757575757571
0 0.13515625 0.18958333333333333 0.0265625 0.0375
0 0.3104029605263158 0.2225877192982456 0.0265625 0.041666666666666664
0 0.23828125 0.175 0.0265625 0.0375
0 0.2732248975409836 0.23809426229508196 0.0265625 0.0375
0 0.23979144874476988 0.3761680613668061 0.0265625 0.0375
0 0.5375835010980967 0.9782363347974622 0.0265625 0.0375
0 0.6303409618959108 0.6094950433705081 0.0265625 0.0375
0 0.48828125 0.86875 0.0265625 0.0375
0 0.84296875 0.85625 0.0265625 0.0375
0 0.83359375 0.98125 0.0265625 0.0375
0 0.842431640625 0.7541666666666667 0.0265625 0.0375
0 0.828125 0.43645833333333334 0.025 0.03958333333333333
0 0.8646691176470588 0.409375 0.025 0.03958333333333333
0 0.63203125 0.23541666666666666 0.0265625 0.03333333333333333
0 0.7569915926395939 0.10630287648054144 0.0265625 0.03333333333333333
0 0.71015625 0.6354166666666666 0.0265625 0.03333333333333333
0 0.5254434121621622 0.5943693693693693 0.0296875 0.03333333333333333
0 0.4639605978260869 0.4372584541062802 0.0265625 0.03333333333333333
0 0.91484375 0.396875 0.028125 0.0375
0 0.9366503193430656 0.9615495742092457 0.0234375 0.035416666666666666
0 0.58828125 0.11875 0.0296875 0.05
0 0.6015625 0.20625 0.025 0.04583333333333333
0 0.85625 0.22395833333333334 0.0375 0.04375
0 0.49041262135922337 0.7523665048543688 0.0421875 0.04375
0 0.90546875 0.578125 0.0296875 0.03958333333333333
0 0.1399345930232558 0.9492974806201551 0.025 0.03958333333333333
0 0.48522199119373777 0.045745678408349644 0.025 0.027083333333333338
0 0.5074926181102362 0.02310531496062992 0.0296875 0.03125
0 0.3572429435483871 0.06273521505376344 0.0234375 0.027083333333333327
1 0.57109375 0.13333333333333333 0.0890625 0.1125
1 0.3203125 0.21041666666666667 0.103125 0.09583333333333334
