0 0.26484375 0.4354166666666667 0.0265625 0.0375
0 0.23828125 0.5770833333333333 0.0265625 0.0375
0 0.24054594123505976 0.85625 0.0265625 0.0375
0 0.19453125 0.8458333333333333 0.0265625 0.0375
0 0.08359375 0.80625 0.0265625 0.0375
0 0.13515625 0.18958333333333333 0.0265625 0.0375
0 0.29296875 0.22083333333333333 0.0265625 0.041666666666666664
0 0.22351831896551727 0.1742097701149425 0.0265625 0.0375
0 0.26899126838235293 0.24799325980392156 0.0265625 0.0375
0 0.23130859374999999 0.3843489583333334 0.0265625 0.0375
0 0.5389561218887262 0.9800664958516349 0.0265625 0.0375
0 0.6316478856877323 0.6118184634448575 0.0265625 0.0375
0 0.48828125 0.86875 0.0265625 0.0375
0 0.84296875 0.85625 0.0265625 0.0375
0 0.83359375 0.98125 0.0265625 0.0375
0 0.8385541130514707 0.7541666666666667 0.0265625 0.0375
0 0.828125 0.43645833333333334 0.025 0.03958333333333333
0 0.864078256302521 0.409375 0.025 0.03958333333333333
0 0.630407404734411 0.2368600846805235 0.0265625 0.03333333333333333
0 0.7543542395104895 0.11724941724941725 0.0265625 0.03333333333333333
0 0.71015625 0.6354166666666666 0.0265625 0.03333333333333333
0 0.514734100877193 0.6012792397660819 0.0296875 0.03333333333333333
0 0.46056385869565214 0.4523550724637681 0.0265625 0.03333333333333333
0 0.9180359543010752 0.985203853046595 0.024311155913978588 0.029592293906810004
0 0.58828125 0.11875 0.0296875 0.05
0 0.6015625 0.20625 0.025 0.04583333333333333
0 0.85625 0.22395833333333334 0.0375 0.04375
0 0.4884215716019417 0.7550212378640777 0.0421875 0.04375
0 0.8529687499999999 0.7860416666666666 0.0296875 0.03958333333333333
0 0.1375 0.853125 0.025 0.03958333333333333
0 0.10859375 0.9078125 0.03125 0.03958333333333333
0 0.48384601272015654 0.04758031637312459 0.025 0.027083333333333334
0 0.5084153543307087 0.02556594488188976 0.0296875 0.031249999999999997
0 0.35703125 0.06354166666666666 0.0234375 0.027083333333333334
0 0.76640625 0.0875 0.0296875 0.03333333333333333
0 0.9829631696428571 0.020949900793650795 0.021841517857142813 0.026949404761904765
1 0.57109375 0.13333333333333333 0.0890625 0.1125
1 0.3203125 0.21041666666666667 0.103125 0.09583333333333334
