0 0.26484375 0.4354166666666667 0.0265625 0.0375
0 0.23828125 0.5770833333333333 0.0265625 0.0375
0 0.24123070219123507 0.85625 0.0265625 0.0375
0 0.19453125 0.8458333333333333 0.0265625 0.0375
0 0.08359375 0.80625 0.0265625 0.0375
0 0.005941051136363637 0.7959327651515152 0.011882102272727273 0.032073863636363595
0 0.13515625 0.18958333333333333 0.0265625 0.0375
0 0.31328125 0.22708333333333333 0.0265625 0.041666666666666664
0 0.24088541666666666 0.16666666666666666 0.0265625 0.0375
0 0.27770747950819674 0.22870218579234972 0.0265625 0.0375
0 0.24878072698744771 0.3707200139470014 0.0265625 0.0375
0 0.5364396504392387 0.9767112005856515 0.0265625 0.0375
0 0.6292518587360595 0.6075588599752169 0.0265625 0.0375
0 0.48828125 0.86875 0.0265625 0.0375
0 0.84296875 0.85625 0.0265625 0.0375
0 0.83359375 0.98125 0.0265625 0.0375
0 0.8456629136029411 0.7541666666666667 0.0265625 0.0375
0 0.828125 0.43645833333333334 0.025 0.03958333333333333
0 0.8651615021008403 0.409375 0.025 0.03958333333333333
0 0.644556656504065 0.2282859078590786 0.0265625 0.03333333333333333
0 0.760957328680203 0.10101522842639593 0.0265625 0.03333333333333333
0 0.71015625 0.6354166666666666 0.0265625 0.03333333333333333
0 0.5377391581632653 0.5831207482993198 0.0296875 0.03333333333333333
0 0.46922554347826084 0.42749094202898547 0.0265625 0.03333333333333333
0 0.803125 0.39479166666666665 0.028125 0.0375
0 0.9483387212643677 0.9338960727969349 0.0234375 0.035416666666666666
0 0.58828125 0.11875 0.0296875 0.05
0 0.6015625 0.20625 0.025 0.04583333333333333
0 0.85625 0.22395833333333334 0.0375 0.04375
0 0.49207182949029127 0.7501542273462783 0.0421875 0.04375
0 0.9546875 0.41770833333333335 0.028125 0.04375
0 0.4892182130584192 0.04176331615120275 0.025 0.027083333333333338
0 0.50703125 0.02034313725490196 0.0296875 0.028186274509803926
0 0.36018313172043015 0.0515344982078853 0.0234375 0.027083333333333334
1 0.57109375 0.13333333333333333 0.0890625 0.1125
1 0.3203125 0.21041666666666667 0.103125 0.09583333333333334
