0 0.26484375 0.4354166666666667 0.0265625 0.0375
0 0.23828125 0.5770833333333333 0.0265625 0.0375
0 0.24065799302788843 0.85625 0.0265625 0.0375
0 0.19453125 0.8458333333333333 0.0265625 0.0375
0 0.08359375 0.80625 0.0265625 0.0375
0 0.13515625 0.18958333333333333 0.0265625 0.0375
0 0.30234375 0.20833333333333334 0.0265625 0.041666666666666664
0 0.22786458333333334 0.1732638888888889 0.0265625 0.0375
0 0.26950827205882355 0.24592524509803923 0.0265625 0.0375
0 0.23390624999999998 0.3829166666666667 0.0265625 0.0375
0 0.5385443356515374 0.9795174475353831 0.0265625 0.0375
0 0.6312558085501859 0.6111214374225526 0.0265625 0.0375
0 0.48828125 0.86875 0.0265625 0.0375
0 0.84296875 0.85625 0.0265625 0.0375
0 0.83359375 0.98125 0.0265625 0.0375
0 0.8397173713235293 0.7541666666666667 0.0265625 0.0375
0 0.828125 0.43645833333333334 0.025 0.03958333333333333
0 0.8642555147058824 0.409375 0.025 0.03958333333333333
0 0.6308945583140877 0.23642705927636642 0.0265625 0.03333333333333333
0 0.7548459353146854 0.11331585081585081 0.0265625 0.03333333333333333
0 0.71015625 0.6354166666666666 0.0265625 0.03333333333333333
0 0.5178179824561403 0.6004568713450292 0.0296875 0.03333333333333333
0 0.4615828804347826 0.44782608695652176 0.0265625 0.03333333333333333
0 0.9234774178832117 0.9791134428223844 0.0234375 0.035416666666666666
0 0.58828125 0.11875 0.0296875 0.05
0 0.6015625 0.20625 0.025 0.04583333333333333
0 0.85625 0.22395833333333334 0.0375 0.04375
0 0.4890188865291262 0.754224817961165 0.0421875 0.04375
0 0.856640625 0.7125 0.0296875 0.03958333333333333
0 0.1665625 0.9285416666666666 0.025 0.03958333333333333
0 0.143359375 0.9213541666666667 0.03125 0.03958333333333333
0 0.48425880626223095 0.04702992498369211 0.025 0.027083333333333334
0 0.5081385334645669 0.024827755905511815 0.0296875 0.03125
0 0.35703125 0.06354166666666666 0.0234375 0.027083333333333334
0 0.7435937499999999 0.05166666666666666 0.0296875 0.033333333333333326
0 0.9852232142857144 0.017490079365079365 0.021339285714285873 0.02494047619047619
1 0.57109375 0.13333333333333333 0.0890625 0.1125
1 0.3203125 0.21041666666666667 0.103125 0.09583333333333334
