0 0.27558766592920353 0.41318829891838743 0.0265625 0.0375
0 0.23828125 0.5829225352112676 0.0265625 0.0375
0 0.24588835093896716 0.8484643974960876 0.0265625 0.0375
0 0.19453125 0.8458333333333333 0.0265625 0.0375
0 0.08359375 0.80625 0.0265625 0.0375
0 0.0301606514084507 0.7273571987480438 0.0265625 0.0375
0 0.13515625 0.18958333333333333 0.0265625 0.0375
0 0.19227430555555552 0.10856481481481482 0.02656249999999998 0.0375
0 0.3131928066037736 0.09485062893081761 0.0265625 0.0375
0 0.2850775629496403 0.21677158273381295 0.0265625 0.0375
0 0.31463835093896714 0.3045774647887324 0.0265625 0.0375
0 0.4434895833333333 0.10486111111111111 0.0265625 0.0375
0 0.5856917546948357 0.8741490610328638 0.0265625 0.0375
0 0.6472769147398844 0.5629214836223506 0.0265625 0.0375
0 0.48828125 0.86875 0.0265625 0.0375
0 0.4419270833333333 0.7770833333333333 0.0265625 0.0375
0 0.8490960291023842 0.8378681626928471 0.0265625 0.0375
0 0.8397210291023842 0.9628681626928471 0.0265625 0.0375
0 0.8553767093267883 0.7480393875642825 0.0265625 0.0375
0 0.86953125 0.6583333333333333 0.0265625 0.0375
0 0.828125 0.43645833333333334 0.025 0.03958333333333333
0 0.8686948529411765 0.409375 0.025 0.03958333333333333
0 0.6772518382352941 0.18884803921568627 0.0234375 0.03333333333333333
0 0.6739163306451613 0.1303763440860215 0.0265625 0.03333333333333333
0 0.73984375 0.10208333333333333 0.0265625 0.03333333333333333
0 0.7696999517994858 0.06294987146529563 0.0265625 0.033333333333333326
0 0.7130758509389671 0.6393094679186228 0.0265625 0.03333333333333333
0 0.5884866490610329 0.4801251956181533 0.0265625 0.03333333333333333
0 0.5005758509389671 0.38374413145539904 0.0265625 0.03333333333333333
0 0.19140625 0.6196428571428572 0.0265625 0.03333333333333333
0 0.015598060344827585 0.2155890804597701 0.0265625 0.03333333333333333
0 0.046875 0.19375 0.0265625 0.03333333333333333
0 0.74296875 0.9864583333333333 0.0328125 0.027083333333333334
0 0.6640625 0.9677083333333333 0.0265625 0.03333333333333333
0 0.73046875 0.8395833333333333 0.0265625 0.03333333333333333
0 0.987158203125 0.7693359375 0.02568359375 0.033463541666666666
0 0.5640625 0.2267361111111111 0.025 0.035416666666666666
0 0.58828125 0.11875 0.0296875 0.05
0 0.6015625 0.20625 0.025 0.04583333333333333
0 0.37890625 0.771875 0.0328125 0.035416666666666666
0 0.80859375 0.6552083333333333 0.028125 0.03333333333333333
0 0.85625 0.22395833333333334 0.0375 0.04375
0 0.5144120065789474 0.716296600877193 0.0421875 0.04375
