0 0.26633053414096913 0.43392988252569753 0.0265625 0.0375
0 0.23828125 0.5770833333333333 0.0265625 0.0375
0 0.24222422808764937 0.85625 0.0265625 0.0375
0 0.19453125 0.8458333333333333 0.0265625 0.0375
0 0.08359375 0.80625 0.0265625 0.0375
0 0.01850984922178988 0.754276102464332 0.0265625 0.0375
0 0.13515625 0.18958333333333333 0.0265625 0.0375
0 0.2359375 0.18958333333333333 0.0265625 0.041666666666666664
0 0.2570068359375 0.13544921875 0.0265625 0.0375
0 0.2822785521582734 0.22050359712230216 0.0265625 0.0375
0 0.28551730577689244 0.3370185922974767 0.0265625 0.0375
0 0.14937499999999998 0.535 0.028125 0.05
0 0.5421875 0.9563657407407408 0.0265625 0.0375
0 0.6356859110169492 0.5850988700564972 0.0265625 0.0375
0 0.48828125 0.86875 0.0265625 0.0375
0 0.8447306714586255 0.8509642356241235 0.0265625 0.0375
0 0.8353556714586254 0.9759642356241235 0.0265625 0.0375
0 0.8521026910939691 0.7524047452080411 0.0265625 0.0375
0 0.828125 0.43645833333333334 0.025 0.03958333333333333
0 0.8667331932773109 0.409375 0.025 0.03958333333333333
0 0.6626318993506494 0.17803030303030304 0.0265625 0.03333333333333333
0 0.7711314006024097 0.08117469879518072 0.0265625 0.033333333333333326
0 0.71015625 0.6354166666666666 0.0265625 0.03333333333333333
0 0.574230677480916 0.5254293893129771 0.02723043893129775 0.03333333333333333
0 0.4875638375486381 0.4055123216601816 0.0265625 0.03333333333333333
0 0.00546875 0.30520833333333336 0.0109375 0.035416666666666666
0 0.459375 0.4875 0.028125 0.0375
0 0.7393229166666667 0.14930555555555555 0.0265625 0.03333333333333335
0 0.9770048945783133 0.845870983935743 0.0234375 0.035416666666666666
0 0.58828125 0.11875 0.0296875 0.05
0 0.6015625 0.20625 0.025 0.04583333333333333
0 0.03723958333333334 0.09340277777777778 0.0296875 0.03958333333333333
0 0.85625 0.22395833333333334 0.0375 0.04375
0 0.49905427631578947 0.740186403508772 0.0421875 0.04375
0 0.5016369047619047 0.021941137566137567 0.025 0.027083333333333334
0 0.253125 0.21666666666666667 0.028125 0.0375
0 0.5186316287878788 0.011758207070707072 0.0296875 0.01875
0 0.3710044642857143 0.01630952380952381 0.0234375 0.024047619047619047
1 0.57109375 0.13333333333333333 0.0890625 0.1125
1 0.3203125 0.21041666666666667 0.103125 0.09583333333333334
