0 0.26484375 0.4354166666666667 0.0265625 0.0375
0 0.23828125 0.5770833333333333 0.0265625 0.0375
0 0.24148966633466135 0.85625 0.0265625 0.0375
0 0.19453125 0.8458333333333333 0.0265625 0.0375
0 0.08359375 0.80625 0.0265625 0.0375
0 0.007482280927835053 0.7837199312714775 0.014964561855670105 0.032345360824742285
0 0.13515625 0.18958333333333333 0.0265625 0.0375
0 0.30859375 0.24270833333333333 0.0265625 0.041666666666666664
0 0.24305208333333334 0.15973333333333334 0.0265625 0.0375
0 0.2806205035971223 0.22271432853717027 0.0265625 0.0375
0 0.2571686126373626 0.36591117216117214 0.0265625 0.0375
0 0.5354879666910688 0.975442288921425 0.0265625 0.0375
0 0.6283457249070632 0.6059479553903345 0.0265625 0.0375
0 0.48828125 0.86875 0.0265625 0.0375
0 0.84296875 0.85625 0.0265625 0.0375
0 0.83359375 0.98125 0.0265625 0.0375
0 0.8483513327205883 0.7541666666666667 0.0265625 0.0375
0 0.828125 0.43645833333333334 0.025 0.03958333333333333
0 0.8655711659663865 0.409375 0.025 0.03958333333333333
0 0.6516826923076924 0.21546474358974357 0.0265625 0.03333333333333333
0 0.7637267821285141 0.0959839357429719 0.0265625 0.03333333333333333
0 0.71015625 0.6354166666666666 0.0265625 0.03333333333333333
0 0.5502806432038835 0.5698017799352751 0.0296875 0.03333333333333333
0 0.47358754139072845 0.4203228476821192 0.0265625 0.03333333333333333
0 0.6828125 0.46458333333333335 0.028125 0.0375
0 0.957859563253012 0.9071410642570281 0.0234375 0.035416666666666666
0 0.58828125 0.11875 0.0296875 0.05
0 0.6015625 0.20625 0.025 0.04583333333333333
0 0.85625 0.22395833333333334 0.0375 0.04375
0 0.80234375 0.06875 0.0296875 0.03333333333333333
0 0.4934522906553398 0.748313612459547 0.0421875 0.04375
0 0.49647766323024056 0.0350622852233677 0.025 0.027083333333333334
0 0.50703125 0.017156862745098037 0.0296875 0.021813725490196077
0 0.36262936827956993 0.0422155017921147 0.0234375 0.027083333333333338
1 0.57109375 0.13333333333333333 0.0890625 0.1125
1 0.3203125 0.21041666666666667 0.103125 0.09583333333333334
