0 0.2722829092920354 0.4249385447394297 0.0265625 0.0375
0 0.23828125 0.5770833333333333 0.0265625 0.0375
0 0.24286914840637447 0.85625 0.0265625 0.0375
0 0.19453125 0.8458333333333333 0.0265625 0.0375
0 0.08359375 0.80625 0.0265625 0.0375
0 0.024808487354085605 0.7343304150453955 0.0265625 0.0375
0 0.13515625 0.18958333333333333 0.0265625 0.0375
0 0.22109375 0.17770833333333333 0.0265625 0.0375
0 0.28429418103448273 0.11271551724137932 0.0265625 0.0375
0 0.28373426258992807 0.2185626498800959 0.0265625 0.0375
0 0.3079435822147651 0.3132130872483222 0.0265625 0.0375
0 0.3125868055555555 0.39814814814814814 0.0265625 0.041666666666666664
0 0.5684895833333333 0.9003472222222223 0.0265625 0.0375
0 0.6408011199421966 0.5701168111753372 0.0265625 0.0375
0 0.48828125 0.86875 0.0265625 0.0375
0 0.88046875 0.83125 0.0234375 0.0375
0 0.8470010080645162 0.8441532258064516 0.0265625 0.0375
0 0.8376260080645161 0.9691532258064516 0.0265625 0.0375
0 0.853805443548387 0.7501344086021505 0.0265625 0.0375
0 0.828125 0.43645833333333334 0.025 0.03958333333333333
0 0.8677534138655462 0.409375 0.025 0.03958333333333333
0 0.668620318825911 0.15186403508771928 0.0265625 0.03333333333333333
0 0.7725799325192801 0.07062982005141388 0.0265625 0.03333333333333333
0 0.71015625 0.6354166666666666 0.0265625 0.03333333333333333
0 0.5895265507518797 0.4968828320802005 0.0265625 0.03333333333333333
0 0.49765625 0.39396929824561405 0.0265625 0.03333333333333333
0 0.01328125 0.25611559139784945 0.0265625 0.03333333333333333
0 0.2859375 0.35833333333333334 0.028125 0.0375
0 0.75078125 0.5583333333333333 0.0265625 0.03333333333333333
0 0.9931206597222222 0.787355324074074 0.0125 0.035416666666666666
0 0.70546875 0.61875 0.0296875 0.041666666666666664
0 0.58828125 0.11875 0.0296875 0.05
0 0.6015625 0.20625 0.025 0.04583333333333333
0 0.21484375 0.4583333333333333 0.0359375 0.04583333333333333
0 0.11015625 0.36041666666666666 0.0328125 0.0375
0 0.85625 0.22395833333333334 0.0375 0.04375
0 0.5070415296052632 0.7277617872807017 0.0421875 0.04375
1 0.57109375 0.13333333333333333 0.0890625 0.1125
1 0.3203125 0.21041666666666667 0.103125 0.09583333333333334
