0 0.27239352876106193 0.4245452310717797 0.0265625 0.0375
0 0.23828125 0.5770833333333333 0.0265625 0.0375
0 0.2428890687250996 0.85625 0.0265625 0.0375
0 0.19453125 0.8458333333333333 0.0265625 0.0375
0 0.08359375 0.80625 0.0265625 0.0375
0 0.025003039883268484 0.7337143320363164 0.0265625 0.0375
0 0.13515625 0.18958333333333333 0.0265625 0.0375
0 0.22046875 0.17958333333333334 0.0265625 0.0375
0 0.28531788793103446 0.11206896551724138 0.0265625 0.0375
0 0.283779226618705 0.21850269784172663 0.0265625 0.0375
0 0.30869861577181207 0.31265380313199104 0.0265625 0.0375
0 0.3106770833333333 0.3854166666666667 0.0265625 0.041666666666666664
0 0.5690104166666667 0.898611111111111 0.0265625 0.0375
0 0.6410178829479769 0.5698759633911368 0.0265625 0.0375
0 0.48828125 0.86875 0.0265625 0.0375
0 0.86796875 0.88125 0.0234375 0.0375
0 0.8470711342917252 0.8439428471248246 0.0265625 0.0375
0 0.8376961342917252 0.9689428471248246 0.0265625 0.0375
0 0.8538580382187938 0.7500642823749415 0.0265625 0.0375
0 0.828125 0.43645833333333334 0.025 0.03958333333333333
0 0.8677849264705882 0.409375 0.025 0.03958333333333333
0 0.6688227479757085 0.15098684210526317 0.0265625 0.03333333333333333
0 0.7724835314910026 0.07037275064267352 0.0265625 0.03333333333333334
0 0.71015625 0.6354166666666666 0.0265625 0.03333333333333333
0 0.5899024906015038 0.4962562656641604 0.0265625 0.03333333333333333
0 0.49765625 0.39309210526315785 0.0265625 0.03333333333333333
0 0.01328125 0.25396505376344086 0.0265625 0.03333333333333333
0 0.2609375 0.37916666666666665 0.028125 0.0375
0 0.76796875 0.5729166666666666 0.0265625 0.03333333333333333
0 0.9932942708333334 0.7848090277777777 0.0125 0.035416666666666666
0 0.68515625 0.6229166666666667 0.0296875 0.041666666666666664
0 0.58828125 0.11875 0.0296875 0.05
0 0.6015625 0.20625 0.025 0.04583333333333333
0 0.24296875 0.4666666666666667 0.0359375 0.04583333333333333
0 0.13411458333333331 0.37986111111111115 0.0328125 0.0375
0 0.85625 0.22395833333333334 0.0375 0.04375
0 0.5072882401315789 0.7273780153508772 0.0421875 0.04375
1 0.57109375 0.13333333333333333 0.0890625 0.1125
1 0.3203125 0.21041666666666667 0.103125 0.09583333333333334
