0 0.26484375 0.4354166666666667 0.0265625 0.0375
0 0.23828125 0.5770833333333333 0.0265625 0.0375
0 0.24145231573705178 0.85625 0.0265625 0.0375
0 0.19453125 0.8458333333333333 0.0265625 0.0375
0 0.08359375 0.80625 0.0265625 0.0375
0 0.006394974226804124 0.7861361683848798 0.012789948453608249 0.031378865979381484
0 0.13515625 0.18958333333333333 0.0265625 0.0375
0 0.30625 0.2421875 0.0265625 0.041666666666666664
0 0.24273958333333331 0.16073333333333334 0.0265625 0.0375
0 0.2805361960431655 0.2228267386091127 0.0265625 0.0375
0 0.25518109309623427 0.3668410041841004 0.0265625 0.0375
0 0.5356252287701317 0.9756253050268423 0.0265625 0.0375
0 0.6284764172862454 0.6061802973977695 0.0265625 0.0375
0 0.48828125 0.86875 0.0265625 0.0375
0 0.84296875 0.85625 0.0265625 0.0375
0 0.83359375 0.98125 0.0265625 0.0375
0 0.8479635799632353 0.7541666666666667 0.0265625 0.0375
0 0.828125 0.43645833333333334 0.025 0.03958333333333333
0 0.8655120798319327 0.409375 0.025 0.03958333333333333
0 0.6502096036585365 0.21773373983739838 0.0265625 0.03333333333333333
0 0.7633502761044177 0.09673694779116465 0.0265625 0.03333333333333333
0 0.71015625 0.6354166666666666 0.0265625 0.03333333333333333
0 0.5490911989795919 0.573030045351474 0.0296875 0.03333333333333333
0 0.47296668046357615 0.4213576158940397 0.0265625 0.03333333333333333
0 0.7078125 0.4618055555555555 0.028125 0.0375
0 0.9564476656626505 0.9116591365461847 0.0234375 0.035416666666666666
0 0.58828125 0.11875 0.0296875 0.05
0 0.6015625 0.20625 0.025 0.04583333333333333
0 0.85625 0.22395833333333334 0.0375 0.04375
0 0.7778645833333333 0.07777777777777778 0.0296875 0.03333333333333334
0 0.4932531856796117 0.7485790857605178 0.0421875 0.04375
0 0.4954306271477663 0.036028780068728526 0.025 0.027083333333333334
0 0.50703125 0.017616421568627454 0.0296875 0.0227328431372549
0 0.3622765456989247 0.043559587813620064 0.0234375 0.02708333333333333
1 0.57109375 0.13333333333333333 0.0890625 0.1125
1 0.3203125 0.21041666666666667 0.103125 0.09583333333333334
