0 0.2741496128318584 0.4183013765978368 0.0265625 0.0375
0 0.23828125 0.5798708920187793 0.0265625 0.0375
0 0.244362529342723 0.852533255086072 0.0265625 0.0375
0 0.19453125 0.8458333333333333 0.0265625 0.0375
0 0.08359375 0.80625 0.0265625 0.0375
0 0.027871919014084506 0.729391627543036 0.0265625 0.0375
0 0.13515625 0.18958333333333333 0.0265625 0.0375
0 0.2078835227272727 0.13977272727272727 0.02656249999999998 0.0375
0 0.3009765625 0.10243055555555555 0.0265625 0.0375
0 0.2844930305755396 0.21755095923261392 0.0265625 0.0375
0 0.313112529342723 0.3076291079812207 0.0265625 0.0375
0 0.35546875 0.22430555555555556 0.0265625 0.041666666666666664
0 0.578062646713615 0.8833039906103287 0.0265625 0.0375
0 0.64445899566474 0.5660525048169557 0.0265625 0.0375
0 0.48828125 0.86875 0.0265625 0.0375
0 0.64921875 0.8125 0.0234375 0.0375
0 0.8481843881486675 0.8406030855539972 0.0265625 0.0375
0 0.8388093881486676 0.9656030855539972 0.0265625 0.0375
0 0.8546929786115006 0.748951028517999 0.0265625 0.0375
0 0.95859375 0.7989583333333333 0.0265625 0.04375
0 0.828125 0.43645833333333334 0.025 0.03958333333333333
0 0.8682851890756302 0.409375 0.025 0.03958333333333333
0 0.6546875 0.14895833333333333 0.0234375 0.035416666666666666
0 0.6716697868663595 0.13936251920122888 0.0265625 0.03333333333333333
0 0.7709531651670951 0.06629177377892032 0.0265625 0.03333333333333333
0 0.711550029342723 0.6372750391236307 0.0265625 0.03333333333333333
0 0.590012470657277 0.487245696400626 0.0265625 0.03333333333333333
0 0.499050029342723 0.38679577464788734 0.0265625 0.03333333333333333
0 0.03203125 0.49583333333333335 0.0296875 0.0375
0 0.016015625 0.23046875 0.0265625 0.03333333333333333
0 0.13489583333333333 0.3055555555555555 0.028125 0.0375
0 0.76953125 0.71875 0.0265625 0.03333333333333333
0 0.9904227120535716 0.7736886160714285 0.019154575892857118 0.03443080357142859
0 0.637890625 0.4125 0.025 0.035416666666666666
0 0.58828125 0.11875 0.0296875 0.05
0 0.6015625 0.20625 0.025 0.04583333333333333
0 0.2859375 0.6291666666666667 0.0390625 0.041666666666666664
0 0.515625 0.56875 0.028125 0.035416666666666666
0 0.85625 0.22395833333333334 0.0375 0.04375
0 0.5112047697368421 0.7212856359649124 0.0421875 0.04375
1 0.57109375 0.13333333333333333 0.0890625 0.1125
1 0.3203125 0.21041666666666667 0.103125 0.09583333333333334
