0 0.27257328539823006 0.4239060963618486 0.0265625 0.0375
0 0.23828125 0.5770833333333333 0.0265625 0.0375
0 0.2429214392430279 0.85625 0.0265625 0.0375
0 0.19453125 0.8458333333333333 0.0265625 0.0375
0 0.08359375 0.80625 0.0265625 0.0375
0 0.02531918774319066 0.7327131971465629 0.0265625 0.0375
0 0.13515625 0.18958333333333333 0.0265625 0.0375
0 0.22109375 0.17291666666666666 0.0265625 0.0375
0 0.28698141163793106 0.11101831896551724 0.0265625 0.0375
0 0.2838522931654676 0.2184052757793765 0.0265625 0.0375
0 0.30992554530201344 0.311744966442953 0.0265625 0.0375
0 0.32473958333333336 0.38819444444444445 0.0265625 0.041666666666666664
0 0.5698567708333333 0.8957899305555556 0.0265625 0.0375
0 0.6413701228323699 0.5694845857418112 0.0265625 0.0375
0 0.48828125 0.86875 0.0265625 0.0375
0 0.85859375 0.8659722222222223 0.0234375 0.0375
0 0.8471850894109396 0.843600981767181 0.0265625 0.0375
0 0.8378100894109396 0.968600981767181 0.0265625 0.0375
0 0.8539435045582048 0.749950327255727 0.0265625 0.0375
0 0.828125 0.43645833333333334 0.025 0.03958333333333333
0 0.8678361344537816 0.409375 0.025 0.03958333333333333
0 0.58046875 0.07291666666666667 0.0234375 0.029166666666666667
0 0.6691516953441295 0.14956140350877192 0.0265625 0.03333333333333332
0 0.7723268798200513 0.06995501285347044 0.0265625 0.03333333333333333
0 0.71015625 0.6354166666666666 0.0265625 0.03333333333333333
0 0.5905133928571429 0.49523809523809526 0.0265625 0.03333333333333333
0 0.49765625 0.39166666666666666 0.0265625 0.03333333333333333
0 0.013392857142857146 0.25104166666666666 0.0265625 0.03333333333333333
0 0.25625 0.37083333333333335 0.028125 0.0375
0 0.7674479166666667 0.56875 0.0265625 0.03333333333333333
0 0.9935763888888889 0.7806712962962963 0.0125 0.035416666666666666
0 0.68984375 0.5671875 0.025 0.03333333333333333
0 0.58828125 0.11875 0.0296875 0.05
0 0.6015625 0.20625 0.025 0.04583333333333333
0 0.2536658653846154 0.4932692307692308 0.0359375 0.04583333333333333
0 0.1609375 0.40572916666666664 0.0328125 0.0375
0 0.85625 0.22395833333333334 0.0375 0.04375
0 0.5076891447368421 0.7267543859649124 0.0421875 0.04375
1 0.57109375 0.13333333333333333 0.0890625 0.1125
1 0.3203125 0.21041666666666667 0.103125 0.09583333333333334
