0 0.26484375 0.4354166666666667 0.0265625 0.0375
0 0.23828125 0.5770833333333333 0.0265625 0.0375
0 0.24070281374501992 0.85625 0.0265625 0.0375
0 0.19453125 0.8458333333333333 0.0265625 0.0375
0 0.08359375 0.80625 0.0265625 0.0375
0 0.00546875 0.8104166666666667 0.0109375 0.03333333333333333
0 0.13515625 0.18958333333333333 0.0265625 0.0375
0 0.3046875 0.21666666666666667 0.0265625 0.041666666666666664
0 0.22965029761904762 0.17356150793650793 0.0265625 0.0375
0 0.2701050204918033 0.2446311475409836 0.0265625 0.0375
0 0.23484375000000002 0.38166666666666665 0.0265625 0.0375
0 0.5383796211566618 0.9792978282088823 0.0265625 0.0375
0 0.6310989776951673 0.6108426270136307 0.0265625 0.0375
0 0.48828125 0.86875 0.0265625 0.0375
0 0.84296875 0.85625 0.0265625 0.0375
0 0.83359375 0.98125 0.0265625 0.0375
0 0.8401826746323529 0.7541666666666667 0.0265625 0.0375
0 0.828125 0.43645833333333334 0.025 0.03958333333333333
0 0.8643264180672269 0.409375 0.025 0.03958333333333333
0 0.6310894197459584 0.23625384911470362 0.0265625 0.03333333333333333
0 0.7550426136363637 0.11174242424242424 0.0265625 0.03333333333333333
0 0.71015625 0.6354166666666666 0.0265625 0.03333333333333333
0 0.5190515350877193 0.6001279239766082 0.0296875 0.03333333333333333
0 0.4619904891304348 0.4460144927536232 0.0265625 0.03333333333333333
0 0.99609375 0.378125 0.0078125 0.022916666666666665
0 0.9257356295620438 0.9761024939172749 0.0234375 0.035416666666666666
0 0.58828125 0.11875 0.0296875 0.05
0 0.6015625 0.20625 0.025 0.04583333333333333
0 0.85625 0.22395833333333334 0.0375 0.04375
0 0.4892578125 0.75390625 0.0421875 0.04375
0 0.86015625 0.690625 0.0296875 0.03958333333333333
0 0.1509375 0.9285416666666666 0.025 0.03958333333333333
0 0.14375 0.9552083333333333 0.03125 0.03958333333333333
0 0.4844239236790607 0.04680976842791911 0.025 0.027083333333333334
0 0.5080278051181103 0.024532480314960633 0.0296875 0.03125000000000001
0 0.35703125 0.06354166666666666 0.0234375 0.027083333333333334
0 0.753125 0.015104166666666667 0.03125 0.030208333333333334
0 0.9861272321428572 0.016106150793650794 0.02113839285714274 0.024136904761904762
1 0.57109375 0.13333333333333333 0.0890625 0.1125
1 0.3203125 0.21041666666666667 0.103125 0.09583333333333334
