0 0.26484375 0.4354166666666667 0.0265625 0.0375
0 0.23828125 0.5770833333333333 0.0265625 0.0375
0 0.240667953187251 0.85625 0.0265625 0.0375
0 0.19453125 0.8458333333333333 0.0265625 0.0375
0 0.08359375 0.80625 0.0265625 0.0375
0 0.13515625 0.18958333333333333 0.0265625 0.0375
0 0.29609375 0.21458333333333332 0.0265625 0.041666666666666664
0 0.22826140873015874 0.17333002645502646 0.0265625 0.0375
0 0.2696029713114754 0.2456830601092896 0.0265625 0.0375
0 0.23411458333333335 0.38263888888888886 0.0265625 0.0375
0 0.5385077324304539 0.9794686432406051 0.0265625 0.0375
0 0.6312209572490707 0.6110594795539034 0.0265625 0.0375
0 0.48828125 0.86875 0.0265625 0.0375
0 0.84296875 0.85625 0.0265625 0.0375
0 0.83359375 0.98125 0.0265625 0.0375
0 0.8398207720588236 0.7541666666666667 0.0265625 0.0375
0 0.828125 0.43645833333333334 0.025 0.03958333333333333
0 0.8642712710084034 0.409375 0.025 0.03958333333333333
0 0.6309378608545034 0.23638856812933023 0.0265625 0.03333333333333333
0 0.7548896416083916 0.11296620046620047 0.0265625 0.03333333333333333
0 0.71015625 0.6354166666666666 0.0265625 0.03333333333333333
0 0.5180921052631579 0.6003837719298245 0.0296875 0.03333333333333333
0 0.46167346014492755 0.4474235104669887 0.0265625 0.03333333333333333
0 0.9239792427007298 0.9784443430656934 0.0234375 0.035416666666666666
0 0.58828125 0.11875 0.0296875 0.05
0 0.6015625 0.20625 0.025 0.04583333333333333
0 0.85625 0.22395833333333334 0.0375 0.04375
0 0.4890719811893204 0.7541540250809061 0.0421875 0.04375
0 0.86796875 0.714375 0.0296875 0.03958333333333333
0 0.1628125 0.9296527777777778 0.025 0.03958333333333333
0 0.1625 0.909375 0.03125 0.03958333333333333
0 0.4842954990215264 0.04698100130463144 0.025 0.027083333333333334
0 0.5081139271653543 0.02476213910761155 0.0296875 0.03125
0 0.35703125 0.06354166666666666 0.0234375 0.027083333333333334
0 0.74921875 0.04583333333333333 0.0296875 0.03333333333333333
0 0.9854241071428571 0.01718253968253968 0.021294642857142776 0.02476190476190476
1 0.57109375 0.13333333333333333 0.0890625 0.1125
1 0.3203125 0.21041666666666667 0.103125 0.09583333333333334
