0 0.26484375 0.4354166666666667 0.0265625 0.0375
0 0.23828125 0.5770833333333333 0.0265625 0.0375
0 0.24106386952191236 0.85625 0.0265625 0.0375
0 0.19453125 0.8458333333333333 0.0265625 0.0375
0 0.08359375 0.80625 0.0265625 0.0375
0 0.005703125 0.8032291666666665 0.01140625 0.03270833333333331
0 0.13515625 0.18958333333333333 0.0265625 0.0375
0 0.31595982142857143 0.22886904761904764 0.0265625 0.041666666666666664
0 0.23948958333333334 0.17113333333333333 0.0265625 0.0375
0 0.2753048155737705 0.23373633879781422 0.0265625 0.0375
0 0.24396247384937236 0.37364016736401673 0.0265625 0.0375
0 0.5370527543923865 0.977528672523182 0.0265625 0.0375
0 0.6298356180297398 0.6085966542750929 0.0265625 0.0375
0 0.48828125 0.86875 0.0265625 0.0375
0 0.84296875 0.85625 0.0265625 0.0375
0 0.83359375 0.98125 0.0265625 0.0375
0 0.8439309512867647 0.7541666666666667 0.0265625 0.0375
0 0.828125 0.43645833333333334 0.025 0.03958333333333333
0 0.8648975840336135 0.409375 0.025 0.03958333333333333
0 0.638375 0.233 0.0265625 0.03333333333333333
0 0.7588316941624366 0.10384940778341795 0.0265625 0.03333333333333333
0 0.71015625 0.6354166666666666 0.0265625 0.03333333333333333
0 0.5297297297297298 0.5902871621621621 0.0296875 0.03333333333333333
0 0.4658118206521739 0.4320425724637681 0.0265625 0.03333333333333333
0 0.865625 0.38333333333333336 0.028125 0.0375
0 0.942322198275862 0.9491379310344829 0.0234375 0.035416666666666666
0 0.58828125 0.11875 0.0296875 0.05
0 0.6015625 0.20625 0.025 0.04583333333333333
0 0.85625 0.22395833333333334 0.0375 0.04375
0 0.4911824939320389 0.7513400080906149 0.0421875 0.04375
0 0.9559895833333332 0.5125 0.02864583333333339 0.03888888888888893
0 0.48575403620352253 0.045036285061969994 0.025 0.027083333333333334
0 0.5071358267716535 0.022153871391076118 0.0296875 0.03125000000000001
0 0.35860719086021503 0.057538082437275984 0.0234375 0.027083333333333334
1 0.57109375 0.13333333333333333 0.0890625 0.1125
1 0.3203125 0.21041666666666667 0.103125 0.09583333333333334
