0 0.27394220132743363 0.4190388397246804 0.0265625 0.0375
0 0.23828125 0.5794307511737089 0.0265625 0.0375
0 0.2441424589201878 0.8531201095461659 0.0265625 0.0375
0 0.19453125 0.8458333333333333 0.0265625 0.0375
0 0.08359375 0.80625 0.0265625 0.0375
0 0.027541813380281686 0.729685054773083 0.0265625 0.0375
0 0.13515625 0.18958333333333333 0.0265625 0.0375
0 0.21119791666666665 0.1525793650793651 0.02656249999999998 0.0375
0 0.29921875 0.10347222222222222 0.0265625 0.0375
0 0.2844087230215827 0.21766336930455635 0.0265625 0.0375
0 0.3128924589201878 0.30806924882629105 0.0265625 0.0375
0 0.36015625 0.2625 0.0265625 0.041666666666666664
0 0.576962294600939 0.8846244131455399 0.0265625 0.0375
0 0.6440525650289017 0.5665040944123315 0.0265625 0.0375
0 0.48828125 0.86875 0.0265625 0.0375
0 0.68515625 0.7916666666666666 0.0234375 0.0375
0 0.8480529014726507 0.8409975455820476 0.0265625 0.0375
0 0.8386779014726506 0.9659975455820476 0.0265625 0.0375
0 0.854594363604488 0.7490825151940158 0.0265625 0.0375
0 0.9690104166666667 0.8190972222222223 0.0265625 0.04375
0 0.828125 0.43645833333333334 0.025 0.03958333333333333
0 0.8682261029411764 0.409375 0.025 0.03958333333333333
0 0.6314062500000001 0.16520833333333332 0.0234375 0.035416666666666666
0 0.6713457661290323 0.14065860215053763 0.0265625 0.03333333333333333
0 0.7711339170951157 0.06677377892030849 0.0265625 0.03333333333333334
0 0.7113299589201878 0.6369816118935837 0.0265625 0.03333333333333333
0 0.5902325410798122 0.4882726917057903 0.0265625 0.03333333333333333
0 0.4988299589201878 0.3872359154929577 0.0265625 0.03333333333333333
0 0.00625 0.509375 0.0125 0.035416666666666666
0 0.01552734375 0.2333984375 0.0265625 0.03333333333333333
0 0.16640625 0.26979166666666665 0.028125 0.0375
0 0.7763020833333333 0.70625 0.0265625 0.03333333333333333
0 0.9908935546875 0.77431640625 0.018212890625 0.0345703125
0 0.6296875 0.4527083333333334 0.025 0.03458333333333332
0 0.58828125 0.11875 0.0296875 0.05
0 0.6015625 0.20625 0.025 0.04583333333333333
0 0.29453125 0.58125 0.0359375 0.04583333333333333
0 0.46484375 0.55 0.0328125 0.0375
0 0.85625 0.22395833333333334 0.0375 0.04375
0 0.5107421875 0.7220052083333334 0.0421875 0.04375
1 0.57109375 0.13333333333333333 0.0890625 0.1125
1 0.3203125 0.21041666666666667 0.103125 0.09583333333333334
