0 0.26484375 0.4354166666666667 0.0265625 0.0375
0 0.23828125 0.5770833333333333 0.0265625 0.0375
0 0.23996825199203187 0.85625 0.0265625 0.0375
0 0.19453125 0.8458333333333333 0.0265625 0.0375
0 0.08359375 0.80625 0.0265625 0.0375
0 0.13515625 0.18958333333333333 0.0265625 0.0375
0 0.20390625 0.2375 0.0265625 0.041666666666666664
0 0.2079720222513089 0.19443717277486913 0.02656249999999998 0.0375
0 0.2619140625 0.26791666666666664 0.0265625 0.0375
0 0.21696275684931504 0.4013413242009133 0.0265625 0.0375
0 0.53984375 0.98125 0.0265625 0.0375
0 0.6283440115062762 0.6059449093444909 0.0265625 0.0375
0 0.48828125 0.86875 0.0265625 0.0375
0 0.84296875 0.85625 0.0265625 0.0375
0 0.83359375 0.98125 0.0265625 0.0375
0 0.84140625 0.779656862745098 0.0265625 0.0375
0 0.828125 0.43645833333333334 0.025 0.03958333333333333
0 0.8640625 0.409375 0.025 0.03958333333333333
0 0.6278958573903003 0.239092571208622 0.0265625 0.03333333333333333
0 0.73671875 0.15243055555555557 0.0265625 0.03333333333333333
0 0.71015625 0.6354166666666666 0.0265625 0.03333333333333333
0 0.49320509453781514 0.6119572829131653 0.0296875 0.03333333333333333
0 0.4587571914225942 0.47095536959553697 0.0265625 0.03333333333333333
0 0.58828125 0.11875 0.0296875 0.05
0 0.6015625 0.20625 0.025 0.04583333333333333
0 0.85625 0.22395833333333334 0.0375 0.04375
0 0.4853420813106796 0.7591272249190939 0.0421875 0.04375
0 0.6954458841463415 0.9629827235772358 0.0296875 0.03958333333333333
0 0.1975852272727273 0.713415404040404 0.025000000000000022 0.03958333333333333
0 0.48171783268101764 0.05041788975864318 0.025 0.027083333333333334
0 0.5098425196850394 0.029371719160104986 0.0296875 0.03125
0 0.35703125 0.06354166666666666 0.0234375 0.027083333333333334
0 0.78125 0.378125 0.034375 0.03958333333333333
0 0.9713113839285714 0.038787202380952374 0.024430803571428683 0.037306547619047614
1 0.57109375 0.13333333333333333 0.0890625 0.1125
1 0.3203125 0.21041666666666667 0.103125 0.09583333333333334
