0 0.26484375 0.4354166666666667 0.0265625 0.0375
0 0.23828125 0.5770833333333333 0.0265625 0.0375
0 0.2410539093625498 0.85625 0.0265625 0.0375
0 0.19453125 0.8458333333333333 0.0265625 0.0375
0 0.08359375 0.80625 0.0265625 0.0375
0 0.005688920454545455 0.8036647727272727 0.01137784090909091 0.03274621212121218
0 0.13515625 0.18958333333333333 0.0265625 0.0375
0 0.31417410714285715 0.22767857142857145 0.0265625 0.041666666666666664
0 0.23940625 0.17140000000000002 0.0265625 0.0375
0 0.27516137295081966 0.23403688524590163 0.0265625 0.0375
0 0.24367481694560672 0.3738145048814505 0.0265625 0.0375
0 0.53708935761347 0.9775774768179599 0.0265625 0.0375
0 0.629870469330855 0.6086586121437423 0.0265625 0.0375
0 0.48828125 0.86875 0.0265625 0.0375
0 0.84296875 0.85625 0.0265625 0.0375
0 0.83359375 0.98125 0.0265625 0.0375
0 0.8438275505514706 0.7541666666666667 0.0265625 0.0375
0 0.828125 0.43645833333333334 0.025 0.03958333333333333
0 0.8648818277310925 0.409375 0.025 0.03958333333333333
0 0.6379374999999999 0.23316666666666666 0.0265625 0.03333333333333333
0 0.7587047906091371 0.10401861252115059 0.0265625 0.03333333333333333
0 0.71015625 0.6354166666666666 0.0265625 0.03333333333333333
0 0.5294341216216216 0.5905686936936937 0.0296875 0.03333333333333333
0 0.46560801630434784 0.4323143115942029 0.0265625 0.03333333333333333
0 0.859375 0.3902777777777778 0.028125 0.0375
0 0.9419630028735633 0.9500478927203065 0.0234375 0.035416666666666666
0 0.58828125 0.11875 0.0296875 0.05
0 0.6015625 0.20625 0.025 0.04583333333333333
0 0.85625 0.22395833333333334 0.0375 0.04375
0 0.4911293992718447 0.7514108009708738 0.0421875 0.04375
0 0.9489955357142857 0.5186011904761905 0.0296875 0.039583333333333394
0 0.14474431818181818 0.9818181818181818 0.0203125 0.03125
0 0.485717343444227 0.045085208741030655 0.025 0.027083333333333334
0 0.5071604330708661 0.022219488188976382 0.0296875 0.03125000000000001
0 0.3585131048387097 0.05789650537634408 0.0234375 0.027083333333333334
1 0.57109375 0.13333333333333333 0.0890625 0.1125
1 0.3203125 0.21041666666666667 0.103125 0.09583333333333334
