0 0.26484375 0.4354166666666667 0.0265625 0.0375
0 0.23828125 0.5770833333333333 0.0265625 0.0375
0 0.24165151892430278 0.85625 0.0265625 0.0375
0 0.19453125 0.8458333333333333 0.0265625 0.0375
0 0.08359375 0.80625 0.0265625 0.0375
0 0.012193943298969072 0.7732495704467354 0.024387886597938144 0.03653350515463908
0 0.13515625 0.18958333333333333 0.0265625 0.0375
0 0.3046875 0.25 0.0265625 0.041666666666666664
0 0.24440625 0.1554 0.0265625 0.0375
0 0.28098583633093527 0.22222721822541966 0.0265625 0.0375
0 0.2672132554945055 0.36144688644688644 0.0265625 0.0375
0 0.5348931643484627 0.9746492191312836 0.0265625 0.0375
0 0.6277793912639404 0.6049411400247832 0.0265625 0.0375
0 0.48828125 0.86875 0.0265625 0.0375
0 0.84296875 0.85625 0.0265625 0.0375
0 0.83359375 0.98125 0.0265625 0.0375
0 0.8500315946691176 0.7541666666666667 0.0265625 0.0375
0 0.828125 0.43645833333333334 0.025 0.03958333333333333
0 0.865827205882353 0.409375 0.025 0.03958333333333333
0 0.6590435606060606 0.20145202020202022 0.0265625 0.03333333333333333
0 0.7653583082329317 0.09272088353413656 0.0265625 0.03333333333333333
0 0.71015625 0.6354166666666666 0.0265625 0.03333333333333333
0 0.5552108616504855 0.5553398058252428 0.0296875 0.03333333333333333
0 0.47627793874172186 0.4158388520971303 0.0265625 0.03333333333333333
0 0.6515625 0.5125 0.028125 0.0375
0 0.9629687499999999 0.888125 0.0234375 0.035416666666666666
0 0.58828125 0.11875 0.0296875 0.05
0 0.6015625 0.20625 0.025 0.04583333333333333
0 0.85625 0.22395833333333334 0.0375 0.04375
0 0.84609375 0.14166666666666666 0.0328125 0.0375
0 0.49431507888349513 0.7471632281553399 0.0421875 0.04375
0 0.5010148195876288 0.030874140893470788 0.025 0.027083333333333334
0 0.5077414772727272 0.015388257575757576 0.0296875 0.01875
0 0.36415826612903224 0.036391129032258066 0.0234375 0.027083333333333334
1 0.57109375 0.13333333333333333 0.0890625 0.1125
1 0.3203125 0.21041666666666667 0.103125 0.09583333333333334
