0 0.2739975110619469 0.41884218289085545 0.0265625 0.0375
0 0.23828125 0.5795481220657277 0.0265625 0.0375
0 0.2442011443661972 0.8529636150234742 0.0265625 0.0375
0 0.19453125 0.8458333333333333 0.0265625 0.0375
0 0.08359375 0.80625 0.0265625 0.0375
0 0.027629841549295774 0.7296068075117371 0.0265625 0.0375
0 0.13515625 0.18958333333333333 0.0265625 0.0375
0 0.20911458333333335 0.1521825396825397 0.026562500000000024 0.0375
0 0.2996875 0.10319444444444444 0.0265625 0.0375
0 0.28443120503597125 0.2176333932853717 0.0265625 0.0375
0 0.3129511443661972 0.30795187793427226 0.0265625 0.0375
0 0.36171875 0.26145833333333335 0.0265625 0.041666666666666664
0 0.577255721830986 0.8842723004694836 0.0265625 0.0375
0 0.6441609465317919 0.5663836705202312 0.0265625 0.0375
0 0.48828125 0.86875 0.0265625 0.0375
0 0.65390625 0.79375 0.0234375 0.0375
0 0.8480879645862552 0.8408923562412343 0.0265625 0.0375
0 0.8387129645862552 0.9658923562412343 0.0265625 0.0375
0 0.8546206609396915 0.7490474520804115 0.0265625 0.0375
0 0.9513020833333334 0.8121527777777777 0.0265625 0.04375
0 0.828125 0.43645833333333334 0.025 0.03958333333333333
0 0.8682418592436975 0.409375 0.025 0.03958333333333333
0 0.636328125 0.15625 0.0234375 0.035416666666666666
0 0.6714321716589862 0.14031298003072198 0.0265625 0.03333333333333335
0 0.7710857165809768 0.0666452442159383 0.0265625 0.03333333333333334
0 0.7113886443661972 0.6370598591549296 0.0265625 0.03333333333333333
0 0.5901738556338028 0.4879988262910798 0.0265625 0.03333333333333333
0 0.4988886443661972 0.3871185446009389 0.0265625 0.03333333333333333
0 0.01484375 0.5083333333333333 0.0296875 0.0375
0 0.01565755208333333 0.2326171875 0.0265625 0.03333333333333333
0 0.16015625 0.27291666666666664 0.028125 0.0375
0 0.78828125 0.7083333333333334 0.0265625 0.03333333333333333
0 0.9907679966517857 0.7741489955357144 0.01846400669642865 0.03453311011904757
0 0.6307291666666667 0.43506944444444445 0.025 0.035416666666666666
0 0.58828125 0.11875 0.0296875 0.05
0 0.6015625 0.20625 0.025 0.04583333333333333
0 0.29453125 0.5979166666666667 0.0390625 0.041666666666666664
0 0.48359375 0.5494791666666666 0.0328125 0.0375
0 0.85625 0.22395833333333334 0.0375 0.04375
0 0.5108655427631579 0.721813322368421 0.0421875 0.04375
1 0.57109375 0.13333333333333333 0.0890625 0.1125
1 0.3203125 0.21041666666666667 0.103125 0.09583333333333334
