0 0.26484375 0.4354166666666667 0.0265625 0.0375
0 0.23828125 0.5770833333333333 0.0265625 0.0375
0 0.2407824950199203 0.85625 0.0265625 0.0375
0 0.19453125 0.8458333333333333 0.0265625 0.0375
0 0.08359375 0.80625 0.0265625 0.0375
0 0.00546875 0.8104166666666667 0.0109375 0.03333333333333333
0 0.13515625 0.18958333333333333 0.0265625 0.0375
0 0.30390625 0.21666666666666667 0.0265625 0.041666666666666664
0 0.23282490079365079 0.17409060846560848 0.0265625 0.0375
0 0.2712525614754099 0.24222677595628414 0.0265625 0.0375
0 0.23651041666666667 0.3794444444444444 0.0265625 0.0375
0 0.5380867953879942 0.9789073938506588 0.0265625 0.0375
0 0.6308201672862453 0.6103469640644362 0.0265625 0.0375
0 0.48828125 0.86875 0.0265625 0.0375
0 0.84296875 0.85625 0.0265625 0.0375
0 0.83359375 0.98125 0.0265625 0.0375
0 0.8410098805147058 0.7541666666666667 0.0265625 0.0375
0 0.828125 0.43645833333333334 0.025 0.03958333333333333
0 0.864452468487395 0.409375 0.025 0.03958333333333333
0 0.6314358400692841 0.23594591993841416 0.0265625 0.03333333333333333
0 0.755392263986014 0.10894522144522144 0.0265625 0.03333333333333333
0 0.71015625 0.6354166666666666 0.0265625 0.03333333333333333
0 0.5213788006756757 0.598240427927928 0.0296875 0.03333333333333333
0 0.4627151268115942 0.4427938808373591 0.0265625 0.03333333333333333
0 0.9859375 0.39375 0.028125 0.0375
0 0.9297502281021897 0.9707496958637469 0.0234375 0.035416666666666666
0 0.58828125 0.11875 0.0296875 0.05
0 0.6015625 0.20625 0.025 0.04583333333333333
0 0.85625 0.22395833333333334 0.0375 0.04375
0 0.4896825697815534 0.7533399069579289 0.0421875 0.04375
0 0.8747395833333333 0.634375 0.0296875 0.03958333333333333
0 0.14140625 0.9291666666666667 0.025 0.03958333333333333
0 0.192578125 0.978125 0.028125 0.029166666666666667
0 0.48471746575342467 0.04641837899543379 0.025 0.027083333333333334
0 0.5078309547244094 0.024007545931758533 0.0296875 0.03125000000000001
0 0.35703125 0.06354166666666666 0.0234375 0.027083333333333334
0 0.9877343749999999 0.013645833333333333 0.020781249999999928 0.022708333333333334
1 0.57109375 0.13333333333333333 0.0890625 0.1125
1 0.3203125 0.21041666666666667 0.103125 0.09583333333333334
