0 0.26484375 0.4354166666666667 0.0265625 0.0375
0 0.23828125 0.5770833333333333 0.0265625 0.0375
0 0.240867156374502 0.85625 0.0265625 0.0375
0 0.19453125 0.8458333333333333 0.0265625 0.0375
0 0.08359375 0.80625 0.0265625 0.0375
0 0.00546875 0.8104166666666667 0.0109375 0.03333333333333333
0 0.13515625 0.18958333333333333 0.0265625 0.0375
0 0.30934103260869567 0.22182971014492753 0.0265625 0.041666666666666664
0 0.23619791666666665 0.17465277777777777 0.0265625 0.0375
0 0.27247182377049184 0.239672131147541 0.0265625 0.0375
0 0.23828125 0.3770833333333333 0.0265625 0.0375
0 0.5377756680087848 0.9784925573450464 0.0265625 0.0375
0 0.6305239312267659 0.609820322180917 0.0265625 0.0375
0 0.48828125 0.86875 0.0265625 0.0375
0 0.84296875 0.85625 0.0265625 0.0375
0 0.83359375 0.98125 0.0265625 0.0375
0 0.8418887867647058 0.7541666666666667 0.0265625 0.0375
0 0.828125 0.43645833333333334 0.025 0.03958333333333333
0 0.8645863970588236 0.409375 0.025 0.03958333333333333
0 0.6318039116628176 0.23561874518860662 0.0265625 0.03333333333333333
0 0.7563253489847716 0.1071912013536379 0.0265625 0.03333333333333333
0 0.71015625 0.6354166666666666 0.0265625 0.03333333333333333
0 0.5238914695945945 0.5958474099099099 0.0296875 0.03333333333333333
0 0.46348505434782605 0.4393719806763285 0.0265625 0.03333333333333333
0 0.9395833333333334 0.3680555555555555 0.028125 0.0375
0 0.9340157390510949 0.9650623479318735 0.0234375 0.035416666666666666
0 0.58828125 0.11875 0.0296875 0.05
0 0.6015625 0.20625 0.025 0.04583333333333333
0 0.85625 0.22395833333333334 0.0375 0.04375
0 0.4901338743932039 0.7527381674757282 0.0421875 0.04375
0 0.9080729166666666 0.6059027777777778 0.0296875 0.03958333333333333
0 0.1414607558139535 0.9462451550387597 0.025 0.03958333333333333
0 0.48502935420743637 0.04600252772341814 0.025 0.027083333333333338
0 0.5076218011811024 0.023449803149606298 0.0296875 0.031249999999999997
0 0.35703125 0.06354166666666666 0.0234375 0.027083333333333334
0 0.9894419642857143 0.011031746031746031 0.020401785714285837 0.021190476190476194
1 0.57109375 0.13333333333333333 0.0890625 0.1125
1 0.3203125 0.21041666666666667 0.103125 0.09583333333333334
