0 0.2755600110619469 0.41328662733529986 0.0265625 0.0375
0 0.23828125 0.5828638497652583 0.0265625 0.0375
0 0.24585900821596246 0.8485426447574335 0.0265625 0.0375
0 0.19453125 0.8458333333333333 0.0265625 0.0375
0 0.08359375 0.80625 0.0265625 0.0375
0 0.030116637323943662 0.7273963223787168 0.0265625 0.0375
0 0.13515625 0.18958333333333333 0.0265625 0.0375
0 0.19262152777777777 0.10949074074074075 0.0265625 0.0375
0 0.3129569575471698 0.09500786163522013 0.0265625 0.0375
0 0.285066321942446 0.2167865707434053 0.0265625 0.0375
0 0.31460900821596244 0.3046361502347418 0.0265625 0.0375
0 0.43828125 0.09791666666666667 0.0265625 0.0375
0 0.5855450410798122 0.874325117370892 0.0265625 0.0375
0 0.6472227239884394 0.5629816955684007 0.0265625 0.0375
0 0.48828125 0.86875 0.0265625 0.0375
0 0.44765625 0.7854166666666667 0.0265625 0.0375
0 0.8490784975455821 0.8379207573632538 0.0265625 0.0375
0 0.839703497545582 0.9629207573632538 0.0265625 0.0375
0 0.8553635606591865 0.7480569191210846 0.0265625 0.0375
0 0.87078125 0.6641666666666667 0.0265625 0.0375
0 0.828125 0.43645833333333334 0.025 0.03958333333333333
0 0.868686974789916 0.409375 0.025 0.03958333333333333
0 0.6755974264705882 0.1881127450980392 0.0234375 0.03333333333333333
0 0.6738731278801844 0.13054915514592932 0.0265625 0.03333333333333332
0 0.73828125 0.09375 0.0265625 0.03333333333333333
0 0.7697240520565553 0.06301413881748072 0.0265625 0.03333333333333333
0 0.7130465082159624 0.6392703442879498 0.0265625 0.03333333333333333
0 0.5885159917840376 0.4802621283255086 0.0265625 0.03333333333333333
0 0.5005465082159624 0.38380281690140844 0.0265625 0.03333333333333333
0 0.18515625 0.6184523809523809 0.0265625 0.03333333333333333
0 0.015705818965517242 0.21573275862068966 0.0265625 0.03333333333333333
0 0.05078125 0.18333333333333332 0.0265625 0.03333333333333333
0 0.7296875 0.9895833333333334 0.01875 0.020833333333333332
0 0.6606770833333333 0.9597222222222223 0.0265625 0.03333333333333333
0 0.73203125 0.8395833333333333 0.0265625 0.03333333333333333
0 0.9872209821428571 0.7694196428571428 0.025558035714285766 0.03348214285714282
0 0.55703125 0.23645833333333333 0.025 0.035416666666666666
0 0.58828125 0.11875 0.0296875 0.05
0 0.6015625 0.20625 0.025 0.04583333333333333
0 0.37109375 0.765625 0.0328125 0.035416666666666666
0 0.8125 0.64375 0.028125 0.03333333333333333
0 0.85625 0.22395833333333334 0.0375 0.04375
0 0.5143503289473684 0.7163925438596491 0.0421875 0.04375
