0 0.26484375 0.4354166666666667 0.0265625 0.0375
0 0.23828125 0.5770833333333333 0.0265625 0.0375
0 0.24148219621513944 0.85625 0.0265625 0.0375
0 0.19453125 0.8458333333333333 0.0265625 0.0375
0 0.08359375 0.80625 0.0265625 0.0375
0 0.007264819587628866 0.784203178694158 0.014529639175257732 0.03215206185567006
0 0.13515625 0.18958333333333333 0.0265625 0.0375
0 0.30390625 0.24375 0.0265625 0.041666666666666664
0 0.24298958333333331 0.15993333333333334 0.0265625 0.0375
0 0.28060364208633093 0.22273681055155875 0.0265625 0.0375
0 0.25670501373626375 0.3661172161172161 0.0265625 0.0375
0 0.5355154191068814 0.9754788921425085 0.0265625 0.0375
0 0.6283718633828996 0.6059944237918216 0.0265625 0.0375
0 0.48828125 0.86875 0.0265625 0.0375
0 0.84296875 0.85625 0.0265625 0.0375
0 0.83359375 0.98125 0.0265625 0.0375
0 0.8482737821691175 0.7541666666666667 0.0265625 0.0375
0 0.828125 0.43645833333333334 0.025 0.03958333333333333
0 0.8655593487394958 0.409375 0.025 0.03958333333333333
0 0.6512319711538461 0.21606570512820514 0.0265625 0.03333333333333333
0 0.7636514809236947 0.09613453815261044 0.0265625 0.03333333333333333
0 0.71015625 0.6354166666666666 0.0265625 0.03333333333333333
0 0.5500530946601943 0.5704692556634304 0.0296875 0.03333333333333333
0 0.47346336920529797 0.4205298013245033 0.0265625 0.03333333333333333
0 0.68125 0.4625 0.028125 0.0375
0 0.9575771837349398 0.9080446787148594 0.0234375 0.035416666666666666
0 0.58828125 0.11875 0.0296875 0.05
0 0.6015625 0.20625 0.025 0.04583333333333333
0 0.85625 0.22395833333333334 0.0375 0.04375
0 0.80390625 0.0625 0.0296875 0.03333333333333333
0 0.4934124696601942 0.7483667071197411 0.0421875 0.04375
0 0.49626825601374575 0.03525558419243986 0.025 0.027083333333333334
0 0.50703125 0.017248774509803923 0.0296875 0.02199754901960784
0 0.36255880376344085 0.04248431899641577 0.0234375 0.02708333333333333
1 0.57109375 0.13333333333333333 0.0890625 0.1125
1 0.3203125 0.21041666666666667 0.103125 0.09583333333333334
