0 0.26484375 0.4354166666666667 0.0265625 0.0375
0 0.23828125 0.5770833333333333 0.0265625 0.0375
0 0.24045878984063745 0.85625 0.0265625 0.0375
0 0.19453125 0.8458333333333333 0.0265625 0.0375
0 0.08359375 0.80625 0.0265625 0.0375
0 0.13515625 0.18958333333333333 0.0265625 0.0375
0 0.28828125 0.2046875 0.0265625 0.041666666666666664
0 0.22021821120689652 0.17609554597701152 0.0265625 0.0375
0 0.26858915441176473 0.2496017156862745 0.0265625 0.0375
0 0.2292578125 0.3852604166666667 0.0265625 0.0375
0 0.5392764000732064 0.9804935334309419 0.0265625 0.0375
0 0.6319528345724907 0.6123605947955391 0.0265625 0.0375
0 0.48828125 0.86875 0.0265625 0.0375
0 0.84296875 0.85625 0.0265625 0.0375
0 0.83359375 0.98125 0.0265625 0.0375
0 0.8376493566176471 0.7541666666666667 0.0265625 0.0375
0 0.828125 0.43645833333333334 0.025 0.03958333333333333
0 0.8640625 0.409375 0.025 0.03958333333333333
0 0.6300285075057737 0.23719688221709007 0.0265625 0.03333333333333333
0 0.7539718094405594 0.1203088578088578 0.0265625 0.03333333333333333
0 0.71015625 0.6354166666666666 0.0265625 0.03333333333333333
0 0.5123355263157895 0.6019188596491228 0.0296875 0.03333333333333333
0 0.460045109832636 0.4555003486750349 0.0265625 0.03333333333333333
0 0.9139196908602152 0.9891241039426523 0.025487231182795788 0.021751792114695336
0 0.58828125 0.11875 0.0296875 0.05
0 0.6015625 0.20625 0.025 0.04583333333333333
0 0.85625 0.22395833333333334 0.0375 0.04375
0 0.4879569933252427 0.7556406755663431 0.0421875 0.04375
0 0.8165264423076923 0.8034455128205128 0.0296875 0.03958333333333333
0 0.175 0.8532793209876544 0.025 0.03958333333333333
0 0.0390625 0.8482638888888889 0.03125 0.03958333333333333
0 0.483524951076321 0.048008398564905415 0.025 0.027083333333333334
0 0.5086306594488189 0.02614009186351706 0.0296875 0.03125
0 0.35703125 0.06354166666666666 0.0234375 0.027083333333333334
0 0.74609375 0.14479166666666668 0.021875 0.03958333333333333
0 0.9812053571428571 0.023640873015873018 0.02223214285714281 0.02851190476190476
1 0.57109375 0.13333333333333333 0.0890625 0.1125
1 0.3203125 0.21041666666666667 0.103125 0.09583333333333334
