0 0.26484375 0.4354166666666667 0.0265625 0.0375
0 0.23828125 0.5770833333333333 0.0265625 0.0375
0 0.23993339143426295 0.85625 0.0265625 0.0375
0 0.19453125 0.8458333333333333 0.0265625 0.0375
0 0.08359375 0.80625 0.0265625 0.0375
0 0.13515625 0.18958333333333333 0.0265625 0.0375
0 0.20494791666666665 0.24791666666666667 0.02656249999999998 0.041666666666666664
0 0.2072848494764398 0.19596422338568936 0.0265625 0.0375
0 0.26100260416666665 0.2698611111111111 0.0265625 0.0375
0 0.21606378424657535 0.4025399543378995 0.0265625 0.0375
0 0.53984375 0.98125 0.0265625 0.0375
0 0.628069429916318 0.6054567642956764 0.0265625 0.0375
0 0.48828125 0.86875 0.0265625 0.0375
0 0.84296875 0.85625 0.0265625 0.0375
0 0.83359375 0.98125 0.0265625 0.0375
0 0.84140625 0.78125 0.0265625 0.0375
0 0.828125 0.43645833333333334 0.025 0.03958333333333333
0 0.8640625 0.409375 0.025 0.03958333333333333
0 0.6277442984988453 0.23922729022324865 0.0265625 0.03333333333333333
0 0.73671875 0.15405092592592592 0.0265625 0.03333333333333333
0 0.71015625 0.6354166666666666 0.0265625 0.03333333333333333
0 0.4918264180672269 0.6126925770308123 0.0296875 0.03333333333333333
0 0.4586656642259414 0.4720536959553696 0.0265625 0.03333333333333333
0 0.58828125 0.11875 0.0296875 0.05
0 0.6015625 0.20625 0.025 0.04583333333333333
0 0.85625 0.22395833333333334 0.0375 0.04375
0 0.48515625 0.759375 0.0421875 0.04375
0 0.6874428353658536 0.9715193089430894 0.0296875 0.03958333333333333
0 0.1919880319148936 0.710261524822695 0.025 0.03958333333333333
0 0.4815894080234834 0.05058912263535551 0.025 0.027083333333333334
0 0.5099286417322835 0.029601377952755904 0.0296875 0.031249999999999997
0 0.35703125 0.06354166666666666 0.0234375 0.027083333333333334
0 0.78046875 0.396875 0.034375 0.03958333333333333
0 0.9706082589285714 0.039863591269841264 0.02458705357142854 0.037931547619047615
1 0.57109375 0.13333333333333333 0.0890625 0.1125
1 0.3203125 0.21041666666666667 0.103125 0.09583333333333334
