0 0.2744952986725664 0.41707227138643066 0.0265625 0.0375
0 0.23828125 0.5806044600938967 0.0265625 0.0375
0 0.2447293133802817 0.8515551643192488 0.0265625 0.0375
0 0.19453125 0.8458333333333333 0.0265625 0.0375
0 0.08359375 0.80625 0.0265625 0.0375
0 0.028422095070422537 0.7289025821596244 0.0265625 0.0375
0 0.13515625 0.18958333333333333 0.0265625 0.0375
0 0.20196496212121212 0.1413510101010101 0.0265625 0.037499999999999985
0 0.30390625 0.10069444444444445 0.0265625 0.0375
0 0.28463354316546763 0.21736360911270983 0.0265625 0.0375
0 0.3134793133802817 0.30689553990610324 0.0265625 0.0375
0 0.397265625 0.20364583333333333 0.0265625 0.041666666666666664
0 0.5798965669014085 0.8811032863849765 0.0265625 0.0375
0 0.6451363800578035 0.5652998554913294 0.0265625 0.0375
0 0.48828125 0.86875 0.0265625 0.0375
0 0.59921875 0.8041666666666667 0.025520833333333392 0.0375
0 0.8484035326086957 0.839945652173913 0.0265625 0.0375
0 0.8390285326086957 0.964945652173913 0.0265625 0.0375
0 0.8548573369565217 0.748731884057971 0.0265625 0.0375
0 0.9283854166666666 0.7621527777777778 0.0265625 0.04375
0 0.828125 0.43645833333333334 0.025 0.03958333333333333
0 0.8683836659663866 0.409375 0.025 0.03958333333333333
0 0.66609375 0.14229166666666665 0.0234375 0.035416666666666666
0 0.6722098214285714 0.13720238095238096 0.0265625 0.03333333333333335
0 0.7706519119537275 0.06548843187660669 0.0265625 0.03333333333333334
0 0.7119168133802817 0.6377640845070423 0.0265625 0.03333333333333333
0 0.5896456866197183 0.48553403755868546 0.0265625 0.03333333333333333
0 0.4994168133802817 0.38606220657276996 0.0265625 0.03333333333333333
0 0.07203125 0.47833333333333333 0.0296875 0.0375
0 0.01682942708333333 0.2255859375 0.0265625 0.03333333333333333
0 0.12437499999999999 0.27375 0.028125 0.0375
0 0.75625 0.75625 0.0265625 0.03333333333333333
0 0.9896379743303572 0.7726422991071428 0.020724051339285766 0.034198288690476156
0 0.60625 0.3663194444444445 0.025 0.035416666666666666
0 0.58828125 0.11875 0.0296875 0.05
0 0.6015625 0.20625 0.025 0.04583333333333333
0 0.31119791666666663 0.6673611111111111 0.0390625 0.041666666666666664
0 0.5859375 0.6072916666666667 0.028125 0.035416666666666666
0 0.85625 0.22395833333333334 0.0375 0.04375
0 0.511975740131579 0.7200863486842105 0.0421875 0.04375
