0 0.26484375 0.4354166666666667 0.0265625 0.0375
0 0.23828125 0.5770833333333333 0.0265625 0.0375
0 0.24023717629482072 0.85625 0.0265625 0.0375
0 0.19453125 0.8458333333333333 0.0265625 0.0375
0 0.08359375 0.80625 0.0265625 0.0375
0 0.13515625 0.18958333333333333 0.0265625 0.0375
0 0.26484375 0.20572916666666666 0.0265625 0.041666666666666664
0 0.21327306937172774 0.18265706806282722 0.0265625 0.0375
0 0.26722972972972975 0.2550394144144144 0.0265625 0.03749999999999997
0 0.224853515625 0.3944227430555555 0.0265625 0.0375
0 0.53984375 0.98125 0.0265625 0.0375
0 0.6304622123430963 0.60971059972106 0.0265625 0.0375
0 0.48828125 0.86875 0.0265625 0.0375
0 0.84296875 0.85625 0.0265625 0.0375
0 0.83359375 0.98125 0.0265625 0.0375
0 0.8412357954545454 0.7662121212121211 0.0265625 0.0375
0 0.828125 0.43645833333333334 0.025 0.03958333333333333
0 0.8640625 0.409375 0.025 0.03958333333333333
0 0.6290650259815243 0.23805331023864512 0.0265625 0.03333333333333333
0 0.7432602611940299 0.136318407960199 0.0265625 0.03333333333333333
0 0.71015625 0.6354166666666666 0.0265625 0.03333333333333333
0 0.5038405987394958 0.6062850140056022 0.0296875 0.03333333333333333
0 0.45946325836820084 0.4624825662482566 0.0265625 0.03333333333333333
0 0.58828125 0.11875 0.0296875 0.05
0 0.6015625 0.20625 0.025 0.04583333333333333
0 0.85625 0.22395833333333334 0.0375 0.04375
0 0.4867756371359223 0.7572158171521035 0.0421875 0.04375
0 0.766796875 0.8969494047619048 0.0296875 0.03958333333333333
0 0.194921875 0.8244791666666667 0.025 0.03958333333333333
0 0.4827085371819961 0.04909695042400521 0.025 0.027083333333333334
0 0.5091781496062991 0.0276000656167979 0.0296875 0.03125
0 0.35703125 0.06354166666666666 0.0234375 0.027083333333333334
0 0.771875 0.24479166666666666 0.034375 0.03958333333333333
0 0.9767354910714285 0.030483630952380953 0.023225446428571318 0.032485119047619054
1 0.57109375 0.13333333333333333 0.0890625 0.1125
1 0.3203125 0.21041666666666667 0.103125 0.09583333333333334
