0 0.26484375 0.4354166666666667 0.0265625 0.0375
0 0.23828125 0.5770833333333333 0.0265625 0.0375
0 0.24090201693227092 0.85625 0.0265625 0.0375
0 0.19453125 0.8458333333333333 0.0265625 0.0375
0 0.08359375 0.80625 0.0265625 0.0375
0 0.005472301136363636 0.8103077651515151 0.010944602272727273 0.033323863636363645
0 0.13515625 0.18958333333333333 0.0265625 0.0375
0 0.3102110745614035 0.22284356725146198 0.0265625 0.041666666666666664
0 0.23758680555555553 0.17488425925925927 0.0265625 0.0375
0 0.27297387295081965 0.23862021857923496 0.0265625 0.0375
0 0.23928804916317992 0.37647315202231524 0.0265625 0.0375
0 0.5376475567349928 0.9783217423133236 0.0265625 0.0375
0 0.6304019516728625 0.6096034696406444 0.0265625 0.0375
0 0.48828125 0.86875 0.0265625 0.0375
0 0.84296875 0.85625 0.0265625 0.0375
0 0.83359375 0.98125 0.0265625 0.0375
0 0.8422506893382353 0.7541666666666667 0.0265625 0.0375
0 0.828125 0.43645833333333334 0.025 0.03958333333333333
0 0.864641544117647 0.409375 0.025 0.03958333333333333
0 0.6319554705542725 0.23548402617397998 0.0265625 0.03333333333333333
0 0.7567695114213198 0.1065989847715736 0.0265625 0.03333333333333333
0 0.71015625 0.6354166666666666 0.0265625 0.03333333333333333
0 0.524926097972973 0.5948620495495496 0.0296875 0.03333333333333333
0 0.4638020833333333 0.437962962962963 0.0265625 0.03333333333333333
0 0.93203125 0.378125 0.028125 0.0375
0 0.9357721259124088 0.962720498783455 0.0234375 0.035416666666666666
0 0.58828125 0.11875 0.0296875 0.05
0 0.6015625 0.20625 0.025 0.04583333333333333
0 0.85625 0.22395833333333334 0.0375 0.04375
0 0.49031970570388345 0.7524903923948221 0.0421875 0.04375
0 0.91484375 0.5947916666666667 0.0296875 0.03958333333333333
0 0.14044331395348836 0.9482800387596899 0.025 0.03958333333333333
0 0.48515777886497063 0.045831294846705804 0.025 0.027083333333333334
0 0.5075356791338582 0.023220144356955377 0.0296875 0.03125
0 0.35707829301075267 0.06336245519713261 0.0234375 0.027083333333333334
1 0.57109375 0.13333333333333333 0.0890625 0.1125
1 0.3203125 0.21041666666666667 0.103125 0.09583333333333334
