0 0.26484375 0.4354166666666667 0.0265625 0.0375
0 0.23828125 0.5770833333333333 0.0265625 0.0375
0 0.2407351842629482 0.85625 0.0265625 0.0375
0 0.19453125 0.8458333333333333 0.0265625 0.0375
0 0.08359375 0.80625 0.0265625 0.0375
0 0.00546875 0.8104166666666667 0.0109375 0.03333333333333333
0 0.13515625 0.18958333333333333 0.0265625 0.0375
0 0.30234375 0.22083333333333333 0.0265625 0.041666666666666664
0 0.23093998015873013 0.17377645502645503 0.0265625 0.0375
0 0.2705712090163934 0.24365437158469944 0.0265625 0.0375
0 0.23552083333333332 0.3807638888888889 0.0265625 0.0375
0 0.5382606606881406 0.979139214250854 0.0265625 0.0375
0 0.6309857109665428 0.6106412639405204 0.0265625 0.0375
0 0.48828125 0.86875 0.0265625 0.0375
0 0.84296875 0.85625 0.0265625 0.0375
0 0.83359375 0.98125 0.0265625 0.0375
0 0.8405187270220589 0.7541666666666667 0.0265625 0.0375
0 0.828125 0.43645833333333334 0.025 0.03958333333333333
0 0.8643776260504202 0.409375 0.025 0.03958333333333333
0 0.6312301530023094 0.23612875288683602 0.0265625 0.03333333333333333
0 0.755184659090909 0.11060606060606061 0.0265625 0.03333333333333333
0 0.71015625 0.6354166666666666 0.0265625 0.03333333333333333
0 0.5199746621621621 0.5995777027027027 0.0296875 0.03333333333333333
0 0.4622848731884058 0.4447061191626409 0.0265625 0.03333333333333333
0 0.99453125 0.3625 0.0109375 0.03333333333333333
0 0.9273665602189782 0.9739279197080292 0.0234375 0.035416666666666666
0 0.58828125 0.11875 0.0296875 0.05
0 0.6015625 0.20625 0.025 0.04583333333333333
0 0.85625 0.22395833333333334 0.0375 0.04375
0 0.48943037014563107 0.7536761731391586 0.0421875 0.04375
0 0.8760937500000001 0.6785416666666666 0.0296875 0.03958333333333333
0 0.14663461538461536 0.9297275641025641 0.025 0.03958333333333333
0 0.194140625 0.9447916666666667 0.028125 0.029166666666666667
0 0.4845431751467711 0.04665076647097195 0.025 0.027083333333333334
0 0.5079478346456693 0.024319225721784778 0.0296875 0.03125
0 0.35703125 0.06354166666666666 0.0234375 0.027083333333333334
0 0.7200520833333334 0.01423611111111111 0.021354166666666695 0.02847222222222222
0 0.9867801339285714 0.015106646825396827 0.02099330357142861 0.02355654761904762
1 0.57109375 0.13333333333333333 0.0890625 0.1125
1 0.3203125 0.21041666666666667 0.103125 0.09583333333333334
