0 0.26484375 0.4354166666666667 0.0265625 0.0375
0 0.23828125 0.5770833333333333 0.0265625 0.0375
0 0.24043886952191235 0.85625 0.0265625 0.0375
0 0.19453125 0.8458333333333333 0.0265625 0.0375
0 0.08359375 0.80625 0.0265625 0.0375
0 0.13515625 0.18958333333333333 0.0265625 0.0375
0 0.2864346590909091 0.20738636363636365 0.0265625 0.041666666666666664
0 0.21946390086206896 0.1765265804597701 0.0265625 0.0375
0 0.2684972426470588 0.24996936274509807 0.0265625 0.037500000000000026
0 0.22880859375 0.3856336805555555 0.0265625 0.0375
0 0.5393496065153733 0.9805911420204978 0.0265625 0.0375
0 0.6320225371747212 0.6124845105328377 0.0265625 0.0375
0 0.48828125 0.86875 0.0265625 0.0375
0 0.84296875 0.85625 0.0265625 0.0375
0 0.83359375 0.98125 0.0265625 0.0375
0 0.8374425551470589 0.7541666666666667 0.0265625 0.0375
0 0.828125 0.43645833333333334 0.025 0.03958333333333333
0 0.8640625 0.409375 0.025 0.03958333333333333
0 0.6299419024249422 0.23727386451116242 0.0265625 0.03333333333333333
0 0.7536497201492537 0.12120646766169155 0.0265625 0.03333333333333333
0 0.71015625 0.6354166666666666 0.0265625 0.03333333333333333
0 0.5117872807017544 0.6020650584795322 0.0296875 0.03333333333333333
0 0.4599928085774058 0.4561279637377964 0.0265625 0.03333333333333333
0 0.9129788306451612 0.9900201612903227 0.02575604838709662 0.019959677419354803
0 0.58828125 0.11875 0.0296875 0.05
0 0.6015625 0.20625 0.025 0.04583333333333333
0 0.85625 0.22395833333333334 0.0375 0.04375
0 0.4878508040048544 0.7557822613268608 0.0421875 0.04375
0 0.8174879807692308 0.822676282051282 0.0296875 0.03958333333333333
0 0.175 0.8471064814814814 0.025 0.03958333333333333
0 0.06875 0.8322916666666667 0.03125 0.03958333333333333
0 0.48345156555772995 0.048106245923026744 0.025 0.027083333333333334
0 0.5086798720472441 0.026271325459317586 0.0296875 0.03125
0 0.35703125 0.06354166666666666 0.0234375 0.027083333333333334
0 0.75625 0.153125 0.021875 0.03958333333333333
0 0.9808035714285716 0.02425595238095238 0.022321428571428648 0.028869047619047614
1 0.57109375 0.13333333333333333 0.0890625 0.1125
1 0.3203125 0.21041666666666667 0.103125 0.09583333333333334
