0 0.27103868392070485 0.4292217327459618 0.0265625 0.0375
0 0.23828125 0.5770833333333333 0.0265625 0.0375
0 0.2426500249003984 0.85625 0.0265625 0.0375
0 0.19453125 0.8458333333333333 0.0265625 0.0375
0 0.08359375 0.80625 0.0265625 0.0375
0 0.02266840953307393 0.7411073281452658 0.0265625 0.0375
0 0.13515625 0.18958333333333333 0.0265625 0.0375
0 0.22078125 0.18083333333333332 0.0265625 0.041666666666666664
0 0.2730334051724138 0.11982758620689656 0.0265625 0.0375
0 0.28323965827338127 0.2192221223021583 0.0265625 0.0375
0 0.2996382130872483 0.31936521252796424 0.0265625 0.0375
0 0.2625 0.4791666666666667 0.028125 0.04583333333333333
0 0.5583661009933775 0.9220336644591611 0.0265625 0.0375
0 0.6384167268786127 0.5727661368015414 0.0265625 0.0375
0 0.48828125 0.86875 0.0265625 0.0375
0 0.8462296195652174 0.8464673913043478 0.0265625 0.0375
0 0.8368546195652173 0.9714673913043478 0.0265625 0.0375
0 0.8532269021739131 0.7509057971014492 0.0265625 0.0375
0 0.828125 0.43645833333333334 0.025 0.03958333333333333
0 0.8674067752100841 0.409375 0.025 0.03958333333333333
0 0.6663935981781377 0.16151315789473683 0.0265625 0.03333333333333333
0 0.7736403438303342 0.07345758354755784 0.0265625 0.033333333333333326
0 0.71015625 0.6354166666666666 0.0265625 0.03333333333333333
0 0.585391212406015 0.5037750626566416 0.0265625 0.03333333333333333
0 0.49765625 0.40361842105263157 0.0265625 0.03333333333333333
0 0.012590460526315789 0.27111842105263156 0.025180921052631578 0.03333333333333333
0 0.35052083333333334 0.44236111111111115 0.028125 0.0375
0 0.7828125 0.43854166666666666 0.0265625 0.03333333333333333
0 0.9888139204545453 0.8105113636363637 0.014985795454545503 0.035416666666666666
0 0.7473958333333333 0.796875 0.0296875 0.041666666666666664
0 0.58828125 0.11875 0.0296875 0.05
0 0.6015625 0.20625 0.025 0.04583333333333333
0 0.18203125 0.3319444444444445 0.0359375 0.04583333333333333
0 0.85625 0.22395833333333334 0.0375 0.04375
0 0.5043277138157894 0.7319832785087719 0.0421875 0.04375
1 0.57109375 0.13333333333333333 0.0890625 0.1125
1 0.3203125 0.21041666666666667 0.103125 0.09583333333333334
