0 0.26484375 0.4354166666666667 0.0265625 0.0375
0 0.23828125 0.5770833333333333 0.0265625 0.0375
0 0.24018488545816732 0.85625 0.0265625 0.0375
0 0.19453125 0.8458333333333333 0.0265625 0.0375
0 0.08359375 0.80625 0.0265625 0.0375
0 0.13515625 0.18958333333333333 0.0265625 0.0375
0 0.2486328125 0.19817708333333334 0.0265625 0.041666666666666664
0 0.2122423102094241 0.18494764397905758 0.026562500000000024 0.0375
0 0.2667863175675676 0.25681306306306306 0.0265625 0.03749999999999997
0 0.22353693181818182 0.3961363636363637 0.0265625 0.0375
0 0.53984375 0.98125 0.0265625 0.0375
0 0.630050339958159 0.6089783821478382 0.0265625 0.0375
0 0.48828125 0.86875 0.0265625 0.0375
0 0.84296875 0.85625 0.0265625 0.0375
0 0.83359375 0.98125 0.0265625 0.0375
0 0.84140625 0.7689950980392157 0.0265625 0.0375
0 0.828125 0.43645833333333334 0.025 0.03958333333333333
0 0.8640625 0.409375 0.025 0.03958333333333333
0 0.6288376876443418 0.23825538876058508 0.0265625 0.03333333333333333
0 0.740566697761194 0.1402363184079602 0.0265625 0.03333333333333332
0 0.71015625 0.6354166666666666 0.0265625 0.03333333333333333
0 0.5017725840336135 0.6073879551820729 0.0296875 0.03333333333333333
0 0.45932596757322175 0.46413005578800554 0.0265625 0.03333333333333333
0 0.58828125 0.11875 0.0296875 0.05
0 0.6015625 0.20625 0.025 0.04583333333333333
0 0.85625 0.22395833333333334 0.0375 0.04375
0 0.48649689016990294 0.7575874797734627 0.0421875 0.04375
0 0.7465013586956522 0.9101902173913043 0.0296875 0.03958333333333333
0 0.19703947368421054 0.8041118421052631 0.025 0.03958333333333333
0 0.4825159001956947 0.049353799739073716 0.025 0.027083333333333334
0 0.5093073326771653 0.027944553805774274 0.0296875 0.031249999999999997
0 0.35703125 0.06354166666666666 0.0234375 0.027083333333333334
0 0.7859375 0.24729166666666663 0.034375 0.039583333333333304
0 0.9756808035714286 0.032098214285714285 0.02345982142857146 0.03342261904761904
1 0.57109375 0.13333333333333333 0.0890625 0.1125
1 0.3203125 0.21041666666666667 0.103125 0.09583333333333334
