0 0.26484375 0.4354166666666667 0.0265625 0.0375
0 0.23828125 0.5770833333333333 0.0265625 0.0375
0 0.2401574950199203 0.85625 0.0265625 0.0375
0 0.19453125 0.8458333333333333 0.0265625 0.0375
0 0.08359375 0.80625 0.0265625 0.0375
0 0.13515625 0.18958333333333333 0.0265625 0.0375
0 0.24921875 0.21180555555555555 0.0265625 0.041666666666666664
0 0.21170238874345548 0.18614746945898777 0.02656249999999998 0.0375
0 0.266554054054054 0.25774211711711714 0.0265625 0.037500000000000026
0 0.22259943181818181 0.3965530303030303 0.0265625 0.0375
0 0.53984375 0.98125 0.0265625 0.0375
0 0.6298345972803348 0.608594839609484 0.0265625 0.0375
0 0.48828125 0.86875 0.0265625 0.0375
0 0.84296875 0.85625 0.0265625 0.0375
0 0.83359375 0.98125 0.0265625 0.0375
0 0.84140625 0.7703431372549019 0.0265625 0.0375
0 0.828125 0.43645833333333334 0.025 0.03958333333333333
0 0.8640625 0.409375 0.025 0.03958333333333333
0 0.6287186056581986 0.23836123941493456 0.0265625 0.03333333333333333
0 0.7391557835820896 0.14228855721393036 0.0265625 0.03333333333333335
0 0.71015625 0.6354166666666666 0.0265625 0.03333333333333333
0 0.5006893382352942 0.6079656862745098 0.0296875 0.03333333333333333
0 0.4592540533472803 0.4649930264993027 0.0265625 0.03333333333333333
0 0.58828125 0.11875 0.0296875 0.05
0 0.6015625 0.20625 0.025 0.04583333333333333
0 0.85625 0.22395833333333334 0.0375 0.04375
0 0.4863508798543689 0.7577821601941748 0.0421875 0.04375
0 0.7390285326086956 0.918161231884058 0.0296875 0.03958333333333333
0 0.1997532894736842 0.8089364035087719 0.025 0.03958333333333333
0 0.4824149951076321 0.049488339856490544 0.025 0.027083333333333334
0 0.509375 0.028125 0.0296875 0.03125
0 0.35703125 0.06354166666666666 0.0234375 0.027083333333333334
0 0.7859375 0.2725694444444445 0.034375 0.039583333333333366
0 0.9751283482142856 0.03294394841269841 0.023582589285714127 0.03391369047619048
1 0.57109375 0.13333333333333333 0.0890625 0.1125
1 0.3203125 0.21041666666666667 0.103125 0.09583333333333334
