0 0.26484375 0.4354166666666667 0.0265625 0.0375
0 0.23828125 0.5770833333333333 0.0265625 0.0375
0 0.24025958665338645 0.85625 0.0265625 0.0375
0 0.19453125 0.8458333333333333 0.0265625 0.0375
0 0.08359375 0.80625 0.0265625 0.0375
0 0.13515625 0.18958333333333333 0.0265625 0.0375
0 0.2671875 0.203125 0.0265625 0.041666666666666664
0 0.2137148232984293 0.18167539267015706 0.0265625 0.0375
0 0.2674197635135135 0.2542792792792793 0.0265625 0.037500000000000026
0 0.22529296875 0.3934461805555555 0.0265625 0.0375
0 0.53984375 0.98125 0.0265625 0.0375
0 0.6306387290794979 0.6100244072524408 0.0265625 0.0375
0 0.48828125 0.86875 0.0265625 0.0375
0 0.84296875 0.85625 0.0265625 0.0375
0 0.83359375 0.98125 0.0265625 0.0375
0 0.84046875 0.7641666666666667 0.0265625 0.0375
0 0.828125 0.43645833333333334 0.025 0.03958333333333333
0 0.8640625 0.409375 0.025 0.03958333333333333
0 0.6291624566974596 0.2379667051578137 0.0265625 0.03333333333333333
0 0.7444146455223881 0.13463930348258707 0.0265625 0.03333333333333333
0 0.71015625 0.6354166666666666 0.0265625 0.03333333333333333
0 0.5047268907563025 0.605812324929972 0.0296875 0.03333333333333333
0 0.4595220972803348 0.46177649930264997 0.0265625 0.03333333333333333
0 0.58828125 0.11875 0.0296875 0.05
0 0.6015625 0.20625 0.025 0.04583333333333333
0 0.85625 0.22395833333333334 0.0375 0.04375
0 0.48689510012135917 0.7570565331715211 0.0421875 0.04375
0 0.7703125 0.8976190476190475 0.0296875 0.03958333333333333
0 0.19866071428571427 0.8370535714285714 0.025 0.03958333333333333
0 0.4827910958904109 0.04898687214611872 0.025 0.027083333333333334
0 0.5091227854330709 0.027452427821522307 0.0296875 0.031249999999999997
0 0.35703125 0.06354166666666666 0.0234375 0.027083333333333334
0 0.7619791666666667 0.24618055555555557 0.034375 0.03958333333333333
0 0.9771875 0.029791666666666668 0.02312499999999993 0.03208333333333333
1 0.57109375 0.13333333333333333 0.0890625 0.1125
1 0.3203125 0.21041666666666667 0.103125 0.09583333333333334
