0 0.27200636061946903 0.42592182890855457 0.0265625 0.0375
0 0.23828125 0.5770833333333333 0.0265625 0.0375
0 0.24281934760956175 0.85625 0.0265625 0.0375
0 0.19453125 0.8458333333333333 0.0265625 0.0375
0 0.08359375 0.80625 0.0265625 0.0375
0 0.024322106031128405 0.7358706225680934 0.0265625 0.0375
0 0.13515625 0.18958333333333333 0.0265625 0.0375
0 0.22200969827586206 0.17708333333333334 0.0265625 0.0375
0 0.28173491379310345 0.11433189655172414 0.0265625 0.0375
0 0.2836218525179856 0.21871252997601917 0.0265625 0.0375
0 0.3060559983221477 0.3146112975391499 0.0265625 0.0375
0 0.3 0.39791666666666664 0.0265625 0.041666666666666664
0 0.5662642045454546 0.9054924242424243 0.0265625 0.0375
0 0.6402592124277457 0.5707189306358381 0.0265625 0.0375
0 0.48828125 0.86875 0.0265625 0.0375
0 0.92890625 0.8895833333333333 0.0234375 0.0375
0 0.8468256924964936 0.8446791725105189 0.0265625 0.0375
0 0.8374506924964937 0.9696791725105189 0.0265625 0.0375
0 0.8536739568723704 0.7503097241701729 0.0265625 0.0375
0 0.828125 0.43645833333333334 0.025 0.03958333333333333
0 0.8676746323529411 0.409375 0.025 0.03958333333333333
0 0.668114245951417 0.15405701754385964 0.0265625 0.03333333333333333
0 0.7728209350899743 0.07127249357326478 0.0265625 0.03333333333333333
0 0.71015625 0.6354166666666666 0.0265625 0.03333333333333333
0 0.5885867011278195 0.4984492481203008 0.0265625 0.03333333333333333
0 0.49765625 0.3961622807017544 0.0265625 0.03333333333333333
0 0.01328125 0.261491935483871 0.0265625 0.03333333333333336
0 0.28359375 0.4239583333333333 0.028125 0.0375
0 0.7484375 0.5348958333333333 0.0265625 0.03333333333333333
0 0.9926866319444445 0.7937210648148147 0.0125 0.035416666666666666
0 0.7252604166666667 0.6743055555555556 0.0296875 0.041666666666666664
0 0.58828125 0.11875 0.0296875 0.05
0 0.6015625 0.20625 0.025 0.04583333333333333
0 0.19453125 0.43125 0.0359375 0.04583333333333333
0 0.08411458333333333 0.30625 0.03281249999999999 0.0375
0 0.85625 0.22395833333333334 0.0375 0.04375
0 0.5064247532894737 0.7287212171052632 0.0421875 0.04375
1 0.57109375 0.13333333333333333 0.0890625 0.1125
1 0.3203125 0.21041666666666667 0.103125 0.09583333333333334
