0 0.26484375 0.4354166666666667 0.0265625 0.0375
0 0.23828125 0.5770833333333333 0.0265625 0.0375
0 0.24075261454183267 0.85625 0.0265625 0.0375
0 0.19453125 0.8458333333333333 0.0265625 0.0375
0 0.08359375 0.80625 0.0265625 0.0375
0 0.00546875 0.8104166666666667 0.0109375 0.03333333333333333
0 0.13515625 0.18958333333333333 0.0265625 0.0375
0 0.30435267857142856 0.21815476190476188 0.0265625 0.041666666666666664
0 0.2316344246031746 0.17389219576719575 0.0265625 0.0375
0 0.2708222336065574 0.24312841530054644 0.0265625 0.0375
0 0.23588541666666668 0.38027777777777777 0.0265625 0.0375
0 0.5381966050512446 0.9790538067349926 0.0265625 0.0375
0 0.6309247211895911 0.6105328376703841 0.0265625 0.0375
0 0.48828125 0.86875 0.0265625 0.0375
0 0.84296875 0.85625 0.0265625 0.0375
0 0.83359375 0.98125 0.0265625 0.0375
0 0.8406996783088235 0.7541666666666667 0.0265625 0.0375
0 0.828125 0.43645833333333334 0.025 0.03958333333333333
0 0.864405199579832 0.409375 0.025 0.03958333333333333
0 0.631305932448037 0.2360613933795227 0.0265625 0.03333333333333333
0 0.7552611451048951 0.1099941724941725 0.0265625 0.03333333333333333
0 0.71015625 0.6354166666666666 0.0265625 0.03333333333333333
0 0.5204919763513514 0.5990850225225226 0.0296875 0.03333333333333333
0 0.4624433876811594 0.44400161030595814 0.0265625 0.03333333333333333
0 0.99375 0.3645833333333333 0.0125 0.0375
0 0.9282447536496351 0.9727569951338199 0.0234375 0.035416666666666666
0 0.58828125 0.11875 0.0296875 0.05
0 0.6015625 0.20625 0.025 0.04583333333333333
0 0.85625 0.22395833333333334 0.0375 0.04375
0 0.4895232858009709 0.7535522855987055 0.0421875 0.04375
0 0.88828125 0.6559027777777777 0.0296875 0.03958333333333333
0 0.14537259615384615 0.930849358974359 0.025 0.03958333333333333
0 0.189375 0.9575 0.028124999999999976 0.029166666666666667
0 0.48460738747553816 0.046565150032615785 0.025 0.027083333333333334
0 0.5079047736220472 0.024204396325459322 0.0296875 0.03125000000000001
0 0.35703125 0.06354166666666666 0.0234375 0.027083333333333334
0 0.9871316964285715 0.014568452380952382 0.02091517857142868 0.02324404761904762
1 0.57109375 0.13333333333333333 0.0890625 0.1125
1 0.3203125 0.21041666666666667 0.103125 0.09583333333333334
