0 0.2658624724669604 0.43439794419970634 0.0265625 0.0375
0 0.23828125 0.5770833333333333 0.0265625 0.0375
0 0.2421818974103586 0.85625 0.0265625 0.0375
0 0.19453125 0.8458333333333333 0.0265625 0.0375
0 0.08359375 0.80625 0.0265625 0.0375
0 0.018096425097276263 0.7555852788586251 0.0265625 0.0375
0 0.13515625 0.18958333333333333 0.0265625 0.0375
0 0.24500000000000002 0.18833333333333335 0.0265625 0.041666666666666664
0 0.25576171875 0.137109375 0.0265625 0.0375
0 0.28218300359712234 0.22063099520383694 0.0265625 0.0375
0 0.28414155876494024 0.33885292164674635 0.0265625 0.0375
0 0.13515625 0.5327083333333333 0.028125 0.05
0 0.54052734375 0.9595630787037037 0.0265625 0.0375
0 0.6348980402542372 0.5868997175141243 0.0265625 0.0375
0 0.48828125 0.86875 0.0265625 0.0375
0 0.8445816532258064 0.8514112903225807 0.0265625 0.0375
0 0.8352066532258065 0.9764112903225807 0.0265625 0.0375
0 0.8519909274193548 0.7525537634408602 0.0265625 0.0375
0 0.828125 0.43645833333333334 0.025 0.03958333333333333
0 0.8666662289915965 0.409375 0.025 0.03958333333333333
0 0.6624019209956711 0.17910353535353535 0.0265625 0.03333333333333333
0 0.7707046937751004 0.0820281124497992 0.0265625 0.03333333333333333
0 0.71015625 0.6354166666666666 0.0265625 0.03333333333333333
0 0.5728113072519084 0.5274570610687023 0.027433206106870233 0.03333333333333333
0 0.4865302772373541 0.4056501297016861 0.0265625 0.03333333333333333
0 0.00546875 0.30520833333333336 0.0109375 0.035416666666666666
0 0.4953125 0.4666666666666667 0.028125 0.0375
0 0.7184895833333333 0.14375 0.0265625 0.03333333333333333
0 0.9766848644578314 0.8488579317269076 0.0234375 0.035416666666666666
0 0.58828125 0.11875 0.0296875 0.05
0 0.6015625 0.20625 0.025 0.04583333333333333
0 0.04765625 0.051041666666666666 0.0296875 0.03958333333333333
0 0.85625 0.22395833333333334 0.0375 0.04375
0 0.9875 0.32708333333333334 0.025 0.0375
0 0.4985300164473684 0.7410019188596491 0.0421875 0.04375
0 0.5021428571428571 0.022390873015873013 0.025 0.027083333333333334
0 0.2578125 0.3020833333333333 0.028125 0.0375
0 0.5178267045454545 0.012026515151515153 0.0296875 0.01875
0 0.3702455357142857 0.017700892857142856 0.0234375 0.024806547619047617
1 0.57109375 0.13333333333333333 0.0890625 0.1125
1 0.3203125 0.21041666666666667 0.103125 0.09583333333333334
