0 0.26484375 0.4354166666666667 0.0265625 0.0375
0 0.23828125 0.5770833333333333 0.0265625 0.0375
0 0.24048369023904384 0.85625 0.0265625 0.0375
0 0.19453125 0.8458333333333333 0.0265625 0.0375
0 0.08359375 0.80625 0.0265625 0.0375
0 0.13515625 0.18958333333333333 0.0265625 0.0375
0 0.28890625000000003 0.21583333333333332 0.0265625 0.041666666666666664
0 0.22116109913793106 0.17555675287356323 0.0265625 0.0375
0 0.26870404411764703 0.2491421568627451 0.0265625 0.0375
0 0.22984374999999999 0.385 0.0265625 0.0375
0 0.5391848920204978 0.9803715226939971 0.0265625 0.0375
0 0.6318657063197026 0.6122057001239157 0.0265625 0.0375
0 0.48828125 0.86875 0.0265625 0.0375
0 0.84296875 0.85625 0.0265625 0.0375
0 0.83359375 0.98125 0.0265625 0.0375
0 0.8379078584558824 0.7541666666666667 0.0265625 0.0375
0 0.828125 0.43645833333333334 0.025 0.03958333333333333
0 0.8640625 0.409375 0.025 0.03958333333333333
0 0.6301367638568129 0.23710065434949962 0.0265625 0.03333333333333333
0 0.7540810751748251 0.11943473193473195 0.0265625 0.03333333333333335
0 0.71015625 0.6354166666666666 0.0265625 0.03333333333333333
0 0.5130208333333333 0.601736111111111 0.0296875 0.03333333333333333
0 0.4601104864016737 0.454715829846583 0.0265625 0.03333333333333333
0 0.9150957661290324 0.9880040322580645 0.025151209677419396 0.02399193548387094
0 0.58828125 0.11875 0.0296875 0.05
0 0.6015625 0.20625 0.025 0.04583333333333333
0 0.85625 0.22395833333333334 0.0375 0.04375
0 0.48808972997572814 0.7554636933656959 0.0421875 0.04375
0 0.830078125 0.7994791666666666 0.0296875 0.03958333333333333
0 0.175 0.8609953703703703 0.025 0.03958333333333333
0 0.067578125 0.8526041666666667 0.03125 0.03958333333333333
0 0.48361668297455973 0.047886089367253755 0.025 0.027083333333333334
0 0.5085691437007874 0.025976049868766404 0.0296875 0.03125
0 0.35703125 0.06354166666666666 0.0234375 0.027083333333333334
0 0.766796875 0.14479166666666668 0.01875 0.03333333333333333
0 0.9817075892857143 0.02287202380952381 0.02212053571428587 0.02806547619047619
1 0.57109375 0.13333333333333333 0.0890625 0.1125
1 0.3203125 0.21041666666666667 0.103125 0.09583333333333334
