0 0.26484375 0.4354166666666667 0.0265625 0.0375
0 0.23828125 0.5770833333333333 0.0265625 0.0375
0 0.24185570219123503 0.85625 0.0265625 0.0375
0 0.19453125 0.8458333333333333 0.0265625 0.0375
0 0.08359375 0.80625 0.0265625 0.0375
0 0.014910627431906614 0.7656736381322957 0.0265625 0.0375
0 0.13515625 0.18958333333333333 0.0265625 0.0375
0 0.27890625 0.2375 0.0265625 0.041666666666666664
0 0.2461669921875 0.14990234375 0.0265625 0.0375
0 0.2814467176258993 0.2216127098321343 0.0265625 0.0375
0 0.2741228070175439 0.35307017543859653 0.0265625 0.0375
0 0.053437500000000006 0.5441666666666667 0.028125000000000004 0.05
0 0.5341427983162518 0.9736487310883357 0.0265625 0.0375
0 0.6288268008474576 0.600776836158192 0.0265625 0.0375
0 0.48828125 0.86875 0.0265625 0.0375
0 0.8434333362552595 0.8548562412342217 0.0265625 0.0375
0 0.8340583362552595 0.9798562412342217 0.0265625 0.0375
0 0.8511296896914446 0.7537020804114073 0.0265625 0.0375
0 0.828125 0.43645833333333334 0.025 0.03958333333333333
0 0.8661502100840336 0.409375 0.025 0.03958333333333333
0 0.6606297348484849 0.18737373737373736 0.0265625 0.03333333333333333
0 0.7674165411646586 0.08860441767068274 0.0265625 0.03333333333333333
0 0.71015625 0.6354166666666666 0.0265625 0.03333333333333333
0 0.5618738072519085 0.5430820610687023 0.028995706106870234 0.03333333333333333
0 0.4796719784768212 0.410182119205298 0.0265625 0.03333333333333333
0 0.6427083333333333 0.5722222222222223 0.028125 0.0375
0 0.624609375 0.058854166666666666 0.0265625 0.03333333333333333
0 0.9734565548780487 0.8689786585365854 0.0234375 0.035416666666666666
0 0.58828125 0.11875 0.0296875 0.05
0 0.6015625 0.20625 0.025 0.04583333333333333
0 0.85625 0.22395833333333334 0.0375 0.04375
0 0.903125 0.21666666666666667 0.0328125 0.04375
0 0.49540351941747574 0.7457119741100323 0.0421875 0.04375
0 0.5060416666666667 0.025856481481481484 0.025 0.027083333333333334
0 0.039453125 0.28854166666666664 0.0296875 0.03958333333333333
0 0.511624053030303 0.014094065656565657 0.0296875 0.01875
0 0.3660870295698925 0.029043458781362008 0.0234375 0.027083333333333334
1 0.57109375 0.13333333333333333 0.0890625 0.1125
1 0.3203125 0.21041666666666667 0.103125 0.09583333333333334
