0 0.26484375 0.4354166666666667 0.0265625 0.0375
0 0.23828125 0.5770833333333333 0.0265625 0.0375
0 0.2410065986055777 0.85625 0.0265625 0.0375
0 0.19453125 0.8458333333333333 0.0265625 0.0375
0 0.08359375 0.80625 0.0265625 0.0375
0 0.005621448863636363 0.8057339015151516 0.011242897727272726 0.03292613636363626
0 0.13515625 0.18958333333333333 0.0265625 0.0375
0 0.3113623903508772 0.22130847953216376 0.0265625 0.041666666666666664
0 0.23901041666666667 0.17266666666666666 0.0265625 0.0375
0 0.2744800204918033 0.23546448087431696 0.0265625 0.0375
0 0.24230844665271967 0.3746426080892608 0.0265625 0.0375
0 0.5372632229136164 0.9778092972181551 0.0265625 0.0375
0 0.6300360130111524 0.6089529120198266 0.0265625 0.0375
0 0.48828125 0.86875 0.0265625 0.0375
0 0.84296875 0.85625 0.0265625 0.0375
0 0.83359375 0.98125 0.0265625 0.0375
0 0.8433363970588236 0.7541666666666667 0.0265625 0.0375
0 0.828125 0.43645833333333334 0.025 0.03958333333333333
0 0.8648069852941177 0.409375 0.025 0.03958333333333333
0 0.635859375 0.23395833333333332 0.0265625 0.03333333333333333
0 0.7581019987309645 0.10482233502538071 0.0265625 0.03333333333333333
0 0.71015625 0.6354166666666666 0.0265625 0.03333333333333333
0 0.5280299831081081 0.5919059684684684 0.0296875 0.03333333333333333
0 0.4647531702898551 0.43373590982286636 0.0265625 0.03333333333333333
0 0.871875 0.35625 0.028125 0.0375
0 0.9402568247126437 0.9543702107279693 0.0234375 0.035416666666666666
0 0.58828125 0.11875 0.0296875 0.05
0 0.6015625 0.20625 0.025 0.04583333333333333
0 0.85625 0.22395833333333334 0.0375 0.04375
0 0.49087719963592236 0.7517470671521036 0.0421875 0.04375
0 0.9217187499999999 0.531875 0.0296875 0.03958333333333333
0 0.14609375 0.965625 0.0203125 0.03125
0 0.4855430528375734 0.04531759621656882 0.025 0.027083333333333334
0 0.507277312992126 0.022531167979002623 0.0296875 0.03125
0 0.3580661962365591 0.05959901433691757 0.0234375 0.027083333333333334
1 0.57109375 0.13333333333333333 0.0890625 0.1125
1 0.3203125 0.21041666666666667 0.103125 0.09583333333333334
