0 0.26484375 0.4354166666666667 0.0265625 0.0375
0 0.23828125 0.5770833333333333 0.0265625 0.0375
0 0.2418258217131474 0.85625 0.0265625 0.0375
0 0.19453125 0.8458333333333333 0.0265625 0.0375
0 0.08359375 0.80625 0.0265625 0.0375
0 0.014618798638132296 0.7665977626459145 0.0265625 0.0375
0 0.13515625 0.18958333333333333 0.0265625 0.0375
0 0.28578125 0.24666666666666667 0.0265625 0.041666666666666664
0 0.24586458333333333 0.15073333333333333 0.0265625 0.03750000000000001
0 0.2813792715827338 0.22170263788968825 0.0265625 0.0375
0 0.2733004385964912 0.3543859649122807 0.0265625 0.0375
0 0.03828125 0.578125 0.028125 0.05
0 0.5342526079795021 0.9737951439726695 0.0265625 0.0375
0 0.628270656779661 0.60204802259887 0.0265625 0.0375
0 0.48828125 0.86875 0.0265625 0.0375
0 0.8433281469144459 0.855171809256662 0.0265625 0.0375
0 0.8339531469144459 0.980171809256662 0.0265625 0.0375
0 0.8510507976858346 0.7538072697522207 0.0265625 0.0375
0 0.828125 0.43645833333333334 0.025 0.03958333333333333
0 0.8661029411764705 0.409375 0.025 0.03958333333333333
0 0.6604673971861472 0.18813131313131312 0.0265625 0.03333333333333333
0 0.7671153363453815 0.08920682730923696 0.0265625 0.03333333333333333
0 0.71015625 0.6354166666666666 0.0265625 0.03333333333333333
0 0.5608718988549619 0.5445133587786259 0.02913883587786259 0.03333333333333328
0 0.4791752897350993 0.4110099337748344 0.0265625 0.03333333333333333
0 0.659375 0.5666666666666667 0.028125 0.0375
0 0.61953125 0.06354166666666666 0.0265625 0.03333333333333333
0 0.9716272865853659 0.8720274390243902 0.0234375 0.035416666666666666
0 0.58828125 0.11875 0.0296875 0.05
0 0.6015625 0.20625 0.025 0.04583333333333333
0 0.85625 0.22395833333333334 0.0375 0.04375
0 0.8924479166666666 0.19270833333333334 0.0328125 0.04375
0 0.4952442354368932 0.745924352750809 0.0421875 0.04375
0 0.5059009879725086 0.026363831615120275 0.025 0.027083333333333334
0 0.02682291666666667 0.253125 0.0296875 0.03958333333333333
0 0.5110558712121211 0.014283459595959594 0.0296875 0.01875
0 0.3658047715053764 0.03011872759856631 0.0234375 0.027083333333333334
1 0.57109375 0.13333333333333333 0.0890625 0.1125
1 0.3203125 0.21041666666666667 0.103125 0.09583333333333334
