0 0.26484375 0.4354166666666667 0.0265625 0.0375
0 0.23828125 0.5770833333333333 0.0265625 0.0375
0 0.24060321215139444 0.85625 0.0265625 0.0375
0 0.19453125 0.8458333333333333 0.0265625 0.0375
0 0.08359375 0.80625 0.0265625 0.0375
0 0.13515625 0.18958333333333333 0.0265625 0.0375
0 0.29765625 0.21145833333333333 0.0265625 0.041666666666666664
0 0.22568696120689652 0.1729705459770115 0.0265625 0.0375
0 0.2692555147058823 0.24693627450980393 0.0265625 0.0375
0 0.23265625 0.38375 0.0265625 0.0375
0 0.5387456533674964 0.9797858711566617 0.0265625 0.0375
0 0.6314474907063197 0.6114622057001239 0.0265625 0.0375
0 0.48828125 0.86875 0.0265625 0.0375
0 0.84296875 0.85625 0.0265625 0.0375
0 0.83359375 0.98125 0.0265625 0.0375
0 0.8391486672794117 0.7541666666666667 0.0265625 0.0375
0 0.828125 0.43645833333333334 0.025 0.03958333333333333
0 0.8641688550420168 0.409375 0.025 0.03958333333333333
0 0.6306563943418013 0.23663876058506542 0.0265625 0.03333333333333333
0 0.7546055506993007 0.11523892773892773 0.0265625 0.03333333333333333
0 0.71015625 0.6354166666666666 0.0265625 0.03333333333333333
0 0.5163103070175439 0.600858918128655 0.0296875 0.03333333333333333
0 0.46108469202898555 0.4500402576489533 0.0265625 0.03333333333333333
0 0.9207409274193548 0.9826276881720429 0.02353830645161281 0.034744623655914
0 0.58828125 0.11875 0.0296875 0.05
0 0.6015625 0.20625 0.025 0.04583333333333333
0 0.85625 0.22395833333333334 0.0375 0.04375
0 0.48872686589805825 0.754614178802589 0.0421875 0.04375
0 0.86328125 0.7557291666666667 0.0296875 0.03958333333333333
0 0.1392857142857143 0.8941964285714286 0.025 0.03958333333333333
0 0.1265625 0.9052083333333333 0.03125 0.03958333333333333
0 0.4840569960861057 0.04729900521852577 0.025 0.027083333333333334
0 0.5082738681102362 0.025188648293963257 0.0296875 0.03125
0 0.35703125 0.06354166666666666 0.0234375 0.027083333333333334
0 0.7309895833333333 0.07777777777777778 0.0296875 0.03333333333333334
0 0.9841183035714286 0.019181547619047615 0.021584821428571387 0.025922619047619045
1 0.57109375 0.13333333333333333 0.0890625 0.1125
1 0.3203125 0.21041666666666667 0.103125 0.09583333333333334
