0 0.26484375 0.4354166666666667 0.0265625 0.0375
0 0.23828125 0.5770833333333333 0.0265625 0.0375
0 0.2399508217131474 0.85625 0.0265625 0.0375
0 0.19453125 0.8458333333333333 0.0265625 0.0375
0 0.08359375 0.80625 0.0265625 0.0375
0 0.13515625 0.18958333333333333 0.0265625 0.0375
0 0.2109375 0.24375 0.0265625 0.041666666666666664
0 0.20762843586387433 0.19520069808027923 0.0265625 0.0375
0 0.26145833333333335 0.2688888888888889 0.0265625 0.0375
0 0.2165132705479452 0.4019406392694064 0.0265625 0.0375
0 0.53984375 0.98125 0.0265625 0.0375
0 0.6282067207112971 0.6057008368200837 0.0265625 0.0375
0 0.48828125 0.86875 0.0265625 0.0375
0 0.84296875 0.85625 0.0265625 0.0375
0 0.83359375 0.98125 0.0265625 0.0375
0 0.84140625 0.7805147058823529 0.0265625 0.0375
0 0.828125 0.43645833333333334 0.025 0.03958333333333333
0 0.8640625 0.409375 0.025 0.03958333333333333
0 0.6278200779445727 0.23915993071593533 0.0265625 0.03333333333333333
0 0.73671875 0.15324074074074073 0.0265625 0.03333333333333333
0 0.71015625 0.6354166666666666 0.0265625 0.03333333333333333
0 0.492515756302521 0.6123249299719887 0.0296875 0.03333333333333333
0 0.45871142782426777 0.4715045327754533 0.0265625 0.03333333333333333
0 0.58828125 0.11875 0.0296875 0.05
0 0.6015625 0.20625 0.025 0.04583333333333333
0 0.85625 0.22395833333333334 0.0375 0.04375
0 0.4852491656553398 0.7592511124595469 0.0421875 0.04375
0 0.6914443597560975 0.9672510162601625 0.0296875 0.03958333333333333
0 0.1943151595744681 0.7096409574468086 0.025000000000000022 0.03958333333333333
0 0.48165362035225046 0.05050350619699935 0.025 0.027083333333333334
0 0.5098855807086614 0.029486548556430448 0.0296875 0.03125
0 0.35703125 0.06354166666666666 0.0234375 0.027083333333333334
0 0.775 0.3802083333333333 0.034375 0.03958333333333333
0 0.9709598214285714 0.039325396825396826 0.024508928571428612 0.03761904761904762
1 0.57109375 0.13333333333333333 0.0890625 0.1125
1 0.3203125 0.21041666666666667 0.103125 0.09583333333333334
