0 0.26484375 0.4354166666666667 0.0265625 0.0375
0 0.23828125 0.5770833333333333 0.0265625 0.0375
0 0.2405409611553785 0.85625 0.0265625 0.0375
0 0.19453125 0.8458333333333333 0.0265625 0.0375
0 0.08359375 0.80625 0.0265625 0.0375
0 0.13515625 0.18958333333333333 0.0265625 0.0375
0 0.29296875 0.21916666666666668 0.0265625 0.041666666666666664
0 0.22332974137931036 0.17431752873563217 0.0265625 0.0375
0 0.2689682904411764 0.24808517156862747 0.0265625 0.037500000000000026
0 0.23119140625 0.38440104166666667 0.0265625 0.0375
0 0.5389744234992679 0.9800908979990238 0.0265625 0.0375
0 0.63166531133829 0.6118494423791822 0.0265625 0.0375
0 0.48828125 0.86875 0.0265625 0.0375
0 0.84296875 0.85625 0.0265625 0.0375
0 0.83359375 0.98125 0.0265625 0.0375
0 0.8385024126838235 0.7541666666666667 0.0265625 0.0375
0 0.828125 0.43645833333333334 0.025 0.03958333333333333
0 0.8640703781512604 0.409375 0.025 0.03958333333333333
0 0.6303857534642032 0.23687933025404156 0.0265625 0.03333333333333333
0 0.7543323863636363 0.11742424242424242 0.0265625 0.03333333333333333
0 0.71015625 0.6354166666666666 0.0265625 0.03333333333333333
0 0.5145970394736843 0.6013157894736842 0.0296875 0.03333333333333333
0 0.4605185688405797 0.4525563607085346 0.0265625 0.03333333333333333
0 0.917800739247312 0.9854278673835125 0.024378360215053796 0.02914426523297493
0 0.58828125 0.11875 0.0296875 0.05
0 0.6015625 0.20625 0.025 0.04583333333333333
0 0.85625 0.22395833333333334 0.0375 0.04375
0 0.48839502427184467 0.7550566343042071 0.0421875 0.04375
0 0.84796875 0.7935416666666666 0.0296875 0.03958333333333333
0 0.140625 0.8523674242424242 0.025 0.03958333333333333
0 0.10078125 0.9088541666666666 0.03125 0.03958333333333333
0 0.4838276663405088 0.04760477821265493 0.025 0.027083333333333334
0 0.508427657480315 0.02559875328083989 0.0296875 0.031249999999999997
0 0.35703125 0.06354166666666666 0.0234375 0.027083333333333334
0 0.7736979166666667 0.0875 0.0296875 0.03333333333333333
0 0.9828627232142857 0.021103670634920635 0.02186383928571427 0.027038690476190477
1 0.57109375 0.13333333333333333 0.0890625 0.1125
1 0.3203125 0.21041666666666667 0.103125 0.09583333333333334
