0 0.2693867015418502 0.4308737151248164 0.0265625 0.0375
0 0.23828125 0.5770833333333333 0.0265625 0.0375
0 0.24250062250996013 0.85625 0.0265625 0.0375
0 0.19453125 0.8458333333333333 0.0265625 0.0375
0 0.08359375 0.80625 0.0265625 0.0375
0 0.021209265564202336 0.7457279507133593 0.0265625 0.0375
0 0.13515625 0.18958333333333333 0.0265625 0.0375
0 0.22109375 0.18273809523809523 0.0265625 0.041666666666666664
0 0.26535560344827586 0.12467672413793102 0.0265625 0.037499999999999985
0 0.28290242805755395 0.21967176258992804 0.0265625 0.0375
0 0.29450012450199203 0.3250415006640106 0.0265625 0.0375
0 0.20437500000000003 0.5116666666666667 0.02812500000000002 0.04583333333333339
0 0.5527783526490067 0.9344508830022076 0.0265625 0.0375
0 0.63828125 0.5760416666666667 0.0265625 0.0375
0 0.48828125 0.86875 0.0265625 0.0375
0 0.84570367286115 0.8480452314165497 0.0265625 0.0375
0 0.8363286728611501 0.9730452314165497 0.0265625 0.0375
0 0.8528324421458626 0.7514317438055166 0.0265625 0.0375
0 0.828125 0.43645833333333334 0.025 0.03958333333333333
0 0.8671704306722688 0.409375 0.025 0.03958333333333333
0 0.6648753795546558 0.1680921052631579 0.0265625 0.03333333333333333
0 0.773917545180723 0.07560240963855422 0.0265625 0.03333333333333334
0 0.71015625 0.6354166666666666 0.0265625 0.03333333333333333
0 0.58203125 0.5114583333333333 0.0265625 0.03333333333333333
0 0.49431237840466924 0.40461251621271077 0.0265625 0.03333333333333333
0 0.009136513157894736 0.28296052631578944 0.018273026315789472 0.033333333333333305
0 0.4 0.46875 0.028125 0.0375
0 0.7859375 0.321875 0.0265625 0.03333333333333333
0 0.9843158143939394 0.8231376262626263 0.01830018939393945 0.035416666666666666
0 0.79296875 0.9104166666666667 0.0390625 0.041666666666666664
0 0.58828125 0.11875 0.0296875 0.05
0 0.6015625 0.20625 0.025 0.04583333333333333
0 0.13046875 0.25416666666666665 0.0359375 0.04583333333333333
0 0.85625 0.22395833333333334 0.0375 0.04375
0 0.5024773848684211 0.7348615679824562 0.0421875 0.04375
0 0.39484375 0.09291666666666668 0.0234375 0.029166666666666667
0 0.49833333333333335 0.019004629629629628 0.025 0.027083333333333334
0 0.38125 0.051041666666666666 0.028125 0.0375
0 0.5238873106060606 0.010006313131313132 0.0296875 0.01875
1 0.57109375 0.13333333333333333 0.0890625 0.1125
1 0.3203125 0.21041666666666667 0.103125 0.09583333333333334
