0 0.2708734856828194 0.4293869309838473 0.0265625 0.0375
0 0.23828125 0.5770833333333333 0.0265625 0.0375
0 0.24263508466135458 0.85625 0.0265625 0.0375
0 0.19453125 0.8458333333333333 0.0265625 0.0375
0 0.08359375 0.80625 0.0265625 0.0375
0 0.02252249513618677 0.7415693904020753 0.0265625 0.0375
0 0.13515625 0.18958333333333333 0.0265625 0.0375
0 0.2221628289473684 0.1787280701754386 0.0265625 0.041666666666666664
0 0.272265625 0.1203125 0.0265625 0.0375
0 0.28320593525179855 0.21926708633093525 0.0265625 0.0375
0 0.29907193791946307 0.31978467561521257 0.0265625 0.0375
0 0.24375 0.4625 0.028125 0.04583333333333333
0 0.5578073261589405 0.9232753863134657 0.0265625 0.0375
0 0.63828125 0.5729734848484848 0.0265625 0.0375
0 0.48828125 0.86875 0.0265625 0.0375
0 0.8461770248948106 0.846625175315568 0.0265625 0.0375
0 0.8368020248948106 0.971625175315568 0.0265625 0.0375
0 0.8531874561711079 0.7509583917718561 0.0265625 0.0375
0 0.828125 0.43645833333333334 0.025 0.03958333333333333
0 0.8673831407563025 0.409375 0.025 0.03958333333333333
0 0.6662417763157895 0.16217105263157894 0.0265625 0.03333333333333333
0 0.7737126446015424 0.0736503856041131 0.0265625 0.03333333333333333
0 0.71015625 0.6354166666666666 0.0265625 0.03333333333333333
0 0.5850994318181818 0.5042992424242424 0.0265625 0.03333333333333333
0 0.4975954523346304 0.4041747730220493 0.0265625 0.03333333333333333
0 0.012245065789473684 0.27230263157894735 0.024490131578947368 0.03333333333333333
0 0.3484375 0.42291666666666666 0.028125 0.0375
0 0.78046875 0.42291666666666666 0.0265625 0.03333333333333333
0 0.9883641098484848 0.8117739898989899 0.015317234848484951 0.035416666666666666
0 0.7559151785714285 0.8145833333333333 0.0296875 0.041666666666666664
0 0.58828125 0.11875 0.0296875 0.05
0 0.6015625 0.20625 0.025 0.04583333333333333
0 0.18203125 0.3236111111111111 0.0359375 0.04583333333333333
0 0.85625 0.22395833333333334 0.0375 0.04375
0 0.5041426809210526 0.7322711074561403 0.0421875 0.04375
1 0.57109375 0.13333333333333333 0.0890625 0.1125
1 0.3203125 0.21041666666666667 0.103125 0.09583333333333334
