0 0.26484375 0.4354166666666667 0.0265625 0.0375
0 0.23828125 0.5770833333333333 0.0265625 0.0375
0 0.23997323207171312 0.85625 0.0265625 0.0375
0 0.19453125 0.8458333333333333 0.0265625 0.0375
0 0.08359375 0.80625 0.0265625 0.0375
0 0.13515625 0.18958333333333333 0.0265625 0.0375
0 0.20390625 0.23333333333333334 0.0265625 0.041666666666666664
0 0.2080701897905759 0.19421902268760907 0.02656249999999998 0.0375
0 0.26204427083333337 0.26763888888888887 0.0265625 0.0375
0 0.2170911815068493 0.40117009132420095 0.0265625 0.0375
0 0.53984375 0.98125 0.0265625 0.0375
0 0.6283832374476988 0.6060146443514645 0.0265625 0.0375
0 0.48828125 0.86875 0.0265625 0.0375
0 0.84296875 0.85625 0.0265625 0.0375
0 0.83359375 0.98125 0.0265625 0.0375
0 0.84140625 0.7794117647058824 0.0265625 0.0375
0 0.828125 0.43645833333333334 0.025 0.03958333333333333
0 0.8640625 0.409375 0.025 0.03958333333333333
0 0.6279175086605081 0.23907332563510394 0.0265625 0.03333333333333333
0 0.73671875 0.15219907407407407 0.0265625 0.03333333333333333
0 0.71015625 0.6354166666666666 0.0265625 0.03333333333333333
0 0.49340204831932777 0.6118522408963585 0.0296875 0.03333333333333333
0 0.45877026673640164 0.4707984658298466 0.0265625 0.03333333333333333
0 0.58828125 0.11875 0.0296875 0.05
0 0.6015625 0.20625 0.025 0.04583333333333333
0 0.85625 0.22395833333333334 0.0375 0.04375
0 0.4853686286407767 0.7590918284789645 0.0421875 0.04375
0 0.6965891768292682 0.9617632113821137 0.0296875 0.03958333333333333
0 0.19872159090909092 0.7154356060606061 0.025 0.03958333333333333
0 0.4817361790606654 0.05039342791911285 0.025 0.027083333333333334
0 0.509830216535433 0.029338910761154854 0.0296875 0.03125
0 0.35703125 0.06354166666666666 0.0234375 0.027083333333333334
0 0.79375 0.38229166666666664 0.034375 0.03958333333333333
0 0.9714118303571428 0.03863343253968254 0.024408482142857225 0.037217261904761906
1 0.57109375 0.13333333333333333 0.0890625 0.1125
1 0.3203125 0.21041666666666667 0.103125 0.09583333333333334
