0 0.27188191371681414 0.4263643067846608 0.0265625 0.0375
0 0.23828125 0.5770833333333333 0.0265625 0.0375
0 0.24279693725099602 0.85625 0.0265625 0.0375
0 0.19453125 0.8458333333333333 0.0265625 0.0375
0 0.08359375 0.80625 0.0265625 0.0375
0 0.024103234435797666 0.7365637159533074 0.0265625 0.0375
0 0.13515625 0.18958333333333333 0.0265625 0.0375
0 0.22249461206896554 0.17708333333333334 0.0265625 0.0375
0 0.2805832435344827 0.1150592672413793 0.0265625 0.037499999999999985
0 0.2835712679856115 0.21877997601918464 0.0265625 0.0375
0 0.3052065855704698 0.31524049217002237 0.0265625 0.0375
0 0.31171875 0.4270833333333333 0.0265625 0.041666666666666664
0 0.5649857954545454 0.9080492424242425 0.0265625 0.0375
0 0.6400153540462428 0.5709898843930635 0.0265625 0.0375
0 0.48828125 0.86875 0.0265625 0.0375
0 0.934375 0.9291666666666667 0.0234375 0.0375
0 0.8467468004908836 0.8449158485273492 0.0265625 0.0375
0 0.8373718004908837 0.9699158485273492 0.0265625 0.0375
0 0.8536147878681627 0.7503886161757831 0.0265625 0.0375
0 0.828125 0.43645833333333334 0.025 0.03958333333333333
0 0.867639180672269 0.409375 0.025 0.03958333333333333
0 0.6678865131578948 0.1550438596491228 0.0265625 0.03333333333333333
0 0.7729293862467866 0.07156169665809768 0.0265625 0.03333333333333333
0 0.71015625 0.6354166666666666 0.0265625 0.03333333333333333
0 0.5881637687969925 0.49915413533834585 0.0265625 0.03333333333333333
0 0.49765625 0.39714912280701753 0.0265625 0.03333333333333333
0 0.01328125 0.26391129032258065 0.0265625 0.03333333333333336
0 0.3109375 0.4079166666666667 0.028125 0.0375
0 0.75234375 0.5104166666666666 0.0265625 0.03333333333333333
0 0.9924913194444445 0.7965856481481481 0.0125 0.035416666666666666
0 0.70703125 0.6895833333333333 0.0296875 0.041666666666666664
0 0.58828125 0.11875 0.0296875 0.05
0 0.6015625 0.20625 0.025 0.04583333333333333
0 0.22109375 0.41770833333333335 0.0359375 0.04583333333333333
0 0.059375 0.2625 0.0328125 0.0375
0 0.85625 0.22395833333333334 0.0375 0.04375
0 0.5061472039473685 0.7291529605263157 0.0421875 0.04375
1 0.57109375 0.13333333333333333 0.0890625 0.1125
1 0.3203125 0.21041666666666667 0.103125 0.09583333333333334
