0 0.26484375 0.4354166666666667 0.0265625 0.0375
0 0.23828125 0.5770833333333333 0.0265625 0.0375
0 0.24071277390438248 0.85625 0.0265625 0.0375
0 0.19453125 0.8458333333333333 0.0265625 0.0375
0 0.08359375 0.80625 0.0265625 0.0375
0 0.00546875 0.8104166666666667 0.0109375 0.03333333333333333
0 0.13515625 0.18958333333333333 0.0265625 0.0375
0 0.30515625 0.21520833333333333 0.0265625 0.041666666666666664
0 0.23004712301587302 0.17362764550264548 0.0265625 0.0375
0 0.2702484631147541 0.24433060109289617 0.0265625 0.0375
0 0.23505208333333333 0.3813888888888889 0.0265625 0.0375
0 0.5383430179355784 0.9792490239141044 0.0265625 0.0375
0 0.6310641263940521 0.6107806691449814 0.0265625 0.0375
0 0.48828125 0.86875 0.0265625 0.0375
0 0.84296875 0.85625 0.0265625 0.0375
0 0.83359375 0.98125 0.0265625 0.0375
0 0.8402860753676471 0.7541666666666667 0.0265625 0.0375
0 0.828125 0.43645833333333334 0.025 0.03958333333333333
0 0.8643421743697479 0.409375 0.025 0.03958333333333333
0 0.6311327222863741 0.23621535796766743 0.0265625 0.03333333333333333
0 0.7550863199300699 0.11139277389277388 0.0265625 0.03333333333333333
0 0.71015625 0.6354166666666666 0.0265625 0.03333333333333333
0 0.5193256578947368 0.6000548245614036 0.0296875 0.03333333333333333
0 0.4620810688405797 0.44561191626409014 0.0265625 0.03333333333333333
0 0.9955729166666668 0.37638888888888894 0.008854166666666607 0.026388888888888868
0 0.9262374543795622 0.9754333941605839 0.0234375 0.035416666666666666
0 0.58828125 0.11875 0.0296875 0.05
0 0.6015625 0.20625 0.025 0.04583333333333333
0 0.85625 0.22395833333333334 0.0375 0.04375
0 0.4893109071601942 0.7538354571197411 0.0421875 0.04375
0 0.85859375 0.6755208333333333 0.0296875 0.03958333333333333
0 0.14825721153846155 0.9282852564102565 0.025 0.03958333333333333
0 0.165625 0.9614583333333333 0.03125 0.03958333333333333
0 0.48446061643835614 0.04676084474885845 0.025 0.027083333333333338
0 0.5080031988188976 0.02446686351706037 0.0296875 0.03125000000000001
0 0.35703125 0.06354166666666666 0.0234375 0.027083333333333334
0 0.7474999999999999 0.017708333333333333 0.03125 0.035416666666666666
0 0.986328125 0.01579861111111111 0.02109375 0.023958333333333328
1 0.57109375 0.13333333333333333 0.0890625 0.1125
1 0.3203125 0.21041666666666667 0.103125 0.09583333333333334
