0 0.26484375 0.4354166666666667 0.0265625 0.0375
0 0.23828125 0.5770833333333333 0.0265625 0.0375
0 0.24026207669322708 0.85625 0.0265625 0.0375
0 0.19453125 0.8458333333333333 0.0265625 0.0375
0 0.08359375 0.80625 0.0265625 0.0375
0 0.13515625 0.18958333333333333 0.0265625 0.0375
0 0.267578125 0.20260416666666667 0.0265625 0.041666666666666664
0 0.2137639070680628 0.18156631762652706 0.0265625 0.0375
0 0.2674408783783784 0.25419481981981984 0.0265625 0.0375
0 0.225341796875 0.3933376736111111 0.0265625 0.0375
0 0.53984375 0.98125 0.0265625 0.0375
0 0.6306583420502092 0.6100592747559275 0.0265625 0.0375
0 0.48828125 0.86875 0.0265625 0.0375
0 0.84296875 0.85625 0.0265625 0.0375
0 0.83359375 0.98125 0.0265625 0.0375
0 0.8403835227272728 0.7639393939393939 0.0265625 0.0375
0 0.828125 0.43645833333333334 0.025 0.03958333333333333
0 0.8640625 0.409375 0.025 0.03958333333333333
0 0.6291732823325635 0.23795708237105465 0.0265625 0.03333333333333333
0 0.7445429104477612 0.13445273631840796 0.0265625 0.03333333333333332
0 0.71015625 0.6354166666666666 0.0265625 0.03333333333333333
0 0.5048253676470588 0.6057598039215686 0.0296875 0.03333333333333333
0 0.4595286349372385 0.46169804741980475 0.0265625 0.03333333333333333
0 0.58828125 0.11875 0.0296875 0.05
0 0.6015625 0.20625 0.025 0.04583333333333333
0 0.85625 0.22395833333333334 0.0375 0.04375
0 0.48690837378640783 0.7570388349514563 0.0421875 0.04375
0 0.770703125 0.8976934523809524 0.0296875 0.03958333333333333
0 0.19895833333333335 0.8385416666666666 0.025000000000000022 0.03958333333333333
0 0.4828002690802348 0.04897464122635355 0.025 0.027083333333333334
0 0.5091166338582677 0.027436023622047244 0.0296875 0.03125
0 0.35703125 0.06354166666666666 0.0234375 0.027083333333333334
0 0.7583333333333333 0.24131944444444445 0.034375 0.03958333333333333
0 0.9772377232142858 0.029714781746031746 0.0231138392857142 0.03203869047619048
1 0.57109375 0.13333333333333333 0.0890625 0.1125
1 0.3203125 0.21041666666666667 0.103125 0.09583333333333334
