0 0.27172981194690266 0.4269051130776794 0.0265625 0.0375
0 0.23828125 0.5770833333333333 0.0265625 0.0375
0 0.242769546812749 0.85625 0.0265625 0.0375
0 0.19453125 0.8458333333333333 0.0265625 0.0375
0 0.08359375 0.80625 0.0265625 0.0375
0 0.02383572470817121 0.7374108300907912 0.0265625 0.0375
0 0.13515625 0.18958333333333333 0.0265625 0.0375
0 0.22265625 0.1740530303030303 0.0265625 0.0375
0 0.27917564655172417 0.11594827586206898 0.0265625 0.03750000000000001
0 0.28350944244604315 0.21886241007194243 0.0265625 0.0375
0 0.3041684144295302 0.3160095078299776 0.0265625 0.0375
0 0.30442708333333335 0.43194444444444446 0.0265625 0.041666666666666664
0 0.5634232954545454 0.9111742424242425 0.0265625 0.0375
0 0.6397173049132948 0.571321050096339 0.0265625 0.0375
0 0.48828125 0.86875 0.0265625 0.0375
0 0.95234375 0.9263888888888889 0.0234375 0.0375
0 0.8466503769284712 0.8452051192145863 0.0265625 0.0375
0 0.8372753769284712 0.9702051192145863 0.0265625 0.0375
0 0.8535424701963535 0.7504850397381955 0.0265625 0.0375
0 0.828125 0.43645833333333334 0.025 0.03958333333333333
0 0.8675958508403362 0.409375 0.025 0.03958333333333333
0 0.6676081730769231 0.15625 0.0265625 0.03333333333333333
0 0.7730619376606683 0.07191516709511568 0.0265625 0.03333333333333333
0 0.71015625 0.6354166666666666 0.0265625 0.03333333333333333
0 0.5876468515037594 0.500015664160401 0.0265625 0.03333333333333333
0 0.49765625 0.39835526315789477 0.0265625 0.03333333333333333
0 0.01328125 0.26686827956989245 0.0265625 0.03333333333333333
0 0.305625 0.3954166666666667 0.028125 0.0375
0 0.76953125 0.5041666666666667 0.0265625 0.03333333333333333
0 0.9922526041666666 0.8000868055555556 0.0125 0.035416666666666666
0 0.73359375 0.7083333333333334 0.0296875 0.041666666666666664
0 0.58828125 0.11875 0.0296875 0.05
0 0.6015625 0.20625 0.025 0.04583333333333333
0 0.21171875 0.3770833333333333 0.0359375 0.04583333333333333
0 0.04453125 0.22708333333333333 0.0328125 0.0375
0 0.85625 0.22395833333333334 0.0375 0.04375
0 0.5058079769736843 0.7296806469298246 0.0421875 0.04375
1 0.57109375 0.13333333333333333 0.0890625 0.1125
1 0.3203125 0.21041666666666667 0.103125 0.09583333333333334
