0 0.26484375 0.4354166666666667 0.0265625 0.0375
0 0.23828125 0.5770833333333333 0.0265625 0.0375
0 0.24197273406374503 0.85625 0.0265625 0.0375
0 0.19453125 0.8458333333333333 0.0265625 0.0375
0 0.08359375 0.80625 0.0265625 0.0375
0 0.016053623540856033 0.7620541504539559 0.0265625 0.0375
0 0.13515625 0.18958333333333333 0.0265625 0.0375
0 0.26296875000000003 0.225 0.0265625 0.041666666666666664
0 0.249609375 0.1453125 0.0265625 0.0375
0 0.281710881294964 0.22126049160671463 0.0265625 0.0375
0 0.27734375 0.34791666666666665 0.0265625 0.0375
0 0.0875 0.56875 0.028125 0.05
0 0.5337127104685212 0.973075280624695 0.0265625 0.0375
0 0.6310050317796609 0.59579802259887 0.0265625 0.0375
0 0.48828125 0.86875 0.0265625 0.0375
0 0.8438453278401121 0.8536202664796634 0.0265625 0.0375
0 0.8344703278401122 0.9786202664796634 0.0265625 0.0375
0 0.8514386833800842 0.7532900888265545 0.0265625 0.0375
0 0.828125 0.43645833333333334 0.025 0.03958333333333333
0 0.8663353466386555 0.409375 0.025 0.03958333333333333
0 0.6612655573593074 0.18440656565656566 0.0265625 0.03333333333333333
0 0.7685962600401607 0.08624497991967871 0.0265625 0.03333333333333333
0 0.71015625 0.6354166666666666 0.0265625 0.03333333333333333
0 0.5657979484732824 0.537476145038168 0.028435114503816816 0.033333333333333395
0 0.4816173427152318 0.40693984547461365 0.0265625 0.03333333333333333
0 0.6078125 0.5291666666666667 0.028125 0.0375
0 0.6705729166666667 0.08472222222222221 0.0265625 0.03333333333333333
0 0.9750600961538461 0.862099358974359 0.0234375 0.035416666666666666
0 0.58828125 0.11875 0.0296875 0.05
0 0.6015625 0.20625 0.025 0.04583333333333333
0 0.85625 0.22395833333333334 0.0375 0.04375
0 0.91484375 0.2520833333333333 0.0328125 0.041666666666666664
0 0.49602738167475724 0.7448801577669903 0.0421875 0.04375
0 0.5046428571428572 0.024613095238095236 0.025 0.02708333333333333
0 0.10625 0.28958333333333336 0.028125 0.0375
0 0.5138494318181819 0.01335227272727273 0.0296875 0.01875
0 0.36719254032258064 0.024831989247311826 0.0234375 0.02708333333333333
0 0.08151041666666667 0.05069444444444445 0.0296875 0.03333333333333334
1 0.57109375 0.13333333333333333 0.0890625 0.1125
1 0.3203125 0.21041666666666667 0.103125 0.09583333333333334
