0 0.2653118116740088 0.43494860499265786 0.0265625 0.0375
0 0.23828125 0.5770833333333333 0.0265625 0.0375
0 0.2421320966135458 0.85625 0.0265625 0.0375
0 0.19453125 0.8458333333333333 0.0265625 0.0375
0 0.08359375 0.80625 0.0265625 0.0375
0 0.017610043774319066 0.7571254863813229 0.0265625 0.0375
0 0.13515625 0.18958333333333333 0.0265625 0.0375
0 0.24890625000000002 0.19833333333333333 0.0265625 0.041666666666666664
0 0.254296875 0.1390625 0.0265625 0.0375
0 0.2820705935251798 0.2207808752997602 0.0265625 0.0375
0 0.28252303286852587 0.3410109561752988 0.0265625 0.0375
0 0.1263392857142857 0.5276785714285714 0.028125 0.05
0 0.53857421875 0.9633246527777778 0.0265625 0.0375
0 0.6339711334745763 0.5890183615819209 0.0265625 0.0375
0 0.48828125 0.86875 0.0265625 0.0375
0 0.8444063376577841 0.851937237026648 0.0265625 0.0375
0 0.835031337657784 0.976937237026648 0.0265625 0.0375
0 0.851859440743338 0.7527290790088828 0.0265625 0.0375
0 0.828125 0.43645833333333334 0.025 0.03958333333333333
0 0.8665874474789916 0.409375 0.025 0.03958333333333333
0 0.6621313582251083 0.18036616161616162 0.0265625 0.03333333333333333
0 0.7702026857429719 0.08303212851405622 0.0265625 0.03333333333333333
0 0.71015625 0.6354166666666666 0.0265625 0.03333333333333333
0 0.5711414599236642 0.5298425572519084 0.027671755725190827 0.03333333333333333
0 0.48531432392996104 0.4058122568093385 0.0265625 0.03333333333333333
0 0.00546875 0.30520833333333336 0.0109375 0.035416666666666666
0 0.52265625 0.45208333333333334 0.028125 0.0375
0 0.71953125 0.109375 0.0265625 0.03333333333333333
0 0.976308358433735 0.8523719879518072 0.0234375 0.035416666666666666
0 0.58828125 0.11875 0.0296875 0.05
0 0.6015625 0.20625 0.025 0.04583333333333333
0 0.02421875 0.027604166666666666 0.0265625 0.03125
0 0.85625 0.22395833333333334 0.0375 0.04375
0 0.9765625 0.30625 0.021875 0.0375
0 0.49791324013157895 0.7419613486842105 0.0421875 0.04375
0 0.5027380952380953 0.02291997354497354 0.025 0.02708333333333333
0 0.21510416666666665 0.2638888888888889 0.028125 0.03749999999999997
0 0.5168797348484848 0.012342171717171717 0.0296875 0.01875
0 0.36935267857142856 0.01933779761904762 0.0234375 0.02569940476190476
1 0.57109375 0.13333333333333333 0.0890625 0.1125
1 0.3203125 0.21041666666666667 0.103125 0.09583333333333334
