0 0.26484375 0.4354166666666667 0.0265625 0.0375
0 0.23828125 0.5770833333333333 0.0265625 0.0375
0 0.23996576195219124 0.85625 0.0265625 0.0375
0 0.19453125 0.8458333333333333 0.0265625 0.0375
0 0.08359375 0.80625 0.0265625 0.0375
0 0.13515625 0.18958333333333333 0.0265625 0.0375
0 0.2078125 0.23958333333333334 0.0265625 0.041666666666666664
0 0.20792293848167537 0.1945462478184991 0.02656249999999998 0.0375
0 0.2618489583333333 0.26805555555555555 0.0265625 0.03749999999999997
0 0.21689854452054794 0.4014269406392694 0.0265625 0.0375
0 0.53984375 0.98125 0.0265625 0.0375
0 0.6283243985355649 0.6059100418410043 0.0265625 0.0375
0 0.48828125 0.86875 0.0265625 0.0375
0 0.84296875 0.85625 0.0265625 0.0375
0 0.83359375 0.98125 0.0265625 0.0375
0 0.84140625 0.7797794117647059 0.0265625 0.0375
0 0.828125 0.43645833333333334 0.025 0.03958333333333333
0 0.8640625 0.409375 0.025 0.03958333333333333
0 0.6278850317551963 0.23910219399538105 0.0265625 0.03333333333333333
0 0.73671875 0.15254629629629632 0.0265625 0.03333333333333333
0 0.71015625 0.6354166666666666 0.0265625 0.03333333333333333
0 0.49310661764705876 0.6120098039215686 0.0296875 0.03333333333333333
0 0.4587506537656904 0.4710338214783822 0.0265625 0.03333333333333333
0 0.58828125 0.11875 0.0296875 0.05
0 0.6015625 0.20625 0.025 0.04583333333333333
0 0.85625 0.22395833333333334 0.0375 0.04375
0 0.4853288076456311 0.7591449231391586 0.0421875 0.04375
0 0.6948742378048781 0.9635924796747967 0.0296875 0.03958333333333333
0 0.19701704545454546 0.712405303030303 0.025 0.03958333333333333
0 0.48170865949119374 0.05043012067840835 0.025 0.027083333333333334
0 0.5098486712598425 0.029388123359580055 0.0296875 0.03125
0 0.35703125 0.06354166666666666 0.0234375 0.027083333333333334
0 0.7796875 0.3767361111111111 0.034375 0.03958333333333333
0 0.9712611607142858 0.0388640873015873 0.024441964285714234 0.03735119047619048
1 0.57109375 0.13333333333333333 0.0890625 0.1125
1 0.3203125 0.21041666666666667 0.103125 0.09583333333333334
