0 0.26484375 0.4354166666666667 0.0265625 0.0375
0 0.23828125 0.5770833333333333 0.0265625 0.0375
0 0.24193040338645416 0.85625 0.0265625 0.0375
0 0.19453125 0.8458333333333333 0.0265625 0.0375
0 0.08359375 0.80625 0.0265625 0.0375
0 0.015640199416342416 0.763363326848249 0.0265625 0.0375
0 0.13515625 0.18958333333333333 0.0265625 0.0375
0 0.26905048076923077 0.22628205128205128 0.0265625 0.041666666666666664
0 0.2483642578125 0.14697265625 0.0265625 0.0375
0 0.28161533273381295 0.2213878896882494 0.0265625 0.0375
0 0.2761787280701754 0.34978070175438597 0.0265625 0.0375
0 0.07291666666666666 0.5395833333333333 0.028125 0.05
0 0.5338682741581259 0.9732826988775012 0.0265625 0.0375
0 0.6302171610169491 0.5975988700564971 0.0265625 0.0375
0 0.48828125 0.86875 0.0265625 0.0375
0 0.8436963096072931 0.8540673211781207 0.0265625 0.0375
0 0.8343213096072931 0.9790673211781207 0.0265625 0.0375
0 0.8513269197054699 0.7534391070593736 0.0265625 0.0375
0 0.828125 0.43645833333333334 0.025 0.03958333333333333
0 0.8662683823529411 0.409375 0.025 0.03958333333333333
0 0.661035579004329 0.185479797979798 0.0265625 0.03333333333333333
0 0.7681695532128514 0.08709839357429719 0.0265625 0.03333333333333333
0 0.71015625 0.6354166666666666 0.0265625 0.03333333333333333
0 0.5643785782442748 0.5395038167938931 0.0286378816793893 0.033333333333333395
0 0.48091370033112585 0.40811258278145696 0.0265625 0.03333333333333333
0 0.61875 0.5520833333333334 0.028125 0.0375
0 0.65859375 0.075 0.0265625 0.03333333333333333
0 0.9747195512820512 0.8643696581196582 0.0234375 0.035416666666666666
0 0.58828125 0.11875 0.0296875 0.05
0 0.6015625 0.20625 0.025 0.04583333333333333
0 0.85625 0.22395833333333334 0.0375 0.04375
0 0.9359375 0.21979166666666666 0.0328125 0.041666666666666664
0 0.4958017293689321 0.7451810275080906 0.0421875 0.04375
0 0.5051488095238096 0.025062830687830693 0.025 0.027083333333333338
0 0.08619791666666668 0.2774305555555555 0.029687500000000012 0.039583333333333304
0 0.5130445075757576 0.01362058080808081 0.0296875 0.01875
0 0.3667926747311828 0.02635528673835125 0.0234375 0.02708333333333333
0 0.03828125 0.08333333333333333 0.0296875 0.03333333333333333
1 0.57109375 0.13333333333333333 0.0890625 0.1125
1 0.3203125 0.21041666666666667 0.103125 0.09583333333333334
