0 0.27361034292035397 0.4202187807276303 0.0265625 0.0375
0 0.23828125 0.5787265258215962 0.0265625 0.0375
0 0.24379034624413146 0.8540590766823162 0.0265625 0.0375
0 0.19453125 0.8458333333333333 0.0265625 0.0375
0 0.08359375 0.80625 0.0265625 0.0375
0 0.02701364436619718 0.730154538341158 0.0265625 0.0375
0 0.13515625 0.18958333333333333 0.0265625 0.0375
0 0.21675347222222224 0.16898148148148148 0.0265625 0.0375
0 0.29640625 0.10513888888888889 0.0265625 0.0375
0 0.2842738309352518 0.21784322541966425 0.0265625 0.0375
0 0.31254034624413146 0.30877347417840373 0.0265625 0.0375
0 0.34921875 0.27708333333333335 0.0265625 0.041666666666666664
0 0.5752017312206573 0.8867370892018779 0.0265625 0.0375
0 0.6434022760115606 0.5672266377649325 0.0265625 0.0375
0 0.48828125 0.86875 0.0265625 0.0375
0 0.70078125 0.83125 0.0234375 0.0375
0 0.8478425227910238 0.8416286816269285 0.0265625 0.0375
0 0.8384675227910238 0.9666286816269285 0.0265625 0.0375
0 0.8544365795932679 0.7492928938756428 0.0265625 0.0375
0 0.98203125 0.8621527777777778 0.0265625 0.04375
0 0.828125 0.43645833333333334 0.025 0.03958333333333333
0 0.8681315651260505 0.409375 0.025 0.03958333333333333
0 0.62546875 0.12062500000000001 0.0234375 0.03541666666666668
0 0.6708273329493087 0.14273233486943165 0.0265625 0.03333333333333333
0 0.7714231201799486 0.06754498714652955 0.0265625 0.03333333333333333
0 0.7109778462441315 0.6365121283255086 0.0265625 0.03333333333333333
0 0.5905846537558685 0.4899158841940532 0.0265625 0.03333333333333333
0 0.4984778462441315 0.3879401408450704 0.0265625 0.03333333333333333
0 0.01478794642857143 0.23802083333333332 0.0265625 0.03333333333333333
0 0.1875 0.2673611111111111 0.028125 0.037500000000000026
0 0.78984375 0.6708333333333333 0.0265625 0.03333333333333333
0 0.9916469029017858 0.7753208705357143 0.016706194196428648 0.034793526785714235
0 0.6546875 0.47708333333333336 0.025 0.03333333333333333
0 0.58828125 0.11875 0.0296875 0.05
0 0.6015625 0.20625 0.025 0.04583333333333333
0 0.2734375 0.5541666666666667 0.0359375 0.04583333333333333
0 0.3846354166666667 0.5083333333333333 0.03281250000000004 0.0375
0 0.85625 0.22395833333333334 0.0375 0.04375
0 0.5100020559210526 0.723156524122807 0.0421875 0.04375
1 0.57109375 0.13333333333333333 0.0890625 0.1125
1 0.3203125 0.21041666666666667 0.103125 0.09583333333333334
