0 0.27470271017699116 0.416334808259587 0.0265625 0.0375
0 0.23828125 0.5810446009389671 0.0265625 0.0375
0 0.2449493838028169 0.850968309859155 0.0265625 0.0375
0 0.19453125 0.8458333333333333 0.0265625 0.0375
0 0.08359375 0.80625 0.0265625 0.0375
0 0.02875220070422535 0.7286091549295775 0.0265625 0.0375
0 0.13515625 0.18958333333333333 0.0265625 0.0375
0 0.20359375000000002 0.13375 0.026562500000000024 0.0375
0 0.3056640625 0.09965277777777778 0.0265625 0.0375
0 0.28471785071942446 0.2172511990407674 0.0265625 0.0375
0 0.3136993838028169 0.30645539906103286 0.0265625 0.0375
0 0.37734375 0.15833333333333333 0.0265625 0.041666666666666664
0 0.5809969190140845 0.8797828638497652 0.0265625 0.0375
0 0.6455428106936416 0.5648482658959537 0.0265625 0.0375
0 0.48828125 0.86875 0.0265625 0.0375
0 0.5752604166666667 0.80625 0.0265625 0.0375
0 0.8485350192847125 0.8395511921458625 0.0265625 0.0375
0 0.8391600192847125 0.9645511921458625 0.0265625 0.0375
0 0.8549559519635344 0.7486003973819542 0.0265625 0.0375
0 0.93359375 0.7270833333333333 0.0265625 0.0375
0 0.828125 0.43645833333333334 0.025 0.03958333333333333
0 0.8684427521008404 0.409375 0.025 0.03958333333333333
0 0.6890625 0.13802083333333334 0.0234375 0.035416666666666666
0 0.6725338421658986 0.1359062980030722 0.0265625 0.03333333333333332
0 0.7704711600257069 0.06500642673521852 0.0265625 0.03333333333333333
0 0.7121368838028169 0.6380575117370892 0.0265625 0.03333333333333333
0 0.5894256161971831 0.48450704225352115 0.0265625 0.03333333333333333
0 0.4996368838028169 0.3856220657276995 0.0265625 0.03333333333333333
0 0.06953125 0.5395833333333333 0.0296875 0.0375
0 0.01731770833333333 0.22265625 0.0265625 0.03333333333333333
0 0.1140625 0.26666666666666666 0.028125 0.0375
0 0.76796875 0.7958333333333333 0.0265625 0.03333333333333333
0 0.9891671316964284 0.7720145089285715 0.021665736607142883 0.034058779761904745
0 0.609375 0.334375 0.025 0.035416666666666666
0 0.58828125 0.11875 0.0296875 0.05
0 0.6015625 0.20625 0.025 0.04583333333333333
0 0.30234375 0.6916666666666667 0.0390625 0.041666666666666664
0 0.6348958333333333 0.578125 0.028125 0.035416666666666666
0 0.85625 0.22395833333333334 0.0375 0.04375
0 0.512438322368421 0.7193667763157895 0.0421875 0.04375
