0 0.26484375 0.4354166666666667 0.0265625 0.0375
0 0.23828125 0.5770833333333333 0.0265625 0.0375
0 0.24089703685258965 0.85625 0.0265625 0.0375
0 0.19453125 0.8458333333333333 0.0265625 0.0375
0 0.08359375 0.80625 0.0265625 0.0375
0 0.00546875 0.8104166666666667 0.0109375 0.03333333333333333
0 0.13515625 0.18958333333333333 0.0265625 0.0375
0 0.31015625 0.22291666666666668 0.0265625 0.041666666666666664
0 0.23738839285714283 0.1748511904761905 0.0265625 0.0375
0 0.2729021516393443 0.2387704918032787 0.0265625 0.0375
0 0.2391442207112971 0.3765603207810321 0.0265625 0.0375
0 0.5376658583455345 0.9783461444607126 0.0265625 0.0375
0 0.6304193773234201 0.6096344485749691 0.0265625 0.0375
0 0.48828125 0.86875 0.0265625 0.0375
0 0.84296875 0.85625 0.0265625 0.0375
0 0.83359375 0.98125 0.0265625 0.0375
0 0.8421989889705882 0.7541666666666667 0.0265625 0.0375
0 0.828125 0.43645833333333334 0.025 0.03958333333333333
0 0.8646336659663865 0.409375 0.025 0.03958333333333333
0 0.6319338192840647 0.23550327174749805 0.0265625 0.03333333333333333
0 0.7567060596446701 0.10668358714043993 0.0265625 0.03333333333333333
0 0.71015625 0.6354166666666666 0.0265625 0.03333333333333333
0 0.524778293918919 0.5950028153153153 0.0296875 0.03333333333333333
0 0.4637567934782608 0.4381642512077295 0.0265625 0.03333333333333333
0 0.9348958333333334 0.3729166666666667 0.028125 0.0375
0 0.9355212135036496 0.9630550486618005 0.0234375 0.035416666666666666
0 0.58828125 0.11875 0.0296875 0.05
0 0.6015625 0.20625 0.025 0.04583333333333333
0 0.85625 0.22395833333333334 0.0375 0.04375
0 0.4902931583737864 0.7525257888349515 0.0421875 0.04375
0 0.91671875 0.5939583333333334 0.0296875 0.03958333333333333
0 0.14058866279069768 0.9479893410852713 0.025 0.03958333333333333
0 0.4851394324853229 0.045855756686236135 0.025 0.027083333333333334
0 0.5075479822834645 0.02325295275590551 0.0296875 0.031249999999999997
0 0.35703125 0.06354166666666666 0.0234375 0.027083333333333334
1 0.57109375 0.13333333333333333 0.0890625 0.1125
1 0.3203125 0.21041666666666667 0.103125 0.09583333333333334
