0 0.26484375 0.4354166666666667 0.0265625 0.0375
0 0.23828125 0.5770833333333333 0.0265625 0.0375
0 0.2410090886454183 0.85625 0.0265625 0.0375
0 0.19453125 0.8458333333333333 0.0265625 0.0375
0 0.08359375 0.80625 0.0265625 0.0375
0 0.005625 0.8056250000000001 0.01125 0.03291666666666669
0 0.13515625 0.18958333333333333 0.0265625 0.0375
0 0.31138980263157895 0.22127192982456143 0.0265625 0.041666666666666664
0 0.23903124999999997 0.1726 0.0265625 0.0375
0 0.274515881147541 0.2353893442622951 0.0265625 0.0375
0 0.24238036087866108 0.3745990237099024 0.0265625 0.0375
0 0.5372540721083455 0.9777970961444606 0.0265625 0.0375
0 0.6300273001858736 0.6089374225526641 0.0265625 0.0375
0 0.48828125 0.86875 0.0265625 0.0375
0 0.84296875 0.85625 0.0265625 0.0375
0 0.83359375 0.98125 0.0265625 0.0375
0 0.8433622472426471 0.7541666666666667 0.0265625 0.0375
0 0.828125 0.43645833333333334 0.025 0.03958333333333333
0 0.8648109243697479 0.409375 0.025 0.03958333333333333
0 0.63596875 0.23391666666666666 0.0265625 0.03333333333333333
0 0.7581337246192893 0.10478003384094754 0.0265625 0.03333333333333333
0 0.71015625 0.6354166666666666 0.0265625 0.03333333333333333
0 0.5281038851351352 0.5918355855855856 0.0296875 0.03333333333333333
0 0.4647758152173913 0.43363526570048305 0.0265625 0.03333333333333333
0 0.8671875 0.35625 0.028125 0.0375
0 0.9403466235632184 0.9541427203065135 0.0234375 0.035416666666666666
0 0.58828125 0.11875 0.0296875 0.05
0 0.6015625 0.20625 0.025 0.04583333333333333
0 0.85625 0.22395833333333334 0.0375 0.04375
0 0.49089047330097085 0.7517293689320389 0.0421875 0.04375
0 0.9239062499999999 0.5335416666666667 0.0296875 0.039583333333333394
0 0.14602272727272728 0.9664772727272728 0.0203125 0.03125
0 0.4855522260273973 0.04530536529680365 0.025 0.027083333333333334
0 0.5072711614173229 0.02251476377952756 0.0296875 0.03125000000000001
0 0.3580897177419355 0.05950940860215053 0.0234375 0.027083333333333334
1 0.57109375 0.13333333333333333 0.0890625 0.1125
1 0.3203125 0.21041666666666667 0.103125 0.09583333333333334
