0 0.275477046460177 0.4135816125860374 0.0265625 0.0375
0 0.23828125 0.58268779342723 0.0265625 0.0375
0 0.24577098004694836 0.8487773865414711 0.0265625 0.0375
0 0.19453125 0.8458333333333333 0.0265625 0.0375
0 0.08359375 0.80625 0.0265625 0.0375
0 0.02998459507042254 0.7275136932707355 0.0265625 0.0375
0 0.13515625 0.18958333333333333 0.0265625 0.0375
0 0.19366319444444446 0.11226851851851852 0.026562500000000024 0.0375
0 0.3122494103773585 0.09547955974842767 0.0265625 0.0375
0 0.2850325989208633 0.21683153477218226 0.0265625 0.0375
0 0.31452098004694834 0.3048122065727699 0.0265625 0.0375
0 0.41953125 0.09583333333333334 0.0265625 0.0375
0 0.5851049002347418 0.8748532863849765 0.0265625 0.0375
0 0.647060151734104 0.563162331406551 0.0265625 0.0375
0 0.48828125 0.86875 0.0265625 0.0375
0 0.46015625 0.7583333333333333 0.0265625 0.0375
0 0.8490259028751753 0.838078541374474 0.0265625 0.0375
0 0.8396509028751753 0.963078541374474 0.0265625 0.0375
0 0.8553241146563815 0.7481095137914913 0.0265625 0.0375
0 0.88984375 0.6479166666666667 0.0265625 0.0375
0 0.828125 0.43645833333333334 0.025 0.03958333333333333
0 0.8686633403361345 0.409375 0.025 0.03958333333333333
0 0.6706341911764706 0.18590686274509804 0.0234375 0.03333333333333333
0 0.6737435195852535 0.13106758832565285 0.0265625 0.03333333333333333
0 0.74453125 0.06875 0.0265625 0.03333333333333333
0 0.7697963528277635 0.06320694087403599 0.0265625 0.03333333333333333
0 0.7129584800469484 0.6391529733959312 0.0265625 0.03333333333333333
0 0.5886040199530516 0.4806729264475743 0.0265625 0.03333333333333333
0 0.5004584800469484 0.3839788732394366 0.0265625 0.03333333333333333
0 0.16640625 0.6145833333333334 0.0265625 0.03333333333333333
0 0.016029094827586205 0.21616379310344827 0.0265625 0.03333333333333333
0 0.07109375 0.19791666666666666 0.0265625 0.03333333333333333
0 0.715625 0.9895833333333334 0.01875 0.020833333333333332
0 0.6486979166666667 0.9576388888888889 0.0265625 0.03333333333333333
0 0.7359375 0.840625 0.0265625 0.03333333333333333
0 0.9874093191964285 0.7696707589285715 0.025181361607142884 0.033537946428571414
0 0.55546875 0.2520833333333333 0.025 0.035416666666666666
0 0.58828125 0.11875 0.0296875 0.05
0 0.6015625 0.20625 0.025 0.04583333333333333
0 0.38171875 0.7558333333333334 0.0390625 0.041666666666666664
0 0.7859375 0.6385416666666667 0.028125 0.035416666666666666
0 0.85625 0.22395833333333334 0.0375 0.04375
0 0.5141652960526316 0.7166803728070176 0.0421875 0.04375
