0 0.2728774889380531 0.42282448377581117 0.0265625 0.0375
0 0.23828125 0.5771713615023475 0.0265625 0.0375
0 0.24301276408450706 0.8561326291079812 0.0265625 0.0375
0 0.19453125 0.8458333333333333 0.0265625 0.0375
0 0.08359375 0.80625 0.0265625 0.0375
0 0.025847271126760562 0.7311913145539907 0.0265625 0.0375
0 0.13515625 0.18958333333333333 0.0265625 0.0375
0 0.22073317307692308 0.17548076923076922 0.0265625 0.0375
0 0.2897966056034483 0.10924030172413793 0.0265625 0.0375
0 0.2839759442446043 0.21824040767386094 0.0265625 0.0375
0 0.31176276408450704 0.3103286384976526 0.0265625 0.0375
0 0.33640625 0.36125 0.0265625 0.041666666666666664
0 0.5713138204225352 0.8914025821596244 0.0265625 0.0375
0 0.6419662210982658 0.5688222543352601 0.0265625 0.0375
0 0.48828125 0.86875 0.0265625 0.0375
0 0.79765625 0.8541666666666666 0.0234375 0.0375
0 0.8473779365357643 0.8430224403927069 0.0265625 0.0375
0 0.8380029365357643 0.9680224403927069 0.0265625 0.0375
0 0.8540881399018232 0.7497574801309024 0.0265625 0.0375
0 0.828125 0.43645833333333334 0.025 0.03958333333333333
0 0.8679227941176471 0.409375 0.025 0.03958333333333333
0 0.609375 0.059375 0.0234375 0.029166666666666667
0 0.6696824596774194 0.14731182795698927 0.0265625 0.03333333333333335
0 0.772061776992288 0.06924807197943444 0.0265625 0.03333333333333333
0 0.710200264084507 0.635475352112676 0.0265625 0.03333333333333333
0 0.591362235915493 0.4935446009389671 0.0265625 0.03333333333333333
0 0.497700264084507 0.38949530516431924 0.0265625 0.03333333333333333
0 0.013802083333333331 0.24722222222222223 0.0265625 0.03333333333333333
0 0.23020833333333335 0.3013888888888889 0.028125 0.0375
0 0.7674479166666667 0.5993055555555556 0.0265625 0.03333333333333333
0 0.993310546875 0.7775390625 0.01337890625 0.03528645833333333
0 0.655 0.5683333333333334 0.025 0.041666666666666664
0 0.58828125 0.11875 0.0296875 0.05
0 0.6015625 0.20625 0.025 0.04583333333333333
0 0.23671875 0.53125 0.0359375 0.04583333333333333
0 0.23255208333333335 0.4375 0.0328125 0.0375
0 0.85625 0.22395833333333334 0.0375 0.04375
0 0.5083675986842106 0.7256990131578948 0.0421875 0.04375
1 0.57109375 0.13333333333333333 0.0890625 0.1125
1 0.3203125 0.21041666666666667 0.103125 0.09583333333333334
