0 0.26484375 0.4354166666666667 0.0265625 0.0375
0 0.23828125 0.5770833333333333 0.0265625 0.0375
0 0.2406081922310757 0.85625 0.0265625 0.0375
0 0.19453125 0.8458333333333333 0.0265625 0.0375
0 0.08359375 0.80625 0.0265625 0.0375
0 0.13515625 0.18958333333333333 0.0265625 0.0375
0 0.29765625 0.209375 0.0265625 0.041666666666666664
0 0.22588045634920634 0.17293320105820106 0.0265625 0.0375
0 0.26927849264705883 0.24684436274509805 0.0265625 0.0375
0 0.23277343749999999 0.3836979166666667 0.0265625 0.0375
0 0.5387273517569546 0.9797614690092727 0.0265625 0.0375
0 0.631430065055762 0.6114312267657992 0.0265625 0.0375
0 0.48828125 0.86875 0.0265625 0.0375
0 0.84296875 0.85625 0.0265625 0.0375
0 0.83359375 0.98125 0.0265625 0.0375
0 0.8392003676470589 0.7541666666666667 0.0265625 0.0375
0 0.828125 0.43645833333333334 0.025 0.03958333333333333
0 0.8641767331932773 0.409375 0.025 0.03958333333333333
0 0.6306780456120092 0.23661951501154735 0.0265625 0.03333333333333333
0 0.7546274038461538 0.11506410256410257 0.0265625 0.03333333333333333
0 0.71015625 0.6354166666666666 0.0265625 0.03333333333333333
0 0.5164473684210527 0.6008223684210526 0.0296875 0.03333333333333333
0 0.461129981884058 0.4498389694041868 0.0265625 0.03333333333333333
0 0.9209761424731182 0.9824036738351255 0.023471102150537604 0.03519265232974907
0 0.58828125 0.11875 0.0296875 0.05
0 0.6015625 0.20625 0.025 0.04583333333333333
0 0.85625 0.22395833333333334 0.0375 0.04375
0 0.48875341322815535 0.7545787823624596 0.0421875 0.04375
0 0.8651562500000001 0.7502083333333334 0.0296875 0.03958333333333333
0 0.14017857142857143 0.8959821428571428 0.025 0.03958333333333333
0 0.1078125 0.9177083333333333 0.03125 0.03958333333333333
0 0.48407534246575346 0.047274543378995434 0.025 0.027083333333333334
0 0.5082615649606299 0.025155839895013125 0.0296875 0.03125
0 0.35703125 0.06354166666666666 0.0234375 0.027083333333333334
0 0.73046875 0.075 0.0296875 0.03333333333333333
0 0.9842187499999999 0.019027777777777775 0.02156249999999993 0.02583333333333333
1 0.57109375 0.13333333333333333 0.0890625 0.1125
1 0.3203125 0.21041666666666667 0.103125 0.09583333333333334
