0 0.26484375 0.4354166666666667 0.0265625 0.0375
0 0.23828125 0.5770833333333333 0.0265625 0.0375
0 0.23994086155378486 0.85625 0.0265625 0.0375
0 0.19453125 0.8458333333333333 0.0265625 0.0375
0 0.08359375 0.80625 0.0265625 0.0375
0 0.13515625 0.18958333333333333 0.0265625 0.0375
0 0.2078125 0.24375 0.0265625 0.041666666666666664
0 0.2074321007853403 0.1956369982547993 0.0265625 0.0375
0 0.26119791666666664 0.2694444444444445 0.0265625 0.037500000000000026
0 0.21625642123287672 0.40228310502283104 0.0265625 0.0375
0 0.53984375 0.98125 0.0265625 0.0375
0 0.628128268828452 0.6055613668061367 0.0265625 0.0375
0 0.48828125 0.86875 0.0265625 0.0375
0 0.84296875 0.85625 0.0265625 0.0375
0 0.83359375 0.98125 0.0265625 0.0375
0 0.84140625 0.7810049019607843 0.0265625 0.0375
0 0.828125 0.43645833333333334 0.025 0.03958333333333333
0 0.8640625 0.409375 0.025 0.03958333333333333
0 0.627776775404157 0.23919842186297152 0.0265625 0.03333333333333333
0 0.73671875 0.1537037037037037 0.0265625 0.03333333333333333
0 0.71015625 0.6354166666666666 0.0265625 0.03333333333333333
0 0.49212184873949577 0.6125350140056022 0.0296875 0.03333333333333333
0 0.45868527719665275 0.47181834030683406 0.0265625 0.03333333333333333
0 0.58828125 0.11875 0.0296875 0.05
0 0.6015625 0.20625 0.025 0.04583333333333333
0 0.85625 0.22395833333333334 0.0375 0.04375
0 0.4851960709951456 0.7593219053398059 0.0421875 0.04375
0 0.689157774390244 0.9696900406504064 0.0296875 0.03958333333333333
0 0.1929853723404255 0.7099955673758865 0.024999999999999977 0.03958333333333333
0 0.481616927592955 0.05055242987606001 0.025 0.027083333333333334
0 0.5099101870078739 0.02955216535433071 0.0296875 0.03125
0 0.35703125 0.06354166666666666 0.0234375 0.027083333333333334
0 0.7770833333333333 0.3885416666666667 0.034375 0.03958333333333333
0 0.9707589285714284 0.03963293650793651 0.024553571428571352 0.037797619047619045
1 0.57109375 0.13333333333333333 0.0890625 0.1125
1 0.3203125 0.21041666666666667 0.103125 0.09583333333333334
