0 0.27499308628318586 0.41530235988200587 0.0265625 0.0375
0 0.23828125 0.5816607981220657 0.0265625 0.0375
0 0.2452574823943662 0.8501467136150235 0.0265625 0.0375
0 0.19453125 0.8458333333333333 0.0265625 0.0375
0 0.08359375 0.80625 0.0265625 0.0375
0 0.0292143485915493 0.7281983568075118 0.0265625 0.0375
0 0.13515625 0.18958333333333333 0.0265625 0.0375
0 0.19890625 0.12875 0.026562500000000024 0.0375
0 0.308125 0.09819444444444445 0.0265625 0.0375
0 0.284835881294964 0.21709382494004797 0.0265625 0.0375
0 0.3140074823943662 0.3058392018779343 0.0265625 0.0375
0 0.41796875 0.1611111111111111 0.0265625 0.041666666666666664
0 0.582537411971831 0.8779342723004695 0.0265625 0.0375
0 0.6461118135838151 0.5642160404624278 0.0265625 0.0375
0 0.48828125 0.86875 0.0265625 0.0375
0 0.54453125 0.7802083333333333 0.0265625 0.0375
0 0.848719100631136 0.8389989481065919 0.0265625 0.0375
0 0.839344100631136 0.9639989481065919 0.0265625 0.0375
0 0.8550940129733521 0.7484163160355306 0.0265625 0.0375
0 0.9283854166666666 0.6916666666666667 0.0265625 0.0375
0 0.828125 0.43645833333333334 0.025 0.03958333333333333
0 0.8685254726890757 0.409375 0.025 0.03958333333333333
0 0.69921875 0.17395833333333333 0.0234375 0.035416666666666666
0 0.6729874711981567 0.13409178187403994 0.0265625 0.03333333333333335
0 0.7702181073264781 0.06433161953727508 0.0265625 0.03333333333333334
0 0.7124449823943662 0.6384683098591549 0.0265625 0.03333333333333333
0 0.5891175176056338 0.48306924882629104 0.0265625 0.03333333333333333
0 0.4999449823943662 0.38500586854460095 0.0265625 0.03333333333333333
0 0.11953125 0.5166666666666667 0.0296875 0.0375
0 0.017914870689655173 0.21867816091954023 0.0265625 0.03333333333333333
0 0.07135416666666666 0.2552083333333333 0.028125 0.0375
0 0.74453125 0.7995833333333333 0.0265625 0.03333333333333333
0 0.9885079520089285 0.7711356026785715 0.022984095982142884 0.03386346726190474
0 0.5984375 0.28020833333333334 0.025 0.035416666666666666
0 0.58828125 0.11875 0.0296875 0.05
0 0.6015625 0.20625 0.025 0.04583333333333333
0 0.35502232142857143 0.7238095238095238 0.0390625 0.041666666666666664
0 0.6765625 0.5885416666666666 0.028125 0.035416666666666666
0 0.85625 0.22395833333333334 0.0375 0.04375
0 0.5130859375 0.718359375 0.0421875 0.04375
