0 0.26484375 0.4354166666666667 0.0265625 0.0375
0 0.23828125 0.5770833333333333 0.0265625 0.0375
0 0.24038657868525895 0.85625 0.0265625 0.0375
0 0.19453125 0.8458333333333333 0.0265625 0.0375
0 0.08359375 0.80625 0.0265625 0.0375
0 0.13515625 0.18958333333333333 0.0265625 0.0375
0 0.28255208333333337 0.20208333333333334 0.0265625 0.041666666666666664
0 0.21748383620689654 0.17765804597701151 0.0265625 0.0375
0 0.2682559742647059 0.2509344362745098 0.0265625 0.03749999999999997
0 0.227783203125 0.3879123263888889 0.0265625 0.0375
0 0.5395417734260615 0.980847364568082 0.0265625 0.0375
0 0.6316389905857741 0.611802649930265 0.0265625 0.0375
0 0.48828125 0.86875 0.0265625 0.0375
0 0.84296875 0.85625 0.0265625 0.0375
0 0.83359375 0.98125 0.0265625 0.0375
0 0.8368997012867647 0.7541666666666667 0.0265625 0.0375
0 0.828125 0.43645833333333334 0.025 0.03958333333333333
0 0.8640625 0.409375 0.025 0.03958333333333333
0 0.6297145640877598 0.2374759430331024 0.0265625 0.03333333333333333
0 0.7509561567164179 0.12512437810945273 0.0265625 0.03333333333333333
0 0.71015625 0.6354166666666666 0.0265625 0.03333333333333333
0 0.509749212184874 0.6031337535014006 0.0296875 0.03333333333333333
0 0.4598555177824267 0.4577754532775453 0.0265625 0.03333333333333333
0 0.9105090725806452 0.992372311827957 0.026461693548387188 0.015255376344086002
0 0.58828125 0.11875 0.0296875 0.05
0 0.6015625 0.20625 0.025 0.04583333333333333
0 0.85625 0.22395833333333334 0.0375 0.04375
0 0.48757205703883494 0.7561539239482201 0.0421875 0.04375
0 0.8095170454545455 0.8580492424242424 0.02968750000000009 0.03958333333333333
0 0.18244485294117646 0.8514093137254902 0.025 0.03958333333333333
0 0.024375 0.8452083333333333 0.03125 0.03958333333333333
0 0.48325892857142855 0.04836309523809524 0.025 0.027083333333333334
0 0.5088090551181103 0.026615813648293966 0.0296875 0.03125000000000001
0 0.35703125 0.06354166666666666 0.0234375 0.027083333333333334
0 0.790625 0.18020833333333333 0.034375 0.03958333333333333
0 0.9797488839285714 0.02587053571428571 0.022555803571428612 0.029806547619047614
1 0.57109375 0.13333333333333333 0.0890625 0.1125
1 0.3203125 0.21041666666666667 0.103125 0.09583333333333334
