0 0.26484375 0.4354166666666667 0.0265625 0.0375
0 0.23828125 0.5770833333333333 0.0265625 0.0375
0 0.2398835906374502 0.85625 0.0265625 0.0375
0 0.19453125 0.8458333333333333 0.0265625 0.0375
0 0.08359375 0.80625 0.0265625 0.0375
0 0.13515625 0.18958333333333333 0.0265625 0.0375
0 0.19578125000000002 0.25833333333333336 0.026562500000000024 0.041666666666666664
0 0.2063031740837696 0.1981457242582897 0.02656249999999998 0.0375
0 0.25970052083333334 0.27263888888888893 0.0265625 0.037500000000000026
0 0.21484375 0.4041666666666667 0.0265625 0.0375
0 0.53984375 0.98125 0.0265625 0.0375
0 0.627677170502092 0.6047594142259415 0.0265625 0.0375
0 0.48828125 0.86875 0.0265625 0.0375
0 0.84296875 0.85625 0.0265625 0.0375
0 0.83359375 0.98125 0.0265625 0.0375
0 0.84140625 0.78125 0.0265625 0.0375
0 0.828125 0.43645833333333334 0.025 0.03958333333333333
0 0.8640625 0.409375 0.025 0.03958333333333333
0 0.6275277857967667 0.23941974595842955 0.0265625 0.03333333333333333
0 0.73671875 0.15636574074074075 0.0265625 0.03333333333333333
0 0.71015625 0.6354166666666666 0.0265625 0.03333333333333333
0 0.4898568802521009 0.6137429971988796 0.0296875 0.03333333333333333
0 0.45859375 0.47291666666666665 0.0265625 0.03333333333333333
0 0.58828125 0.11875 0.0296875 0.05
0 0.6015625 0.20625 0.025 0.04583333333333333
0 0.85625 0.22395833333333334 0.0375 0.04375
0 0.48515625 0.759375 0.0421875 0.04375
0 0.6748621323529412 0.9759191176470589 0.0296875 0.03958333333333333
0 0.18533909574468085 0.712034574468085 0.025 0.03958333333333333
0 0.4814059442270059 0.05083374103065884 0.025 0.027083333333333334
0 0.5100516732283464 0.029929461942257214 0.0296875 0.031249999999999997
0 0.35703125 0.06354166666666666 0.0234375 0.027083333333333334
0 0.796875 0.409375 0.034375 0.03958333333333333
0 0.9696037946428572 0.04140128968253968 0.024810267857142777 0.03882440476190476
1 0.57109375 0.13333333333333333 0.0890625 0.1125
1 0.3203125 0.21041666666666667 0.103125 0.09583333333333334
