0 0.2723243915929204 0.42479105211406093 0.0265625 0.0375
0 0.23828125 0.5770833333333333 0.0265625 0.0375
0 0.24287661852589643 0.85625 0.0265625 0.0375
0 0.19453125 0.8458333333333333 0.0265625 0.0375
0 0.08359375 0.80625 0.0265625 0.0375
0 0.024881444552529185 0.7340993839169909 0.0265625 0.0375
0 0.13515625 0.18958333333333333 0.0265625 0.0375
0 0.22109375 0.17833333333333332 0.0265625 0.0375
0 0.28467807112068966 0.11247306034482758 0.0265625 0.0375
0 0.28375112410071945 0.21854016786570743 0.0265625 0.0375
0 0.30822671979865773 0.31300335570469795 0.0265625 0.0375
0 0.3143229166666667 0.3993055555555555 0.0265625 0.041666666666666664
0 0.5686848958333333 0.8996961805555556 0.0265625 0.0375
0 0.6408824060693641 0.5700264932562621 0.0265625 0.0375
0 0.48828125 0.86875 0.0265625 0.0375
0 0.88359375 0.85 0.0234375 0.0375
0 0.8470273053997195 0.8440743338008415 0.0265625 0.0375
0 0.8376523053997195 0.9690743338008415 0.0265625 0.0375
0 0.8538251665497896 0.7501081112669471 0.0265625 0.0375
0 0.828125 0.43645833333333334 0.025 0.03958333333333333
0 0.8677652310924369 0.409375 0.025 0.03958333333333333
0 0.668696229757085 0.15153508771929827 0.0265625 0.03333333333333333
0 0.772543782133676 0.07053341902313624 0.0265625 0.03333333333333333
0 0.71015625 0.6354166666666666 0.0265625 0.03333333333333333
0 0.5896675281954887 0.49664786967418545 0.0265625 0.03333333333333333
0 0.49765625 0.39364035087719296 0.0265625 0.03333333333333333
0 0.01328125 0.25530913978494624 0.0265625 0.03333333333333336
0 0.275 0.35625 0.028125 0.0375
0 0.7674479166666667 0.5583333333333333 0.0265625 0.03333333333333333
0 0.9931857638888889 0.786400462962963 0.0125 0.035416666666666666
0 0.69765625 0.63125 0.0296875 0.041666666666666664
0 0.58828125 0.11875 0.0296875 0.05
0 0.6015625 0.20625 0.025 0.04583333333333333
0 0.2203125 0.48333333333333334 0.0359375 0.04583333333333333
0 0.12265625 0.33541666666666664 0.0328125 0.0375
0 0.85625 0.22395833333333334 0.0375 0.04375
0 0.5071340460526316 0.7276178728070176 0.0421875 0.04375
1 0.57109375 0.13333333333333333 0.0890625 0.1125
1 0.3203125 0.21041666666666667 0.103125 0.09583333333333334
