0 0.26484375 0.4354166666666667 0.0265625 0.0375
0 0.23828125 0.5770833333333333 0.0265625 0.0375
0 0.2399109810756972 0.85625 0.0265625 0.0375
0 0.19453125 0.8458333333333333 0.0265625 0.0375
0 0.08359375 0.80625 0.0265625 0.0375
0 0.13515625 0.18958333333333333 0.0265625 0.0375
0 0.198828125 0.2520833333333333 0.0265625 0.041666666666666664
0 0.20684309554973823 0.19694589877835952 0.0265625 0.0375
0 0.26041666666666663 0.2711111111111111 0.0265625 0.03749999999999997
0 0.21548587328767121 0.40331050228310505 0.0265625 0.0375
0 0.53984375 0.98125 0.0265625 0.0375
0 0.6278929131799164 0.6051429567642956 0.0265625 0.0375
0 0.48828125 0.86875 0.0265625 0.0375
0 0.84296875 0.85625 0.0265625 0.0375
0 0.83359375 0.98125 0.0265625 0.0375
0 0.84140625 0.78125 0.0265625 0.0375
0 0.828125 0.43645833333333334 0.025 0.03958333333333333
0 0.8640625 0.409375 0.025 0.03958333333333333
0 0.6276468677829099 0.23931389530408004 0.0265625 0.03333333333333333
0 0.73671875 0.1550925925925926 0.0265625 0.03333333333333333
0 0.71015625 0.6354166666666666 0.0265625 0.03333333333333333
0 0.4909401260504202 0.6131652661064425 0.0296875 0.03333333333333333
0 0.4586068253138075 0.47275976290097627 0.0265625 0.03333333333333333
0 0.58828125 0.11875 0.0296875 0.05
0 0.6015625 0.20625 0.025 0.04583333333333333
0 0.85625 0.22395833333333334 0.0375 0.04375
0 0.48515625 0.759375 0.0421875 0.04375
0 0.6819393382352941 0.9745710784313726 0.0296875 0.03958333333333333
0 0.18899601063829788 0.7110593971631206 0.025 0.03958333333333333
0 0.4815068493150685 0.05069920091324201 0.025 0.027083333333333334
0 0.5099840059055119 0.029749015748031498 0.0296875 0.03125
0 0.35703125 0.06354166666666666 0.0234375 0.027083333333333334
0 0.7890625 0.4024305555555555 0.034375 0.03958333333333333
0 0.9701562499999999 0.04055555555555555 0.024687499999999928 0.03833333333333333
1 0.57109375 0.13333333333333333 0.0890625 0.1125
1 0.3203125 0.21041666666666667 0.103125 0.09583333333333334
