0 0.26484375 0.4354166666666667 0.0265625 0.0375
0 0.23828125 0.5770833333333333 0.0265625 0.0375
0 0.24008777390438246 0.85625 0.0265625 0.0375
0 0.19453125 0.8458333333333333 0.0265625 0.0375
0 0.08359375 0.80625 0.0265625 0.0375
0 0.13515625 0.18958333333333333 0.0265625 0.0375
0 0.22578125 0.21458333333333332 0.0265625 0.041666666666666664
0 0.21032804319371728 0.18920157068062826 0.026562500000000024 0.0375
0 0.2650390625 0.26125000000000004 0.0265625 0.0375
0 0.22021306818181818 0.39761363636363634 0.0265625 0.0375
0 0.53984375 0.98125 0.0265625 0.0375
0 0.6292854341004184 0.607618549511855 0.0265625 0.0375
0 0.48828125 0.86875 0.0265625 0.0375
0 0.84296875 0.85625 0.0265625 0.0375
0 0.83359375 0.98125 0.0265625 0.0375
0 0.84140625 0.7737745098039216 0.0265625 0.0375
0 0.828125 0.43645833333333334 0.025 0.03958333333333333
0 0.8640625 0.409375 0.025 0.03958333333333333
0 0.6284154878752887 0.23863067744418784 0.0265625 0.03333333333333333
0 0.73671875 0.146875 0.0265625 0.03333333333333333
0 0.71015625 0.6354166666666666 0.0265625 0.03333333333333333
0 0.49793198529411764 0.6094362745098039 0.0296875 0.03333333333333333
0 0.4590709989539749 0.4671896792189679 0.0265625 0.03333333333333333
0 0.58828125 0.11875 0.0296875 0.05
0 0.6015625 0.20625 0.025 0.04583333333333333
0 0.85625 0.22395833333333334 0.0375 0.04375
0 0.48597921723300974 0.758277710355987 0.0421875 0.04375
0 0.7200067934782608 0.9384510869565218 0.0296875 0.03958333333333333
0 0.2195723684210526 0.7803179824561403 0.025 0.03958333333333333
0 0.4821581457925636 0.049830805609915194 0.025 0.027083333333333334
0 0.5095472440944881 0.028584317585301836 0.0296875 0.03125
0 0.35703125 0.06354166666666666 0.0234375 0.027083333333333334
0 0.8015625 0.31979166666666664 0.034375 0.03958333333333333
0 0.9737220982142858 0.03509672619047619 0.0238950892857142 0.03516369047619047
1 0.57109375 0.13333333333333333 0.0890625 0.1125
1 0.3203125 0.21041666666666667 0.103125 0.09583333333333334
