0 0.26484375 0.4354166666666667 0.0265625 0.0375
0 0.23828125 0.5770833333333333 0.0265625 0.0375
0 0.2399284113545817 0.85625 0.0265625 0.0375
0 0.19453125 0.8458333333333333 0.0265625 0.0375
0 0.08359375 0.80625 0.0265625 0.0375
0 0.13515625 0.18958333333333333 0.0265625 0.0375
0 0.20390625 0.25 0.0265625 0.041666666666666664
0 0.20718668193717277 0.1961823734729494 0.0265625 0.0375
0 0.2608723958333333 0.2701388888888889 0.0265625 0.03749999999999997
0 0.21593535958904111 0.40271118721461185 0.0265625 0.0375
0 0.53984375 0.98125 0.0265625 0.0375
0 0.6280302039748954 0.6053870292887029 0.0265625 0.0375
0 0.48828125 0.86875 0.0265625 0.0375
0 0.84296875 0.85625 0.0265625 0.0375
0 0.83359375 0.98125 0.0265625 0.0375
0 0.84140625 0.78125 0.0265625 0.0375
0 0.828125 0.43645833333333334 0.025 0.03958333333333333
0 0.8640625 0.409375 0.025 0.03958333333333333
0 0.6277226472286375 0.23924653579676675 0.0265625 0.03333333333333333
0 0.73671875 0.15428240740740742 0.0265625 0.03333333333333333
0 0.71015625 0.6354166666666666 0.0265625 0.03333333333333333
0 0.4916294642857143 0.6127976190476191 0.0296875 0.03333333333333333
0 0.4586525889121339 0.47221059972106 0.0265625 0.03333333333333333
0 0.58828125 0.11875 0.0296875 0.05
0 0.6015625 0.20625 0.025 0.04583333333333333
0 0.85625 0.22395833333333334 0.0375 0.04375
0 0.48515625 0.759375 0.0421875 0.04375
0 0.6862995426829268 0.9727388211382114 0.0296875 0.03958333333333333
0 0.19132313829787234 0.710438829787234 0.025000000000000022 0.03958333333333333
0 0.4815710616438357 0.05061358447488584 0.025 0.027083333333333334
0 0.5099409448818897 0.029634186351706036 0.0296875 0.031249999999999997
0 0.35703125 0.06354166666666666 0.0234375 0.027083333333333334
0 0.7833333333333334 0.4024305555555555 0.034375000000000086 0.03958333333333333
0 0.9705078125 0.04001736111111111 0.024609375 0.03802083333333333
1 0.57109375 0.13333333333333333 0.0890625 0.1125
1 0.3203125 0.21041666666666667 0.103125 0.09583333333333334
