0 0.2704604900881057 0.4297999265785609 0.0265625 0.0375
0 0.23828125 0.5770833333333333 0.0265625 0.0375
0 0.24259773406374502 0.85625 0.0265625 0.0375
0 0.19453125 0.8458333333333333 0.0265625 0.0375
0 0.08359375 0.80625 0.0265625 0.0375
0 0.022157709143968873 0.7427245460440985 0.0265625 0.0375
0 0.13515625 0.18958333333333333 0.0265625 0.0375
0 0.21969572368421053 0.1869517543859649 0.0265625 0.041666666666666664
0 0.27034617456896554 0.12152478448275864 0.0265625 0.0375
0 0.2831216276978417 0.2193794964028777 0.0265625 0.0375
0 0.29765625 0.32083333333333336 0.0265625 0.0375
0 0.225 0.46875 0.028125 0.04583333333333333
0 0.5564103890728477 0.9263796909492273 0.0265625 0.0375
0 0.63828125 0.5738257575757576 0.0265625 0.0375
0 0.48828125 0.86875 0.0265625 0.0375
0 0.8460455382187938 0.8470196353436186 0.0265625 0.0375
0 0.8366705382187938 0.9720196353436186 0.0265625 0.0375
0 0.8530888411640953 0.7510898784478729 0.0265625 0.0375
0 0.828125 0.43645833333333334 0.025 0.03958333333333333
0 0.8673240546218487 0.409375 0.025 0.03958333333333333
0 0.665862221659919 0.16381578947368422 0.0265625 0.03333333333333333
0 0.7738933965295629 0.07413239074550129 0.0265625 0.03333333333333333
0 0.71015625 0.6354166666666666 0.0265625 0.03333333333333333
0 0.5842471590909091 0.5062878787878788 0.0265625 0.03333333333333333
0 0.49668348735408563 0.4042963683527886 0.0265625 0.03333333333333333
0 0.01138157894736842 0.2752631578947369 0.02276315789473684 0.03333333333333336
0 0.371875 0.44375 0.028125 0.0375
0 0.78671875 0.40520833333333334 0.0265625 0.03333333333333333
0 0.9872395833333332 0.8149305555555556 0.016145833333333394 0.035416666666666666
0 0.77109375 0.81875 0.0296875 0.041666666666666664
0 0.58828125 0.11875 0.0296875 0.05
0 0.6015625 0.20625 0.025 0.04583333333333333
0 0.15546875 0.32708333333333334 0.0359375 0.04583333333333333
0 0.85625 0.22395833333333334 0.0375 0.04375
0 0.5036800986842105 0.7329906798245615 0.0421875 0.04375
0 0.3330078125 0.047135416666666666 0.0234375 0.029166666666666667
0 0.49717261904761906 0.017972883597883595 0.025 0.027083333333333334
0 0.4517578125 0.008072916666666667 0.029296875 0.016145833333333335
0 0.5257339015151515 0.009390782828282828 0.0296875 0.01875
1 0.57109375 0.13333333333333333 0.0890625 0.1125
1 0.3203125 0.21041666666666667 0.103125 0.09583333333333334
