0 0.27054308920704845 0.42971732745961816 0.0265625 0.0375
0 0.23828125 0.5770833333333333 0.0265625 0.0375
0 0.24260520418326692 0.85625 0.0265625 0.0375
0 0.19453125 0.8458333333333333 0.0265625 0.0375
0 0.08359375 0.80625 0.0265625 0.0375
0 0.022230666342412452 0.7424935149156939 0.0265625 0.0375
0 0.13515625 0.18958333333333333 0.0265625 0.0375
0 0.22018914473684212 0.18530701754385964 0.0265625 0.041666666666666664
0 0.2707300646551724 0.12128232758620691 0.0265625 0.03750000000000001
0 0.2831384892086331 0.2193570143884892 0.0265625 0.0375
0 0.2979393875838926 0.32062360178970917 0.0265625 0.0375
0 0.2265625 0.48333333333333334 0.028125 0.04583333333333333
0 0.5566897764900662 0.925758830022075 0.0265625 0.0375
0 0.63828125 0.5736553030303031 0.0265625 0.0375
0 0.48828125 0.86875 0.0265625 0.0375
0 0.8460718355539972 0.8469407433380084 0.0265625 0.0375
0 0.8366968355539972 0.9719407433380084 0.0265625 0.0375
0 0.8531085641654979 0.7510635811126695 0.0265625 0.0375
0 0.828125 0.43645833333333334 0.025 0.03958333333333333
0 0.8673358718487394 0.409375 0.025 0.03958333333333333
0 0.6659381325910931 0.16348684210526315 0.0265625 0.03333333333333333
0 0.7738572461439588 0.07403598971722365 0.0265625 0.03333333333333334
0 0.71015625 0.6354166666666666 0.0265625 0.03333333333333333
0 0.5844176136363636 0.5058901515151515 0.0265625 0.03333333333333333
0 0.4968658803501945 0.4042720492866407 0.0265625 0.03333333333333333
0 0.011554276315789475 0.2746710526315789 0.02310855263157895 0.03333333333333333
0 0.3703125 0.4395833333333333 0.028125 0.0375
0 0.78203125 0.41875 0.0265625 0.03333333333333333
0 0.9874644886363637 0.8142992424242425 0.015980113636363667 0.035416666666666666
0 0.7580729166666667 0.83125 0.0296875 0.041666666666666664
0 0.58828125 0.11875 0.0296875 0.05
0 0.6015625 0.20625 0.025 0.04583333333333333
0 0.1578125 0.3255208333333333 0.0359375 0.04583333333333333
0 0.85625 0.22395833333333334 0.0375 0.04375
0 0.5037726151315789 0.7328467653508771 0.0421875 0.04375
0 0.33203125 0.03854166666666667 0.0234375 0.029166666666666667
0 0.4970833333333333 0.017893518518518517 0.025 0.027083333333333334
0 0.45734375 0.01 0.0296875 0.02
0 0.52578125 0.00625 0.0296875 0.0125
1 0.57109375 0.13333333333333333 0.0890625 0.1125
1 0.3203125 0.21041666666666667 0.103125 0.09583333333333334
