0 0.26982723017621146 0.4304331864904552 0.0265625 0.0375
0 0.23828125 0.5770833333333333 0.0265625 0.0375
0 0.24254046314741035 0.85625 0.0265625 0.0375
0 0.19453125 0.8458333333333333 0.0265625 0.0375
0 0.08359375 0.80625 0.0265625 0.0375
0 0.021598370622568096 0.7444957846952011 0.0265625 0.0375
0 0.13515625 0.18958333333333333 0.0265625 0.0375
0 0.22109375 0.18333333333333332 0.0265625 0.041666666666666664
0 0.2674030172413793 0.12338362068965517 0.0265625 0.037499999999999985
0 0.2829923561151079 0.21955185851318945 0.0265625 0.0375
0 0.2957949452191235 0.3233150730411687 0.0265625 0.0375
0 0.21510416666666665 0.48333333333333334 0.028125 0.04583333333333333
0 0.5542684188741722 0.9311396247240619 0.0265625 0.0375
0 0.63828125 0.5751325757575757 0.0265625 0.0375
0 0.48828125 0.86875 0.0265625 0.0375
0 0.845843925315568 0.8476244740532959 0.0265625 0.0375
0 0.8364689253155679 0.9726244740532959 0.0265625 0.0375
0 0.8529376314866759 0.7512914913510986 0.0265625 0.0375
0 0.828125 0.43645833333333334 0.025 0.03958333333333333
0 0.8672334558823529 0.409375 0.025 0.03958333333333333
0 0.665280237854251 0.16633771929824562 0.0265625 0.03333333333333333
0 0.7741705494858612 0.07487146529562981 0.0265625 0.03333333333333333
0 0.71015625 0.6354166666666666 0.0265625 0.03333333333333333
0 0.5829403409090909 0.5093371212121212 0.0265625 0.03333333333333333
0 0.49528514105058363 0.40448281452658885 0.0265625 0.03333333333333333
0 0.010057565789473685 0.27980263157894736 0.02011513157894737 0.033333333333333305
0 0.384375 0.4583333333333333 0.028125 0.0375
0 0.78828125 0.35625 0.0265625 0.03333333333333333
0 0.9855153093434342 0.8197706228956229 0.01741635101010086 0.035416666666666666
0 0.77890625 0.8625 0.0390625 0.041666666666666664
0 0.58828125 0.11875 0.0296875 0.05
0 0.6015625 0.20625 0.025 0.04583333333333333
0 0.15859375 0.26666666666666666 0.0359375 0.04583333333333333
0 0.85625 0.22395833333333334 0.0375 0.04375
0 0.5029708059210527 0.734094024122807 0.0421875 0.04375
0 0.36417410714285714 0.08392857142857142 0.0234375 0.029166666666666667
0 0.4978571428571429 0.018581349206349206 0.025 0.027083333333333334
0 0.4260044642857143 0.04002976190476191 0.0296875 0.04375
0 0.5246448863636364 0.00975378787878788 0.0296875 0.01875
1 0.57109375 0.13333333333333333 0.0890625 0.1125
1 0.3203125 0.21041666666666667 0.103125 0.09583333333333334
