0 0.26484375 0.4354166666666667 0.0265625 0.0375
0 0.23828125 0.5770833333333333 0.0265625 0.0375
0 0.24014006474103583 0.85625 0.0265625 0.0375
0 0.19453125 0.8458333333333333 0.0265625 0.0375
0 0.08359375 0.80625 0.0265625 0.0375
0 0.13515625 0.18958333333333333 0.0265625 0.0375
0 0.23828125 0.20833333333333334 0.0265625 0.041666666666666664
0 0.21135880235602095 0.18691099476439793 0.0265625 0.0375
0 0.26640625 0.25833333333333336 0.0265625 0.0375
0 0.22200284090909092 0.3968181818181818 0.0265625 0.0375
0 0.53984375 0.98125 0.0265625 0.0375
0 0.6296973064853557 0.6083507670850766 0.0265625 0.0375
0 0.48828125 0.86875 0.0265625 0.0375
0 0.84296875 0.85625 0.0265625 0.0375
0 0.83359375 0.98125 0.0265625 0.0375
0 0.84140625 0.7712009803921569 0.0265625 0.0375
0 0.828125 0.43645833333333334 0.025 0.03958333333333333
0 0.8640625 0.409375 0.025 0.03958333333333333
0 0.6286428262124711 0.2384285989222479 0.0265625 0.03333333333333333
0 0.7382579291044776 0.14359452736318407 0.0265625 0.03333333333333333
0 0.71015625 0.6354166666666666 0.0265625 0.03333333333333333
0 0.5 0.6083333333333333 0.0296875 0.03333333333333333
0 0.459208289748954 0.46554218967921895 0.0265625 0.03333333333333333
0 0.58828125 0.11875 0.0296875 0.05
0 0.6015625 0.20625 0.025 0.04583333333333333
0 0.85625 0.22395833333333334 0.0375 0.04375
0 0.4862579641990291 0.7579060477346278 0.0421875 0.04375
0 0.734273097826087 0.923233695652174 0.0296875 0.03958333333333333
0 0.20677083333333335 0.8065972222222223 0.025000000000000022 0.03958333333333333
0 0.48235078277886495 0.049573956294846705 0.025 0.027083333333333334
0 0.5094180610236221 0.028239829396325463 0.0296875 0.03125000000000001
0 0.35703125 0.06354166666666666 0.0234375 0.027083333333333334
0 0.7578125 0.2760416666666667 0.034375 0.03958333333333333
0 0.9747767857142857 0.033482142857142856 0.023660714285714236 0.03422619047619047
1 0.57109375 0.13333333333333333 0.0890625 0.1125
1 0.3203125 0.21041666666666667 0.103125 0.09583333333333334
