0 0.26484375 0.4354166666666667 0.0265625 0.0375
0 0.23828125 0.5770833333333333 0.0265625 0.0375
0 0.2404064990039841 0.85625 0.0265625 0.0375
0 0.19453125 0.8458333333333333 0.0265625 0.0375
0 0.08359375 0.80625 0.0265625 0.0375
0 0.13515625 0.18958333333333333 0.0265625 0.0375
0 0.28359375 0.2029166666666667 0.0265625 0.041666666666666664
0 0.21823814655172416 0.17722701149425288 0.0265625 0.0375
0 0.2683478860294118 0.2505667892156863 0.0265625 0.037500000000000026
0 0.228173828125 0.3870442708333333 0.0265625 0.0375
0 0.5394685669838946 0.9807497559785261 0.0265625 0.0375
0 0.6317958943514644 0.612081589958159 0.0265625 0.0375
0 0.48828125 0.86875 0.0265625 0.0375
0 0.84296875 0.85625 0.0265625 0.0375
0 0.83359375 0.98125 0.0265625 0.0375
0 0.8371065027573529 0.7541666666666667 0.0265625 0.0375
0 0.828125 0.43645833333333334 0.025 0.03958333333333333
0 0.8640625 0.409375 0.025 0.03958333333333333
0 0.6298011691685912 0.23739896073903002 0.0265625 0.03333333333333333
0 0.751982276119403 0.12363184079601991 0.0265625 0.03333333333333333
0 0.71015625 0.6354166666666666 0.0265625 0.03333333333333333
0 0.5105370273109243 0.6027135854341736 0.0296875 0.03333333333333333
0 0.45990781903765693 0.45714783821478383 0.0265625 0.03333333333333333
0 0.911449932795699 0.9914762544802866 0.026192876344086003 0.017047491039426533
0 0.58828125 0.11875 0.0296875 0.05
0 0.6015625 0.20625 0.025 0.04583333333333333
0 0.85625 0.22395833333333334 0.0375 0.04375
0 0.48767824635922336 0.7560123381877022 0.0421875 0.04375
0 0.8134943181818182 0.8459280303030303 0.0296875 0.03958333333333333
0 0.1791360294117647 0.8484681372549019 0.025 0.03958333333333333
0 0.03984375 0.8489583333333334 0.03125 0.03958333333333333
0 0.48333231409001953 0.048265247879973903 0.025 0.027083333333333334
0 0.508759842519685 0.02648458005249344 0.0296875 0.03125000000000001
0 0.35703125 0.06354166666666666 0.0234375 0.027083333333333334
0 0.78125 0.15833333333333333 0.0234375 0.03958333333333333
0 0.9801506696428571 0.025255456349206347 0.022466517857142775 0.029449404761904763
1 0.57109375 0.13333333333333333 0.0890625 0.1125
1 0.3203125 0.21041666666666667 0.103125 0.09583333333333334
