0 0.26484375 0.4354166666666667 0.0265625 0.0375
0 0.23828125 0.5770833333333333 0.0265625 0.0375
0 0.24089952689243027 0.85625 0.0265625 0.0375
0 0.19453125 0.8458333333333333 0.0265625 0.0375
0 0.08359375 0.80625 0.0265625 0.0375
0 0.00546875 0.8104166666666667 0.0109375 0.03333333333333333
0 0.13515625 0.18958333333333333 0.0265625 0.0375
0 0.31018366228070177 0.22288011695906432 0.0265625 0.041666666666666664
0 0.2374875992063492 0.17486772486772487 0.0265625 0.0375
0 0.27293801229508197 0.23869535519125681 0.0265625 0.0375
0 0.2392161349372385 0.37651673640167366 0.0265625 0.0375
0 0.5376567075402636 0.9783339433870181 0.0265625 0.0375
0 0.6304106644981412 0.6096189591078066 0.0265625 0.0375
0 0.48828125 0.86875 0.0265625 0.0375
0 0.84296875 0.85625 0.0265625 0.0375
0 0.83359375 0.98125 0.0265625 0.0375
0 0.8422248391544118 0.7541666666666667 0.0265625 0.0375
0 0.828125 0.43645833333333334 0.025 0.03958333333333333
0 0.8646376050420168 0.409375 0.025 0.03958333333333333
0 0.6319446449191686 0.23549364896073902 0.0265625 0.03333333333333333
0 0.756737785532995 0.10664128595600678 0.0265625 0.03333333333333333
0 0.71015625 0.6354166666666666 0.0265625 0.03333333333333333
0 0.524852195945946 0.5949324324324324 0.0296875 0.03333333333333333
0 0.46377943840579705 0.4380636070853462 0.0265625 0.03333333333333333
0 0.934375 0.375 0.028125 0.0375
0 0.9356466697080291 0.9628877737226277 0.0234375 0.035416666666666666
0 0.58828125 0.11875 0.0296875 0.05
0 0.6015625 0.20625 0.025 0.04583333333333333
0 0.85625 0.22395833333333334 0.0375 0.04375
0 0.49030643203883495 0.7525080906148868 0.0421875 0.04375
0 0.91578125 0.594375 0.0296875 0.03958333333333333
0 0.14051598837209303 0.9481346899224806 0.025 0.03958333333333333
0 0.4851486056751468 0.04584352576647097 0.025 0.027083333333333334
0 0.5075418307086614 0.023236548556430446 0.0296875 0.03125
0 0.35705477150537634 0.06345206093189963 0.0234375 0.027083333333333327
1 0.57109375 0.13333333333333333 0.0890625 0.1125
1 0.3203125 0.21041666666666667 0.103125 0.09583333333333334
