0 0.2703503579295154 0.42991005873715127 0.0265625 0.0375
0 0.23828125 0.5770833333333333 0.0265625 0.0375
0 0.24258777390438246 0.85625 0.0265625 0.0375
0 0.19453125 0.8458333333333333 0.0265625 0.0375
0 0.08359375 0.80625 0.0265625 0.0375
0 0.022060432879377433 0.7430325875486382 0.0265625 0.0375
0 0.13515625 0.18958333333333333 0.0265625 0.0375
0 0.22109375 0.18333333333333332 0.0265625 0.041666666666666664
0 0.26983432112068967 0.12184806034482758 0.0265625 0.0375
0 0.28309914568345323 0.21940947242206235 0.0265625 0.0375
0 0.29733254482071714 0.32126494023904384 0.0265625 0.0375
0 0.22834821428571428 0.46875 0.028125 0.04583333333333333
0 0.5560378725165563 0.9272075055187639 0.0265625 0.0375
0 0.63828125 0.5740530303030303 0.0265625 0.0375
0 0.48828125 0.86875 0.0265625 0.0375
0 0.8460104751051893 0.847124824684432 0.0265625 0.0375
0 0.8366354751051894 0.972124824684432 0.0265625 0.0375
0 0.853062543828892 0.7511249415614772 0.0265625 0.0375
0 0.828125 0.43645833333333334 0.025 0.03958333333333333
0 0.8673082983193277 0.409375 0.025 0.03958333333333333
0 0.6657610070850202 0.16425438596491226 0.0265625 0.03333333333333333
0 0.7739415970437018 0.07426092544987146 0.0265625 0.03333333333333333
0 0.71015625 0.6354166666666666 0.0265625 0.03333333333333333
0 0.5840198863636363 0.5068181818181818 0.0265625 0.03333333333333333
0 0.496440296692607 0.4043287937743191 0.0265625 0.03333333333333333
0 0.011151315789473685 0.2760526315789474 0.02230263157894737 0.03333333333333336
0 0.36919642857142854 0.44077380952380957 0.028125 0.0375
0 0.78046875 0.39375 0.0265625 0.03333333333333333
0 0.9869397095959596 0.8157723063973064 0.016366792929292905 0.035416666666666666
0 0.7763020833333333 0.8284722222222223 0.0296875 0.041666666666666664
0 0.58828125 0.11875 0.0296875 0.05
0 0.6015625 0.20625 0.025 0.04583333333333333
0 0.15625 0.31805555555555554 0.0359375 0.04583333333333333
0 0.85625 0.22395833333333334 0.0375 0.04375
0 0.5035567434210526 0.7331825657894736 0.0421875 0.04375
0 0.3306640625 0.06067708333333333 0.0234375 0.029166666666666667
0 0.49729166666666663 0.0180787037037037 0.025 0.027083333333333334
0 0.44877232142857143 0.007440476190476191 0.028348214285714234 0.014880952380952382
0 0.5255445075757577 0.00945391414141414 0.0296875 0.01875
1 0.57109375 0.13333333333333333 0.0890625 0.1125
1 0.3203125 0.21041666666666667 0.103125 0.09583333333333334
