0 0.26484375 0.4354166666666667 0.0265625 0.0375
0 0.23828125 0.5770833333333333 0.0265625 0.0375
0 0.24169633964143428 0.85625 0.0265625 0.0375
0 0.19453125 0.8458333333333333 0.0265625 0.0375
0 0.08359375 0.80625 0.0265625 0.0375
0 0.01335420719844358 0.7706023022049286 0.0265625 0.0375
0 0.13515625 0.18958333333333333 0.0265625 0.0375
0 0.30203125000000003 0.24666666666666667 0.0265625 0.041666666666666664
0 0.24478125 0.1542 0.0265625 0.0375
0 0.28108700539568343 0.22209232613908872 0.0265625 0.0375
0 0.26973684210526316 0.3600877192982456 0.0265625 0.0375
0 0.01484375 0.590625 0.0234375 0.052083333333333336
0 0.5347284498535871 0.9744295998047828 0.0265625 0.0375
0 0.627622560408922 0.6046623296158612 0.0265625 0.0375
0 0.48828125 0.86875 0.0265625 0.0375
0 0.84296875 0.85625 0.0265625 0.0375
0 0.83359375 0.98125 0.0265625 0.0375
0 0.8504968979779411 0.7541666666666667 0.0265625 0.0375
0 0.828125 0.43645833333333334 0.025 0.03958333333333333
0 0.8658981092436975 0.409375 0.025 0.03958333333333333
0 0.6594696969696969 0.19690656565656567 0.0265625 0.03333333333333333
0 0.7658101154618474 0.09181726907630523 0.0265625 0.03333333333333333
0 0.71015625 0.6354166666666666 0.0265625 0.03333333333333333
0 0.5565761529126213 0.5513349514563106 0.0296875 0.03333333333333333
0 0.4770229718543046 0.41459713024282563 0.0265625 0.03333333333333333
0 0.6609375 0.50625 0.028125 0.0375
0 0.55703125 0.009375 0.0171875 0.01875
0 0.9646874999999999 0.8839583333333334 0.0234375 0.035416666666666666
0 0.58828125 0.11875 0.0296875 0.05
0 0.6015625 0.20625 0.025 0.04583333333333333
0 0.85625 0.22395833333333334 0.0375 0.04375
0 0.87890625 0.14583333333333334 0.0328125 0.0375
0 0.49455400485436896 0.7468446601941747 0.0421875 0.04375
0 0.502271262886598 0.029714347079037803 0.025 0.027083333333333334
0 0.50859375 0.015104166666666667 0.0296875 0.01875
0 0.3645816532258065 0.03477822580645162 0.0234375 0.027083333333333338
1 0.57109375 0.13333333333333333 0.0890625 0.1125
1 0.3203125 0.21041666666666667 0.103125 0.09583333333333334
