0 0.27095608480176214 0.4293043318649046 0.0265625 0.0375
0 0.23828125 0.5770833333333333 0.0265625 0.0375
0 0.2426425547808765 0.85625 0.0265625 0.0375
0 0.19453125 0.8458333333333333 0.0265625 0.0375
0 0.08359375 0.80625 0.0265625 0.0375
0 0.02259545233463035 0.7413383592736706 0.0265625 0.0375
0 0.13515625 0.18958333333333333 0.0265625 0.0375
0 0.22265625 0.17708333333333334 0.0265625 0.041666666666666664
0 0.2726495150862069 0.12007004310344828 0.0265625 0.0375
0 0.28322279676258993 0.21924460431654677 0.0265625 0.0375
0 0.2993550755033557 0.3195749440715884 0.0265625 0.0375
0 0.247265625 0.4734375 0.028125 0.04583333333333333
0 0.5580867135761589 0.9226545253863134 0.0265625 0.0375
0 0.6383354407514451 0.5728564547206165 0.0265625 0.0375
0 0.48828125 0.86875 0.0265625 0.0375
0 0.846203322230014 0.846546283309958 0.0265625 0.0375
0 0.8368283222300141 0.971546283309958 0.0265625 0.0375
0 0.8532071791725105 0.7509320944366527 0.0265625 0.0375
0 0.828125 0.43645833333333334 0.025 0.03958333333333333
0 0.8673949579831932 0.409375 0.025 0.03958333333333333
0 0.6663176872469635 0.1618421052631579 0.0265625 0.03333333333333333
0 0.7736764942159383 0.07355398457583548 0.0265625 0.03333333333333333
0 0.71015625 0.6354166666666666 0.0265625 0.03333333333333333
0 0.585250234962406 0.5040100250626567 0.0265625 0.03333333333333333
0 0.49765625 0.4039473684210526 0.0265625 0.03333333333333333
0 0.012417763157894737 0.2717105263157895 0.024835526315789475 0.03333333333333336
0 0.35 0.42916666666666664 0.028125 0.0375
0 0.78203125 0.42916666666666664 0.0265625 0.03333333333333333
0 0.9885890151515152 0.8111426767676768 0.01515151515151505 0.035416666666666666
0 0.7513020833333333 0.8097222222222222 0.0296875 0.041666666666666664
0 0.58828125 0.11875 0.0296875 0.05
0 0.6015625 0.20625 0.025 0.04583333333333333
0 0.18203125 0.3277777777777778 0.0359375 0.04583333333333333
0 0.85625 0.22395833333333334 0.0375 0.04375
0 0.504235197368421 0.7321271929824562 0.0421875 0.04375
1 0.57109375 0.13333333333333333 0.0890625 0.1125
1 0.3203125 0.21041666666666667 0.103125 0.09583333333333334
