0 0.26484375 0.4354166666666667 0.0265625 0.0375
0 0.23828125 0.5770833333333333 0.0265625 0.0375
0 0.2404562998007968 0.85625 0.0265625 0.0375
0 0.19453125 0.8458333333333333 0.0265625 0.0375
0 0.08359375 0.80625 0.0265625 0.0375
0 0.13515625 0.18958333333333333 0.0265625 0.0375
0 0.28828125 0.203125 0.0265625 0.041666666666666664
0 0.2201239224137931 0.1761494252873563 0.0265625 0.0375
0 0.26857766544117645 0.24964767156862747 0.0265625 0.037500000000000026
0 0.22919921875 0.38528645833333336 0.0265625 0.0375
0 0.5392855508784773 0.9805057345046364 0.0265625 0.0375
0 0.6319615473977696 0.6123760842627013 0.0265625 0.0375
0 0.48828125 0.86875 0.0265625 0.0375
0 0.84296875 0.85625 0.0265625 0.0375
0 0.83359375 0.98125 0.0265625 0.0375
0 0.8376235064338236 0.7541666666666667 0.0265625 0.0375
0 0.828125 0.43645833333333334 0.025 0.03958333333333333
0 0.8640625 0.409375 0.025 0.03958333333333333
0 0.6300176818706698 0.2372065050038491 0.0265625 0.03333333333333333
0 0.7539608828671328 0.12039627039627039 0.0265625 0.03333333333333333
0 0.71015625 0.6354166666666666 0.0265625 0.03333333333333333
0 0.5122669956140351 0.601937134502924 0.0296875 0.03333333333333333
0 0.46003857217573224 0.4555788005578801 0.0265625 0.03333333333333333
0 0.9138020833333332 0.9892361111111112 0.025520833333333392 0.02152777777777774
0 0.58828125 0.11875 0.0296875 0.05
0 0.6015625 0.20625 0.025 0.04583333333333333
0 0.85625 0.22395833333333334 0.0375 0.04375
0 0.48794371966019423 0.7556583737864078 0.0421875 0.04375
0 0.8166466346153847 0.805849358974359 0.0296875 0.03958333333333333
0 0.175 0.8525077160493827 0.025 0.03958333333333333
0 0.0375 0.8447916666666667 0.03125 0.03958333333333333
0 0.483515777886497 0.04802062948467058 0.025 0.027083333333333334
0 0.508636811023622 0.02615649606299213 0.0296875 0.03125000000000001
0 0.35703125 0.06354166666666666 0.0234375 0.027083333333333334
0 0.746875 0.14479166666666668 0.021875 0.03958333333333333
0 0.9811551339285713 0.023717757936507936 0.022243303571428542 0.028556547619047617
1 0.57109375 0.13333333333333333 0.0890625 0.1125
1 0.3203125 0.21041666666666667 0.103125 0.09583333333333334
