0 0.26484375 0.4354166666666667 0.0265625 0.0375
0 0.23828125 0.5770833333333333 0.0265625 0.0375
0 0.24068538346613547 0.85625 0.0265625 0.0375
0 0.19453125 0.8458333333333333 0.0265625 0.0375
0 0.08359375 0.80625 0.0265625 0.0375
0 0.00546875 0.8104166666666667 0.0109375 0.03333333333333333
0 0.13515625 0.18958333333333333 0.0265625 0.0375
0 0.3001953125 0.22005208333333334 0.0265625 0.041666666666666664
0 0.22895585317460315 0.17344576719576718 0.0265625 0.0375
0 0.2698539959016394 0.2451571038251366 0.0265625 0.0375
0 0.23447916666666666 0.3821527777777778 0.0265625 0.0375
0 0.5384436767935579 0.9793832357247437 0.0265625 0.0375
0 0.6311599674721189 0.610951053283767 0.0265625 0.0375
0 0.48828125 0.86875 0.0265625 0.0375
0 0.84296875 0.85625 0.0265625 0.0375
0 0.83359375 0.98125 0.0265625 0.0375
0 0.8400017233455882 0.7541666666666667 0.0265625 0.0375
0 0.828125 0.43645833333333334 0.025 0.03958333333333333
0 0.8642988445378151 0.409375 0.025 0.03958333333333333
0 0.631013640300231 0.23632120862201692 0.0265625 0.03333333333333333
0 0.7549661276223776 0.11235431235431236 0.0265625 0.03333333333333333
0 0.71015625 0.6354166666666666 0.0265625 0.03333333333333333
0 0.5185718201754386 0.6002558479532163 0.0296875 0.03333333333333333
0 0.46183197463768116 0.4467190016103059 0.0265625 0.03333333333333333
0 0.9248574361313869 0.9772734184914842 0.0234375 0.035416666666666666
0 0.58828125 0.11875 0.0296875 0.05
0 0.6015625 0.20625 0.025 0.04583333333333333
0 0.85625 0.22395833333333334 0.0375 0.04375
0 0.4891648968446602 0.7540301375404531 0.0421875 0.04375
0 0.86953125 0.7010416666666667 0.0296875 0.03958333333333333
0 0.15677083333333333 0.929513888888889 0.025 0.03958333333333333
0 0.169921875 0.9203125 0.03125 0.03958333333333333
0 0.4843597113502935 0.04689538486627528 0.025 0.027083333333333334
0 0.5080708661417324 0.024647309711286088 0.0296875 0.03125
0 0.35703125 0.06354166666666666 0.0234375 0.027083333333333334
0 0.7546875 0.016666666666666666 0.034375 0.03333333333333333
0 0.9857756696428572 0.01664434523809524 0.021216517857142847 0.024449404761904762
1 0.57109375 0.13333333333333333 0.0890625 0.1125
1 0.3203125 0.21041666666666667 0.103125 0.09583333333333334
