0 0.26484375 0.4354166666666667 0.0265625 0.0375
0 0.23828125 0.5770833333333333 0.0265625 0.0375
0 0.2413004233067729 0.85625 0.0265625 0.0375
0 0.19453125 0.8458333333333333 0.0265625 0.0375
0 0.08359375 0.80625 0.0265625 0.0375
0 0.006040482954545455 0.7928835227272727 0.01208096590909091 0.031808712121212085
0 0.13515625 0.18958333333333333 0.0265625 0.0375
0 0.31234375000000003 0.23083333333333333 0.0265625 0.041666666666666664
0 0.24146874999999998 0.1648 0.0265625 0.0375
0 0.2787115778688525 0.2265983606557377 0.0265625 0.0375
0 0.2507943253138075 0.3694996513249651 0.0265625 0.0375
0 0.5361834278916545 0.976369570522206 0.0265625 0.0375
0 0.6290078996282528 0.6071251548946716 0.0265625 0.0375
0 0.48828125 0.86875 0.0265625 0.0375
0 0.84296875 0.85625 0.0265625 0.0375
0 0.83359375 0.98125 0.0265625 0.0375
0 0.84638671875 0.7541666666666667 0.0265625 0.0375
0 0.828125 0.43645833333333334 0.025 0.03958333333333333
0 0.8652717962184873 0.409375 0.025 0.03958333333333333
0 0.6463351117886178 0.2249661246612466 0.0265625 0.03333333333333333
0 0.7618191516064257 0.09979919678714859 0.0265625 0.03333333333333333
0 0.71015625 0.6354166666666666 0.0265625 0.03333333333333333
0 0.5413105867346939 0.5799461451247166 0.0296875 0.03333333333333333
0 0.47044184602649003 0.4255656732891832 0.0265625 0.03333333333333333
0 0.768359375 0.39166666666666666 0.028125 0.0375
0 0.9508530890804598 0.9275263409961686 0.0234375 0.035416666666666666
0 0.58828125 0.11875 0.0296875 0.05
0 0.6015625 0.20625 0.025 0.04583333333333333
0 0.85625 0.22395833333333334 0.0375 0.04375
0 0.49244349211165045 0.7496586771844661 0.0421875 0.04375
0 0.9729166666666667 0.3815972222222222 0.028125 0.04375
0 0.49117268041237117 0.03995919243986255 0.025 0.027083333333333334
0 0.50703125 0.01948529411764706 0.0296875 0.02647058823529412
0 0.36084173387096774 0.0490255376344086 0.0234375 0.027083333333333334
1 0.57109375 0.13333333333333333 0.0890625 0.1125
1 0.3203125 0.21041666666666667 0.103125 0.09583333333333334
