0 0.26484375 0.4354166666666667 0.0265625 0.0375
0 0.23828125 0.5770833333333333 0.0265625 0.0375
0 0.24129046314741034 0.85625 0.0265625 0.0375
0 0.19453125 0.8458333333333333 0.0265625 0.0375
0 0.08359375 0.80625 0.0265625 0.0375
0 0.006026278409090909 0.7933191287878787 0.012052556818181818 0.031846590909090956
0 0.13515625 0.18958333333333333 0.0265625 0.0375
0 0.31484375 0.22916666666666666 0.0265625 0.041666666666666664
0 0.24138541666666669 0.16506666666666667 0.0265625 0.0375
0 0.2785681352459016 0.22689890710382515 0.0265625 0.0375
0 0.2505066684100418 0.3696739888423989 0.0265625 0.0375
0 0.536220031112738 0.9764183748169839 0.0265625 0.0375
0 0.629042750929368 0.6071871127633209 0.0265625 0.0375
0 0.48828125 0.86875 0.0265625 0.0375
0 0.84296875 0.85625 0.0265625 0.0375
0 0.83359375 0.98125 0.0265625 0.0375
0 0.8462833180147058 0.7541666666666667 0.0265625 0.0375
0 0.828125 0.43645833333333334 0.025 0.03958333333333333
0 0.8652560399159664 0.409375 0.025 0.03958333333333333
0 0.6460810467479675 0.22544037940379405 0.0265625 0.03333333333333333
0 0.76171875 0.1 0.0265625 0.03333333333333333
0 0.71015625 0.6354166666666666 0.0265625 0.03333333333333333
0 0.5408003826530612 0.5803996598639455 0.0296875 0.03333333333333333
0 0.47027628311258274 0.42584161147902866 0.0265625 0.03333333333333333
0 0.765625 0.39791666666666664 0.028125 0.0375
0 0.950493893678161 0.9284363026819924 0.0234375 0.035416666666666666
0 0.58828125 0.11875 0.0296875 0.05
0 0.6015625 0.20625 0.025 0.04583333333333333
0 0.85625 0.22395833333333334 0.0375 0.04375
0 0.49239039745145635 0.7497294700647249 0.0421875 0.04375
0 0.984375 0.3802083333333333 0.028125 0.04375
0 0.49089347079037804 0.04021692439862543 0.025 0.027083333333333334
0 0.50703125 0.0196078431372549 0.0296875 0.026715686274509806
0 0.36074764784946234 0.0493839605734767 0.0234375 0.027083333333333334
1 0.57109375 0.13333333333333333 0.0890625 0.1125
1 0.3203125 0.21041666666666667 0.103125 0.09583333333333334
