0 0.26484375 0.4354166666666667 0.0265625 0.0375
0 0.23828125 0.5770833333333333 0.0265625 0.0375
0 0.24181586155378487 0.85625 0.0265625 0.0375
0 0.19453125 0.8458333333333333 0.0265625 0.0375
0 0.08359375 0.80625 0.0265625 0.0375
0 0.014521522373540856 0.766905804150454 0.0265625 0.0375
0 0.13515625 0.18958333333333333 0.0265625 0.0375
0 0.287109375 0.24166666666666667 0.0265625 0.041666666666666664
0 0.24578125 0.151 0.0265625 0.03750000000000001
0 0.2813567895683453 0.2217326139088729 0.0265625 0.0375
0 0.2730263157894737 0.35482456140350876 0.0265625 0.0375
0 0.0359375 0.5833333333333334 0.028125 0.05
0 0.5342892112005856 0.9738439482674475 0.0265625 0.0375
0 0.6280852754237288 0.6024717514124294 0.0265625 0.0375
0 0.48828125 0.86875 0.0265625 0.0375
0 0.8432930838008416 0.8552769985974754 0.0265625 0.0375
0 0.8339180838008415 0.9802769985974754 0.0265625 0.0375
0 0.8510245003506312 0.7538423328658251 0.0265625 0.0375
0 0.828125 0.43645833333333334 0.025 0.03958333333333333
0 0.8660871848739496 0.409375 0.025 0.03958333333333333
0 0.6604132846320346 0.18838383838383838 0.0265625 0.03333333333333333
0 0.7670149347389559 0.08940763052208835 0.0265625 0.03333333333333333
0 0.71015625 0.6354166666666666 0.0265625 0.03333333333333333
0 0.5605379293893129 0.5449904580152671 0.029186545801526707 0.03333333333333333
0 0.47900972682119203 0.41128587196467986 0.0265625 0.03333333333333333
0 0.65625 0.5534722222222223 0.028125 0.0375
0 0.61015625 0.06166666666666667 0.0265625 0.03333333333333333
0 0.9710175304878049 0.8730436991869919 0.0234375 0.035416666666666666
0 0.58828125 0.11875 0.0296875 0.05
0 0.6015625 0.20625 0.025 0.04583333333333333
0 0.85625 0.22395833333333334 0.0375 0.04375
0 0.8903645833333333 0.21354166666666666 0.0328125 0.04375
0 0.495191140776699 0.7459951456310681 0.0421875 0.04375
0 0.5056217783505155 0.02662156357388316 0.025 0.027083333333333334
0 0.01484375 0.26979166666666665 0.0296875 0.03958333333333333
0 0.5108664772727273 0.01434659090909091 0.0296875 0.01875
0 0.365710685483871 0.030477150537634407 0.0234375 0.027083333333333334
1 0.57109375 0.13333333333333333 0.0890625 0.1125
1 0.3203125 0.21041666666666667 0.103125 0.09583333333333334
