0 0.2680651156387665 0.43219530102790016 0.0265625 0.0375
0 0.23828125 0.5770833333333333 0.0265625 0.0375
0 0.2423811005976096 0.85625 0.0265625 0.0375
0 0.19453125 0.8458333333333333 0.0265625 0.0375
0 0.08359375 0.80625 0.0265625 0.0375
0 0.020041950389105057 0.749424448767834 0.0265625 0.0375
0 0.13515625 0.18958333333333333 0.0265625 0.0375
0 0.22703125000000002 0.185 0.0265625 0.041666666666666664
0 0.26162109375 0.129296875 0.0265625 0.0375
0 0.28263264388489207 0.22003147482014387 0.0265625 0.0375
0 0.2906156623505976 0.33022078353253653 0.0265625 0.0375
0 0.16875 0.5229166666666667 0.028125 0.04583333333333333
0 0.54830815397351 0.9443846578366446 0.0265625 0.0375
0 0.63828125 0.5787689393939394 0.0265625 0.0375
0 0.48828125 0.86875 0.0265625 0.0375
0 0.8452829154978962 0.8493075035063113 0.0265625 0.0375
0 0.8359079154978962 0.9743075035063113 0.0265625 0.0375
0 0.8525168741234221 0.7518525011687704 0.0265625 0.0375
0 0.828125 0.43645833333333334 0.025 0.03958333333333333
0 0.8669813550420168 0.409375 0.025 0.03958333333333333
0 0.6636608046558704 0.17335526315789476 0.0265625 0.03333333333333333
0 0.7727127259036145 0.07801204819277108 0.0265625 0.033333333333333326
0 0.71015625 0.6354166666666666 0.0265625 0.03333333333333333
0 0.5793039772727273 0.5178219696969697 0.0265625 0.03333333333333333
0 0.49139409046692606 0.40500162127107653 0.0265625 0.03333333333333333
0 0.0078125 0.2875 0.015625 0.03333333333333333
0 0.43203125 0.42916666666666664 0.028125 0.0375
0 0.7533854166666667 0.2520833333333333 0.0265625 0.03333333333333333
0 0.9807173295454547 0.8332386363636364 0.020951704545454496 0.035416666666666666
0 0.80546875 0.9770833333333333 0.0328125 0.041666666666666664
0 0.58828125 0.11875 0.0296875 0.05
0 0.6015625 0.20625 0.025 0.04583333333333333
0 0.08515625 0.18472222222222223 0.0359375 0.04583333333333333
0 0.85625 0.22395833333333334 0.0375 0.04375
0 0.5009971217105262 0.7371641995614036 0.0421875 0.04375
0 0.49976190476190474 0.020274470899470896 0.025 0.027083333333333334
0 0.31540178571428573 0.1169642857142857 0.028125 0.037499999999999985
0 0.5216145833333333 0.010763888888888887 0.0296875 0.01875
0 0.37381696428571426 0.011153273809523807 0.0234375 0.021235119047619048
1 0.57109375 0.13333333333333333 0.0890625 0.1125
1 0.3203125 0.21041666666666667 0.103125 0.09583333333333334
