0 0.2747580199115044 0.41613815142576205 0.0265625 0.0375
0 0.23828125 0.5811619718309858 0.0265625 0.0375
0 0.2450080692488263 0.8508118153364632 0.0265625 0.0375
0 0.19453125 0.8458333333333333 0.0265625 0.0375
0 0.08359375 0.80625 0.0265625 0.0375
0 0.028840228873239438 0.7285309076682316 0.0265625 0.0375
0 0.13515625 0.18958333333333333 0.0265625 0.0375
0 0.20109375 0.13708333333333333 0.02656249999999998 0.0375
0 0.3061328125 0.099375 0.0265625 0.0375
0 0.28474033273381294 0.21722122302158275 0.0265625 0.0375
0 0.3137580692488263 0.30633802816901406 0.0265625 0.0375
0 0.38515625 0.15208333333333332 0.0265625 0.041666666666666664
0 0.5812903462441315 0.879430751173709 0.0265625 0.0375
0 0.6456511921965318 0.5647278420038535 0.0265625 0.0375
0 0.48828125 0.86875 0.0265625 0.0375
0 0.57109375 0.7833333333333333 0.0265625 0.0375
0 0.8485700823983169 0.8394460028050491 0.0265625 0.0375
0 0.839195082398317 0.9644460028050491 0.0265625 0.0375
0 0.8549822492987378 0.7485653342683497 0.0265625 0.0375
0 0.91328125 0.7510416666666667 0.0265625 0.0375
0 0.828125 0.43645833333333334 0.025 0.03958333333333333
0 0.8684585084033614 0.409375 0.025 0.03958333333333333
0 0.68984375 0.14270833333333333 0.0234375 0.035416666666666666
0 0.6726202476958525 0.13556067588325652 0.0265625 0.03333333333333333
0 0.7704229595115681 0.06487789203084833 0.0265625 0.03333333333333333
0 0.7121955692488263 0.6381357589984351 0.0265625 0.03333333333333333
0 0.5893669307511737 0.4842331768388107 0.0265625 0.03333333333333333
0 0.4996955692488263 0.38550469483568073 0.0265625 0.03333333333333333
0 0.09296875 0.5333333333333333 0.0296875 0.0375
0 0.017447916666666667 0.221875 0.0265625 0.03333333333333333
0 0.1125 0.26979166666666665 0.028125 0.0375
0 0.73671875 0.7916666666666666 0.0265625 0.03333333333333333
0 0.9890415736607142 0.7718470982142857 0.021916852678571352 0.034021577380952434
0 0.5953125 0.33229166666666665 0.025 0.035416666666666666
0 0.58828125 0.11875 0.0296875 0.05
0 0.6015625 0.20625 0.025 0.04583333333333333
0 0.32265625 0.7104166666666667 0.0390625 0.041666666666666664
0 0.646875 0.5859375 0.028125 0.035416666666666666
0 0.85625 0.22395833333333334 0.0375 0.04375
0 0.5125616776315789 0.7191748903508771 0.0421875 0.04375
