0 0.26484375 0.4354166666666667 0.0265625 0.0375
0 0.23828125 0.5770833333333333 0.0265625 0.0375
0 0.24010022410358567 0.85625 0.0265625 0.0375
0 0.19453125 0.8458333333333333 0.0265625 0.0375
0 0.08359375 0.80625 0.0265625 0.0375
0 0.13515625 0.18958333333333333 0.0265625 0.0375
0 0.233984375 0.22135416666666666 0.0265625 0.041666666666666664
0 0.21057346204188482 0.1886561954624782 0.026562500000000024 0.0375
0 0.26536458333333335 0.26055555555555554 0.0265625 0.0375
0 0.22063920454545455 0.3974242424242424 0.0265625 0.0375
0 0.53984375 0.98125 0.0265625 0.0375
0 0.6293834989539749 0.6077928870292887 0.0265625 0.0375
0 0.48828125 0.86875 0.0265625 0.0375
0 0.84296875 0.85625 0.0265625 0.0375
0 0.83359375 0.98125 0.0265625 0.0375
0 0.84140625 0.7731617647058824 0.0265625 0.0375
0 0.828125 0.43645833333333334 0.025 0.03958333333333333
0 0.8640625 0.409375 0.025 0.03958333333333333
0 0.6284696160508083 0.23858256351039261 0.0265625 0.03333333333333333
0 0.73671875 0.1462962962962963 0.0265625 0.03333333333333335
0 0.71015625 0.6354166666666666 0.0265625 0.03333333333333333
0 0.4984243697478991 0.6091736694677871 0.0296875 0.03333333333333333
0 0.45910368723849376 0.466797419804742 0.0265625 0.03333333333333333
0 0.58828125 0.11875 0.0296875 0.05
0 0.6015625 0.20625 0.025 0.04583333333333333
0 0.85625 0.22395833333333334 0.0375 0.04375
0 0.4860455855582524 0.7581892192556635 0.0421875 0.04375
0 0.7234035326086957 0.9348278985507246 0.0296875 0.03958333333333333
0 0.21998355263157893 0.7918311403508772 0.025 0.03958333333333333
0 0.4822040117416829 0.049769651011089364 0.025 0.027083333333333334
0 0.5095164862204724 0.028502296587926513 0.0296875 0.03125000000000001
0 0.35703125 0.06354166666666666 0.0234375 0.027083333333333334
0 0.79375 0.309375 0.034375 0.03958333333333333
0 0.9739732142857143 0.03471230158730158 0.02383928571428573 0.034940476190476195
1 0.57109375 0.13333333333333333 0.0890625 0.1125
1 0.3203125 0.21041666666666667 0.103125 0.09583333333333334
