0 0.271743639380531 0.4268559488692232 0.0265625 0.0375
0 0.23828125 0.5770833333333333 0.0265625 0.0375
0 0.24277203685258963 0.85625 0.0265625 0.0375
0 0.19453125 0.8458333333333333 0.0265625 0.0375
0 0.08359375 0.80625 0.0265625 0.0375
0 0.023860043774319068 0.7373338197146563 0.0265625 0.0375
0 0.13515625 0.18958333333333333 0.0265625 0.0375
0 0.22265625 0.1744318181818182 0.0265625 0.0375
0 0.2793036099137931 0.11586745689655172 0.0265625 0.0375
0 0.2835150629496403 0.2188549160671463 0.0265625 0.0375
0 0.3042627936241611 0.31593959731543625 0.0265625 0.0375
0 0.30703125 0.43125 0.0265625 0.041666666666666664
0 0.5635653409090909 0.9108901515151515 0.0265625 0.0375
0 0.6397444002890174 0.571290944123314 0.0265625 0.0375
0 0.48828125 0.86875 0.0265625 0.0375
0 0.95703125 0.9194444444444444 0.0234375 0.0375
0 0.8466591427068725 0.8451788218793829 0.0265625 0.0375
0 0.8372841427068725 0.9701788218793829 0.0265625 0.0375
0 0.8535490445301542 0.7504762739597943 0.0265625 0.0375
0 0.828125 0.43645833333333334 0.025 0.03958333333333333
0 0.8675997899159664 0.409375 0.025 0.03958333333333333
0 0.6676334767206478 0.15614035087719297 0.0265625 0.03333333333333333
0 0.7730498875321337 0.07188303341902315 0.0265625 0.03333333333333334
0 0.71015625 0.6354166666666666 0.0265625 0.03333333333333333
0 0.5876938439849624 0.499937343358396 0.0265625 0.03333333333333333
0 0.49765625 0.39824561403508774 0.0265625 0.03333333333333333
0 0.01328125 0.2665994623655914 0.0265625 0.03333333333333333
0 0.304375 0.39666666666666667 0.028125 0.0375
0 0.7703125 0.5041666666666667 0.0265625 0.03333333333333333
0 0.9922743055555555 0.7997685185185186 0.0125 0.035416666666666666
0 0.728515625 0.7078125 0.0296875 0.041666666666666664
0 0.58828125 0.11875 0.0296875 0.05
0 0.6015625 0.20625 0.025 0.04583333333333333
0 0.215625 0.375 0.0359375 0.04583333333333333
0 0.04401041666666666 0.23333333333333334 0.032812499999999994 0.0375
0 0.85625 0.22395833333333334 0.0375 0.04375
0 0.5058388157894738 0.7296326754385964 0.0421875 0.04375
1 0.57109375 0.13333333333333333 0.0890625 0.1125
1 0.3203125 0.21041666666666667 0.103125 0.09583333333333334
