0 0.268946172907489 0.4313142437591777 0.0265625 0.0375
0 0.23828125 0.5770833333333333 0.0265625 0.0375
0 0.24246078187250997 0.85625 0.0265625 0.0375
0 0.19453125 0.8458333333333333 0.0265625 0.0375
0 0.08359375 0.80625 0.0265625 0.0375
0 0.020820160505836578 0.7469601167315175 0.0265625 0.0375
0 0.13515625 0.18958333333333333 0.0265625 0.0375
0 0.22410714285714284 0.178125 0.0265625 0.041666666666666664
0 0.26396484375 0.126171875 0.0265625 0.0375
0 0.2828125 0.21979166666666666 0.0265625 0.0375
0 0.29320530378486054 0.32676792828685264 0.0265625 0.0375
0 0.205859375 0.5161458333333333 0.028125 0.04583333333333333
0 0.5512882864238411 0.9377621412803533 0.0265625 0.0375
0 0.63828125 0.5769507575757575 0.0265625 0.0375
0 0.48828125 0.86875 0.0265625 0.0375
0 0.8455634204067322 0.8484659887798036 0.0265625 0.0375
0 0.8361884204067321 0.9734659887798036 0.0265625 0.0375
0 0.852727252805049 0.7515719962599345 0.0265625 0.0375
0 0.828125 0.43645833333333334 0.025 0.03958333333333333
0 0.8671074054621849 0.409375 0.025 0.03958333333333333
0 0.6644705212550608 0.1698464912280702 0.0265625 0.03333333333333333
0 0.7735159387550201 0.07640562248995984 0.0265625 0.03333333333333333
0 0.71015625 0.6354166666666666 0.0265625 0.03333333333333333
0 0.5811221590909091 0.5135795454545454 0.0265625 0.03333333333333333
0 0.49333961575875485 0.4047422178988327 0.0265625 0.03333333333333333
0 0.00821546052631579 0.2861184210526316 0.01643092105263158 0.03333333333333333
0 0.403125 0.47291666666666665 0.028125 0.0375
0 0.78984375 0.30104166666666665 0.0265625 0.03333333333333333
0 0.9831163194444444 0.8265046296296297 0.019184027777777855 0.035416666666666666
0 0.7888020833333333 0.9284722222222223 0.03281250000000009 0.041666666666666664
0 0.58828125 0.11875 0.0296875 0.05
0 0.6015625 0.20625 0.025 0.04583333333333333
0 0.10703125 0.25416666666666665 0.0359375 0.04583333333333333
0 0.85625 0.22395833333333334 0.0375 0.04375
0 0.5019839638157895 0.7356291118421052 0.0421875 0.04375
0 0.41171875 0.06458333333333334 0.0234375 0.029166666666666667
0 0.4988095238095238 0.019427910052910054 0.025 0.027083333333333334
0 0.3546875 0.06041666666666667 0.028125 0.0375
0 0.5231297348484849 0.010258838383838382 0.0296875 0.01875
0 0.36484375 0.010416666666666666 0.0234375 0.020833333333333332
1 0.57109375 0.13333333333333333 0.0890625 0.1125
1 0.3203125 0.21041666666666667 0.103125 0.09583333333333334
