0 0.26484375 0.4354166666666667 0.0265625 0.0375
0 0.23828125 0.5770833333333333 0.0265625 0.0375
0 0.24082980577689242 0.85625 0.0265625 0.0375
0 0.19453125 0.8458333333333333 0.0265625 0.0375
0 0.08359375 0.80625 0.0265625 0.0375
0 0.00546875 0.8104166666666667 0.0109375 0.03333333333333333
0 0.13515625 0.18958333333333333 0.0265625 0.0375
0 0.30859375 0.2125 0.0265625 0.041666666666666664
0 0.23470982142857144 0.1744047619047619 0.0265625 0.0375
0 0.27193391393442623 0.24079918032786887 0.0265625 0.0375
0 0.2375 0.378125 0.0265625 0.0375
0 0.5379129300878478 0.9786755734504636 0.0265625 0.0375
0 0.6306546236059479 0.6100526641883519 0.0265625 0.0375
0 0.48828125 0.86875 0.0265625 0.0375
0 0.84296875 0.85625 0.0265625 0.0375
0 0.83359375 0.98125 0.0265625 0.0375
0 0.8415010340073529 0.7541666666666667 0.0265625 0.0375
0 0.828125 0.43645833333333334 0.025 0.03958333333333333
0 0.8645273109243699 0.409375 0.025 0.03958333333333333
0 0.6316415271362587 0.23576308698999232 0.0265625 0.03333333333333333
0 0.7558494606598984 0.10782571912013536 0.0265625 0.03333333333333333
0 0.71015625 0.6354166666666666 0.0265625 0.03333333333333333
0 0.5227829391891892 0.5969031531531531 0.0296875 0.03333333333333333
0 0.4631453804347826 0.4408816425120773 0.0265625 0.03333333333333333
0 0.95546875 0.4083333333333333 0.028125 0.0375
0 0.9321338959854014 0.9675714720194647 0.0234375 0.035416666666666666
0 0.58828125 0.11875 0.0296875 0.05
0 0.6015625 0.20625 0.025 0.04583333333333333
0 0.85625 0.22395833333333334 0.0375 0.04375
0 0.4899347694174757 0.753003640776699 0.0421875 0.04375
0 0.8953125 0.61875 0.0296875 0.03958333333333333
0 0.1418478260869565 0.9411684782608696 0.025 0.03958333333333333
0 0.4848917563600783 0.04618599151989563 0.025 0.02708333333333333
0 0.5077140748031497 0.023695866141732285 0.0296875 0.03125
0 0.35703125 0.06354166666666666 0.0234375 0.027083333333333334
0 0.9886886160714287 0.012185019841269842 0.020569196428571423 0.021860119047619045
1 0.57109375 0.13333333333333333 0.0890625 0.1125
1 0.3203125 0.21041666666666667 0.103125 0.09583333333333334
