0 0.26484375 0.4354166666666667 0.0265625 0.0375
0 0.23828125 0.5770833333333333 0.0265625 0.0375
0 0.24116347111553785 0.85625 0.0265625 0.0375
0 0.19453125 0.8458333333333333 0.0265625 0.0375
0 0.08359375 0.80625 0.0265625 0.0375
0 0.0058451704545454545 0.7988731060606061 0.011690340909090909 0.03232954545454554
0 0.13515625 0.18958333333333333 0.0265625 0.0375
0 0.32057291666666665 0.2236111111111111 0.0265625 0.041666666666666664
0 0.24032291666666666 0.16846666666666668 0.0265625 0.0375
0 0.2767392418032787 0.2307308743169399 0.0265625 0.0375
0 0.2468390428870293 0.37189679218967925 0.0265625 0.0375
0 0.536686722181552 0.9770406295754026 0.0265625 0.0375
0 0.6294871050185874 0.6079770755885998 0.0265625 0.0375
0 0.48828125 0.86875 0.0265625 0.0375
0 0.84296875 0.85625 0.0265625 0.0375
0 0.83359375 0.98125 0.0265625 0.0375
0 0.8449649586397058 0.7541666666666667 0.0265625 0.0375
0 0.828125 0.43645833333333334 0.025 0.03958333333333333
0 0.8650551470588235 0.409375 0.025 0.03958333333333333
0 0.64275 0.23133333333333334 0.0265625 0.03333333333333333
0 0.7601007296954314 0.10215736040609137 0.0265625 0.03333333333333333
0 0.71015625 0.6354166666666666 0.0265625 0.03333333333333333
0 0.534295280612245 0.5861819727891155 0.0296875 0.03333333333333333
0 0.4678498641304348 0.4293251811594203 0.0265625 0.03333333333333333
0 0.819375 0.4079166666666667 0.028125 0.0375
0 0.9459141522988507 0.9400383141762452 0.0234375 0.035416666666666666
0 0.58828125 0.11875 0.0296875 0.05
0 0.6015625 0.20625 0.025 0.04583333333333333
0 0.85625 0.22395833333333334 0.0375 0.04375
0 0.4917134405339806 0.7506320792880259 0.0421875 0.04375
0 0.9421875 0.43645833333333334 0.028125 0.04375
0 0.4873335481099656 0.04350300687285224 0.025 0.027083333333333338
0 0.50703125 0.021170343137254903 0.0296875 0.029840686274509805
0 0.3595480510752688 0.05395385304659498 0.0234375 0.027083333333333334
1 0.57109375 0.13333333333333333 0.0890625 0.1125
1 0.3203125 0.21041666666666667 0.103125 0.09583333333333334
