0 0.26946930066079294 0.4307911160058737 0.0265625 0.0375
0 0.23828125 0.5770833333333333 0.0265625 0.0375
0 0.24250809262948209 0.85625 0.0265625 0.0375
0 0.19453125 0.8458333333333333 0.0265625 0.0375
0 0.08359375 0.80625 0.0265625 0.0375
0 0.021282222762645915 0.7454969195849547 0.0265625 0.0375
0 0.13515625 0.18958333333333333 0.0265625 0.0375
0 0.22109375 0.18139880952380952 0.0265625 0.041666666666666664
0 0.26573949353448273 0.1244342672413793 0.0265625 0.037499999999999985
0 0.28291928956834533 0.21964928057553956 0.0265625 0.0375
0 0.2947429033864542 0.32471779548472773 0.0265625 0.0375
0 0.203125 0.5135416666666667 0.028125 0.04583333333333333
0 0.5530577400662252 0.9338300220750552 0.0265625 0.0375
0 0.63828125 0.5758712121212122 0.0265625 0.0375
0 0.48828125 0.86875 0.0265625 0.0375
0 0.8457299701963535 0.8479663394109397 0.0265625 0.0375
0 0.8363549701963535 0.9729663394109397 0.0265625 0.0375
0 0.8528521651472651 0.7514054464703133 0.0265625 0.0375
0 0.828125 0.43645833333333334 0.025 0.03958333333333333
0 0.8671822478991598 0.409375 0.025 0.03958333333333333
0 0.66495129048583 0.16776315789473684 0.0265625 0.03333333333333333
0 0.7739928463855421 0.07545180722891566 0.0265625 0.03333333333333333
0 0.71015625 0.6354166666666666 0.0265625 0.03333333333333333
0 0.5822017045454546 0.5110606060606061 0.0265625 0.03333333333333333
0 0.4944947714007782 0.4045881971465629 0.0265625 0.03333333333333333
0 0.00930921052631579 0.2823684210526316 0.01861842105263158 0.03333333333333333
0 0.4015625 0.47291666666666665 0.028125 0.0375
0 0.7919270833333334 0.33541666666666664 0.02656250000000009 0.03333333333333333
0 0.9845407196969695 0.8225063131313132 0.018134469696969725 0.035416666666666666
0 0.78671875 0.8979166666666667 0.0390625 0.041666666666666664
0 0.58828125 0.11875 0.0296875 0.05
0 0.6015625 0.20625 0.025 0.04583333333333333
0 0.11640625 0.25833333333333336 0.0359375 0.04583333333333333
0 0.85625 0.22395833333333334 0.0375 0.04375
0 0.5025699013157895 0.7347176535087719 0.0421875 0.04375
0 0.39765625 0.08541666666666667 0.0234375 0.029166666666666667
0 0.4982440476190476 0.01892526455026455 0.025 0.027083333333333334
0 0.384765625 0.04401041666666667 0.028125 0.0375
0 0.5240293560606061 0.009958964646464648 0.0296875 0.01875
1 0.57109375 0.13333333333333333 0.0890625 0.1125
1 0.3203125 0.21041666666666667 0.103125 0.09583333333333334
