0 0.26484375 0.4354166666666667 0.0265625 0.0375
0 0.23828125 0.5770833333333333 0.0265625 0.0375
0 0.24200012450199204 0.85625 0.0265625 0.0375
0 0.19453125 0.8458333333333333 0.0265625 0.0375
0 0.08359375 0.80625 0.0265625 0.0375
0 0.01632113326848249 0.7612070363164721 0.0265625 0.0375
0 0.13515625 0.18958333333333333 0.0265625 0.0375
0 0.261328125 0.22916666666666666 0.0265625 0.041666666666666664
0 0.2504150390625 0.14423828125 0.0265625 0.0375
0 0.28177270683453237 0.22117805755395684 0.0265625 0.0375
0 0.27823393924302786 0.3467297476759628 0.0265625 0.0375
0 0.10885416666666667 0.5708333333333333 0.02812500000000001 0.05
0 0.5336120516105417 0.9729410688140556 0.0265625 0.0375
0 0.6315148305084746 0.5946327683615819 0.0265625 0.0375
0 0.48828125 0.86875 0.0265625 0.0375
0 0.8439417514025246 0.8533309957924263 0.0265625 0.0375
0 0.8345667514025246 0.9783309957924263 0.0265625 0.0375
0 0.8515110010518934 0.7531936652641421 0.0265625 0.0375
0 0.828125 0.43645833333333334 0.025 0.03958333333333333
0 0.8663786764705883 0.409375 0.025 0.03958333333333333
0 0.6614143668831168 0.18371212121212122 0.0265625 0.03333333333333333
0 0.7688723644578312 0.08569277108433736 0.0265625 0.03333333333333333
0 0.71015625 0.6354166666666666 0.0265625 0.03333333333333333
0 0.5667163645038168 0.5361641221374046 0.028303912213740467 0.03333333333333333
0 0.4820920476653696 0.4062418936446174 0.0265625 0.03333333333333333
0 0.5796875 0.525 0.028125 0.0375
0 0.6953125 0.07760416666666667 0.0265625 0.03333333333333333
0 0.9752804487179487 0.8606303418803418 0.0234375 0.035416666666666666
0 0.58828125 0.11875 0.0296875 0.05
0 0.6015625 0.20625 0.025 0.04583333333333333
0 0.85625 0.22395833333333334 0.0375 0.04375
0 0.9389062499999999 0.24833333333333332 0.0328125 0.04166666666666664
0 0.4962787828947368 0.7445038377192983 0.0421875 0.04375
0 0.5043154761904762 0.024322089947089946 0.025 0.027083333333333334
0 0.125 0.3104166666666667 0.028125 0.0375
0 0.5143702651515152 0.013178661616161618 0.0296875 0.01875
0 0.3674512768817204 0.02384632616487455 0.0234375 0.027083333333333334
0 0.09609375 0.013541666666666667 0.0265625 0.027083333333333334
1 0.57109375 0.13333333333333333 0.0890625 0.1125
1 0.3203125 0.21041666666666667 0.103125 0.09583333333333334
