0 0.26484375 0.4354166666666667 0.0265625 0.0375
0 0.23828125 0.5770833333333333 0.0265625 0.0375
0 0.24139255478087648 0.85625 0.0265625 0.0375
0 0.19453125 0.8458333333333333 0.0265625 0.0375
0 0.08359375 0.80625 0.0265625 0.0375
0 0.006171875 0.7888541666666666 0.01234375 0.03145833333333326
0 0.13515625 0.18958333333333333 0.0265625 0.0375
0 0.31015625 0.23541666666666666 0.0265625 0.041666666666666664
0 0.24223958333333334 0.16233333333333333 0.0265625 0.0375
0 0.28003842213114755 0.22381830601092897 0.0265625 0.0375
0 0.2534551516736402 0.3678870292887029 0.0265625 0.0375
0 0.5358448480966325 0.9759181307955099 0.0265625 0.0375
0 0.6286855250929368 0.6065520446096655 0.0265625 0.0375
0 0.48828125 0.86875 0.0265625 0.0375
0 0.84296875 0.85625 0.0265625 0.0375
0 0.83359375 0.98125 0.0265625 0.0375
0 0.8473431755514707 0.7541666666666667 0.0265625 0.0375
0 0.828125 0.43645833333333334 0.025 0.03958333333333333
0 0.8654175420168068 0.409375 0.025 0.03958333333333333
0 0.6486852134146341 0.22057926829268293 0.0265625 0.03333333333333333
0 0.7627478664658635 0.0979417670682731 0.0265625 0.03333333333333333
0 0.71015625 0.6354166666666666 0.0265625 0.03333333333333333
0 0.546029974489796 0.5757511337868481 0.0296875 0.03333333333333333
0 0.47197330298013246 0.4230132450331126 0.0265625 0.03333333333333333
0 0.728125 0.425 0.028125 0.0375
0 0.9541886295180723 0.9188880522088353 0.0234375 0.035416666666666666
0 0.58828125 0.11875 0.0296875 0.05
0 0.6015625 0.20625 0.025 0.04583333333333333
0 0.85625 0.22395833333333334 0.0375 0.04375
0 0.77890625 0.028125 0.0296875 0.03333333333333333
0 0.4929346177184466 0.7490038430420712 0.0421875 0.04375
0 0.971875 0.3121527777777777 0.025 0.036805555555555536
0 0.49375536941580755 0.03757517182130584 0.025 0.02708333333333333
0 0.50703125 0.01835171568627451 0.0296875 0.02420343137254902
0 0.36171202956989246 0.045710125448028674 0.0234375 0.027083333333333334
1 0.57109375 0.13333333333333333 0.0890625 0.1125
1 0.3203125 0.21041666666666667 0.103125 0.09583333333333334
