0 0.26484375 0.4354166666666667 0.0265625 0.0375
0 0.23828125 0.5770833333333333 0.0265625 0.0375
0 0.24158677788844624 0.85625 0.0265625 0.0375
0 0.19453125 0.8458333333333333 0.0265625 0.0375
0 0.08359375 0.80625 0.0265625 0.0375
0 0.010309278350515464 0.7774377147766323 0.020618556701030927 0.03485824742268046
0 0.13515625 0.18958333333333333 0.0265625 0.0375
0 0.30279017857142854 0.24583333333333332 0.0265625 0.041666666666666664
0 0.24386458333333333 0.15713333333333335 0.0265625 0.0375
0 0.28083970323741003 0.2224220623501199 0.0265625 0.0375
0 0.26319539835164835 0.3632326007326007 0.0265625 0.0375
0 0.5351310852855051 0.9749664470473401 0.0265625 0.0375
0 0.6280059247211895 0.6053438661710037 0.0265625 0.0375
0 0.48828125 0.86875 0.0265625 0.0375
0 0.84296875 0.85625 0.0265625 0.0375
0 0.83359375 0.98125 0.0265625 0.0375
0 0.8493594898897058 0.7541666666666667 0.0265625 0.0375
0 0.828125 0.43645833333333334 0.025 0.03958333333333333
0 0.8657247899159664 0.409375 0.025 0.03958333333333333
0 0.6575420673076924 0.20765224358974357 0.0265625 0.03333333333333333
0 0.7647056977911647 0.09402610441767069 0.0265625 0.03333333333333333
0 0.71015625 0.6354166666666666 0.0265625 0.03333333333333333
0 0.5532387742718446 0.5611245954692556 0.0296875 0.03333333333333333
0 0.4752017798013245 0.4176324503311258 0.0265625 0.03333333333333333
0 0.68125 0.5041666666666667 0.028125 0.0375
0 0.9615304969879517 0.8953940763052209 0.0234375 0.035416666666666666
0 0.58828125 0.11875 0.0296875 0.05
0 0.6015625 0.20625 0.025 0.04583333333333333
0 0.85625 0.22395833333333334 0.0375 0.04375
0 0.81640625 0.11770833333333333 0.0296875 0.035416666666666666
0 0.493969963592233 0.7476233818770227 0.0421875 0.04375
0 0.4991999570446735 0.032549398625429556 0.025 0.027083333333333334
0 0.50703125 0.01596200980392157 0.0296875 0.019424019607843138
0 0.3635467069892473 0.03872087813620072 0.0234375 0.027083333333333334
1 0.57109375 0.13333333333333333 0.0890625 0.1125
1 0.3203125 0.21041666666666667 0.103125 0.09583333333333334
