0 0.26484375 0.4354166666666667 0.0265625 0.0375
0 0.23828125 0.5770833333333333 0.0265625 0.0375
0 0.2406281125498008 0.85625 0.0265625 0.0375
0 0.19453125 0.8458333333333333 0.0265625 0.0375
0 0.08359375 0.80625 0.0265625 0.0375
0 0.13515625 0.18958333333333333 0.0265625 0.0375
0 0.29765625 0.2125 0.0265625 0.041666666666666664
0 0.22667410714285716 0.1730654761904762 0.0265625 0.0375
0 0.26937040441176474 0.24647671568627452 0.0265625 0.0375
0 0.2332421875 0.38348958333333333 0.0265625 0.0375
0 0.5386541453147877 0.9796638604197169 0.0265625 0.0375
0 0.6313603624535317 0.6113073110285007 0.0265625 0.0375
0 0.48828125 0.86875 0.0265625 0.0375
0 0.84296875 0.85625 0.0265625 0.0375
0 0.83359375 0.98125 0.0265625 0.0375
0 0.8394071691176471 0.7541666666666667 0.0265625 0.0375
0 0.828125 0.43645833333333334 0.025 0.03958333333333333
0 0.8642082457983193 0.409375 0.025 0.03958333333333333
0 0.6307646506928407 0.236542532717475 0.0265625 0.03333333333333333
0 0.7547148164335664 0.11436480186480186 0.0265625 0.03333333333333333
0 0.71015625 0.6354166666666666 0.0265625 0.03333333333333333
0 0.5169956140350878 0.6006761695906433 0.0296875 0.03333333333333333
0 0.46131114130434786 0.44903381642512075 0.0265625 0.03333333333333333
0 0.9219719434306569 0.9811207420924575 0.0234375 0.035416666666666666
0 0.58828125 0.11875 0.0296875 0.05
0 0.6015625 0.20625 0.025 0.04583333333333333
0 0.85625 0.22395833333333334 0.0375 0.04375
0 0.48885960254854366 0.7544371966019418 0.0421875 0.04375
0 0.84609375 0.7322916666666667 0.0296875 0.03958333333333333
0 0.16666666666666669 0.9170138888888889 0.025 0.03958333333333333
0 0.1328125 0.934375 0.03125 0.03958333333333333
0 0.48414872798434444 0.047176696020874105 0.025 0.027083333333333334
0 0.5082123523622047 0.0250246062992126 0.0296875 0.03125
0 0.35703125 0.06354166666666666 0.0234375 0.027083333333333334
0 0.75 0.08020833333333334 0.0296875 0.03333333333333333
0 0.9846205357142856 0.018412698412698415 0.02147321428571427 0.025476190476190475
1 0.57109375 0.13333333333333333 0.0890625 0.1125
1 0.3203125 0.21041666666666667 0.103125 0.09583333333333334
