0 0.26484375 0.4354166666666667 0.0265625 0.0375
0 0.23828125 0.5770833333333333 0.0265625 0.0375
0 0.24156436752988047 0.85625 0.0265625 0.0375
0 0.19453125 0.8458333333333333 0.0265625 0.0375
0 0.08359375 0.80625 0.0265625 0.0375
0 0.009656894329896908 0.7788874570446734 0.019313788659793815 0.034278350515463886
0 0.13515625 0.18958333333333333 0.0265625 0.0375
0 0.3078125 0.25 0.0265625 0.041666666666666664
0 0.24367708333333332 0.15773333333333334 0.0265625 0.0375
0 0.280789118705036 0.22248950839328535 0.0265625 0.0375
0 0.2618046016483516 0.3638507326007326 0.0265625 0.0375
0 0.5352134425329429 0.9750762567105905 0.0265625 0.0375
0 0.6280843401486988 0.6054832713754646 0.0265625 0.0375
0 0.48828125 0.86875 0.0265625 0.0375
0 0.84296875 0.85625 0.0265625 0.0375
0 0.83359375 0.98125 0.0265625 0.0375
0 0.8491268382352942 0.7541666666666667 0.0265625 0.0375
0 0.828125 0.43645833333333334 0.025 0.03958333333333333
0 0.865689338235294 0.409375 0.025 0.03958333333333333
0 0.6561899038461538 0.20945512820512818 0.0265625 0.03333333333333333
0 0.7644797941767069 0.09447791164658635 0.0265625 0.03333333333333333
0 0.71015625 0.6354166666666666 0.0265625 0.03333333333333333
0 0.5525561286407766 0.5631270226537217 0.0296875 0.03333333333333333
0 0.47482926324503316 0.41825331125827814 0.0265625 0.03333333333333333
0 0.696875 0.49166666666666664 0.028125 0.0375
0 0.960683358433735 0.8981049196787149 0.0234375 0.035416666666666666
0 0.58828125 0.11875 0.0296875 0.05
0 0.6015625 0.20625 0.025 0.04583333333333333
0 0.85625 0.22395833333333334 0.0375 0.04375
0 0.8328125 0.09583333333333334 0.03125 0.029166666666666667
0 0.49385050060679614 0.7477826658576051 0.0421875 0.04375
0 0.498571735395189 0.03312929553264605 0.025 0.02708333333333333
0 0.50703125 0.016237745098039217 0.0296875 0.01997549019607843
0 0.3633350134408602 0.03952732974910394 0.0234375 0.027083333333333334
1 0.57109375 0.13333333333333333 0.0890625 0.1125
1 0.3203125 0.21041666666666667 0.103125 0.09583333333333334
