0 0.26484375 0.4354166666666667 0.0265625 0.0375
0 0.23828125 0.5770833333333333 0.0265625 0.0375
0 0.240921937250996 0.85625 0.0265625 0.0375
0 0.19453125 0.8458333333333333 0.0265625 0.0375
0 0.08359375 0.80625 0.0265625 0.0375
0 0.005500710227272727 0.8094365530303029 0.011001420454545455 0.03324810606060602
0 0.13515625 0.18958333333333333 0.0265625 0.0375
0 0.3104303728070176 0.22255116959064328 0.0265625 0.041666666666666664
0 0.2383020833333333 0.17493333333333333 0.0265625 0.0375
0 0.27326075819672135 0.2380191256830601 0.0265625 0.0375
0 0.23986336297071129 0.3761244769874477 0.0265625 0.0375
0 0.5375743502928259 0.9782241337237677 0.0265625 0.0375
0 0.630332249070632 0.6094795539033456 0.0265625 0.0375
0 0.48828125 0.86875 0.0265625 0.0375
0 0.84296875 0.85625 0.0265625 0.0375
0 0.83359375 0.98125 0.0265625 0.0375
0 0.8424574908088236 0.7541666666666667 0.0265625 0.0375
0 0.828125 0.43645833333333334 0.025 0.03958333333333333
0 0.8646730567226891 0.409375 0.025 0.03958333333333333
0 0.632140625 0.235375 0.0265625 0.03333333333333333
0 0.7570233185279187 0.1062605752961083 0.0265625 0.03333333333333333
0 0.71015625 0.6354166666666666 0.0265625 0.03333333333333333
0 0.5255173141891892 0.5942989864864864 0.0296875 0.03333333333333333
0 0.4639832427536231 0.4371578099838969 0.0265625 0.03333333333333333
0 0.915625 0.4083333333333333 0.028125 0.0375
0 0.9367757755474452 0.9613822992700729 0.0234375 0.035416666666666666
0 0.58828125 0.11875 0.0296875 0.05
0 0.6015625 0.20625 0.025 0.04583333333333333
0 0.85625 0.22395833333333334 0.0375 0.04375
0 0.49042589502427186 0.7523488066343041 0.0421875 0.04375
0 0.90546875 0.5760416666666667 0.0296875 0.03958333333333333
0 0.13986191860465116 0.9494428294573644 0.025 0.03958333333333333
0 0.4852311643835616 0.045733447488584475 0.025 0.027083333333333338
0 0.5074864665354331 0.023088910761154855 0.0296875 0.03125
0 0.35726646505376347 0.06264560931899642 0.0234375 0.027083333333333334
1 0.57109375 0.13333333333333333 0.0890625 0.1125
1 0.3203125 0.21041666666666667 0.103125 0.09583333333333334
