0 0.26484375 0.4354166666666667 0.0265625 0.0375
0 0.23828125 0.5770833333333333 0.0265625 0.0375
0 0.24098418824701193 0.85625 0.0265625 0.0375
0 0.19453125 0.8458333333333333 0.0265625 0.0375
0 0.08359375 0.80625 0.0265625 0.0375
0 0.005589488636363636 0.8067140151515152 0.011178977272727273 0.033011363636363575
0 0.13515625 0.18958333333333333 0.0265625 0.0375
0 0.3111156798245614 0.2216374269005848 0.0265625 0.041666666666666664
0 0.23882291666666666 0.17326666666666668 0.0265625 0.0375
0 0.2741572745901639 0.23614071038251366 0.0265625 0.0375
0 0.2416612186192469 0.3750348675034868 0.0265625 0.0375
0 0.5373455801610542 0.9779191068814055 0.0265625 0.0375
0 0.6301144284386617 0.6090923172242875 0.0265625 0.0375
0 0.48828125 0.86875 0.0265625 0.0375
0 0.84296875 0.85625 0.0265625 0.0375
0 0.83359375 0.98125 0.0265625 0.0375
0 0.8431037454044118 0.7541666666666667 0.0265625 0.0375
0 0.828125 0.43645833333333334 0.025 0.03958333333333333
0 0.8647715336134454 0.409375 0.025 0.03958333333333333
0 0.634875 0.23433333333333334 0.0265625 0.03333333333333333
0 0.7578164657360407 0.10520304568527919 0.0265625 0.03333333333333333
0 0.71015625 0.6354166666666666 0.0265625 0.03333333333333333
0 0.5273648648648648 0.5925394144144144 0.0296875 0.03333333333333333
0 0.464549365942029 0.43464170692431564 0.0265625 0.03333333333333333
0 0.8875 0.38645833333333335 0.028125 0.0375
0 0.9394486350574713 0.9564176245210728 0.0234375 0.035416666666666666
0 0.58828125 0.11875 0.0296875 0.05
0 0.6015625 0.20625 0.025 0.04583333333333333
0 0.85625 0.22395833333333334 0.0375 0.04375
0 0.4907577366504855 0.751906351132686 0.0421875 0.04375
0 0.91171875 0.5364583333333334 0.0296875 0.03958333333333333
0 0.14557291666666666 0.9538194444444446 0.0234375 0.0368055555555556
0 0.48546049412915854 0.04542767449445531 0.025 0.02708333333333333
0 0.5073326771653544 0.022678805774278218 0.0296875 0.03125
0 0.35785450268817204 0.06040546594982078 0.0234375 0.027083333333333334
1 0.57109375 0.13333333333333333 0.0890625 0.1125
1 0.3203125 0.21041666666666667 0.103125 0.09583333333333334
