0 0.26484375 0.4354166666666667 0.0265625 0.0375
0 0.23828125 0.5770833333333333 0.0265625 0.0375
0 0.24041396912350596 0.85625 0.0265625 0.0375
0 0.19453125 0.8458333333333333 0.0265625 0.0375
0 0.08359375 0.80625 0.0265625 0.0375
0 0.13515625 0.18958333333333333 0.0265625 0.0375
0 0.28359375 0.19791666666666666 0.0265625 0.041666666666666664
0 0.2185210129310345 0.1770653735632184 0.0265625 0.0375
0 0.26838235294117646 0.25042892156862745 0.0265625 0.037500000000000026
0 0.2283203125 0.38671875 0.0265625 0.0375
0 0.539441114568082 0.9807131527574426 0.0265625 0.0375
0 0.6318547332635983 0.6121861924686193 0.0265625 0.0375
0 0.48828125 0.86875 0.0265625 0.0375
0 0.84296875 0.85625 0.0265625 0.0375
0 0.83359375 0.98125 0.0265625 0.0375
0 0.8371840533088235 0.7541666666666667 0.0265625 0.0375
0 0.828125 0.43645833333333334 0.025 0.03958333333333333
0 0.8640625 0.409375 0.025 0.03958333333333333
0 0.629833646073903 0.2373700923787529 0.0265625 0.03333333333333333
0 0.7523670708955223 0.1230721393034826 0.0265625 0.03333333333333335
0 0.71015625 0.6354166666666666 0.0265625 0.03333333333333333
0 0.5108324579831932 0.6025560224089636 0.0296875 0.03333333333333333
0 0.45992743200836816 0.4569124825662483 0.0265625 0.03333333333333333
0 0.911802755376344 0.9911402329749104 0.026092069892473015 0.0177195340501792
0 0.58828125 0.11875 0.0296875 0.05
0 0.6015625 0.20625 0.025 0.04583333333333333
0 0.85625 0.22395833333333334 0.0375 0.04375
0 0.48771806735436896 0.7559592435275081 0.0421875 0.04375
0 0.8149857954545455 0.8413825757575758 0.0296875 0.03958333333333333
0 0.17789522058823531 0.8473651960784314 0.025 0.03958333333333333
0 0.034375 0.821875 0.03125 0.03958333333333333
0 0.4833598336594912 0.048228555120678404 0.025 0.027083333333333334
0 0.5087413877952756 0.02643536745406824 0.0296875 0.03125
0 0.35703125 0.06354166666666666 0.0234375 0.027083333333333334
0 0.78046875 0.15729166666666666 0.0234375 0.03958333333333333
0 0.9803013392857143 0.02502480158730159 0.022433035714285766 0.02931547619047619
1 0.57109375 0.13333333333333333 0.0890625 0.1125
1 0.3203125 0.21041666666666667 0.103125 0.09583333333333334
