0 0.26484375 0.4354166666666667 0.0265625 0.0375
0 0.23828125 0.5770833333333333 0.0265625 0.0375
0 0.24046625996015938 0.85625 0.0265625 0.0375
0 0.19453125 0.8458333333333333 0.0265625 0.0375
0 0.08359375 0.80625 0.0265625 0.0375
0 0.13515625 0.18958333333333333 0.0265625 0.0375
0 0.28703124999999996 0.20875000000000002 0.0265625 0.041666666666666664
0 0.2205010775862069 0.17593390804597703 0.0265625 0.0375
0 0.2686236213235294 0.2494638480392157 0.0265625 0.0375
0 0.22943359375 0.3851822916666666 0.0265625 0.0375
0 0.5392489476573938 0.9804569302098585 0.0265625 0.0375
0 0.6319266960966543 0.612314126394052 0.0265625 0.0375
0 0.48828125 0.86875 0.0265625 0.0375
0 0.84296875 0.85625 0.0265625 0.0375
0 0.83359375 0.98125 0.0265625 0.0375
0 0.8377269071691176 0.7541666666666667 0.0265625 0.0375
0 0.828125 0.43645833333333334 0.025 0.03958333333333333
0 0.8640625 0.409375 0.025 0.03958333333333333
0 0.6300609844110855 0.23716801385681294 0.0265625 0.03333333333333333
0 0.7540045891608391 0.12004662004662006 0.0265625 0.03333333333333335
0 0.71015625 0.6354166666666666 0.0265625 0.03333333333333333
0 0.5125411184210527 0.6018640350877192 0.0296875 0.03333333333333333
0 0.46006472280334726 0.45526499302649925 0.0265625 0.03333333333333333
0 0.9142725134408602 0.988788082437276 0.0253864247311828 0.022423835125448002
0 0.58828125 0.11875 0.0296875 0.05
0 0.6015625 0.20625 0.025 0.04583333333333333
0 0.85625 0.22395833333333334 0.0375 0.04375
0 0.48799681432038833 0.7555875809061489 0.0421875 0.04375
0 0.8174479166666666 0.7940972222222222 0.0296875 0.03958333333333333
0 0.175 0.8555941358024691 0.025 0.03958333333333333
0 0.04635416666666666 0.8607638888888889 0.031249999999999993 0.03958333333333333
0 0.48355247064579254 0.047971705805609915 0.025 0.027083333333333334
0 0.5086122047244095 0.026090879265091866 0.0296875 0.03125000000000001
0 0.35703125 0.06354166666666666 0.0234375 0.027083333333333334
0 0.7515625 0.14479166666666668 0.021875 0.03958333333333333
0 0.9813560267857142 0.023410218253968256 0.0221986607142858 0.028377976190476186
1 0.57109375 0.13333333333333333 0.0890625 0.1125
1 0.3203125 0.21041666666666667 0.103125 0.09583333333333334
