0 0.26484375 0.4354166666666667 0.0265625 0.0375
0 0.23828125 0.5770833333333333 0.0265625 0.0375
0 0.24118837151394423 0.85625 0.0265625 0.0375
0 0.19453125 0.8458333333333333 0.0265625 0.0375
0 0.08359375 0.80625 0.0265625 0.0375
0 0.005880681818181818 0.7977840909090909 0.011761363636363636 0.03223484848484854
0 0.13515625 0.18958333333333333 0.0265625 0.0375
0 0.3143229166666667 0.22314814814814815 0.0265625 0.041666666666666664
0 0.24053125 0.1678 0.0265625 0.0375
0 0.27709784836065576 0.2299795081967213 0.0265625 0.0375
0 0.2475581851464435 0.37146094839609484 0.0265625 0.0375
0 0.5365952141288434 0.9769186188384578 0.0265625 0.0375
0 0.6293999767657993 0.6078221809169765 0.0265625 0.0375
0 0.48828125 0.86875 0.0265625 0.0375
0 0.84296875 0.85625 0.0265625 0.0375
0 0.83359375 0.98125 0.0265625 0.0375
0 0.8452234604779412 0.7541666666666667 0.0265625 0.0375
0 0.828125 0.43645833333333334 0.025 0.03958333333333333
0 0.865094537815126 0.409375 0.025 0.03958333333333333
0 0.6434768800813008 0.23030149051490514 0.0265625 0.03333333333333333
0 0.7604179885786803 0.10173434856175972 0.0265625 0.03333333333333333
0 0.71015625 0.6354166666666666 0.0265625 0.03333333333333333
0 0.5355707908163265 0.585048185941043 0.0296875 0.03333333333333333
0 0.468359375 0.42864583333333334 0.0265625 0.03333333333333333
0 0.825 0.40208333333333335 0.028125 0.0375
0 0.9468121408045977 0.9377634099616858 0.0234375 0.035416666666666666
0 0.58828125 0.11875 0.0296875 0.05
0 0.6015625 0.20625 0.025 0.04583333333333333
0 0.85625 0.22395833333333334 0.0375 0.04375
0 0.491846177184466 0.7504550970873787 0.0421875 0.04375
0 0.965625 0.43125 0.028125 0.04375
0 0.48803157216494847 0.04285867697594502 0.025 0.027083333333333334
0 0.50703125 0.020863970588235296 0.0296875 0.029227941176470592
0 0.3597832661290322 0.053057795698924735 0.0234375 0.027083333333333334
1 0.57109375 0.13333333333333333 0.0890625 0.1125
1 0.3203125 0.21041666666666667 0.103125 0.09583333333333334
