0 0.26484375 0.4354166666666667 0.0265625 0.0375
0 0.23828125 0.5770833333333333 0.0265625 0.0375
0 0.24140998505976094 0.85625 0.0265625 0.0375
0 0.19453125 0.8458333333333333 0.0265625 0.0375
0 0.08359375 0.80625 0.0265625 0.0375
0 0.006196732954545455 0.7880918560606059 0.01239346590909091 0.03139204545454544
0 0.13515625 0.18958333333333333 0.0265625 0.0375
0 0.306875 0.23833333333333334 0.0265625 0.041666666666666664
0 0.24238541666666666 0.16186666666666666 0.0265625 0.0375
0 0.28028944672131145 0.22329234972677595 0.0265625 0.0375
0 0.25395855125523015 0.3675819386331939 0.0265625 0.0375
0 0.5357807924597364 0.9758327232796485 0.0265625 0.0375
0 0.6286245353159852 0.6064436183395291 0.0265625 0.0375
0 0.48828125 0.86875 0.0265625 0.0375
0 0.84296875 0.85625 0.0265625 0.0375
0 0.83359375 0.98125 0.0265625 0.0375
0 0.8475241268382353 0.7541666666666667 0.0265625 0.0375
0 0.828125 0.43645833333333334 0.025 0.03958333333333333
0 0.8654451155462185 0.409375 0.025 0.03958333333333333
0 0.6491298272357724 0.21974932249322493 0.0265625 0.03333333333333333
0 0.7629235692771085 0.09759036144578313 0.0265625 0.03333333333333333
0 0.71015625 0.6354166666666666 0.0265625 0.03333333333333333
0 0.5469228316326531 0.5749574829931973 0.0296875 0.03333333333333333
0 0.47226303807947023 0.422530353200883 0.0265625 0.03333333333333333
0 0.7140625 0.415625 0.028125 0.0375
0 0.954847515060241 0.9167796184738957 0.0234375 0.035416666666666666
0 0.58828125 0.11875 0.0296875 0.05
0 0.6015625 0.20625 0.025 0.04583333333333333
0 0.85625 0.22395833333333334 0.0375 0.04375
0 0.7809895833333333 0.04583333333333333 0.0296875 0.03333333333333333
0 0.4930275333737864 0.7488799555016181 0.0421875 0.04375
0 0.9839062500000001 0.32083333333333336 0.0234375 0.03333333333333333
0 0.49424398625429555 0.03712414089347079 0.025 0.027083333333333334
0 0.50703125 0.018137254901960786 0.0296875 0.02377450980392157
0 0.3618766801075269 0.0450828853046595 0.0234375 0.027083333333333334
1 0.57109375 0.13333333333333333 0.0890625 0.1125
1 0.3203125 0.21041666666666667 0.103125 0.09583333333333334
