0 0.26484375 0.4354166666666667 0.0265625 0.0375
0 0.23828125 0.5770833333333333 0.0265625 0.0375
0 0.24205490537848603 0.85625 0.0265625 0.0375
0 0.19453125 0.8458333333333333 0.0265625 0.0375
0 0.08359375 0.80625 0.0265625 0.0375
0 0.016856152723735408 0.7595128080415046 0.0265625 0.0375
0 0.13515625 0.18958333333333333 0.0265625 0.0375
0 0.2546875 0.21354166666666666 0.0265625 0.041666666666666664
0 0.2520263671875 0.14208984375 0.0265625 0.0375
0 0.28189635791366907 0.22101318944844123 0.0265625 0.0375
0 0.28001431772908364 0.34435590969455515 0.0265625 0.0375
0 0.12562500000000001 0.5183333333333333 0.028125 0.05
0 0.535546875 0.9691550925925926 0.0265625 0.0375
0 0.6325344279661017 0.5923022598870057 0.0265625 0.0375
0 0.48828125 0.86875 0.0265625 0.0375
0 0.8441345985273493 0.8527524544179523 0.0265625 0.0375
0 0.8347595985273493 0.9777524544179523 0.0265625 0.0375
0 0.851655636395512 0.7530008181393175 0.0265625 0.0375
0 0.828125 0.43645833333333334 0.025 0.03958333333333333
0 0.8664653361344538 0.409375 0.025 0.03958333333333333
0 0.6617119859307359 0.18232323232323233 0.0265625 0.03333333333333333
0 0.7694245732931727 0.08458835341365463 0.0265625 0.03333333333333333
0 0.71015625 0.6354166666666666 0.0265625 0.03333333333333333
0 0.5685531965648856 0.5335400763358779 0.02804150763358777 0.03333333333333328
0 0.48342959630350196 0.40606355382619974 0.0265625 0.03333333333333333
0 0.55546875 0.5197916666666667 0.028125 0.0375
0 0.7046875 0.09114583333333333 0.0265625 0.03333333333333333
0 0.9757211538461539 0.8576923076923076 0.0234375 0.035416666666666666
0 0.58828125 0.11875 0.0296875 0.05
0 0.6015625 0.20625 0.025 0.04583333333333333
0 0.85625 0.22395833333333334 0.0375 0.04375
0 0.95078125 0.28958333333333336 0.0390625 0.041666666666666664
0 0.49695723684210524 0.7434484649122807 0.0421875 0.04375
0 0.5036607142857144 0.023740079365079367 0.025 0.027083333333333334
0 0.16171875 0.2989583333333333 0.028125 0.0375
0 0.5154119318181818 0.012831439393939392 0.0296875 0.01875
0 0.36796875 0.021875 0.0234375 0.027083333333333334
1 0.57109375 0.13333333333333333 0.0890625 0.1125
1 0.3203125 0.21041666666666667 0.103125 0.09583333333333334
