0 0.2754908738938053 0.41353244837758113 0.0265625 0.0375
0 0.23828125 0.5827171361502348 0.0265625 0.0375
0 0.2457856514084507 0.8487382629107981 0.0265625 0.0375
0 0.19453125 0.8458333333333333 0.0265625 0.0375
0 0.08359375 0.80625 0.0265625 0.0375
0 0.030006602112676056 0.7274941314553991 0.0265625 0.0375
0 0.13515625 0.18958333333333333 0.0265625 0.0375
0 0.19348958333333335 0.11180555555555555 0.026562500000000024 0.0375
0 0.3123673349056604 0.09540094339622641 0.0265625 0.0375
0 0.2850382194244604 0.2168240407673861 0.0265625 0.0375
0 0.3145356514084507 0.3047828638497653 0.0265625 0.0375
0 0.4231770833333333 0.09513888888888888 0.0265625 0.0375
0 0.5851782570422535 0.8747652582159624 0.0265625 0.0375
0 0.6470872471098266 0.563132225433526 0.0265625 0.0375
0 0.48828125 0.86875 0.0265625 0.0375
0 0.4609375 0.7677083333333333 0.0265625 0.0375
0 0.8490346686535764 0.8380522440392706 0.0265625 0.0375
0 0.8396596686535764 0.9630522440392706 0.0265625 0.0375
0 0.8553306889901823 0.7481007480130902 0.0265625 0.0375
0 0.88359375 0.675 0.0265625 0.0375
0 0.828125 0.43645833333333334 0.025 0.03958333333333333
0 0.8686672794117648 0.409375 0.025 0.03958333333333333
0 0.6714613970588236 0.18627450980392155 0.0234375 0.03333333333333333
0 0.6737651209677419 0.13098118279569892 0.0265625 0.03333333333333335
0 0.74453125 0.07604166666666666 0.0265625 0.03333333333333333
0 0.7697843026992288 0.06317480719794344 0.0265625 0.033333333333333326
0 0.7129731514084507 0.6391725352112676 0.0265625 0.03333333333333333
0 0.5885893485915493 0.48060446009389673 0.0265625 0.03333333333333333
0 0.5004731514084507 0.38394953051643194 0.0265625 0.03333333333333333
0 0.16953125 0.6152777777777777 0.0265625 0.03333333333333333
0 0.015975215517241383 0.2160919540229885 0.0265625 0.03333333333333333
0 0.06901041666666666 0.1951388888888889 0.0265625 0.03333333333333333
0 0.71640625 0.9895833333333334 0.01875 0.020833333333333332
0 0.65078125 0.9541666666666667 0.0265625 0.03333333333333333
0 0.73515625 0.8416666666666667 0.0265625 0.03333333333333333
0 0.9873779296875 0.76962890625 0.025244140625 0.033528645833333336
0 0.551171875 0.2484375 0.025 0.035416666666666666
0 0.58828125 0.11875 0.0296875 0.05
0 0.6015625 0.20625 0.025 0.04583333333333333
0 0.38109374999999995 0.755 0.03906249999999996 0.041666666666666664
0 0.7921875 0.6411458333333333 0.028125 0.034375
0 0.85625 0.22395833333333334 0.0375 0.04375
0 0.5141961348684211 0.7166324013157895 0.0421875 0.04375
