0 0.26484375 0.4354166666666667 0.0265625 0.0375
0 0.23828125 0.5770833333333333 0.0265625 0.0375
0 0.2403616782868526 0.85625 0.0265625 0.0375
0 0.19453125 0.8458333333333333 0.0265625 0.0375
0 0.08359375 0.80625 0.0265625 0.0375
0 0.13515625 0.18958333333333333 0.0265625 0.0375
0 0.28203125 0.19583333333333333 0.0265625 0.041666666666666664
0 0.21654094827586207 0.17819683908045975 0.0265625 0.0375
0 0.2681410845588236 0.25139399509803917 0.0265625 0.03749999999999997
0 0.227294921875 0.3889973958333333 0.0265625 0.0375
0 0.5396332814787701 0.9809693753050268 0.0265625 0.0375
0 0.6314428608786611 0.6114539748953974 0.0265625 0.0375
0 0.48828125 0.86875 0.0265625 0.0375
0 0.84296875 0.85625 0.0265625 0.0375
0 0.83359375 0.98125 0.0265625 0.0375
0 0.8369744318181818 0.7548484848484848 0.0265625 0.0375
0 0.828125 0.43645833333333334 0.025 0.03958333333333333
0 0.8640625 0.409375 0.025 0.03958333333333333
0 0.6296063077367205 0.23757217090069285 0.0265625 0.03333333333333333
0 0.7496735074626866 0.12699004975124378 0.0265625 0.03333333333333333
0 0.71015625 0.6354166666666666 0.0265625 0.03333333333333333
0 0.5087644432773109 0.6036589635854342 0.0296875 0.03333333333333333
0 0.45979014121338907 0.45855997210599725 0.0265625 0.03333333333333333
0 0.91015625 0.9927083333333333 0.0265625 0.014583333333333334
0 0.58828125 0.11875 0.0296875 0.05
0 0.6015625 0.20625 0.025 0.04583333333333333
0 0.85625 0.22395833333333334 0.0375 0.04375
0 0.48743932038834953 0.7563309061488673 0.0421875 0.04375
0 0.78828125 0.859375 0.0296875 0.03958333333333333
0 0.18658088235294118 0.8550857843137255 0.025 0.03958333333333333
0 0.0275390625 0.8046875 0.0265625 0.03333333333333333
0 0.4831671966731898 0.0484854044357469 0.025 0.027083333333333334
0 0.5088705708661417 0.026779855643044623 0.0296875 0.03125000000000001
0 0.35703125 0.06354166666666666 0.0234375 0.027083333333333334
0 0.79140625 0.15625 0.034375 0.03958333333333333
0 0.9792466517857144 0.02663938492063492 0.02266741071428573 0.03025297619047619
1 0.57109375 0.13333333333333333 0.0890625 0.1125
1 0.3203125 0.21041666666666667 0.103125 0.09583333333333334
