0 0.27486863938053097 0.4157448377581121 0.0265625 0.0375
0 0.23828125 0.5813967136150234 0.0265625 0.0375
0 0.24512544014084506 0.8504988262910799 0.0265625 0.0375
0 0.19453125 0.8458333333333333 0.0265625 0.0375
0 0.08359375 0.80625 0.0265625 0.0375
0 0.029016285211267607 0.7283744131455399 0.0265625 0.0375
0 0.13515625 0.18958333333333333 0.0265625 0.0375
0 0.2015625 0.1375 0.0265625 0.0375
0 0.3070703125 0.09881944444444443 0.0265625 0.0375
0 0.28478529676258996 0.21716127098321344 0.0265625 0.0375
0 0.31387544014084506 0.3061032863849765 0.0265625 0.0375
0 0.4002604166666667 0.17569444444444443 0.026562500000000044 0.041666666666666664
0 0.5818772007042254 0.8787265258215963 0.0265625 0.0375
0 0.6458679552023121 0.5644869942196532 0.0265625 0.0375
0 0.48828125 0.86875 0.0265625 0.0375
0 0.56015625 0.80625 0.0265625 0.0375
0 0.8486402086255259 0.8392356241234221 0.0265625 0.0375
0 0.8392652086255259 0.9642356241234221 0.0265625 0.0375
0 0.8550348439691444 0.7484952080411407 0.0265625 0.0375
0 0.8981770833333333 0.7118055555555556 0.0265625 0.0375
0 0.828125 0.43645833333333334 0.025 0.03958333333333333
0 0.8684900210084034 0.409375 0.025 0.03958333333333333
0 0.69609375 0.16145833333333334 0.0234375 0.035416666666666666
0 0.6727930587557605 0.13486943164362522 0.0265625 0.03333333333333335
0 0.7703265584832905 0.06462082262210797 0.0265625 0.03333333333333334
0 0.7123129401408451 0.6382922535211268 0.0265625 0.03333333333333333
0 0.589249559859155 0.4836854460093897 0.0265625 0.03333333333333333
0 0.4998129401408451 0.3852699530516432 0.0265625 0.03333333333333333
0 0.09078125 0.5075 0.029687499999999988 0.0375
0 0.017708333333333333 0.2203125 0.0265625 0.03333333333333333
0 0.0890625 0.265625 0.028125 0.0375
0 0.7393229166666667 0.7930555555555556 0.0265625 0.03333333333333333
0 0.9887904575892857 0.7715122767857143 0.022419084821428646 0.03394717261904757
0 0.5859375 0.321875 0.025 0.035416666666666666
0 0.58828125 0.11875 0.0296875 0.05
0 0.6015625 0.20625 0.025 0.04583333333333333
0 0.33828125 0.69375 0.0390625 0.041666666666666664
0 0.65 0.609375 0.028125 0.035416666666666666
0 0.85625 0.22395833333333334 0.0375 0.04375
0 0.5128083881578948 0.7187911184210526 0.0421875 0.04375
