0 0.27262859513274335 0.4237094395280236 0.0265625 0.0375
0 0.23828125 0.5770833333333333 0.0265625 0.0375
0 0.24293139940239045 0.85625 0.0265625 0.0375
0 0.19453125 0.8458333333333333 0.0265625 0.0375
0 0.08359375 0.80625 0.0265625 0.0375
0 0.0254164640077821 0.7324051556420234 0.0265625 0.0375
0 0.13515625 0.18958333333333333 0.0265625 0.0375
0 0.21774553571428573 0.17767857142857144 0.0265625 0.0375
0 0.2874932650862069 0.11069504310344828 0.0265625 0.0375
0 0.28387477517985615 0.21837529976019185 0.0265625 0.0375
0 0.31030306208053693 0.31146532438478747 0.0265625 0.0375
0 0.31796875 0.3692708333333333 0.0265625 0.041666666666666664
0 0.5701171875 0.894921875 0.0265625 0.0375
0 0.6414785043352601 0.569364161849711 0.0265625 0.0375
0 0.48828125 0.86875 0.0265625 0.0375
0 0.8283854166666667 0.861111111111111 0.0234375 0.0375
0 0.8472201525245442 0.8434957924263674 0.0265625 0.0375
0 0.8378451525245442 0.9684957924263674 0.0265625 0.0375
0 0.8539698018934081 0.7499152641421225 0.0265625 0.0375
0 0.828125 0.43645833333333334 0.025 0.03958333333333333
0 0.8678518907563026 0.409375 0.025 0.03958333333333333
0 0.5861979166666667 0.07430555555555556 0.0234375 0.02916666666666666
0 0.6692529099190283 0.14912280701754385 0.0265625 0.03333333333333333
0 0.7722786793059127 0.06982647814910026 0.0265625 0.03333333333333333
0 0.71015625 0.6354166666666666 0.0265625 0.03333333333333333
0 0.590701362781955 0.4949248120300752 0.0265625 0.03333333333333333
0 0.49765625 0.3912280701754386 0.0265625 0.03333333333333333
0 0.013467261904761907 0.2503472222222222 0.0265625 0.033333333333333305
0 0.26979166666666665 0.36180555555555555 0.028125 0.0375
0 0.778125 0.5802083333333333 0.0265625 0.03333333333333333
0 0.9936631944444445 0.7793981481481481 0.0125 0.035416666666666666
0 0.6875 0.5701388888888889 0.025 0.03611111111111107
0 0.58828125 0.11875 0.0296875 0.05
0 0.6015625 0.20625 0.025 0.04583333333333333
0 0.25174278846153847 0.49775641025641026 0.0359375 0.04583333333333333
0 0.17369791666666667 0.4 0.0328125 0.0375
0 0.85625 0.22395833333333334 0.0375 0.04375
0 0.5078125 0.7265625 0.0421875 0.04375
1 0.57109375 0.13333333333333333 0.0890625 0.1125
1 0.3203125 0.21041666666666667 0.103125 0.09583333333333334
