0 0.2651741464757709 0.43508627019089574 0.0265625 0.0375
0 0.23828125 0.5770833333333333 0.0265625 0.0375
0 0.24211964641434264 0.85625 0.0265625 0.0375
0 0.19453125 0.8458333333333333 0.0265625 0.0375
0 0.08359375 0.80625 0.0265625 0.0375
0 0.017488448443579767 0.7575105382619973 0.0265625 0.0375
0 0.13515625 0.18958333333333333 0.0265625 0.0375
0 0.248125 0.20458333333333334 0.0265625 0.041666666666666664
0 0.2539306640625 0.13955078125 0.0265625 0.0375
0 0.28204249100719425 0.220818345323741 0.0265625 0.0375
0 0.28211840139442235 0.3415504648074369 0.0265625 0.0375
0 0.1263392857142857 0.5255952380952381 0.028125 0.05
0 0.5380859375 0.9642650462962963 0.0265625 0.0375
0 0.633739406779661 0.58954802259887 0.0265625 0.0375
0 0.48828125 0.86875 0.0265625 0.0375
0 0.8443625087657785 0.8520687237026648 0.0265625 0.0375
0 0.8349875087657784 0.9770687237026648 0.0265625 0.0375
0 0.8518265690743337 0.7527729079008884 0.0265625 0.0375
0 0.828125 0.43645833333333334 0.025 0.03958333333333333
0 0.8665677521008404 0.409375 0.025 0.03958333333333333
0 0.6620637175324675 0.1806818181818182 0.0265625 0.03333333333333333
0 0.7700771837349397 0.08328313253012049 0.0265625 0.03333333333333334
0 0.71015625 0.6354166666666666 0.0265625 0.03333333333333333
0 0.570723998091603 0.5304389312977099 0.02773139312977104 0.03333333333333333
0 0.4850103356031129 0.4058527885862516 0.0265625 0.03333333333333333
0 0.00546875 0.30520833333333336 0.0109375 0.035416666666666666
0 0.53125 0.465625 0.028125 0.0375
0 0.71875 0.10520833333333333 0.0265625 0.03333333333333333
0 0.9762142319277108 0.8532505020080322 0.0234375 0.035416666666666666
0 0.58828125 0.11875 0.0296875 0.05
0 0.6015625 0.20625 0.025 0.04583333333333333
0 0.02890625 0.022916666666666665 0.0265625 0.03125
0 0.85625 0.22395833333333334 0.0375 0.04375
0 0.96796875 0.3104166666666667 0.0234375 0.0375
0 0.4977590460526316 0.7422012061403509 0.0421875 0.04375
0 0.5028869047619048 0.02305224867724868 0.025 0.027083333333333338
0 0.19791666666666666 0.2597222222222222 0.028124999999999976 0.03749999999999997
0 0.5166429924242424 0.012421085858585857 0.0296875 0.01875
0 0.36912946428571425 0.019747023809523808 0.0234375 0.02592261904761905
1 0.57109375 0.13333333333333333 0.0890625 0.1125
1 0.3203125 0.21041666666666667 0.103125 0.09583333333333334
