0 0.26484375 0.4354166666666667 0.0265625 0.0375
0 0.23828125 0.5770833333333333 0.0265625 0.0375
0 0.2413452440239044 0.85625 0.0265625 0.0375
0 0.19453125 0.8458333333333333 0.0265625 0.0375
0 0.08359375 0.80625 0.0265625 0.0375
0 0.006104403409090909 0.7909232954545454 0.012208806818181818 0.031638257575757577
0 0.13515625 0.18958333333333333 0.0265625 0.0375
0 0.31484375 0.23402777777777778 0.0265625 0.041666666666666664
0 0.24184375 0.16360000000000002 0.0265625 0.0375
0 0.27935706967213114 0.22524590163934427 0.0265625 0.0375
0 0.25208878138075314 0.3687151324965132 0.0265625 0.0375
0 0.536018713396779 0.9761499511957052 0.0265625 0.0375
0 0.6288510687732342 0.6068463444857497 0.0265625 0.0375
0 0.48828125 0.86875 0.0265625 0.0375
0 0.84296875 0.85625 0.0265625 0.0375
0 0.83359375 0.98125 0.0265625 0.0375
0 0.8468520220588236 0.7541666666666667 0.0265625 0.0375
0 0.828125 0.43645833333333334 0.025 0.03958333333333333
0 0.865342699579832 0.409375 0.025 0.03958333333333333
0 0.6474784044715447 0.22283197831978319 0.0265625 0.03333333333333333
0 0.7622709588353414 0.09889558232931726 0.0265625 0.03333333333333333
0 0.71015625 0.6354166666666666 0.0265625 0.03333333333333333
0 0.5436065051020409 0.577905328798186 0.0296875 0.03333333333333333
0 0.47118687913907287 0.4243239514348786 0.0265625 0.03333333333333333
0 0.7640625 0.46041666666666664 0.028125 0.0375
0 0.9524694683908047 0.9234315134099618 0.0234375 0.035416666666666666
0 0.58828125 0.11875 0.0296875 0.05
0 0.6015625 0.20625 0.025 0.04583333333333333
0 0.85625 0.22395833333333334 0.0375 0.04375
0 0.74609375 0.03333333333333333 0.0296875 0.03333333333333333
0 0.4926824180825243 0.749340109223301 0.0421875 0.04375
0 0.9775 0.36312500000000003 0.028125 0.04375
0 0.4924291237113402 0.038799398625429554 0.025 0.027083333333333334
0 0.50703125 0.018933823529411763 0.0296875 0.02536764705882353
0 0.36126512096774194 0.04741263440860215 0.0234375 0.027083333333333334
1 0.57109375 0.13333333333333333 0.0890625 0.1125
1 0.3203125 0.21041666666666667 0.103125 0.09583333333333334
