0 0.26484375 0.4354166666666667 0.0265625 0.0375
0 0.23828125 0.5770833333333333 0.0265625 0.0375
0 0.2408472360557769 0.85625 0.0265625 0.0375
0 0.19453125 0.8458333333333333 0.0265625 0.0375
0 0.08359375 0.80625 0.0265625 0.0375
0 0.00546875 0.8104166666666667 0.0109375 0.03333333333333333
0 0.13515625 0.18958333333333333 0.0265625 0.0375
0 0.3087975543478261 0.22110507246376812 0.0265625 0.041666666666666664
0 0.23540426587301586 0.17452050264550265 0.0265625 0.0375
0 0.27218493852459014 0.24027322404371584 0.0265625 0.0375
0 0.23786458333333332 0.3776388888888889 0.0265625 0.0375
0 0.5378488744509518 0.9785901659346022 0.0265625 0.0375
0 0.6305936338289964 0.6099442379182156 0.0265625 0.0375
0 0.48828125 0.86875 0.0265625 0.0375
0 0.84296875 0.85625 0.0265625 0.0375
0 0.83359375 0.98125 0.0265625 0.0375
0 0.8416819852941175 0.7541666666666667 0.0265625 0.0375
0 0.828125 0.43645833333333334 0.025 0.03958333333333333
0 0.8645548844537816 0.409375 0.025 0.03958333333333333
0 0.6317173065819861 0.235695727482679 0.0265625 0.03333333333333333
0 0.7560715418781726 0.10752961082910321 0.0265625 0.03333333333333333
0 0.71015625 0.6354166666666666 0.0265625 0.03333333333333333
0 0.5233002533783784 0.596410472972973 0.0296875 0.03333333333333333
0 0.4633038949275362 0.4401771336553945 0.0265625 0.03333333333333333
0 0.943359375 0.36302083333333335 0.028125 0.0375
0 0.9330120894160585 0.9664005474452555 0.0234375 0.035416666666666666
0 0.58828125 0.11875 0.0296875 0.05
0 0.6015625 0.20625 0.025 0.04583333333333333
0 0.85625 0.22395833333333334 0.0375 0.04375
0 0.4900276850728155 0.752879753236246 0.0421875 0.04375
0 0.89296875 0.6026041666666667 0.0296875 0.03958333333333333
0 0.1420421511627907 0.9450823643410853 0.025 0.03958333333333333
0 0.4849559686888454 0.04610037508153946 0.025 0.027083333333333334
0 0.5076710137795276 0.023581036745406823 0.0296875 0.031249999999999997
0 0.35703125 0.06354166666666666 0.0234375 0.027083333333333334
0 0.9890401785714286 0.011646825396825398 0.020491071428571317 0.021547619047619048
1 0.57109375 0.13333333333333333 0.0890625 0.1125
1 0.3203125 0.21041666666666667 0.103125 0.09583333333333334
