0 0.26484375 0.4354166666666667 0.0265625 0.0375
0 0.23828125 0.5770833333333333 0.0265625 0.0375
0 0.24006287350597608 0.85625 0.0265625 0.0375
0 0.19453125 0.8458333333333333 0.0265625 0.0375
0 0.08359375 0.80625 0.0265625 0.0375
0 0.13515625 0.18958333333333333 0.0265625 0.0375
0 0.22526041666666666 0.2201388888888889 0.0265625 0.041666666666666664
0 0.2098372054973822 0.19029232111692845 0.02656249999999998 0.0375
0 0.26438802083333335 0.26263888888888887 0.0265625 0.0375
0 0.21940282534246575 0.398087899543379 0.0265625 0.0375
0 0.53984375 0.98125 0.0265625 0.0375
0 0.6290893043933055 0.6072698744769874 0.0265625 0.0375
0 0.48828125 0.86875 0.0265625 0.0375
0 0.84296875 0.85625 0.0265625 0.0375
0 0.83359375 0.98125 0.0265625 0.0375
0 0.84140625 0.775 0.0265625 0.0375
0 0.828125 0.43645833333333334 0.025 0.03958333333333333
0 0.8640625 0.409375 0.025 0.03958333333333333
0 0.6283072315242494 0.2387269053117783 0.0265625 0.03333333333333333
0 0.73671875 0.14803240740740742 0.0265625 0.03333333333333333
0 0.71015625 0.6354166666666666 0.0265625 0.03333333333333333
0 0.49694721638655465 0.6099614845938375 0.0296875 0.03333333333333333
0 0.45900562238493725 0.4679741980474198 0.0265625 0.03333333333333333
0 0.58828125 0.11875 0.0296875 0.05
0 0.6015625 0.20625 0.025 0.04583333333333333
0 0.85625 0.22395833333333334 0.0375 0.04375
0 0.4858464805825243 0.7584546925566343 0.0421875 0.04375
0 0.7149857954545454 0.9432765151515151 0.0296875 0.03958333333333333
0 0.21875 0.7572916666666667 0.025 0.03958333333333333
0 0.48206641389432486 0.04995311480756686 0.025 0.027083333333333334
0 0.5096087598425197 0.028748359580052493 0.0296875 0.03125
0 0.35703125 0.06354166666666666 0.0234375 0.027083333333333334
0 0.7984375 0.328125 0.034375 0.03958333333333333
0 0.9732198660714285 0.035865575396825396 0.02400669642857132 0.03561011904761904
1 0.57109375 0.13333333333333333 0.0890625 0.1125
1 0.3203125 0.21041666666666667 0.103125 0.09583333333333334
