0 0.26484375 0.4354166666666667 0.0265625 0.0375
0 0.23828125 0.5770833333333333 0.0265625 0.0375
0 0.24177602091633466 0.85625 0.0265625 0.0375
0 0.19453125 0.8458333333333333 0.0265625 0.0375
0 0.08359375 0.80625 0.0265625 0.0375
0 0.014132417315175094 0.7681379701686122 0.0265625 0.0375
0 0.13515625 0.18958333333333333 0.0265625 0.0375
0 0.29609375 0.2625 0.0265625 0.041666666666666664
0 0.24544791666666668 0.15206666666666668 0.0265625 0.03750000000000001
0 0.2812668615107914 0.2218525179856115 0.0265625 0.0375
0 0.2719298245614035 0.35657894736842105 0.0265625 0.0375
0 0.017788461538461538 0.5516025641025641 0.028125 0.05
0 0.5344356240849195 0.9740391654465593 0.0265625 0.0375
0 0.62734375 0.6041666666666666 0.0265625 0.0375
0 0.48828125 0.86875 0.0265625 0.0375
0 0.8431528313464236 0.8556977559607294 0.0265625 0.0375
0 0.8337778313464236 0.9806977559607294 0.0265625 0.0375
0 0.8509193110098178 0.7539825853202431 0.0265625 0.0375
0 0.828125 0.43645833333333334 0.025 0.03958333333333333
0 0.8660241596638656 0.409375 0.025 0.03958333333333333
0 0.6601968344155844 0.1893939393939394 0.0265625 0.03333333333333333
0 0.766613328313253 0.09021084337349398 0.0265625 0.03333333333333333
0 0.71015625 0.6354166666666666 0.0265625 0.03333333333333333
0 0.5592020515267176 0.546898854961832 0.029377385496183184 0.03333333333333328
0 0.4783474751655629 0.4123896247240618 0.0265625 0.03333333333333333
0 0.659375 0.5375 0.028125 0.0375
0 0.59296875 0.06458333333333334 0.0265625 0.03333333333333333
0 0.9685785060975609 0.8771087398373983 0.0234375 0.035416666666666666
0 0.58828125 0.11875 0.0296875 0.05
0 0.6015625 0.20625 0.025 0.04583333333333333
0 0.85625 0.22395833333333334 0.0375 0.04375
0 0.8986979166666667 0.18506944444444443 0.0328125 0.04375
0 0.49497876213592235 0.7462783171521036 0.0421875 0.04375
0 0.504504939862543 0.02765249140893471 0.025 0.027083333333333334
0 0.5101089015151515 0.014599116161616162 0.0296875 0.01875
0 0.3653343413978495 0.03191084229390681 0.0234375 0.027083333333333334
1 0.57109375 0.13333333333333333 0.0890625 0.1125
1 0.3203125 0.21041666666666667 0.103125 0.09583333333333334
