0 0.2701025605726872 0.43015785609397944 0.0265625 0.0375
0 0.23828125 0.5770833333333333 0.0265625 0.0375
0 0.24256536354581676 0.85625 0.0265625 0.0375
0 0.19453125 0.8458333333333333 0.0265625 0.0375
0 0.08359375 0.80625 0.0265625 0.0375
0 0.021841561284046695 0.7437256809338522 0.0265625 0.0375
0 0.13515625 0.18958333333333333 0.0265625 0.0375
0 0.22109375 0.1763888888888889 0.0265625 0.041666666666666664
0 0.26868265086206894 0.12257543103448278 0.0265625 0.03750000000000001
0 0.2830485611510791 0.21947691846522782 0.0265625 0.0375
0 0.2966042081673307 0.32223605577689246 0.0265625 0.0375
0 0.209375 0.4590277777777778 0.028125 0.04583333333333333
0 0.5551997102649007 0.9290700883002206 0.0265625 0.0375
0 0.63828125 0.574564393939394 0.0265625 0.0375
0 0.48828125 0.86875 0.0265625 0.0375
0 0.8459315830995793 0.8473615007012623 0.0265625 0.0375
0 0.8365565830995794 0.9723615007012623 0.0265625 0.0375
0 0.8530033748246844 0.7512038335670874 0.0265625 0.0375
0 0.828125 0.43645833333333334 0.025 0.03958333333333333
0 0.8672728466386556 0.409375 0.025 0.03958333333333333
0 0.665533274291498 0.16524122807017544 0.0265625 0.03333333333333333
0 0.7740500482005142 0.07455012853470437 0.0265625 0.03333333333333333
0 0.71015625 0.6354166666666666 0.0265625 0.03333333333333333
0 0.5835085227272727 0.5080113636363637 0.0265625 0.03333333333333333
0 0.49589311770428013 0.4044017509727626 0.0265625 0.03333333333333333
0 0.010633223684210527 0.27782894736842106 0.021266447368421055 0.03333333333333333
0 0.3796875 0.4354166666666667 0.028125 0.0375
0 0.77421875 0.3659722222222222 0.0265625 0.03333333333333333
0 0.9862649936868687 0.8176662457912458 0.016863952020202078 0.035416666666666666
0 0.748046875 0.8583333333333333 0.0296875 0.041666666666666664
0 0.58828125 0.11875 0.0296875 0.05
0 0.6015625 0.20625 0.025 0.04583333333333333
0 0.1484375 0.31666666666666665 0.0359375 0.04583333333333333
0 0.85625 0.22395833333333334 0.0375 0.04375
0 0.5032791940789474 0.7336143092105264 0.0421875 0.04375
0 0.35182291666666665 0.07291666666666667 0.0234375 0.029166666666666667
0 0.4975595238095238 0.01831679894179894 0.025 0.027083333333333334
0 0.4390625 0.016145833333333335 0.0296875 0.026041666666666668
0 0.5251183712121212 0.009595959595959595 0.0296875 0.01875
1 0.57109375 0.13333333333333333 0.0890625 0.1125
1 0.3203125 0.21041666666666667 0.103125 0.09583333333333334
