0 0.26484375 0.4354166666666667 0.0265625 0.0375
0 0.23828125 0.5770833333333333 0.0265625 0.0375
0 0.2417262201195219 0.85625 0.0265625 0.0375
0 0.19453125 0.8458333333333333 0.0265625 0.0375
0 0.08359375 0.80625 0.0265625 0.0375
0 0.013646035992217897 0.76967817769131 0.0265625 0.0375
0 0.13515625 0.18958333333333333 0.0265625 0.0375
0 0.2986979166666667 0.25 0.0265625 0.041666666666666664
0 0.24503124999999998 0.1534 0.0265625 0.0375
0 0.28115445143884893 0.22200239808153477 0.0265625 0.0375
0 0.2705592105263158 0.3587719298245614 0.0265625 0.0375
0 0.01484375 0.571875 0.0234375 0.052083333333333336
0 0.5346186401903368 0.974283186920449 0.0265625 0.0375
0 0.6275180065055762 0.6044764560099132 0.0265625 0.0375
0 0.48828125 0.86875 0.0265625 0.0375
0 0.8429775157784011 0.8562237026647966 0.0265625 0.0375
0 0.833602515778401 0.9812237026647966 0.0265625 0.0375
0 0.850787824333801 0.7541579008882656 0.0265625 0.0375
0 0.828125 0.43645833333333334 0.025 0.03958333333333333
0 0.8659453781512605 0.409375 0.025 0.03958333333333333
0 0.6597537878787879 0.19387626262626262 0.0265625 0.03333333333333333
0 0.7661113202811245 0.09121485943775101 0.0265625 0.03333333333333333
0 0.71015625 0.6354166666666666 0.0265625 0.03333333333333333
0 0.5575322041984733 0.5492843511450382 0.029615935114503777 0.03333333333333328
0 0.4775196605960265 0.41376931567328923 0.0265625 0.03333333333333333
0 0.67265625 0.5125 0.028125 0.0375
0 0.55859375 0.0375 0.0265625 0.03333333333333333
0 0.96609375 0.8814583333333333 0.0234375 0.035416666666666666
0 0.58828125 0.11875 0.0296875 0.05
0 0.6015625 0.20625 0.025 0.04583333333333333
0 0.85625 0.22395833333333334 0.0375 0.04375
0 0.86953125 0.18020833333333333 0.0328125 0.04375
0 0.49471328883495147 0.746632281553398 0.0421875 0.04375
0 0.5031088917525773 0.02894115120274914 0.025 0.02708333333333333
0 0.5091619318181818 0.01491477272727273 0.0296875 0.01875
0 0.3648639112903226 0.033702956989247315 0.0234375 0.027083333333333338
1 0.57109375 0.13333333333333333 0.0890625 0.1125
1 0.3203125 0.21041666666666667 0.103125 0.09583333333333334
