0 0.26484375 0.4354166666666667 0.0265625 0.0375
0 0.23828125 0.5770833333333333 0.0265625 0.0375
0 0.23995580179282866 0.85625 0.0265625 0.0375
0 0.19453125 0.8458333333333333 0.0265625 0.0375
0 0.08359375 0.80625 0.0265625 0.0375
0 0.13515625 0.18958333333333333 0.0265625 0.0375
0 0.21171875 0.24322916666666666 0.0265625 0.041666666666666664
0 0.20772660340314136 0.1949825479930192 0.0265625 0.0375
0 0.2615885416666667 0.26861111111111113 0.0265625 0.0375
0 0.21664169520547943 0.4017694063926941 0.0265625 0.0375
0 0.53984375 0.98125 0.0265625 0.0375
0 0.6282459466527197 0.6057705718270572 0.0265625 0.0375
0 0.48828125 0.86875 0.0265625 0.0375
0 0.84296875 0.85625 0.0265625 0.0375
0 0.83359375 0.98125 0.0265625 0.0375
0 0.84140625 0.7802696078431371 0.0265625 0.0375
0 0.828125 0.43645833333333334 0.025 0.03958333333333333
0 0.8640625 0.409375 0.025 0.03958333333333333
0 0.6278417292147805 0.23914068514241726 0.0265625 0.03333333333333333
0 0.73671875 0.15300925925925926 0.0265625 0.03333333333333333
0 0.71015625 0.6354166666666666 0.0265625 0.03333333333333333
0 0.49271271008403367 0.6122198879551821 0.0296875 0.03333333333333333
0 0.45872450313807533 0.4713476290097629 0.0265625 0.03333333333333333
0 0.58828125 0.11875 0.0296875 0.05
0 0.6015625 0.20625 0.025 0.04583333333333333
0 0.85625 0.22395833333333334 0.0375 0.04375
0 0.48527571298543687 0.7592157160194175 0.0421875 0.04375
0 0.6925876524390244 0.9660315040650407 0.0296875 0.03958333333333333
0 0.19498005319148937 0.7094636524822696 0.025 0.03958333333333333
0 0.4816719667318982 0.05047904435746901 0.025 0.027083333333333334
0 0.5098732775590551 0.029453740157480316 0.0296875 0.03125
0 0.35703125 0.06354166666666666 0.0234375 0.027083333333333334
0 0.7755208333333333 0.3711805555555555 0.034375 0.03958333333333333
0 0.9710602678571428 0.03917162698412698 0.024486607142857154 0.037529761904761906
1 0.57109375 0.13333333333333333 0.0890625 0.1125
1 0.3203125 0.21041666666666667 0.103125 0.09583333333333334
