0 0.27349972345132745 0.42061209439528024 0.0265625 0.0375
0 0.23828125 0.5784917840375586 0.0265625 0.0375
0 0.2436729753521127 0.8543720657276995 0.0265625 0.0375
0 0.19453125 0.8458333333333333 0.0265625 0.0375
0 0.08359375 0.80625 0.0265625 0.0375
0 0.02683758802816901 0.7303110328638497 0.0265625 0.0375
0 0.13515625 0.18958333333333333 0.0265625 0.0375
0 0.21796875 0.16331521739130436 0.0265625 0.0375
0 0.29546875 0.10569444444444445 0.0265625 0.0375
0 0.28422886690647486 0.2179031774580336 0.0265625 0.0375
0 0.3124229753521127 0.3090082159624413 0.0265625 0.0375
0 0.33671875 0.3 0.0265625 0.041666666666666664
0 0.5746148767605634 0.8874413145539907 0.0265625 0.0375
0 0.6431855130057803 0.567467485549133 0.0265625 0.0375
0 0.48828125 0.86875 0.0265625 0.0375
0 0.72109375 0.8020833333333334 0.0234375 0.0375
0 0.8477723965638149 0.8418390603085554 0.0265625 0.0375
0 0.8383973965638148 0.9668390603085554 0.0265625 0.0375
0 0.8543839849228612 0.7493630201028518 0.0265625 0.0375
0 0.990625 0.8375 0.01875 0.041666666666666664
0 0.828125 0.43645833333333334 0.025 0.03958333333333333
0 0.8681000525210084 0.409375 0.025 0.03958333333333333
0 0.6346354166666667 0.11284722222222222 0.0234375 0.035416666666666666
0 0.6706545218894009 0.14342357910906298 0.0265625 0.03333333333333335
0 0.7715195212082262 0.06780205655526993 0.0265625 0.03333333333333333
0 0.7108604753521127 0.6363556338028169 0.0265625 0.03333333333333333
0 0.5907020246478873 0.4904636150234742 0.0265625 0.03333333333333333
0 0.4983604753521127 0.388174882629108 0.0265625 0.03333333333333333
0 0.01015625 0.5854166666666667 0.0203125 0.041666666666666664
0 0.014639136904761907 0.23940972222222223 0.0265625 0.03333333333333333
0 0.196875 0.27708333333333335 0.028125 0.0375
0 0.77578125 0.6666666666666666 0.0265625 0.03333333333333333
0 0.9918980189732143 0.7756556919642856 0.01620396205357135 0.0348679315476191
0 0.6348958333333333 0.49513888888888885 0.025 0.03333333333333333
0 0.58828125 0.11875 0.0296875 0.05
0 0.6015625 0.20625 0.025 0.04583333333333333
0 0.25130208333333337 0.5583333333333333 0.0359375 0.04583333333333333
0 0.35442708333333334 0.517361111111111 0.0328125 0.03749999999999994
0 0.85625 0.22395833333333334 0.0375 0.04375
0 0.5097553453947368 0.7235402960526316 0.0421875 0.04375
1 0.57109375 0.13333333333333333 0.0890625 0.1125
1 0.3203125 0.21041666666666667 0.103125 0.09583333333333334
