0 0.2702677588105727 0.42999265785609403 0.0265625 0.0375
0 0.23828125 0.5770833333333333 0.0265625 0.0375
0 0.24258030378486056 0.85625 0.0265625 0.0375
0 0.19453125 0.8458333333333333 0.0265625 0.0375
0 0.08359375 0.80625 0.0265625 0.0375
0 0.021987475680933854 0.7432636186770428 0.0265625 0.0375
0 0.13515625 0.18958333333333333 0.0265625 0.0375
0 0.22109375 0.17976190476190476 0.0265625 0.041666666666666664
0 0.26945043103448274 0.1220905172413793 0.0265625 0.037499999999999985
0 0.28308228417266185 0.21943195443645083 0.0265625 0.0375
0 0.29708976593625497 0.3215886454183267 0.0265625 0.0375
0 0.22700892857142857 0.4625 0.028125 0.04583333333333333
0 0.5557584850993378 0.927828366445916 0.0265625 0.0375
0 0.63828125 0.5742234848484848 0.0265625 0.0375
0 0.48828125 0.86875 0.0265625 0.0375
0 0.8459841777699859 0.8472037166900421 0.0265625 0.0375
0 0.8366091777699859 0.9722037166900421 0.0265625 0.0375
0 0.8530428208274895 0.7511512388966807 0.0265625 0.0375
0 0.828125 0.43645833333333334 0.025 0.03958333333333333
0 0.867296481092437 0.409375 0.025 0.03958333333333333
0 0.6656850961538462 0.16458333333333333 0.0265625 0.03333333333333333
0 0.7739777474293059 0.0743573264781491 0.0265625 0.03333333333333333
0 0.71015625 0.6354166666666666 0.0265625 0.03333333333333333
0 0.5838494318181818 0.5072159090909091 0.0265625 0.03333333333333333
0 0.496257903696498 0.40435311284046693 0.0265625 0.03333333333333333
0 0.010978618421052631 0.2766447368421053 0.021957236842105262 0.03333333333333333
0 0.3698660714285714 0.4425595238095238 0.028125 0.0375
0 0.7671875 0.3854166666666667 0.0265625 0.03333333333333333
0 0.9867148042929292 0.8164036195286195 0.01653251262626263 0.035416666666666666
0 0.776171875 0.8390625 0.0296875 0.041666666666666664
0 0.58828125 0.11875 0.0296875 0.05
0 0.6015625 0.20625 0.025 0.04583333333333333
0 0.15390625 0.3222222222222222 0.0359375 0.04583333333333333
0 0.85625 0.22395833333333334 0.0375 0.04375
0 0.5034642269736842 0.7333264802631578 0.0421875 0.04375
0 0.32890625 0.07083333333333333 0.0234375 0.029166666666666667
0 0.49738095238095237 0.018158068783068783 0.025 0.027083333333333334
0 0.44508928571428574 0.007886904761904762 0.029017857142857206 0.015773809523809523
0 0.5254024621212121 0.009501262626262627 0.0296875 0.01875
1 0.57109375 0.13333333333333333 0.0890625 0.1125
1 0.3203125 0.21041666666666667 0.103125 0.09583333333333334
