0 0.26971709801762117 0.43054331864904555 0.0265625 0.0375
0 0.23828125 0.5770833333333333 0.0265625 0.0375
0 0.2425305029880478 0.85625 0.0265625 0.0375
0 0.19453125 0.8458333333333333 0.0265625 0.0375
0 0.08359375 0.80625 0.0265625 0.0375
0 0.021501094357976654 0.7448038261997406 0.0265625 0.0375
0 0.13515625 0.18958333333333333 0.0265625 0.0375
0 0.22109375 0.18125 0.0265625 0.041666666666666664
0 0.26689116379310346 0.12370689655172414 0.0265625 0.0375
0 0.28296987410071944 0.2195818345323741 0.0265625 0.0375
0 0.2954712400398406 0.32374667994687917 0.0265625 0.0375
0 0.21875 0.4979166666666667 0.028125 0.04583333333333333
0 0.5538959023178809 0.9319674392935983 0.0265625 0.0375
0 0.63828125 0.5753598484848486 0.0265625 0.0375
0 0.48828125 0.86875 0.0265625 0.0375
0 0.8458088622019636 0.8477296633941094 0.0265625 0.0375
0 0.8364338622019636 0.9727296633941094 0.0265625 0.0375
0 0.8529113341514727 0.7513265544647031 0.0265625 0.0375
0 0.828125 0.43645833333333334 0.025 0.03958333333333333
0 0.8672176995798319 0.409375 0.025 0.03958333333333333
0 0.6651790232793522 0.1667763157894737 0.0265625 0.03333333333333333
0 0.77421875 0.075 0.0265625 0.03333333333333333
0 0.71015625 0.6354166666666666 0.0265625 0.03333333333333333
0 0.5827130681818182 0.5098674242424243 0.0265625 0.03333333333333333
0 0.4950419503891051 0.40451523994811933 0.0265625 0.03333333333333333
0 0.009827302631578948 0.28059210526315786 0.019654605263157897 0.033333333333333305
0 0.3875 0.46875 0.028125 0.0375
0 0.76796875 0.35625 0.0265625 0.03333333333333333
0 0.9852154356060605 0.8206123737373737 0.017637310606060552 0.035416666666666666
0 0.7846354166666666 0.861111111111111 0.03906249999999991 0.041666666666666664
0 0.58828125 0.11875 0.0296875 0.05
0 0.6015625 0.20625 0.025 0.04583333333333333
0 0.14140625 0.26458333333333334 0.0359375 0.04583333333333333
0 0.85625 0.22395833333333334 0.0375 0.04375
0 0.5028474506578948 0.7342859100877193 0.0421875 0.04375
0 0.35970982142857144 0.06845238095238096 0.0234375 0.029166666666666674
0 0.49797619047619046 0.01868716931216931 0.025 0.027083333333333334
0 0.41171875 0.04479166666666667 0.0296875 0.04375
0 0.5244554924242424 0.009816919191919193 0.0296875 0.01875
1 0.57109375 0.13333333333333333 0.0890625 0.1125
1 0.3203125 0.21041666666666667 0.103125 0.09583333333333334
