0 0.26484375 0.4354166666666667 0.0265625 0.0375
0 0.23828125 0.5770833333333333 0.0265625 0.0375
0 0.24096675796812747 0.85625 0.0265625 0.0375
0 0.19453125 0.8458333333333333 0.0265625 0.0375
0 0.08359375 0.80625 0.0265625 0.0375
0 0.005564630681818182 0.8074763257575757 0.011129261363636364 0.03307765151515151
0 0.13515625 0.18958333333333333 0.0265625 0.0375
0 0.31092379385964913 0.22189327485380117 0.0265625 0.041666666666666664
0 0.23867708333333332 0.17373333333333332 0.0265625 0.0375
0 0.27390625 0.23666666666666666 0.0265625 0.0375
0 0.24115781903765693 0.37533995815899585 0.0265625 0.0375
0 0.5374096357979502 0.9780045143972669 0.0265625 0.0375
0 0.6301754182156134 0.6092007434944239 0.0265625 0.0375
0 0.48828125 0.86875 0.0265625 0.0375
0 0.84296875 0.85625 0.0265625 0.0375
0 0.83359375 0.98125 0.0265625 0.0375
0 0.8429227941176471 0.7541666666666667 0.0265625 0.0375
0 0.828125 0.43645833333333334 0.025 0.03958333333333333
0 0.8647439600840336 0.409375 0.025 0.03958333333333333
0 0.634109375 0.234625 0.0265625 0.03333333333333333
0 0.7575943845177665 0.10549915397631134 0.0265625 0.03333333333333333
0 0.71015625 0.6354166666666666 0.0265625 0.03333333333333333
0 0.5268475506756757 0.5930320945945946 0.0296875 0.03333333333333333
0 0.4643908514492754 0.4353462157809984 0.0265625 0.03333333333333333
0 0.9109375 0.4 0.028125 0.0375
0 0.9388200431034482 0.9580100574712644 0.0234375 0.035416666666666666
0 0.58828125 0.11875 0.0296875 0.05
0 0.6015625 0.20625 0.025 0.04583333333333333
0 0.85625 0.22395833333333334 0.0375 0.04375
0 0.4906648209951456 0.7520302386731392 0.0421875 0.04375
0 0.9419270833333334 0.5565972222222223 0.0296875 0.03958333333333333
0 0.14158653846153846 0.9532852564102564 0.025 0.03958333333333333
0 0.48539628180039135 0.045513290932811486 0.025 0.027083333333333334
0 0.5073757381889764 0.022793635170603673 0.0296875 0.03125
0 0.3576898521505376 0.06103270609318997 0.0234375 0.027083333333333334
1 0.57109375 0.13333333333333333 0.0890625 0.1125
1 0.3203125 0.21041666666666667 0.103125 0.09583333333333334
