0 0.27229673672566373 0.4248893805309734 0.0265625 0.0375
0 0.23828125 0.5770833333333333 0.0265625 0.0375
0 0.24287163844621515 0.85625 0.0265625 0.0375
0 0.19453125 0.8458333333333333 0.0265625 0.0375
0 0.08359375 0.80625 0.0265625 0.0375
0 0.024832806420233465 0.7342534046692607 0.0265625 0.0375
0 0.13515625 0.18958333333333333 0.0265625 0.0375
0 0.22109375 0.17791666666666667 0.0265625 0.0375
0 0.2844221443965517 0.11263469827586207 0.0265625 0.0375
0 0.28373988309352516 0.21855515587529975 0.0265625 0.0375
0 0.308037961409396 0.3131431767337808 0.0265625 0.0375
0 0.3129340277777778 0.399074074074074 0.0265625 0.041666666666666664
0 0.5685546875 0.9001302083333333 0.0265625 0.0375
0 0.6408282153179191 0.5700867052023122 0.0265625 0.0375
0 0.48828125 0.86875 0.0265625 0.0375
0 0.8815104166666666 0.8375 0.0234375 0.0375
0 0.8470097738429173 0.8441269284712483 0.0265625 0.0375
0 0.8376347738429173 0.9691269284712483 0.0265625 0.0375
0 0.853812017882188 0.7501256428237494 0.0265625 0.0375
0 0.828125 0.43645833333333334 0.025 0.03958333333333333
0 0.8677573529411765 0.409375 0.025 0.03958333333333333
0 0.6686456224696357 0.15175438596491228 0.0265625 0.03333333333333333
0 0.7725678823907456 0.07059768637532134 0.0265625 0.03333333333333334
0 0.71015625 0.6354166666666666 0.0265625 0.03333333333333333
0 0.5895735432330828 0.4968045112781955 0.0265625 0.03333333333333333
0 0.49765625 0.393859649122807 0.0265625 0.03333333333333333
0 0.01328125 0.2558467741935484 0.0265625 0.03333333333333333
0 0.28229166666666666 0.3576388888888889 0.028125 0.0375
0 0.75859375 0.5572916666666666 0.0265625 0.03333333333333333
0 0.9931423611111111 0.787037037037037 0.0125 0.035416666666666666
0 0.7028645833333333 0.6229166666666667 0.0296875 0.041666666666666664
0 0.58828125 0.11875 0.0296875 0.05
0 0.6015625 0.20625 0.025 0.04583333333333333
0 0.21640625 0.46875 0.0359375 0.04583333333333333
0 0.11432291666666668 0.35208333333333336 0.03281250000000001 0.0375
0 0.85625 0.22395833333333334 0.0375 0.04375
0 0.5070723684210526 0.7277138157894736 0.0421875 0.04375
1 0.57109375 0.13333333333333333 0.0890625 0.1125
1 0.3203125 0.21041666666666667 0.103125 0.09583333333333334
