0 0.26484375 0.4354166666666667 0.0265625 0.0375
0 0.23828125 0.5770833333333333 0.0265625 0.0375
0 0.24004544322709162 0.85625 0.0265625 0.0375
0 0.19453125 0.8458333333333333 0.0265625 0.0375
0 0.08359375 0.80625 0.0265625 0.0375
0 0.13515625 0.18958333333333333 0.0265625 0.0375
0 0.218359375 0.22291666666666668 0.0265625 0.041666666666666664
0 0.20949361910994763 0.19105584642233855 0.0265625 0.0375
0 0.26393229166666665 0.26361111111111113 0.0265625 0.0375
0 0.2189533390410959 0.3986872146118721 0.0265625 0.0375
0 0.53984375 0.98125 0.0265625 0.0375
0 0.6289520135983263 0.6070258019525803 0.0265625 0.0375
0 0.48828125 0.86875 0.0265625 0.0375
0 0.84296875 0.85625 0.0265625 0.0375
0 0.83359375 0.98125 0.0265625 0.0375
0 0.84140625 0.7758578431372549 0.0265625 0.0375
0 0.828125 0.43645833333333334 0.025 0.03958333333333333
0 0.8640625 0.409375 0.025 0.03958333333333333
0 0.6282314520785219 0.2387942648190916 0.0265625 0.03333333333333333
0 0.73671875 0.14884259259259258 0.0265625 0.03333333333333333
0 0.71015625 0.6354166666666666 0.0265625 0.03333333333333333
0 0.49625787815126055 0.610329131652661 0.0296875 0.03333333333333333
0 0.45895985878661094 0.4685233612273361 0.0265625 0.03333333333333333
0 0.58828125 0.11875 0.0296875 0.05
0 0.6015625 0.20625 0.025 0.04583333333333333
0 0.85625 0.22395833333333334 0.0375 0.04375
0 0.48575356492718447 0.7585785800970873 0.0421875 0.04375
0 0.7120028409090909 0.9459280303030303 0.0296875 0.03958333333333333
0 0.21510416666666665 0.7459490740740741 0.025 0.03958333333333333
0 0.48200220156555773 0.05003873124592303 0.025 0.027083333333333334
0 0.5096518208661418 0.028863188976377956 0.0296875 0.03125000000000001
0 0.35703125 0.06354166666666666 0.0234375 0.027083333333333334
0 0.801953125 0.3140625 0.034375 0.03958333333333333
0 0.9728683035714287 0.03640376984126984 0.024084821428571424 0.035922619047619044
1 0.57109375 0.13333333333333333 0.0890625 0.1125
1 0.3203125 0.21041666666666667 0.103125 0.09583333333333334
