0 0.27150857300884956 0.42769174041297936 0.0265625 0.0375
0 0.23828125 0.5770833333333333 0.0265625 0.0375
0 0.2427297061752988 0.85625 0.0265625 0.0375
0 0.19453125 0.8458333333333333 0.0265625 0.0375
0 0.08359375 0.80625 0.0265625 0.0375
0 0.023446619649805444 0.7386429961089493 0.0265625 0.0375
0 0.13515625 0.18958333333333333 0.0265625 0.0375
0 0.22161458333333334 0.1798611111111111 0.0265625 0.041666666666666664
0 0.2771282327586207 0.11724137931034484 0.0265625 0.03750000000000001
0 0.2834195143884892 0.21898231414868105 0.0265625 0.0375
0 0.3026583473154362 0.3171280760626398 0.0265625 0.0375
0 0.2638020833333333 0.4152777777777778 0.0265625 0.041666666666666664
0 0.5613462334437086 0.9154111479028697 0.0265625 0.0375
0 0.6392837789017342 0.5718027456647399 0.0265625 0.0375
0 0.48828125 0.86875 0.0265625 0.0375
0 0.97734375 0.9614583333333333 0.0234375 0.035416666666666666
0 0.8465101244740533 0.84562587657784 0.0265625 0.0375
0 0.8371351244740532 0.97062587657784 0.0265625 0.0375
0 0.8534372808555399 0.7506252921926133 0.0265625 0.0375
0 0.828125 0.43645833333333334 0.025 0.03958333333333333
0 0.8675328256302521 0.409375 0.025 0.03958333333333333
0 0.667203314777328 0.15800438596491226 0.0265625 0.03333333333333333
0 0.7732547397172237 0.0724293059125964 0.0265625 0.03333333333333333
0 0.71015625 0.6354166666666666 0.0265625 0.03333333333333333
0 0.5868949718045113 0.5012687969924812 0.0265625 0.03333333333333333
0 0.49765625 0.400109649122807 0.0265625 0.03333333333333333
0 0.01328125 0.26875 0.0265625 0.03333333333333333
0 0.3203125 0.43333333333333335 0.028125 0.0375
0 0.77734375 0.49166666666666664 0.0265625 0.03333333333333333
0 0.9912129103535353 0.8037773569023569 0.013218118686868684 0.035416666666666666
0 0.716015625 0.740625 0.0296875 0.041666666666666664
0 0.58828125 0.11875 0.0296875 0.05
0 0.6015625 0.20625 0.025 0.04583333333333333
0 0.17421875 0.3729166666666667 0.0359375 0.04583333333333333
0 0.85625 0.22395833333333334 0.0375 0.04375
0 0.5053145559210527 0.7304481907894737 0.0421875 0.04375
1 0.57109375 0.13333333333333333 0.0890625 0.1125
1 0.3203125 0.21041666666666667 0.103125 0.09583333333333334
