0 0.2690287720264317 0.43123164464023495 0.0265625 0.0375
0 0.23828125 0.5770833333333333 0.0265625 0.0375
0 0.24246825199203187 0.85625 0.0265625 0.0375
0 0.19453125 0.8458333333333333 0.0265625 0.0375
0 0.08359375 0.80625 0.0265625 0.0375
0 0.020893117704280158 0.7467290856031128 0.0265625 0.0375
0 0.13515625 0.18958333333333333 0.0265625 0.0375
0 0.22511160714285716 0.175 0.0265625 0.041666666666666664
0 0.2641845703125 0.12587890625 0.0265625 0.0375
0 0.2828293615107914 0.21976918465227818 0.0265625 0.0375
0 0.2934480826693227 0.32644422310756976 0.0265625 0.0375
0 0.203125 0.5145833333333333 0.028125 0.04583333333333333
0 0.5515676738410595 0.9371412803532009 0.0265625 0.0375
0 0.63828125 0.576780303030303 0.0265625 0.0375
0 0.48828125 0.86875 0.0265625 0.0375
0 0.8455897177419354 0.8483870967741935 0.0265625 0.0375
0 0.8362147177419355 0.9733870967741935 0.0265625 0.0375
0 0.8527469758064516 0.7515456989247312 0.0265625 0.0375
0 0.828125 0.43645833333333334 0.025 0.03958333333333333
0 0.8671192226890756 0.409375 0.025 0.03958333333333333
0 0.6645464321862348 0.16951754385964912 0.0265625 0.03333333333333333
0 0.7735912399598394 0.07625502008032128 0.0265625 0.033333333333333326
0 0.71015625 0.6354166666666666 0.0265625 0.03333333333333333
0 0.5812926136363636 0.5131818181818182 0.0265625 0.03333333333333333
0 0.4935220087548638 0.40471789883268483 0.0265625 0.03333333333333333
0 0.008388157894736842 0.2855263157894737 0.016776315789473684 0.03333333333333333
0 0.4026041666666667 0.475 0.028125000000000046 0.0375
0 0.78203125 0.30416666666666664 0.0265625 0.03333333333333333
0 0.9833412247474748 0.8258733164983165 0.019018308080807955 0.035416666666666666
0 0.78328125 0.92625 0.0328125 0.041666666666666664
0 0.58828125 0.11875 0.0296875 0.05
0 0.6015625 0.20625 0.025 0.04583333333333333
0 0.11171875 0.225 0.0359375 0.04583333333333333
0 0.85625 0.22395833333333334 0.0375 0.04375
0 0.5020764802631579 0.735485197368421 0.0421875 0.04375
0 0.42109375 0.08958333333333333 0.0234375 0.029166666666666667
0 0.4987202380952381 0.019348544973544976 0.025 0.027083333333333334
0 0.3607142857142857 0.05327380952380952 0.028125 0.0375
0 0.5232717803030302 0.0102114898989899 0.0296875 0.01875
1 0.57109375 0.13333333333333333 0.0890625 0.1125
1 0.3203125 0.21041666666666667 0.103125 0.09583333333333334
