0 0.26484375 0.4354166666666667 0.0265625 0.0375
0 0.23828125 0.5770833333333333 0.0265625 0.0375
0 0.2409816982071713 0.85625 0.0265625 0.0375
0 0.19453125 0.8458333333333333 0.0265625 0.0375
0 0.08359375 0.80625 0.0265625 0.0375
0 0.005585937500000001 0.8068229166666666 0.011171875000000001 0.03302083333333326
0 0.13515625 0.18958333333333333 0.0265625 0.0375
0 0.31108826754385965 0.22167397660818713 0.0265625 0.041666666666666664
0 0.23880208333333336 0.17333333333333334 0.0265625 0.0375
0 0.27412141393442624 0.23621584699453552 0.0265625 0.0375
0 0.24158930439330542 0.37507845188284517 0.0265625 0.0375
0 0.537354730966325 0.9779313079551 0.0265625 0.0375
0 0.6301231412639405 0.6091078066914498 0.0265625 0.0375
0 0.48828125 0.86875 0.0265625 0.0375
0 0.84296875 0.85625 0.0265625 0.0375
0 0.83359375 0.98125 0.0265625 0.0375
0 0.8430778952205882 0.7541666666666667 0.0265625 0.0375
0 0.828125 0.43645833333333334 0.025 0.03958333333333333
0 0.864767594537815 0.409375 0.025 0.03958333333333333
0 0.634765625 0.234375 0.0265625 0.03333333333333333
0 0.7577847398477158 0.10524534686971235 0.0265625 0.03333333333333333
0 0.71015625 0.6354166666666666 0.0265625 0.03333333333333333
0 0.5272909628378378 0.5926097972972973 0.0296875 0.03333333333333333
0 0.46452672101449277 0.4347423510466989 0.0265625 0.03333333333333333
0 0.8859375 0.39375 0.028125 0.0375
0 0.9393588362068966 0.9566451149425287 0.0234375 0.035416666666666666
0 0.58828125 0.11875 0.0296875 0.05
0 0.6015625 0.20625 0.025 0.04583333333333333
0 0.85625 0.22395833333333334 0.0375 0.04375
0 0.49074446298543684 0.7519240493527508 0.0421875 0.04375
0 0.9171875 0.5427083333333333 0.0296875 0.03958333333333333
0 0.14375 0.9552083333333333 0.025 0.03958333333333333
0 0.48545132093933463 0.04543990541422048 0.025 0.02708333333333333
0 0.5073388287401575 0.02269520997375328 0.0296875 0.03125
0 0.35783098118279566 0.060495071684587814 0.0234375 0.027083333333333334
1 0.57109375 0.13333333333333333 0.0890625 0.1125
1 0.3203125 0.21041666666666667 0.103125 0.09583333333333334
