0 0.2717989491150442 0.42665929203539826 0.0265625 0.0375
0 0.23828125 0.5770833333333333 0.0265625 0.0375
0 0.2427819970119522 0.85625 0.0265625 0.0375
0 0.19453125 0.8458333333333333 0.0265625 0.0375
0 0.08359375 0.80625 0.0265625 0.0375
0 0.023957320038910507 0.7370257782101167 0.0265625 0.0375
0 0.13515625 0.18958333333333333 0.0265625 0.0375
0 0.22265625 0.17594696969696969 0.0265625 0.0375
0 0.279815463362069 0.11554418103448277 0.0265625 0.03750000000000001
0 0.2835375449640288 0.21882494004796163 0.0265625 0.0375
0 0.3046403104026846 0.3156599552572707 0.0265625 0.0375
0 0.31640625 0.42291666666666666 0.0265625 0.041666666666666664
0 0.5641335227272728 0.9097537878787879 0.0265625 0.0375
0 0.6398527817919075 0.5711705202312138 0.0265625 0.0375
0 0.48828125 0.86875 0.0265625 0.0375
0 0.934375 0.896875 0.0234375 0.0375
0 0.8466942058204768 0.8450736325385695 0.0265625 0.0375
0 0.8373192058204768 0.9700736325385695 0.0265625 0.0375
0 0.8535753418653578 0.7504412108461899 0.0265625 0.0375
0 0.828125 0.43645833333333334 0.025 0.03958333333333333
0 0.8676155462184874 0.409375 0.025 0.03958333333333333
0 0.6677346912955466 0.15570175438596492 0.0265625 0.03333333333333333
0 0.7730016870179949 0.07175449871465296 0.0265625 0.03333333333333333
0 0.71015625 0.6354166666666666 0.0265625 0.03333333333333333
0 0.5878818139097745 0.49962406015037597 0.0265625 0.03333333333333333
0 0.49765625 0.39780701754385966 0.0265625 0.03333333333333333
0 0.01328125 0.2655241935483871 0.0265625 0.033333333333333305
0 0.303125 0.4010416666666667 0.028125 0.0375
0 0.77109375 0.5104166666666666 0.0265625 0.03333333333333333
0 0.992361111111111 0.7984953703703703 0.0125 0.035416666666666666
0 0.7123883928571428 0.7038690476190476 0.0296875 0.041666666666666664
0 0.58828125 0.11875 0.0296875 0.05
0 0.6015625 0.20625 0.025 0.04583333333333333
0 0.223046875 0.37916666666666665 0.0359375 0.04583333333333333
0 0.04505208333333334 0.25555555555555554 0.03281250000000001 0.03749999999999997
0 0.85625 0.22395833333333334 0.0375 0.04375
0 0.5059621710526316 0.7294407894736843 0.0421875 0.04375
1 0.57109375 0.13333333333333333 0.0890625 0.1125
1 0.3203125 0.21041666666666667 0.103125 0.09583333333333334
