0 0.26484375 0.4354166666666667 0.0265625 0.0375
0 0.23828125 0.5770833333333333 0.0265625 0.0375
0 0.2405882719123506 0.85625 0.0265625 0.0375
0 0.19453125 0.8458333333333333 0.0265625 0.0375
0 0.08359375 0.80625 0.0265625 0.0375
0 0.13515625 0.18958333333333333 0.0265625 0.0375
0 0.296484375 0.21927083333333333 0.0265625 0.041666666666666664
0 0.22512122844827584 0.17329382183908046 0.0265625 0.0375
0 0.2691865808823529 0.24721200980392155 0.0265625 0.0375
0 0.23230468750000002 0.38390625 0.0265625 0.0375
0 0.5388005581991215 0.9798590775988286 0.0265625 0.0375
0 0.6314997676579925 0.611555142503098 0.0265625 0.0375
0 0.48828125 0.86875 0.0265625 0.0375
0 0.84296875 0.85625 0.0265625 0.0375
0 0.83359375 0.98125 0.0265625 0.0375
0 0.8389935661764707 0.7541666666666667 0.0265625 0.0375
0 0.828125 0.43645833333333334 0.025 0.03958333333333333
0 0.8641452205882352 0.409375 0.025 0.03958333333333333
0 0.6305914405311779 0.2366964973056197 0.0265625 0.03333333333333333
0 0.7545399912587413 0.11576340326340326 0.0265625 0.03333333333333333
0 0.71015625 0.6354166666666666 0.0265625 0.03333333333333333
0 0.5158991228070176 0.600968567251462 0.0296875 0.03333333333333333
0 0.46094882246376817 0.4506441223832528 0.0265625 0.03333333333333333
0 0.9200352822580644 0.9832997311827957 0.02373991935483861 0.03340053763440866
0 0.58828125 0.11875 0.0296875 0.05
0 0.6015625 0.20625 0.025 0.04583333333333333
0 0.85625 0.22395833333333334 0.0375 0.04375
0 0.488647223907767 0.7547203681229774 0.0421875 0.04375
0 0.846875 0.7572916666666667 0.0296875 0.03958333333333333
0 0.138125 0.885625 0.025 0.03958333333333333
0 0.14114583333333333 0.903125 0.03125 0.03958333333333333
0 0.4840019569471624 0.047372390737116764 0.025 0.027083333333333334
0 0.5083107775590551 0.02528707349081365 0.0296875 0.03125
0 0.35703125 0.06354166666666666 0.0234375 0.027083333333333334
0 0.737109375 0.08697916666666666 0.0296875 0.03333333333333333
0 0.9838169642857142 0.019642857142857142 0.021651785714285766 0.02619047619047619
1 0.57109375 0.13333333333333333 0.0890625 0.1125
1 0.3203125 0.21041666666666667 0.103125 0.09583333333333334
