0 0.2667710627753304 0.4334893538913363 0.0265625 0.0375
0 0.23828125 0.5770833333333333 0.0265625 0.0375
0 0.2422640687250996 0.85625 0.0265625 0.0375
0 0.19453125 0.8458333333333333 0.0265625 0.0375
0 0.08359375 0.80625 0.0265625 0.0375
0 0.018898954280155644 0.7530439364461738 0.0265625 0.0375
0 0.13515625 0.18958333333333333 0.0265625 0.0375
0 0.2319393382352941 0.1854779411764706 0.0265625 0.041666666666666664
0 0.2581787109375 0.13388671875 0.0265625 0.0375
0 0.28236848021582733 0.22038369304556354 0.0265625 0.0375
0 0.2868121264940239 0.3352921646746348 0.0265625 0.0375
0 0.15347222222222223 0.5342592592592593 0.028125 0.05
0 0.54375 0.9533564814814814 0.0265625 0.0375
0 0.6364274364406779 0.5834039548022598 0.0265625 0.0375
0 0.48828125 0.86875 0.0265625 0.0375
0 0.8448709239130435 0.8505434782608695 0.0265625 0.0375
0 0.8354959239130435 0.9755434782608695 0.0265625 0.0375
0 0.8522078804347826 0.7522644927536232 0.0265625 0.0375
0 0.828125 0.43645833333333334 0.025 0.03958333333333333
0 0.866796218487395 0.409375 0.025 0.03958333333333333
0 0.6628483495670996 0.17702020202020202 0.0265625 0.03333333333333333
0 0.7715330070281124 0.0803714859437751 0.0265625 0.03333333333333333
0 0.71015625 0.6354166666666666 0.0265625 0.03333333333333333
0 0.5755665553435115 0.5235209923664123 0.027039599236641277 0.03333333333333333
0 0.4885366001945525 0.40538261997405967 0.0265625 0.03333333333333333
0 0.006125 0.30025 0.01225 0.034833333333333334
0 0.453125 0.4659722222222222 0.028125 0.0375
0 0.72890625 0.17916666666666667 0.0265625 0.03333333333333333
0 0.9773060993975904 0.8430597389558233 0.0234375 0.035416666666666666
0 0.58828125 0.11875 0.0296875 0.05
0 0.6015625 0.20625 0.025 0.04583333333333333
0 0.03359375 0.11354166666666667 0.0296875 0.03958333333333333
0 0.85625 0.22395833333333334 0.0375 0.04375
0 0.4995476973684211 0.7394188596491228 0.0421875 0.04375
0 0.5011607142857143 0.021517857142857144 0.025 0.027083333333333334
0 0.26875 0.20104166666666667 0.028125 0.0375
0 0.5193892045454546 0.01150568181818182 0.0296875 0.01875
0 0.37171875 0.015000000000000001 0.0234375 0.023333333333333334
1 0.57109375 0.13333333333333333 0.0890625 0.1125
1 0.3203125 0.21041666666666667 0.103125 0.09583333333333334
