0 0.2756844579646017 0.41284414945919373 0.0265625 0.0375
0 0.23828125 0.5831279342723005 0.0265625 0.0375
0 0.24599105046948355 0.8481905320813772 0.0265625 0.0375
0 0.19453125 0.8458333333333333 0.0265625 0.0375
0 0.08359375 0.80625 0.0265625 0.0375
0 0.03031470070422535 0.7272202660406886 0.0265625 0.0375
0 0.13515625 0.18958333333333333 0.0265625 0.0375
0 0.19105902777777778 0.10532407407407408 0.0265625 0.0375
0 0.3140182783018868 0.0943003144654088 0.0265625 0.0375
0 0.28511690647482013 0.2167191247002398 0.0265625 0.0375
0 0.31474105046948353 0.30437206572769954 0.0265625 0.0375
0 0.46078125 0.10791666666666666 0.0265625 0.0375
0 0.5862052523474178 0.8735328638497653 0.0265625 0.0375
0 0.6474665823699423 0.5627107418111753 0.0265625 0.0375
0 0.48828125 0.86875 0.0265625 0.0375
0 0.4299479166666667 0.7388888888888889 0.0265625 0.0375
0 0.8491573895511921 0.8376840813464236 0.0265625 0.0375
0 0.8397823895511921 0.9626840813464236 0.0265625 0.0375
0 0.8554227296633942 0.7479780271154745 0.0265625 0.0375
0 0.86796875 0.6375 0.0265625 0.0375
0 0.828125 0.43645833333333334 0.025 0.03958333333333333
0 0.8687224264705883 0.409375 0.025 0.03958333333333333
0 0.675 0.19348958333333333 0.0234375 0.03333333333333333
0 0.6740675403225806 0.1297715053763441 0.0265625 0.03333333333333335
0 0.72421875 0.1125 0.0265625 0.03333333333333333
0 0.769615600899743 0.06272493573264781 0.0265625 0.03333333333333333
0 0.7131785504694836 0.6394464006259781 0.0265625 0.03333333333333333
0 0.5883839495305164 0.47964593114241 0.0265625 0.03333333333333333
0 0.5006785504694836 0.3835387323943662 0.0265625 0.03333333333333333
0 0.20078125 0.6375 0.0265625 0.03333333333333333
0 0.015220905172413795 0.21508620689655172 0.0265625 0.03333333333333333
0 0.0328125 0.20911458333333333 0.0265625 0.03333333333333333
0 0.749609375 0.9677083333333333 0.0265625 0.03333333333333333
0 0.66953125 0.9583333333333334 0.0265625 0.03333333333333333
0 0.73359375 0.8558333333333333 0.0265625 0.03333333333333333
0 0.9869384765625 0.76904296875 0.026123046875 0.0333984375
0 0.562326388888889 0.215162037037037 0.025 0.035416666666666666
0 0.58828125 0.11875 0.0296875 0.05
0 0.6015625 0.20625 0.025 0.04583333333333333
0 0.38984375 0.778125 0.0328125 0.035416666666666666
0 0.8265625 0.6833333333333333 0.028125 0.03333333333333333
0 0.85625 0.22395833333333334 0.0375 0.04375
0 0.5146278782894738 0.7159608004385964 0.0421875 0.04375
