0 0.26484375 0.4354166666666667 0.0265625 0.0375
0 0.23828125 0.5770833333333333 0.0265625 0.0375
0 0.24023219621513942 0.85625 0.0265625 0.0375
0 0.19453125 0.8458333333333333 0.0265625 0.0375
0 0.08359375 0.80625 0.0265625 0.0375
0 0.13515625 0.18958333333333333 0.0265625 0.0375
0 0.26171875 0.20052083333333334 0.0265625 0.041666666666666664
0 0.21317490183246074 0.18287521815008728 0.0265625 0.0375
0 0.2671875 0.2552083333333333 0.0265625 0.0375
0 0.224755859375 0.3946397569444445 0.0265625 0.0375
0 0.53984375 0.98125 0.0265625 0.0375
0 0.6304229864016737 0.6096408647140864 0.0265625 0.0375
0 0.48828125 0.86875 0.0265625 0.0375
0 0.84296875 0.85625 0.0265625 0.0375
0 0.83359375 0.98125 0.0265625 0.0375
0 0.84140625 0.7666666666666667 0.0265625 0.0375
0 0.828125 0.43645833333333334 0.025 0.03958333333333333
0 0.8640625 0.409375 0.025 0.03958333333333333
0 0.6290433747113164 0.23807255581216322 0.0265625 0.03333333333333333
0 0.7430037313432836 0.1366915422885572 0.0265625 0.03333333333333333
0 0.71015625 0.6354166666666666 0.0265625 0.03333333333333333
0 0.5036436449579832 0.6063900560224089 0.0296875 0.03333333333333333
0 0.45945018305439334 0.462639470013947 0.0265625 0.03333333333333333
0 0.58828125 0.11875 0.0296875 0.05
0 0.6015625 0.20625 0.025 0.04583333333333333
0 0.85625 0.22395833333333334 0.0375 0.04375
0 0.48674908980582526 0.757251213592233 0.0421875 0.04375
0 0.76533203125 0.8975260416666667 0.0296875 0.03958333333333333
0 0.19361979166666665 0.822048611111111 0.024999999999999977 0.03958333333333333
0 0.4826901908023483 0.04912141226353555 0.025 0.027083333333333334
0 0.5091904527559056 0.027632874015748033 0.0296875 0.03125
0 0.35703125 0.06354166666666666 0.0234375 0.027083333333333334
0 0.78125 0.24479166666666666 0.034375 0.03958333333333333
0 0.9766350446428571 0.030637400793650797 0.023247767857142776 0.03257440476190477
1 0.57109375 0.13333333333333333 0.0890625 0.1125
1 0.3203125 0.21041666666666667 0.103125 0.09583333333333334
