0 0.2658074063876652 0.43445301027900146 0.0265625 0.0375
0 0.23828125 0.5770833333333333 0.0265625 0.0375
0 0.24217691733067728 0.85625 0.0265625 0.0375
0 0.19453125 0.8458333333333333 0.0265625 0.0375
0 0.08359375 0.80625 0.0265625 0.0375
0 0.018047786964980543 0.7557392996108949 0.0265625 0.0375
0 0.13515625 0.18958333333333333 0.0265625 0.0375
0 0.24546874999999999 0.18916666666666665 0.0265625 0.041666666666666664
0 0.255615234375 0.1373046875 0.0265625 0.0375
0 0.28217176258992804 0.22064598321342924 0.0265625 0.0375
0 0.2839797061752988 0.3390687250996016 0.0265625 0.0375
0 0.13453125 0.5327083333333333 0.028125 0.05
0 0.54033203125 0.9599392361111111 0.0265625 0.0375
0 0.6348053495762712 0.587111581920904 0.0265625 0.0375
0 0.48828125 0.86875 0.0265625 0.0375
0 0.8445641216690042 0.8514638849929874 0.0265625 0.0375
0 0.8351891216690042 0.9764638849929874 0.0265625 0.0375
0 0.8519777787517532 0.7525712949976625 0.0265625 0.0375
0 0.828125 0.43645833333333334 0.025 0.03958333333333333
0 0.8666583508403362 0.409375 0.025 0.03958333333333333
0 0.6623748647186147 0.179229797979798 0.0265625 0.03333333333333333
0 0.7706544929718875 0.0821285140562249 0.0265625 0.03333333333333333
0 0.71015625 0.6354166666666666 0.0265625 0.03333333333333333
0 0.572644322519084 0.5276956106870229 0.02745706106870225 0.03333333333333333
0 0.4864086819066148 0.40566634241245136 0.0265625 0.03333333333333333
0 0.00546875 0.30520833333333336 0.0109375 0.035416666666666666
0 0.5125 0.47291666666666665 0.028125 0.0375
0 0.71953125 0.13958333333333334 0.0265625 0.03333333333333333
0 0.9766472138554217 0.8492093373493976 0.0234375 0.035416666666666666
0 0.58828125 0.11875 0.0296875 0.05
0 0.6015625 0.20625 0.025 0.04583333333333333
0 0.04348958333333334 0.045486111111111116 0.029687500000000006 0.03958333333333333
0 0.85625 0.22395833333333334 0.0375 0.04375
0 0.9921875 0.325 0.0125 0.0375
0 0.49846833881578945 0.7410978618421052 0.0421875 0.04375
0 0.502202380952381 0.022443783068783068 0.025 0.027083333333333334
0 0.25 0.28541666666666665 0.028125 0.0375
0 0.5177320075757577 0.012058080808080806 0.0296875 0.01875
0 0.37015625 0.017864583333333336 0.0234375 0.024895833333333336
1 0.57109375 0.13333333333333333 0.0890625 0.1125
1 0.3203125 0.21041666666666667 0.103125 0.09583333333333334
