0 0.26484375 0.4354166666666667 0.0265625 0.0375
0 0.23828125 0.5770833333333333 0.0265625 0.0375
0 0.2402645667330677 0.85625 0.0265625 0.0375
0 0.19453125 0.8458333333333333 0.0265625 0.0375
0 0.08359375 0.80625 0.0265625 0.0375
0 0.13515625 0.18958333333333333 0.0265625 0.0375
0 0.26796875 0.20208333333333334 0.0265625 0.041666666666666664
0 0.2138129908376963 0.18145724258289703 0.0265625 0.0375
0 0.26746199324324327 0.25411036036036033 0.0265625 0.0375
0 0.225390625 0.3932291666666667 0.0265625 0.0375
0 0.53984375 0.98125 0.0265625 0.0375
0 0.6306779550209205 0.6100941422594143 0.0265625 0.0375
0 0.48828125 0.86875 0.0265625 0.0375
0 0.84296875 0.85625 0.0265625 0.0375
0 0.83359375 0.98125 0.0265625 0.0375
0 0.8402982954545454 0.7637121212121212 0.0265625 0.0375
0 0.828125 0.43645833333333334 0.025 0.03958333333333333
0 0.8640625 0.409375 0.025 0.03958333333333333
0 0.6291841079676674 0.2379474595842956 0.0265625 0.03333333333333333
0 0.7446711753731343 0.13426616915422887 0.0265625 0.03333333333333333
0 0.71015625 0.6354166666666666 0.0265625 0.03333333333333333
0 0.5049238445378151 0.6057072829131653 0.0296875 0.03333333333333333
0 0.4595351725941422 0.4616195955369596 0.0265625 0.03333333333333333
0 0.58828125 0.11875 0.0296875 0.05
0 0.6015625 0.20625 0.025 0.04583333333333333
0 0.85625 0.22395833333333334 0.0375 0.04375
0 0.48692164745145633 0.7570211367313916 0.0421875 0.04375
0 0.77109375 0.8977678571428572 0.0296875 0.03958333333333333
0 0.19925595238095237 0.840029761904762 0.025 0.03958333333333333
0 0.48280944227005873 0.04896241030658839 0.025 0.027083333333333334
0 0.5091104822834646 0.027419619422572174 0.0296875 0.031249999999999997
0 0.35703125 0.06354166666666666 0.0234375 0.027083333333333334
0 0.7546875 0.23645833333333333 0.034375 0.03958333333333333
0 0.9772879464285715 0.029637896825396824 0.02310267857142865 0.03199404761904762
1 0.57109375 0.13333333333333333 0.0890625 0.1125
1 0.3203125 0.21041666666666667 0.103125 0.09583333333333334
