0 0.26484375 0.4354166666666667 0.0265625 0.0375
0 0.23828125 0.5770833333333333 0.0265625 0.0375
0 0.24136516434262947 0.85625 0.0265625 0.0375
0 0.19453125 0.8458333333333333 0.0265625 0.0375
0 0.08359375 0.80625 0.0265625 0.0375
0 0.006132812499999999 0.7900520833333334 0.012265624999999999 0.03156250000000007
0 0.13515625 0.18958333333333333 0.0265625 0.0375
0 0.3123883928571428 0.2392857142857143 0.0265625 0.041666666666666664
0 0.24201041666666664 0.16306666666666667 0.0265625 0.0375
0 0.2796439549180328 0.2246448087431694 0.0265625 0.0375
0 0.2526640951882845 0.3683664574616457 0.0265625 0.0375
0 0.5359455069546121 0.9760523426061494 0.0265625 0.0375
0 0.6287813661710037 0.6067224287484511 0.0265625 0.0375
0 0.48828125 0.86875 0.0265625 0.0375
0 0.84296875 0.85625 0.0265625 0.0375
0 0.83359375 0.98125 0.0265625 0.0375
0 0.8470588235294118 0.7541666666666667 0.0265625 0.0375
0 0.828125 0.43645833333333334 0.025 0.03958333333333333
0 0.865374212184874 0.409375 0.025 0.03958333333333333
0 0.6479865345528455 0.22188346883468835 0.0265625 0.03333333333333333
0 0.7624717620481928 0.09849397590361446 0.0265625 0.03333333333333333
0 0.71015625 0.6354166666666666 0.0265625 0.03333333333333333
0 0.5446269132653061 0.5769982993197279 0.0296875 0.03333333333333333
0 0.47151800496688745 0.4237720750551876 0.0265625 0.03333333333333333
0 0.7635416666666667 0.41875 0.028125 0.0375
0 0.9531878591954023 0.9216115900383142 0.0234375 0.035416666666666666
0 0.58828125 0.11875 0.0296875 0.05
0 0.6015625 0.20625 0.025 0.04583333333333333
0 0.85625 0.22395833333333334 0.0375 0.04375
0 0.76015625 0.05 0.0296875 0.03333333333333333
0 0.4927886074029126 0.7491985234627833 0.0421875 0.04375
0 0.9859375 0.35104166666666664 0.028125 0.04375
0 0.4929875429553265 0.03828393470790378 0.025 0.027083333333333334
0 0.50703125 0.018688725490196078 0.0296875 0.02487745098039216
0 0.3614532930107527 0.04669578853046595 0.0234375 0.027083333333333334
1 0.57109375 0.13333333333333333 0.0890625 0.1125
1 0.3203125 0.21041666666666667 0.103125 0.09583333333333334
