0 0.26484375 0.4354166666666667 0.0265625 0.0375
0 0.23828125 0.5770833333333333 0.0265625 0.0375
0 0.24157681772908365 0.85625 0.0265625 0.0375
0 0.19453125 0.8458333333333333 0.0265625 0.0375
0 0.08359375 0.80625 0.0265625 0.0375
0 0.010019329896907217 0.7780820446735395 0.020038659793814435 0.034600515463917486
0 0.13515625 0.18958333333333333 0.0265625 0.0375
0 0.301953125 0.24635416666666668 0.0265625 0.041666666666666664
0 0.24378125 0.15739999999999998 0.0265625 0.0375
0 0.2808172212230216 0.22245203836930458 0.0265625 0.0375
0 0.2625772664835165 0.36350732600732605 0.0265625 0.0375
0 0.5351676885065886 0.9750152513421181 0.0265625 0.0375
0 0.6280407760223048 0.605405824039653 0.0265625 0.0375
0 0.48828125 0.86875 0.0265625 0.0375
0 0.84296875 0.85625 0.0265625 0.0375
0 0.83359375 0.98125 0.0265625 0.0375
0 0.8492560891544118 0.7541666666666667 0.0265625 0.0375
0 0.828125 0.43645833333333334 0.025 0.03958333333333333
0 0.8657090336134454 0.409375 0.025 0.03958333333333333
0 0.6569411057692307 0.20845352564102565 0.0265625 0.03333333333333333
0 0.7646052961847389 0.09422690763052209 0.0265625 0.03333333333333333
0 0.71015625 0.6354166666666666 0.0265625 0.03333333333333333
0 0.5529353762135922 0.5620145631067961 0.0296875 0.03333333333333333
0 0.47503621688741726 0.41790838852097134 0.0265625 0.03333333333333333
0 0.6875 0.49416666666666664 0.028125 0.0375
0 0.9611539909638553 0.8965988955823293 0.0234375 0.035416666666666666
0 0.58828125 0.11875 0.0296875 0.05
0 0.6015625 0.20625 0.025 0.04583333333333333
0 0.85625 0.22395833333333334 0.0375 0.04375
0 0.82890625 0.10104166666666667 0.0296875 0.035416666666666666
0 0.4939168689320389 0.7476941747572815 0.0421875 0.04375
0 0.4989207474226804 0.03280713058419244 0.025 0.027083333333333334
0 0.50703125 0.016084558823529414 0.0296875 0.019669117647058823
0 0.36345262096774195 0.039079301075268816 0.0234375 0.027083333333333334
1 0.57109375 0.13333333333333333 0.0890625 0.1125
1 0.3203125 0.21041666666666667 0.103125 0.09583333333333334
