0 0.26484375 0.4354166666666667 0.0265625 0.0375
0 0.23828125 0.5770833333333333 0.0265625 0.0375
0 0.24049863047808767 0.85625 0.0265625 0.0375
0 0.19453125 0.8458333333333333 0.0265625 0.0375
0 0.08359375 0.80625 0.0265625 0.0375
0 0.13515625 0.18958333333333333 0.0265625 0.0375
0 0.290234375 0.20833333333333334 0.0265625 0.041666666666666664
0 0.22172683189655173 0.17523347701149425 0.0265625 0.0375
0 0.26877297794117644 0.24886642156862748 0.0265625 0.037500000000000026
0 0.23019531249999997 0.38484375 0.0265625 0.0375
0 0.5391299871888726 0.9802983162518302 0.0265625 0.0375
0 0.6318134293680298 0.6121127633209418 0.0265625 0.0375
0 0.48828125 0.86875 0.0265625 0.0375
0 0.84296875 0.85625 0.0265625 0.0375
0 0.83359375 0.98125 0.0265625 0.0375
0 0.8380629595588236 0.7541666666666667 0.0265625 0.0375
0 0.828125 0.43645833333333334 0.025 0.03958333333333333
0 0.8640625 0.409375 0.025 0.03958333333333333
0 0.6302017176674365 0.23704291762894536 0.0265625 0.03333333333333333
0 0.7541466346153846 0.11891025641025642 0.0265625 0.03333333333333333
0 0.71015625 0.6354166666666666 0.0265625 0.03333333333333333
0 0.5134320175438597 0.6016264619883042 0.0296875 0.03333333333333333
0 0.46014971234309626 0.45424511854951183 0.0265625 0.03333333333333333
0 0.9158014112903226 0.9873319892473117 0.024949596774193596 0.025336021505376394
0 0.58828125 0.11875 0.0296875 0.05
0 0.6015625 0.20625 0.025 0.04583333333333333
0 0.85625 0.22395833333333334 0.0375 0.04375
0 0.4881693719660194 0.7553575040453074 0.0421875 0.04375
0 0.837109375 0.8033854166666666 0.0296875 0.03958333333333333
0 0.175 0.865625 0.025 0.03958333333333333
0 0.08697916666666668 0.8503472222222223 0.031250000000000014 0.03958333333333333
0 0.48367172211350296 0.047812703848662756 0.025 0.027083333333333334
0 0.5085322342519685 0.02587762467191601 0.0296875 0.03125
0 0.35703125 0.06354166666666666 0.0234375 0.027083333333333334
0 0.7640625 0.13541666666666666 0.01875 0.03333333333333333
0 0.9820089285714285 0.022410714285714287 0.02205357142857132 0.027797619047619054
1 0.57109375 0.13333333333333333 0.0890625 0.1125
1 0.3203125 0.21041666666666667 0.103125 0.09583333333333334
