0 0.26484375 0.4354166666666667 0.0265625 0.0375
0 0.23828125 0.5770833333333333 0.0265625 0.0375
0 0.24000809262948208 0.85625 0.0265625 0.0375
0 0.19453125 0.8458333333333333 0.0265625 0.0375
0 0.08359375 0.80625 0.0265625 0.0375
0 0.13515625 0.18958333333333333 0.0265625 0.0375
0 0.21640625 0.22708333333333333 0.0265625 0.041666666666666664
0 0.20875736256544503 0.19269197207678884 0.0265625 0.0375
0 0.26295572916666665 0.26569444444444446 0.0265625 0.0375
0 0.21799015410958905 0.3999714611872146 0.0265625 0.0375
0 0.53984375 0.98125 0.0265625 0.0375
0 0.6286578190376569 0.6065027894002789 0.0265625 0.0375
0 0.48828125 0.86875 0.0265625 0.0375
0 0.84296875 0.85625 0.0265625 0.0375
0 0.83359375 0.98125 0.0265625 0.0375
0 0.84140625 0.7776960784313726 0.0265625 0.0375
0 0.828125 0.43645833333333334 0.025 0.03958333333333333
0 0.8640625 0.409375 0.025 0.03958333333333333
0 0.628069067551963 0.2389386066204773 0.0265625 0.03333333333333333
0 0.73671875 0.1505787037037037 0.0265625 0.03333333333333333
0 0.71015625 0.6354166666666666 0.0265625 0.03333333333333333
0 0.49478072478991597 0.6111169467787115 0.0296875 0.03333333333333333
0 0.45886179393305443 0.46970013947001393 0.0265625 0.03333333333333333
0 0.58828125 0.11875 0.0296875 0.05
0 0.6015625 0.20625 0.025 0.04583333333333333
0 0.85625 0.22395833333333334 0.0375 0.04375
0 0.48555445995145635 0.7588440533980582 0.0421875 0.04375
0 0.7045922256097561 0.9532266260162602 0.0296875 0.03958333333333333
0 0.20667613636363638 0.7295770202020202 0.025 0.03958333333333333
0 0.4818646037181996 0.050222195042400525 0.025 0.027083333333333334
0 0.509744094488189 0.029109251968503936 0.0296875 0.03125
0 0.35703125 0.06354166666666666 0.0234375 0.027083333333333334
0 0.7881944444444444 0.36400462962962965 0.034375 0.03958333333333333
0 0.9721149553571429 0.037557043650793646 0.02425223214285719 0.03659226190476191
1 0.57109375 0.13333333333333333 0.0890625 0.1125
1 0.3203125 0.21041666666666667 0.103125 0.09583333333333334
