0 0.26484375 0.4354166666666667 0.0265625 0.0375
0 0.23828125 0.5770833333333333 0.0265625 0.0375
0 0.24205988545816734 0.85625 0.0265625 0.0375
0 0.19453125 0.8458333333333333 0.0265625 0.0375
0 0.08359375 0.80625 0.0265625 0.0375
0 0.016904790856031127 0.7593587872892348 0.0265625 0.0375
0 0.13515625 0.18958333333333333 0.0265625 0.0375
0 0.25390625 0.2125 0.0265625 0.041666666666666664
0 0.2521728515625 0.14189453125 0.0265625 0.0375
0 0.2819075989208633 0.22099820143884893 0.0265625 0.0375
0 0.2801761703187251 0.3441401062416999 0.0265625 0.0375
0 0.12468749999999999 0.5175 0.028125 0.04999999999999994
0 0.5357421875 0.9687789351851852 0.0265625 0.0375
0 0.6326271186440678 0.5920903954802259 0.0265625 0.0375
0 0.48828125 0.86875 0.0265625 0.0375
0 0.8441521300841515 0.8526998597475456 0.0265625 0.0375
0 0.8347771300841516 0.9776998597475456 0.0265625 0.0375
0 0.8516687850631136 0.7529832865825151 0.0265625 0.0375
0 0.828125 0.43645833333333334 0.025 0.03958333333333333
0 0.8664732142857142 0.409375 0.025 0.03958333333333333
0 0.6617390422077922 0.1821969696969697 0.0265625 0.03333333333333333
0 0.7694747740963855 0.08448795180722891 0.0265625 0.03333333333333333
0 0.71015625 0.6354166666666666 0.0265625 0.03333333333333333
0 0.5687201812977098 0.5333015267175572 0.028017652671755666 0.03333333333333328
0 0.4835511916342412 0.4060473411154345 0.0265625 0.03333333333333333
0 0.5703125 0.5104166666666666 0.028125 0.0375
0 0.70546875 0.09166666666666666 0.0265625 0.03333333333333333
0 0.9757612179487178 0.8574252136752136 0.0234375 0.035416666666666666
0 0.58828125 0.11875 0.0296875 0.05
0 0.6015625 0.20625 0.025 0.04583333333333333
0 0.85625 0.22395833333333334 0.0375 0.04375
0 0.93984375 0.29375 0.0390625 0.041666666666666664
0 0.49701891447368424 0.7433525219298246 0.0421875 0.04375
0 0.5036011904761905 0.023687169312169312 0.025 0.027083333333333334
0 0.15989583333333332 0.2916666666666667 0.028125 0.0375
0 0.5155066287878788 0.012799873737373738 0.0296875 0.01875
0 0.3680580357142857 0.02171130952380952 0.0234375 0.026994047619047615
1 0.57109375 0.13333333333333333 0.0890625 0.1125
1 0.3203125 0.21041666666666667 0.103125 0.09583333333333334
