0 0.26484375 0.4354166666666667 0.0265625 0.0375
0 0.23828125 0.5770833333333333 0.0265625 0.0375
0 0.24007283366533866 0.85625 0.0265625 0.0375
0 0.19453125 0.8458333333333333 0.0265625 0.0375
0 0.08359375 0.80625 0.0265625 0.0375
0 0.13515625 0.18958333333333333 0.0265625 0.0375
0 0.22453125 0.21541666666666667 0.0265625 0.041666666666666664
0 0.21003354057591622 0.1898560209424084 0.02656249999999998 0.0375
0 0.2646484375 0.26208333333333333 0.0265625 0.037500000000000026
0 0.21970170454545457 0.3978409090909091 0.0265625 0.0375
0 0.53984375 0.98125 0.0265625 0.0375
0 0.6291677562761506 0.6074093444909344 0.0265625 0.0375
0 0.48828125 0.86875 0.0265625 0.0375
0 0.84296875 0.85625 0.0265625 0.0375
0 0.83359375 0.98125 0.0265625 0.0375
0 0.84140625 0.7745098039215687 0.0265625 0.0375
0 0.828125 0.43645833333333334 0.025 0.03958333333333333
0 0.8640625 0.409375 0.025 0.03958333333333333
0 0.6283505340646651 0.23868841416474212 0.0265625 0.03333333333333333
0 0.73671875 0.14756944444444445 0.0265625 0.03333333333333332
0 0.71015625 0.6354166666666666 0.0265625 0.03333333333333333
0 0.4973411239495798 0.6097514005602241 0.0296875 0.03333333333333333
0 0.4590317730125523 0.4676603905160391 0.0265625 0.03333333333333333
0 0.58828125 0.11875 0.0296875 0.05
0 0.6015625 0.20625 0.025 0.04583333333333333
0 0.85625 0.22395833333333334 0.0375 0.04375
0 0.4858995752427185 0.7583838996763753 0.0421875 0.04375
0 0.7166903409090909 0.9417613636363636 0.0296875 0.03958333333333333
0 0.21907894736842107 0.7665021929824561 0.025 0.03958333333333333
0 0.4821031066536204 0.0499041911285062 0.025 0.027083333333333334
0 0.5095841535433071 0.02868274278215223 0.0296875 0.03125
0 0.35703125 0.06354166666666666 0.0234375 0.027083333333333334
0 0.7953125 0.34131944444444445 0.034375 0.03958333333333333
0 0.9734207589285713 0.035558035714285716 0.023962053571428575 0.03543154761904761
1 0.57109375 0.13333333333333333 0.0890625 0.1125
1 0.3203125 0.21041666666666667 0.103125 0.09583333333333334
