0 0.26484375 0.4354166666666667 0.0265625 0.0375
0 0.23828125 0.5770833333333333 0.0265625 0.0375
0 0.24196028386454183 0.85625 0.0265625 0.0375
0 0.19453125 0.8458333333333333 0.0265625 0.0375
0 0.08359375 0.80625 0.0265625 0.0375
0 0.015932028210116734 0.7624392023346303 0.0265625 0.0375
0 0.13515625 0.18958333333333333 0.0265625 0.0375
0 0.265625 0.23541666666666666 0.0265625 0.041666666666666664
0 0.2492431640625 0.14580078125 0.0265625 0.0375
0 0.2816827787769784 0.22129796163069543 0.0265625 0.0375
0 0.27700109649122806 0.34846491228070176 0.0265625 0.0375
0 0.08515625 0.553125 0.028125 0.05
0 0.5337584644948755 0.9731362859931674 0.0265625 0.0375
0 0.6307733050847457 0.5963276836158192 0.0265625 0.0375
0 0.48828125 0.86875 0.0265625 0.0375
0 0.8438014989481066 0.8537517531556803 0.0265625 0.0375
0 0.8344264989481067 0.9787517531556803 0.0265625 0.0375
0 0.85140581171108 0.7533339177185601 0.0265625 0.0375
0 0.828125 0.43645833333333334 0.025 0.03958333333333333
0 0.8663156512605041 0.409375 0.025 0.03958333333333333
0 0.6611979166666667 0.18472222222222223 0.0265625 0.03333333333333333
0 0.7684707580321285 0.08649598393574297 0.0265625 0.03333333333333333
0 0.71015625 0.6354166666666666 0.0265625 0.03333333333333333
0 0.5653804866412214 0.5380725190839695 0.028494751908396943 0.03333333333333328
0 0.4814103890728477 0.4072847682119205 0.0265625 0.03333333333333333
0 0.6078125 0.5208333333333334 0.028125 0.0375
0 0.67421875 0.07708333333333334 0.0265625 0.03333333333333333
0 0.9749599358974359 0.8627670940170941 0.0234375 0.035416666666666666
0 0.58828125 0.11875 0.0296875 0.05
0 0.6015625 0.20625 0.025 0.04583333333333333
0 0.85625 0.22395833333333334 0.0375 0.04375
0 0.9239583333333334 0.24861111111111114 0.0328125 0.0416666666666667
0 0.49596101334951453 0.744968648867314 0.0421875 0.04375
0 0.5047916666666666 0.02474537037037037 0.025 0.02708333333333333
0 0.09515625000000001 0.286875 0.029687500000000012 0.03958333333333333
0 0.5136126893939393 0.013431186868686868 0.0296875 0.01875
0 0.3670749327956989 0.02528001792114695 0.0234375 0.02708333333333333
0 0.06796875 0.06041666666666667 0.0296875 0.03333333333333333
1 0.57109375 0.13333333333333333 0.0890625 0.1125
1 0.3203125 0.21041666666666667 0.103125 0.09583333333333334
