0 0.2730295907079646 0.42228367748279255 0.0265625 0.0375
0 0.23828125 0.5774941314553991 0.0265625 0.0375
0 0.24317414906103285 0.855702269170579 0.0265625 0.0375
0 0.19453125 0.8458333333333333 0.0265625 0.0375
0 0.08359375 0.80625 0.0265625 0.0375
0 0.026089348591549294 0.7309761345852894 0.0265625 0.0375
0 0.13515625 0.18958333333333333 0.0265625 0.0375
0 0.21796875 0.16793478260869563 0.0265625 0.0375
0 0.2912042025862069 0.10835129310344828 0.0265625 0.0375
0 0.28403776978417267 0.21815797362110312 0.0265625 0.0375
0 0.31192414906103283 0.31000586854460094 0.0265625 0.0375
0 0.36953125 0.35 0.0265625 0.041666666666666664
0 0.5721207453051643 0.8904342723004695 0.0265625 0.0375
0 0.6422642702312139 0.5684910886319846 0.0265625 0.0375
0 0.48828125 0.86875 0.0265625 0.0375
0 0.79140625 0.8270833333333333 0.0234375 0.0375
0 0.8474743600981768 0.8427331697054699 0.0265625 0.0375
0 0.8380993600981768 0.9677331697054699 0.0265625 0.0375
0 0.8541604575736326 0.7496610565684899 0.0265625 0.0375
0 0.828125 0.43645833333333334 0.025 0.03958333333333333
0 0.8679661239495798 0.409375 0.025 0.03958333333333333
0 0.62109375 0.06979166666666667 0.0234375 0.035416666666666666
0 0.6699200748847927 0.14636136712749614 0.0265625 0.03333333333333332
0 0.7719292255784062 0.06889460154241646 0.0265625 0.03333333333333333
0 0.7103616490610329 0.6356905320813772 0.0265625 0.03333333333333333
0 0.5912008509389671 0.49279147104851334 0.0265625 0.03333333333333333
0 0.4978616490610329 0.3891725352112676 0.0265625 0.03333333333333333
0 0.01400669642857143 0.2453125 0.0265625 0.03333333333333333
0 0.209765625 0.33203125 0.028125 0.0375
0 0.790625 0.6229166666666667 0.0265625 0.03333333333333333
0 0.9929652622767857 0.7770786830357144 0.014069475446428647 0.035184151785714234
0 0.653125 0.5416666666666666 0.025 0.041666666666666664
0 0.58828125 0.11875 0.0296875 0.05
0 0.6015625 0.20625 0.025 0.04583333333333333
0 0.266015625 0.5328125 0.0359375 0.04583333333333333
0 0.26328125 0.4375 0.0328125 0.0375
0 0.85625 0.22395833333333334 0.0375 0.04375
0 0.5087068256578948 0.725171326754386 0.0421875 0.04375
1 0.57109375 0.13333333333333333 0.0890625 0.1125
1 0.3203125 0.21041666666666667 0.103125 0.09583333333333334
