0 0.27305724557522126 0.42218534906588 0.0265625 0.0375
0 0.23828125 0.5775528169014084 0.0265625 0.0375
0 0.24320349178403755 0.8556240219092331 0.0265625 0.0375
0 0.19453125 0.8458333333333333 0.0265625 0.0375
0 0.08359375 0.80625 0.0265625 0.0375
0 0.026133362676056336 0.7309370109546165 0.0265625 0.0375
0 0.13515625 0.18958333333333333 0.0265625 0.0375
0 0.21796875 0.16766304347826086 0.0265625 0.0375
0 0.2914601293103448 0.10818965517241379 0.0265625 0.0375
0 0.2840490107913669 0.2181429856115108 0.0265625 0.0375
0 0.31195349178403753 0.30994718309859154 0.0265625 0.0375
0 0.37265625 0.3416666666666667 0.0265625 0.041666666666666664
0 0.5722674589201878 0.8902582159624414 0.0265625 0.0375
0 0.6423184609826589 0.5684308766859344 0.0265625 0.0375
0 0.48828125 0.86875 0.0265625 0.0375
0 0.78984375 0.85 0.0234375 0.0375
0 0.847491891654979 0.8426805750350631 0.0265625 0.0375
0 0.8381168916549789 0.9676805750350631 0.0265625 0.0375
0 0.8541736062412342 0.7496435250116877 0.0265625 0.0375
0 0.828125 0.43645833333333334 0.025 0.03958333333333333
0 0.8679740021008403 0.409375 0.025 0.03958333333333333
0 0.62421875 0.075 0.0234375 0.035416666666666666
0 0.6699632776497696 0.14618855606758832 0.0265625 0.03333333333333333
0 0.7719051253213368 0.06883033419023137 0.0265625 0.03333333333333333
0 0.7103909917840376 0.6357296557120501 0.0265625 0.03333333333333333
0 0.5911715082159624 0.4926545383411581 0.0265625 0.03333333333333333
0 0.4978909917840376 0.3891138497652582 0.0265625 0.03333333333333333
0 0.014043898809523808 0.24496527777777777 0.0265625 0.03333333333333333
0 0.205859375 0.32838541666666665 0.028125 0.0375
0 0.7921875 0.6260416666666667 0.0265625 0.03333333333333333
0 0.9929024832589285 0.7769949776785715 0.014195033482142882 0.03516555059523808
0 0.6640625 0.5395833333333333 0.025 0.041666666666666664
0 0.58828125 0.11875 0.0296875 0.05
0 0.6015625 0.20625 0.025 0.04583333333333333
0 0.268359375 0.5401041666666667 0.0359375 0.04583333333333333
0 0.26953125 0.44583333333333336 0.0328125 0.0375
0 0.85625 0.22395833333333334 0.0375 0.04375
0 0.5087685032894738 0.7250753837719298 0.0421875 0.04375
1 0.57109375 0.13333333333333333 0.0890625 0.1125
1 0.3203125 0.21041666666666667 0.103125 0.09583333333333334
