0 0.26484375 0.4354166666666667 0.0265625 0.0375
0 0.23828125 0.5770833333333333 0.0265625 0.0375
0 0.24163408864541833 0.85625 0.0265625 0.0375
0 0.19453125 0.8458333333333333 0.0265625 0.0375
0 0.08359375 0.80625 0.0265625 0.0375
0 0.01168653350515464 0.774377147766323 0.02337306701030928 0.036082474226804113
0 0.13515625 0.18958333333333333 0.0265625 0.0375
0 0.3051215277777778 0.24814814814814815 0.0265625 0.041666666666666664
0 0.24426041666666665 0.15586666666666668 0.0265625 0.0375
0 0.2809464928057554 0.2222796762589928 0.0265625 0.0375
0 0.26613152472527474 0.36192765567765567 0.0265625 0.0375
0 0.5349572199853587 0.9747346266471449 0.0265625 0.0375
0 0.6278403810408922 0.6050495662949195 0.0265625 0.0375
0 0.48828125 0.86875 0.0265625 0.0375
0 0.84296875 0.85625 0.0265625 0.0375
0 0.83359375 0.98125 0.0265625 0.0375
0 0.8498506433823529 0.7541666666666667 0.0265625 0.0375
0 0.828125 0.43645833333333334 0.025 0.03958333333333333
0 0.8657996323529412 0.409375 0.025 0.03958333333333333
0 0.658877840909091 0.20321969696969697 0.0265625 0.03333333333333333
0 0.7651826054216867 0.0930722891566265 0.0265625 0.03333333333333333
0 0.71015625 0.6354166666666666 0.0265625 0.03333333333333333
0 0.5546799150485436 0.5568972491909385 0.0296875 0.03333333333333333
0 0.4759882036423841 0.41632174392935983 0.0265625 0.03333333333333333
0 0.65546875 0.49270833333333336 0.028125 0.0375
0 0.9626041666666667 0.8900694444444445 0.0234375 0.035416666666666666
0 0.58828125 0.11875 0.0296875 0.05
0 0.6015625 0.20625 0.025 0.04583333333333333
0 0.85625 0.22395833333333334 0.0375 0.04375
0 0.85859375 0.1263888888888889 0.0328125 0.03750000000000001
0 0.4942221632281553 0.7472871156957929 0.0421875 0.04375
0 0.500526202749141 0.031325171821305835 0.025 0.02708333333333333
0 0.5074100378787879 0.015498737373737375 0.0296875 0.01875
0 0.36399361559139787 0.037018369175627244 0.0234375 0.027083333333333334
1 0.57109375 0.13333333333333333 0.0890625 0.1125
1 0.3203125 0.21041666666666667 0.103125 0.09583333333333334
