0 0.27312638274336287 0.42193952802359885 0.0265625 0.0375
0 0.23828125 0.5776995305164319 0.0265625 0.0375
0 0.2432768485915493 0.8554284037558685 0.0265625 0.0375
0 0.19453125 0.8458333333333333 0.0265625 0.0375
0 0.08359375 0.80625 0.0265625 0.0375
0 0.026243397887323945 0.7308392018779343 0.0265625 0.0375
0 0.13515625 0.18958333333333333 0.0265625 0.0375
0 0.21796875 0.1669836956521739 0.0265625 0.0375
0 0.2920999461206896 0.10778556034482759 0.0265625 0.0375
0 0.28407711330935254 0.21810551558752997 0.0265625 0.0375
0 0.3120268485915493 0.30980046948356804 0.0265625 0.0375
0 0.36171875 0.3458333333333333 0.0265625 0.041666666666666664
0 0.5726342429577465 0.8898180751173709 0.0265625 0.0375
0 0.6424539378612717 0.5682803468208093 0.0265625 0.0375
0 0.48828125 0.86875 0.0265625 0.0375
0 0.77734375 0.8375 0.0234375 0.0375
0 0.8475357205469847 0.8425490883590463 0.0265625 0.0375
0 0.8381607205469846 0.9675490883590463 0.0265625 0.0375
0 0.8542064779102384 0.7495996961196821 0.0265625 0.0375
0 0.828125 0.43645833333333334 0.025 0.03958333333333333
0 0.8679936974789916 0.409375 0.025 0.03958333333333333
0 0.61953125 0.084375 0.0234375 0.035416666666666666
0 0.670071284562212 0.14575652841781875 0.0265625 0.03333333333333333
0 0.7718448746786633 0.06866966580976865 0.0265625 0.03333333333333333
0 0.7104643485915493 0.6358274647887324 0.0265625 0.03333333333333333
0 0.5910981514084507 0.4923122065727699 0.0265625 0.03333333333333333
0 0.4979643485915493 0.38896713615023476 0.0265625 0.03333333333333333
0 0.014136904761904762 0.24409722222222224 0.0265625 0.03333333333333333
0 0.20416666666666666 0.3194444444444445 0.028124999999999976 0.0375
0 0.79609375 0.6291666666666667 0.0265625 0.03333333333333333
0 0.9927455357142858 0.7767857142857143 0.014508928571428648 0.03511904761904757
0 0.6697916666666667 0.513888888888889 0.025 0.04166666666666673
0 0.58828125 0.11875 0.0296875 0.05
0 0.6015625 0.20625 0.025 0.04583333333333333
0 0.25911458333333337 0.5416666666666666 0.0359375 0.04583333333333333
0 0.280078125 0.4786458333333333 0.0328125 0.0375
0 0.85625 0.22395833333333334 0.0375 0.04375
0 0.5089226973684211 0.7248355263157895 0.0421875 0.04375
1 0.57109375 0.13333333333333333 0.0890625 0.1125
1 0.3203125 0.21041666666666667 0.103125 0.09583333333333334
