0 0.26484375 0.4354166666666667 0.0265625 0.0375
0 0.23828125 0.5770833333333333 0.0265625 0.0375
0 0.24152950697211156 0.85625 0.0265625 0.0375
0 0.19453125 0.8458333333333333 0.0265625 0.0375
0 0.08359375 0.80625 0.0265625 0.0375
0 0.008642074742268042 0.7811426116838488 0.017284149484536084 0.03337628865979383
0 0.13515625 0.18958333333333333 0.0265625 0.0375
0 0.31015625 0.24791666666666667 0.0265625 0.041666666666666664
0 0.2433854166666667 0.15866666666666665 0.0265625 0.0375
0 0.28071043165467624 0.22259442446043165 0.0265625 0.0375
0 0.2596411401098901 0.36481227106227104 0.0265625 0.0375
0 0.535341553806735 0.9752470717423133 0.0265625 0.0375
0 0.6282063197026022 0.6057001239157372 0.0265625 0.0375
0 0.48828125 0.86875 0.0265625 0.0375
0 0.84296875 0.85625 0.0265625 0.0375
0 0.83359375 0.98125 0.0265625 0.0375
0 0.8487649356617647 0.7541666666666667 0.0265625 0.0375
0 0.828125 0.43645833333333334 0.025 0.03958333333333333
0 0.8656341911764706 0.409375 0.025 0.03958333333333333
0 0.6540865384615385 0.21225961538461538 0.0265625 0.03333333333333333
0 0.7641283885542169 0.09518072289156626 0.0265625 0.03333333333333333
0 0.71015625 0.6354166666666666 0.0265625 0.03333333333333333
0 0.5514942354368932 0.5662419093851132 0.0296875 0.03333333333333333
0 0.47424979304635767 0.4192190949227373 0.0265625 0.03333333333333333
0 0.7140625 0.5145833333333333 0.028125 0.0375
0 0.9593655873493976 0.9023217871485943 0.0234375 0.035416666666666666
0 0.58828125 0.11875 0.0296875 0.05
0 0.6015625 0.20625 0.025 0.04583333333333333
0 0.85625 0.22395833333333334 0.0375 0.04375
0 0.81640625 0.07916666666666666 0.0296875 0.03333333333333333
0 0.4936646692961165 0.7480304409385112 0.0421875 0.04375
0 0.49759450171821307 0.034031357388316155 0.025 0.027083333333333334
0 0.50703125 0.016666666666666666 0.0296875 0.020833333333333332
0 0.36300571236559137 0.04078181003584229 0.0234375 0.027083333333333334
1 0.57109375 0.13333333333333333 0.0890625 0.1125
1 0.3203125 0.21041666666666667 0.103125 0.09583333333333334
