0 0.26484375 0.4354166666666667 0.0265625 0.0375
0 0.23828125 0.5770833333333333 0.0265625 0.0375
0 0.23986118027888445 0.85625 0.0265625 0.0375
0 0.19453125 0.8458333333333333 0.0265625 0.0375
0 0.08359375 0.80625 0.0265625 0.0375
0 0.13515625 0.18958333333333333 0.0265625 0.0375
0 0.19765625 0.2625 0.0265625 0.041666666666666664
0 0.20586142015706804 0.19912739965095985 0.0265625 0.0375
0 0.25911458333333337 0.2738888888888889 0.0265625 0.0375
0 0.21484375 0.4041666666666667 0.0265625 0.0375
0 0.53984375 0.98125 0.0265625 0.0375
0 0.6275006537656904 0.6044456066945607 0.0265625 0.0375
0 0.48828125 0.86875 0.0265625 0.0375
0 0.84296875 0.85625 0.0265625 0.0375
0 0.83359375 0.98125 0.0265625 0.0375
0 0.84140625 0.78125 0.0265625 0.0375
0 0.828125 0.43645833333333334 0.025 0.03958333333333333
0 0.8640625 0.409375 0.025 0.03958333333333333
0 0.6274303550808314 0.23950635103926096 0.0265625 0.03333333333333333
0 0.73671875 0.1574074074074074 0.0265625 0.03333333333333333
0 0.71015625 0.6354166666666666 0.0265625 0.03333333333333333
0 0.4889705882352941 0.6142156862745097 0.0296875 0.03333333333333333
0 0.45859375 0.47291666666666665 0.0265625 0.03333333333333333
0 0.58828125 0.11875 0.0296875 0.05
0 0.6015625 0.20625 0.025 0.04583333333333333
0 0.85625 0.22395833333333334 0.0375 0.04375
0 0.48515625 0.759375 0.0421875 0.04375
0 0.671875 0.9885416666666667 0.025 0.014583333333333334
0 0.18234707446808512 0.7128324468085107 0.025 0.03958333333333333
0 0.481323385518591 0.050943819308545336 0.025 0.027083333333333334
0 0.5101070374015748 0.03007709973753281 0.0296875 0.03125
0 0.35703125 0.06354166666666666 0.0234375 0.027083333333333334
0 0.8020833333333334 0.40868055555555555 0.034375000000000086 0.03958333333333333
0 0.9691517857142857 0.04209325396825397 0.024910714285714165 0.03922619047619048
1 0.57109375 0.13333333333333333 0.0890625 0.1125
1 0.3203125 0.21041666666666667 0.103125 0.09583333333333334
