0 0.26878097466960355 0.4314794419970632 0.0265625 0.0375
0 0.23828125 0.5770833333333333 0.0265625 0.0375
0 0.24244584163346614 0.85625 0.0265625 0.0375
0 0.19453125 0.8458333333333333 0.0265625 0.0375
0 0.08359375 0.80625 0.0265625 0.0375
0 0.02067424610894942 0.7474221789883269 0.0265625 0.0375
0 0.13515625 0.18958333333333333 0.0265625 0.0375
0 0.22209821428571427 0.184375 0.0265625 0.041666666666666664
0 0.263525390625 0.1267578125 0.0265625 0.0375
0 0.28277877697841725 0.21983663069544365 0.0265625 0.0375
0 0.29271974601593626 0.32741533864541833 0.0265625 0.0375
0 0.2064453125 0.5286458333333334 0.028125 0.04583333333333333
0 0.550729511589404 0.9390038631346579 0.0265625 0.0375
0 0.63828125 0.5772916666666668 0.0265625 0.0375
0 0.48828125 0.86875 0.0265625 0.0375
0 0.8455108257363253 0.8486237727910239 0.0265625 0.0375
0 0.8361358257363254 0.9736237727910239 0.0265625 0.0375
0 0.8526878068022441 0.7516245909303413 0.0265625 0.0375
0 0.828125 0.43645833333333334 0.025 0.03958333333333333
0 0.8670837710084033 0.409375 0.025 0.03958333333333333
0 0.6643186993927126 0.17050438596491227 0.0265625 0.03333333333333333
0 0.7733653363453815 0.07670682730923696 0.0265625 0.03333333333333334
0 0.71015625 0.6354166666666666 0.0265625 0.03333333333333333
0 0.58078125 0.514375 0.0265625 0.03333333333333333
0 0.49297482976653695 0.40479085603112835 0.0265625 0.03333333333333333
0 0.007870065789473685 0.2873026315789474 0.01574013157894737 0.03333333333333333
0 0.4078125 0.4583333333333333 0.028125 0.0375
0 0.77890625 0.2833333333333333 0.0265625 0.03333333333333333
0 0.9826665088383837 0.827767255892256 0.019515467171717128 0.035416666666666666
0 0.809375 0.9354166666666667 0.034375 0.041666666666666664
0 0.58828125 0.11875 0.0296875 0.05
0 0.6015625 0.20625 0.025 0.04583333333333333
0 0.09192708333333333 0.24097222222222223 0.03593749999999999 0.04583333333333333
0 0.85625 0.22395833333333334 0.0375 0.04375
0 0.5017989309210527 0.7359169407894737 0.0421875 0.04375
0 0.437890625 0.0390625 0.0234375 0.029166666666666667
0 0.49898809523809523 0.01958664021164021 0.025 0.027083333333333334
0 0.355859375 0.09479166666666666 0.028125 0.0375
0 0.5228456439393939 0.010353535353535353 0.0296875 0.01875
0 0.36618303571428573 0.010416666666666666 0.0234375 0.020833333333333332
1 0.57109375 0.13333333333333333 0.0890625 0.1125
1 0.3203125 0.21041666666666667 0.103125 0.09583333333333334
