0 0.27327848451327436 0.42139872173058013 0.0265625 0.0375
0 0.23828125 0.5780223004694836 0.0265625 0.0375
0 0.2434382335680751 0.8549980438184664 0.0265625 0.0375
0 0.19453125 0.8458333333333333 0.0265625 0.0375
0 0.08359375 0.80625 0.0265625 0.0375
0 0.026485475352112674 0.7306240219092331 0.0265625 0.0375
0 0.13515625 0.18958333333333333 0.0265625 0.0375
0 0.21796875 0.1654891304347826 0.0265625 0.0375
0 0.2935075431034483 0.10689655172413794 0.0265625 0.0375
0 0.2841389388489209 0.2180230815347722 0.0265625 0.0375
0 0.3121882335680751 0.3094776995305164 0.0265625 0.0375
0 0.34765625 0.34791666666666665 0.0265625 0.041666666666666664
0 0.5734411678403756 0.888849765258216 0.0265625 0.0375
0 0.6427519869942196 0.5679491811175337 0.0265625 0.0375
0 0.48828125 0.86875 0.0265625 0.0375
0 0.77578125 0.8291666666666667 0.0234375 0.0375
0 0.8476321441093969 0.8422598176718092 0.0265625 0.0375
0 0.8382571441093969 0.9672598176718092 0.0265625 0.0375
0 0.8542787955820478 0.7495032725572698 0.0265625 0.0375
0 0.990625 0.9118055555555556 0.01875 0.041666666666666664
0 0.828125 0.43645833333333334 0.025 0.03958333333333333
0 0.8680370273109244 0.409375 0.025 0.03958333333333333
0 0.605859375 0.11614583333333334 0.0234375 0.035416666666666666
0 0.6703088997695852 0.14480606758832565 0.0265625 0.03333333333333333
0 0.7717123232647815 0.06831619537275065 0.0265625 0.03333333333333333
0 0.7106257335680751 0.6360426447574334 0.0265625 0.03333333333333333
0 0.5909367664319249 0.49155907668231613 0.0265625 0.03333333333333333
0 0.4981257335680751 0.38864436619718307 0.0265625 0.03333333333333333
0 0.014341517857142855 0.2421875 0.0265625 0.03333333333333333
0 0.200625 0.30625 0.028125 0.0375
0 0.7690104166666667 0.6375 0.0265625 0.03333333333333333
0 0.9924002511160716 0.7763253348214285 0.015199497767857117 0.03501674107142859
0 0.6546875 0.5166666666666667 0.025 0.0375
0 0.58828125 0.11875 0.0296875 0.05
0 0.6015625 0.20625 0.025 0.04583333333333333
0 0.23880208333333336 0.5645833333333333 0.0359375 0.04583333333333333
0 0.30625 0.48333333333333334 0.0328125 0.0375
0 0.85625 0.22395833333333334 0.0375 0.04375
0 0.5092619243421053 0.7243078399122808 0.0421875 0.04375
1 0.57109375 0.13333333333333333 0.0890625 0.1125
1 0.3203125 0.21041666666666667 0.103125 0.09583333333333334
