0 0.2714809181415929 0.42779006882989185 0.0265625 0.0375
0 0.23828125 0.5770833333333333 0.0265625 0.0375
0 0.24272472609561752 0.85625 0.0265625 0.0375
0 0.19453125 0.8458333333333333 0.0265625 0.0375
0 0.08359375 0.80625 0.0265625 0.0375
0 0.023397981517509724 0.7387970168612192 0.0265625 0.0375
0 0.13515625 0.18958333333333333 0.0265625 0.0375
0 0.22265625 0.17708333333333334 0.0265625 0.041666666666666664
0 0.27687230603448276 0.1174030172413793 0.0265625 0.037499999999999985
0 0.28340827338129493 0.21899730215827337 0.0265625 0.0375
0 0.3024695889261745 0.3172678970917226 0.0265625 0.0375
0 0.2609375 0.4197916666666667 0.0265625 0.041666666666666664
0 0.5611599751655629 0.9158250551876379 0.0265625 0.0375
0 0.639229588150289 0.57186295761079 0.0265625 0.0375
0 0.48828125 0.86875 0.0265625 0.0375
0 0.97109375 0.971875 0.0234375 0.035416666666666666
0 0.8464925929172511 0.8456784712482469 0.0265625 0.0375
0 0.8371175929172511 0.9706784712482469 0.0265625 0.0375
0 0.8534241321879383 0.7506428237494157 0.0265625 0.0375
0 0.828125 0.43645833333333334 0.025 0.03958333333333333
0 0.8675249474789917 0.409375 0.025 0.03958333333333333
0 0.6671527074898785 0.15822368421052632 0.0265625 0.03333333333333333
0 0.773278839974293 0.0724935732647815 0.0265625 0.03333333333333333
0 0.71015625 0.6354166666666666 0.0265625 0.03333333333333333
0 0.5868009868421052 0.5014254385964912 0.0265625 0.03333333333333333
0 0.49765625 0.40032894736842106 0.0265625 0.03333333333333333
0 0.01328125 0.26875 0.0265625 0.03333333333333333
0 0.32760416666666664 0.4388888888888889 0.028125 0.0375
0 0.75859375 0.48541666666666666 0.0265625 0.03333333333333333
0 0.9910629734848484 0.8041982323232323 0.013328598484848441 0.035416666666666666
0 0.71796875 0.7458333333333333 0.0296875 0.041666666666666664
0 0.58828125 0.11875 0.0296875 0.05
0 0.6015625 0.20625 0.025 0.04583333333333333
0 0.18203125 0.37083333333333335 0.0359375 0.04583333333333333
0 0.85625 0.22395833333333334 0.0375 0.04375
0 0.5052528782894737 0.7305441337719298 0.0421875 0.04375
1 0.57109375 0.13333333333333333 0.0890625 0.1125
1 0.3203125 0.21041666666666667 0.103125 0.09583333333333334
