0 0.26484375 0.4354166666666667 0.0265625 0.0375
0 0.23828125 0.5770833333333333 0.0265625 0.0375
0 0.2400778137450199 0.85625 0.0265625 0.0375
0 0.19453125 0.8458333333333333 0.0265625 0.0375
0 0.08359375 0.80625 0.0265625 0.0375
0 0.13515625 0.18958333333333333 0.0265625 0.0375
0 0.22328125000000001 0.21208333333333332 0.0265625 0.041666666666666664
0 0.21013170811518328 0.18963787085514833 0.026562500000000024 0.0375
0 0.2647786458333333 0.2618055555555555 0.0265625 0.03749999999999997
0 0.2198721590909091 0.3977651515151515 0.0265625 0.0375
0 0.53984375 0.98125 0.0265625 0.0375
0 0.6292069822175732 0.607479079497908 0.0265625 0.0375
0 0.48828125 0.86875 0.0265625 0.0375
0 0.84296875 0.85625 0.0265625 0.0375
0 0.83359375 0.98125 0.0265625 0.0375
0 0.84140625 0.7742647058823529 0.0265625 0.0375
0 0.828125 0.43645833333333334 0.025 0.03958333333333333
0 0.8640625 0.409375 0.025 0.03958333333333333
0 0.628372185334873 0.238669168591224 0.0265625 0.03333333333333333
0 0.73671875 0.14733796296296298 0.0265625 0.03333333333333335
0 0.71015625 0.6354166666666666 0.0265625 0.03333333333333333
0 0.49753807773109243 0.6096463585434173 0.0296875 0.03333333333333333
0 0.45904484832635983 0.46750348675034864 0.0265625 0.03333333333333333
0 0.58828125 0.11875 0.0296875 0.05
0 0.6015625 0.20625 0.025 0.04583333333333333
0 0.85625 0.22395833333333334 0.0375 0.04375
0 0.48592612257281553 0.7583485032362459 0.0421875 0.04375
0 0.7175426136363636 0.9410037878787879 0.0296875 0.03958333333333333
0 0.2192434210526316 0.7711074561403509 0.025 0.03958333333333333
0 0.48212145303326814 0.04987972928897587 0.025 0.027083333333333334
0 0.5095718503937008 0.0286499343832021 0.0296875 0.03125
0 0.35703125 0.06354166666666666 0.0234375 0.027083333333333334
0 0.7953125 0.334375 0.034375 0.03958333333333333
0 0.9735212053571427 0.03540426587301588 0.023939732142857117 0.0353422619047619
1 0.57109375 0.13333333333333333 0.0890625 0.1125
1 0.3203125 0.21041666666666667 0.103125 0.09583333333333334
