0 0.26776225220264316 0.4324981644640235 0.0265625 0.0375
0 0.23828125 0.5770833333333333 0.0265625 0.0375
0 0.24235371015936255 0.85625 0.0265625 0.0375
0 0.19453125 0.8458333333333333 0.0265625 0.0375
0 0.08359375 0.80625 0.0265625 0.0375
0 0.0197744406614786 0.7502715629053178 0.0265625 0.0375
0 0.13515625 0.18958333333333333 0.0265625 0.0375
0 0.228515625 0.18645833333333334 0.0265625 0.041666666666666664
0 0.2608154296875 0.13037109375 0.0265625 0.0375
0 0.28257081834532377 0.2201139088729017 0.0265625 0.0375
0 0.2897254731075697 0.33140770252324037 0.0265625 0.0375
0 0.16354166666666667 0.5284722222222222 0.028125 0.05000000000000006
0 0.547265625 0.946585648148148 0.0265625 0.0375
0 0.6380958686440679 0.579590395480226 0.0265625 0.0375
0 0.48828125 0.86875 0.0265625 0.0375
0 0.8451864919354838 0.8495967741935484 0.0265625 0.0375
0 0.8358114919354838 0.9745967741935484 0.0265625 0.0375
0 0.852444556451613 0.7519489247311828 0.0265625 0.0375
0 0.828125 0.43645833333333334 0.025 0.03958333333333333
0 0.866938025210084 0.409375 0.025 0.03958333333333333
0 0.6633824645748988 0.17456140350877192 0.0265625 0.03333333333333333
0 0.7724366214859437 0.07856425702811244 0.0265625 0.033333333333333326
0 0.71015625 0.6354166666666666 0.0265625 0.03333333333333333
0 0.5785722805343511 0.5192270992366412 0.02661020992366412 0.03333333333333333
0 0.4907253161478599 0.40509079118028535 0.0265625 0.03333333333333333
0 0.0078125 0.2875 0.015625 0.03333333333333333
0 0.4260416666666667 0.41111111111111115 0.028125 0.0375
0 0.74453125 0.24166666666666667 0.0265625 0.03333333333333333
0 0.9798926767676768 0.8355534511784513 0.021559343434343424 0.035416666666666666
0 0.8078125 0.9864583333333333 0.028125 0.022916666666666665
0 0.58828125 0.11875 0.0296875 0.05
0 0.6015625 0.20625 0.025 0.04583333333333333
0 0.07890625 0.15833333333333333 0.0359375 0.04583333333333333
0 0.85625 0.22395833333333334 0.0375 0.04375
0 0.5006578947368421 0.7376918859649123 0.0421875 0.04375
0 0.5000892857142858 0.020565476190476186 0.025 0.02708333333333333
0 0.31450892857142854 0.13720238095238096 0.028125 0.03750000000000001
0 0.52109375 0.0109375 0.0296875 0.01875
0 0.37332589285714285 0.012053571428571429 0.0234375 0.021726190476190475
1 0.57109375 0.13333333333333333 0.0890625 0.1125
1 0.3203125 0.21041666666666667 0.103125 0.09583333333333334
