0 0.2673492566079295 0.43291116005873714 0.0265625 0.0375
0 0.23828125 0.5770833333333333 0.0265625 0.0375
0 0.24231635956175296 0.85625 0.0265625 0.0375
0 0.19453125 0.8458333333333333 0.0265625 0.0375
0 0.08359375 0.80625 0.0265625 0.0375
0 0.0194096546692607 0.7514267185473411 0.0265625 0.0375
0 0.13515625 0.18958333333333333 0.0265625 0.0375
0 0.23000919117647062 0.18676470588235292 0.0265625 0.041666666666666664
0 0.259716796875 0.1318359375 0.0265625 0.0375
0 0.2824865107913669 0.22022631894484412 0.0265625 0.0375
0 0.28851157868525895 0.33302622841965474 0.0265625 0.0375
0 0.16197916666666667 0.5340277777777778 0.028125 0.04999999999999994
0 0.54580078125 0.9494068287037037 0.0265625 0.0375
0 0.6374006885593221 0.5811793785310735 0.0265625 0.0375
0 0.48828125 0.86875 0.0265625 0.0375
0 0.845055005259467 0.849991234221599 0.0265625 0.0375
0 0.835680005259467 0.974991234221599 0.0265625 0.0375
0 0.8523459414446004 0.7520804114071996 0.0265625 0.0375
0 0.828125 0.43645833333333334 0.025 0.03958333333333333
0 0.8668789390756302 0.409375 0.025 0.03958333333333333
0 0.6631324404761905 0.17569444444444443 0.0265625 0.03333333333333333
0 0.7720601154618474 0.07931726907630522 0.0265625 0.033333333333333326
0 0.71015625 0.6354166666666666 0.0265625 0.03333333333333333
0 0.5773198950381679 0.5210162213740458 0.026789122137404586 0.03333333333333333
0 0.48981335116731517 0.40521238651102465 0.0265625 0.03333333333333333
0 0.007109374999999999 0.29281250000000003 0.014218749999999999 0.0339583333333333
0 0.4388671875 0.40859375 0.028125 0.0375
0 0.7390625 0.21666666666666667 0.0265625 0.03333333333333333
0 0.9787681502525253 0.8387100168350169 0.022387941919192043 0.035416666666666666
0 0.58828125 0.11875 0.0296875 0.05
0 0.6015625 0.20625 0.025 0.04583333333333333
0 0.08359375 0.14270833333333333 0.0296875 0.03958333333333333
0 0.85625 0.22395833333333334 0.0375 0.04375
0 0.5001953125 0.7384114583333333 0.0421875 0.04375
0 0.5005357142857143 0.020962301587301592 0.025 0.027083333333333338
0 0.303125 0.16666666666666666 0.028125 0.0375
0 0.5203835227272727 0.011174242424242423 0.0296875 0.01875
0 0.37265625 0.01328125 0.0234375 0.022395833333333334
1 0.57109375 0.13333333333333333 0.0890625 0.1125
1 0.3203125 0.21041666666666667 0.103125 0.09583333333333334
