0 0.26484375 0.4354166666666667 0.0265625 0.0375
0 0.23828125 0.5770833333333333 0.0265625 0.0375
0 0.24059823207171313 0.85625 0.0265625 0.0375
0 0.19453125 0.8458333333333333 0.0265625 0.0375
0 0.08359375 0.80625 0.0265625 0.0375
0 0.13515625 0.18958333333333333 0.0265625 0.0375
0 0.29765625 0.21354166666666666 0.0265625 0.041666666666666664
0 0.22549838362068964 0.17307830459770115 0.0265625 0.0375
0 0.2692325367647059 0.24702818627450981 0.0265625 0.0375
0 0.23253906249999998 0.3838020833333333 0.0265625 0.0375
0 0.5387639549780381 0.9798102733040507 0.0265625 0.0375
0 0.6314649163568773 0.6114931846344486 0.0265625 0.0375
0 0.48828125 0.86875 0.0265625 0.0375
0 0.84296875 0.85625 0.0265625 0.0375
0 0.83359375 0.98125 0.0265625 0.0375
0 0.8390969669117647 0.7541666666666667 0.0265625 0.0375
0 0.828125 0.43645833333333334 0.025 0.03958333333333333
0 0.8641609768907562 0.409375 0.025 0.03958333333333333
0 0.6306347430715935 0.23665800615858354 0.0265625 0.03333333333333333
0 0.7545836975524476 0.11541375291375292 0.0265625 0.03333333333333333
0 0.71015625 0.6354166666666666 0.0265625 0.03333333333333333
0 0.5161732456140351 0.6008954678362574 0.0296875 0.03333333333333333
0 0.4610394021739131 0.4502415458937198 0.0265625 0.03333333333333333
0 0.9205057123655914 0.9828517025089606 0.02360551075268802 0.03429659498207881
0 0.58828125 0.11875 0.0296875 0.05
0 0.6015625 0.20625 0.025 0.04583333333333333
0 0.85625 0.22395833333333334 0.0375 0.04375
0 0.48870031856796114 0.7546495752427185 0.0421875 0.04375
0 0.86015625 0.7609375 0.0296875 0.03958333333333333
0 0.13839285714285715 0.8924107142857143 0.025 0.03958333333333333
0 0.13125 0.90625 0.03125 0.03958333333333333
0 0.48403864970645794 0.0473234670580561 0.025 0.027083333333333334
0 0.5082861712598425 0.025221456692913386 0.0296875 0.03125
0 0.35703125 0.06354166666666666 0.0234375 0.027083333333333334
0 0.7315104166666667 0.08055555555555555 0.0296875 0.033333333333333326
0 0.9840178571428572 0.019335317460317462 0.021607142857142846 0.02601190476190476
1 0.57109375 0.13333333333333333 0.0890625 0.1125
1 0.3203125 0.21041666666666667 0.103125 0.09583333333333334
