0 0.26484375 0.4354166666666667 0.0265625 0.0375
0 0.23828125 0.5770833333333333 0.0265625 0.0375
0 0.24139006474103586 0.85625 0.0265625 0.0375
0 0.19453125 0.8458333333333333 0.0265625 0.0375
0 0.08359375 0.80625 0.0265625 0.0375
0 0.006168323863636364 0.7889630681818182 0.012336647727272727 0.03146780303030307
0 0.13515625 0.18958333333333333 0.0265625 0.0375
0 0.31140625 0.23583333333333334 0.0265625 0.041666666666666664
0 0.24221875 0.1624 0.0265625 0.0375
0 0.28000256147540986 0.2238934426229508 0.0265625 0.0375
0 0.25338323744769875 0.3679306136680614 0.0265625 0.0375
0 0.5358539989019033 0.9759303318692044 0.0265625 0.0375
0 0.6286942379182155 0.6065675340768277 0.0265625 0.0375
0 0.48828125 0.86875 0.0265625 0.0375
0 0.84296875 0.85625 0.0265625 0.0375
0 0.83359375 0.98125 0.0265625 0.0375
0 0.8473173253676471 0.7541666666666667 0.0265625 0.0375
0 0.828125 0.43645833333333334 0.025 0.03958333333333333
0 0.8654136029411765 0.409375 0.025 0.03958333333333333
0 0.6486216971544716 0.2206978319783198 0.0265625 0.03333333333333333
0 0.762722766064257 0.09799196787148595 0.0265625 0.03333333333333333
0 0.71015625 0.6354166666666666 0.0265625 0.03333333333333333
0 0.5459024234693878 0.5758645124716554 0.0296875 0.03333333333333333
0 0.47193191225165565 0.42308222958057395 0.0265625 0.03333333333333333
0 0.7307291666666667 0.43194444444444446 0.028125 0.0375
0 0.9540945030120482 0.9191892570281124 0.0234375 0.035416666666666666
0 0.58828125 0.11875 0.0296875 0.05
0 0.6015625 0.20625 0.025 0.04583333333333333
0 0.85625 0.22395833333333334 0.0375 0.04375
0 0.77734375 0.025 0.0296875 0.03333333333333333
0 0.49292134405339805 0.7490215412621359 0.0421875 0.04375
0 0.97265625 0.31388888888888894 0.0265625 0.040277777777777794
0 0.49368556701030925 0.03763960481099657 0.025 0.027083333333333338
0 0.50703125 0.01838235294117647 0.0296875 0.02426470588235294
0 0.36168850806451613 0.0457997311827957 0.0234375 0.027083333333333334
1 0.57109375 0.13333333333333333 0.0890625 0.1125
1 0.3203125 0.21041666666666667 0.103125 0.09583333333333334
