0 0.26484375 0.4354166666666667 0.0265625 0.0375
0 0.23828125 0.5770833333333333 0.0265625 0.0375
0 0.24206984561752987 0.85625 0.0265625 0.0375
0 0.19453125 0.8458333333333333 0.0265625 0.0375
0 0.08359375 0.80625 0.0265625 0.0375
0 0.017002067120622567 0.7590507457846951 0.0265625 0.0375
0 0.13515625 0.18958333333333333 0.0265625 0.0375
0 0.25234375 0.21041666666666667 0.0265625 0.041666666666666664
0 0.2524658203125 0.14150390625 0.0265625 0.0375
0 0.2819300809352518 0.22096822541966427 0.0265625 0.0375
0 0.280499875498008 0.3437084993359894 0.0265625 0.0375
0 0.1171875 0.5208333333333334 0.028125 0.05
0 0.5361328125 0.9680266203703703 0.0265625 0.0375
0 0.6328125 0.5916666666666667 0.0265625 0.0375
0 0.48828125 0.86875 0.0265625 0.0375
0 0.8441871931977559 0.8525946704067322 0.0265625 0.0375
0 0.8348121931977559 0.9775946704067322 0.0265625 0.0375
0 0.8516950823983169 0.7529482234689108 0.0265625 0.0375
0 0.828125 0.43645833333333334 0.025 0.03958333333333333
0 0.8664889705882353 0.409375 0.025 0.03958333333333333
0 0.6617931547619047 0.18194444444444444 0.0265625 0.03333333333333333
0 0.7695751757028113 0.08428714859437751 0.0265625 0.03333333333333333
0 0.71015625 0.6354166666666666 0.0265625 0.03333333333333333
0 0.5690541507633589 0.5328244274809161 0.027969942748091635 0.033333333333333395
0 0.48379438229571986 0.406014915693904 0.0265625 0.03333333333333333
0 0.5578125 0.509375 0.028125 0.0375
0 0.70703125 0.09791666666666667 0.0265625 0.03333333333333333
0 0.9758377259036145 0.8567645582329317 0.0234375 0.035416666666666666
0 0.58828125 0.11875 0.0296875 0.05
0 0.6015625 0.20625 0.025 0.04583333333333333
0 0.85625 0.22395833333333334 0.0375 0.04375
0 0.95859375 0.275 0.0390625 0.041666666666666664
0 0.4971422697368421 0.7431606359649123 0.0421875 0.04375
0 0.5034821428571429 0.023581349206349207 0.025 0.027083333333333334
0 0.1609375 0.26805555555555555 0.028125 0.03749999999999997
0 0.5156960227272728 0.012736742424242423 0.0296875 0.01875
0 0.36823660714285716 0.02138392857142857 0.0234375 0.026815476190476188
1 0.57109375 0.13333333333333333 0.0890625 0.1125
1 0.3203125 0.21041666666666667 0.103125 0.09583333333333334
