0 0.2678723843612335 0.4323880323054332 0.0265625 0.0375
0 0.23828125 0.5770833333333333 0.0265625 0.0375
0 0.24236367031872508 0.85625 0.0265625 0.0375
0 0.19453125 0.8458333333333333 0.0265625 0.0375
0 0.08359375 0.80625 0.0265625 0.0375
0 0.019871716926070038 0.7499635214007782 0.0265625 0.0375
0 0.13515625 0.18958333333333333 0.0265625 0.0375
0 0.22799479166666664 0.18506944444444443 0.0265625 0.041666666666666664
0 0.2611083984375 0.12998046875 0.0265625 0.0375
0 0.2825933003597122 0.22008393285371702 0.0265625 0.0375
0 0.29004917828685256 0.3309760956175299 0.0265625 0.0375
0 0.165625 0.5220833333333333 0.028125 0.04833333333333331
0 0.54765625 0.9458333333333333 0.0265625 0.0375
0 0.63828125 0.5791666666666667 0.0265625 0.0375
0 0.48828125 0.86875 0.0265625 0.0375
0 0.8452215550490884 0.849491584852735 0.0265625 0.0375
0 0.8358465550490883 0.974491584852735 0.0265625 0.0375
0 0.8524708537868163 0.7519138616175783 0.0265625 0.0375
0 0.828125 0.43645833333333334 0.025 0.03958333333333333
0 0.866953781512605 0.409375 0.025 0.03958333333333333
0 0.6634836791497976 0.17412280701754387 0.0265625 0.03333333333333333
0 0.7725370230923695 0.07836345381526105 0.0265625 0.03333333333333334
0 0.71015625 0.6354166666666666 0.0265625 0.03333333333333333
0 0.57890625 0.51875 0.0265625 0.03333333333333333
0 0.49096850680933846 0.40505836575875487 0.0265625 0.03333333333333333
0 0.0078125 0.2875 0.015625 0.03333333333333333
0 0.425 0.42083333333333334 0.028125 0.0375
0 0.7513020833333333 0.2486111111111111 0.0265625 0.03333333333333333
0 0.9801925505050505 0.8347117003367004 0.021338383838383733 0.035416666666666666
0 0.58828125 0.11875 0.0296875 0.05
0 0.6015625 0.20625 0.025 0.04583333333333333
0 0.08671875 0.16458333333333333 0.0359375 0.04583333333333333
0 0.85625 0.22395833333333334 0.0375 0.04375
0 0.50078125 0.7375 0.0421875 0.04375
0 0.4999702380952381 0.020459656084656084 0.025 0.027083333333333334
0 0.31796875 0.134375 0.028125 0.0375
0 0.5212831439393939 0.010874368686868686 0.0296875 0.01875
0 0.37350446428571427 0.011726190476190477 0.0234375 0.021547619047619048
1 0.57109375 0.13333333333333333 0.0890625 0.1125
1 0.3203125 0.21041666666666667 0.103125 0.09583333333333334
