0 0.26484375 0.4354166666666667 0.0265625 0.0375
0 0.23828125 0.5770833333333333 0.0265625 0.0375
0 0.24181088147410357 0.85625 0.0265625 0.0375
0 0.19453125 0.8458333333333333 0.0265625 0.0375
0 0.08359375 0.80625 0.0265625 0.0375
0 0.014472884241245137 0.7670598249027237 0.0265625 0.0375
0 0.13515625 0.18958333333333333 0.0265625 0.0375
0 0.287890625 0.24166666666666667 0.0265625 0.041666666666666664
0 0.24573958333333334 0.15113333333333331 0.0265625 0.0375
0 0.28134554856115107 0.22174760191846524 0.0265625 0.0375
0 0.2728892543859649 0.35504385964912283 0.0265625 0.0375
0 0.03125 0.5770833333333333 0.028125 0.05
0 0.5343075128111273 0.9738683504148364 0.0265625 0.0375
0 0.6279925847457627 0.602683615819209 0.0265625 0.0375
0 0.48828125 0.86875 0.0265625 0.0375
0 0.8432755522440394 0.8553295932678822 0.0265625 0.0375
0 0.8339005522440394 0.9803295932678822 0.0265625 0.0375
0 0.8510113516830294 0.7538598644226274 0.0265625 0.0375
0 0.828125 0.43645833333333334 0.025 0.03958333333333333
0 0.8660793067226891 0.409375 0.025 0.03958333333333333
0 0.6603862283549783 0.18851010101010102 0.0265625 0.03333333333333333
0 0.7669647339357429 0.08950803212851405 0.0265625 0.03333333333333333
0 0.71015625 0.6354166666666666 0.0265625 0.03333333333333333
0 0.5603709446564886 0.5452290076335877 0.02921040076335881 0.03333333333333333
0 0.4789269453642384 0.4114238410596026 0.0265625 0.03333333333333333
0 0.653125 0.5520833333333334 0.028125 0.0375
0 0.60390625 0.058333333333333334 0.0265625 0.03333333333333333
0 0.9707126524390244 0.8735518292682927 0.0234375 0.035416666666666666
0 0.58828125 0.11875 0.0296875 0.05
0 0.6015625 0.20625 0.025 0.04583333333333333
0 0.85625 0.22395833333333334 0.0375 0.04375
0 0.88703125 0.215625 0.0328125 0.04375
0 0.4951645934466019 0.7460305420711975 0.0421875 0.04375
0 0.5054821735395189 0.026750429553264603 0.025 0.027083333333333334
0 0.01484375 0.27395833333333336 0.0296875 0.03958333333333333
0 0.5107717803030303 0.014378156565656568 0.0296875 0.01875
0 0.3656636424731183 0.03065636200716846 0.0234375 0.027083333333333334
1 0.57109375 0.13333333333333333 0.0890625 0.1125
1 0.3203125 0.21041666666666667 0.103125 0.09583333333333334
