0 0.26484375 0.4354166666666667 0.0265625 0.0375
0 0.23828125 0.5770833333333333 0.0265625 0.0375
0 0.24174116035856574 0.85625 0.0265625 0.0375
0 0.19453125 0.8458333333333333 0.0265625 0.0375
0 0.08359375 0.80625 0.0265625 0.0375
0 0.013791950389105056 0.7692161154345006 0.0265625 0.0375
0 0.13515625 0.18958333333333333 0.0265625 0.0375
0 0.2946875 0.24250000000000002 0.0265625 0.041666666666666664
0 0.24515625000000002 0.153 0.0265625 0.0375
0 0.28118817446043165 0.2219574340527578 0.0265625 0.0375
0 0.27097039473684215 0.3581140350877193 0.0265625 0.0375
0 0.01416015625 0.546484375 0.0251953125 0.05130208333333333
0 0.5345637353587116 0.9742099804782821 0.0265625 0.0375
0 0.6274657295539033 0.6043835192069392 0.0265625 0.0375
0 0.48828125 0.86875 0.0265625 0.0375
0 0.8430301104488078 0.8560659186535765 0.0265625 0.0375
0 0.8336551104488079 0.9810659186535765 0.0265625 0.0375
0 0.8508272703366059 0.7541053062178589 0.0265625 0.0375
0 0.828125 0.43645833333333334 0.025 0.03958333333333333
0 0.8659690126050419 0.409375 0.025 0.03958333333333333
0 0.6598958333333333 0.1923611111111111 0.0265625 0.03333333333333333
0 0.7662619226907631 0.0909136546184739 0.0265625 0.03333333333333333
0 0.71015625 0.6354166666666666 0.0265625 0.03333333333333333
0 0.5580331583969466 0.5485687022900764 0.029544370229007643 0.033333333333333395
0 0.4777680049668874 0.413355408388521 0.0265625 0.03333333333333333
0 0.6640625 0.525 0.028125 0.0375
0 0.5716145833333333 0.028472222222222225 0.0265625 0.03333333333333333
0 0.966796875 0.8802083333333334 0.0234375 0.035416666666666666
0 0.58828125 0.11875 0.0296875 0.05
0 0.6015625 0.20625 0.025 0.04583333333333333
0 0.85625 0.22395833333333334 0.0375 0.04375
0 0.8815104166666666 0.17534722222222224 0.0328125 0.04375
0 0.4947929308252427 0.7465260922330097 0.0421875 0.04375
0 0.503527706185567 0.02855455326460481 0.025 0.027083333333333334
0 0.5094460227272728 0.014820075757575758 0.0296875 0.01875
0 0.36500504032258063 0.03316532258064517 0.0234375 0.027083333333333338
1 0.57109375 0.13333333333333333 0.0890625 0.1125
1 0.3203125 0.21041666666666667 0.103125 0.09583333333333334
