0 0.26484375 0.4354166666666667 0.0265625 0.0375
0 0.23828125 0.5770833333333333 0.0265625 0.0375
0 0.23993588147410358 0.85625 0.0265625 0.0375
0 0.19453125 0.8458333333333333 0.0265625 0.0375
0 0.08359375 0.80625 0.0265625 0.0375
0 0.13515625 0.18958333333333333 0.0265625 0.0375
0 0.20598958333333334 0.24583333333333332 0.026562500000000024 0.041666666666666664
0 0.2073339332460733 0.19585514834205933 0.0265625 0.0375
0 0.26106770833333337 0.26972222222222225 0.0265625 0.0375
0 0.21612799657534248 0.4024543378995434 0.0265625 0.0375
0 0.53984375 0.98125 0.0265625 0.0375
0 0.6280890428870293 0.6054916317991632 0.0265625 0.0375
0 0.48828125 0.86875 0.0265625 0.0375
0 0.84296875 0.85625 0.0265625 0.0375
0 0.83359375 0.98125 0.0265625 0.0375
0 0.84140625 0.78125 0.0265625 0.0375
0 0.828125 0.43645833333333334 0.025 0.03958333333333333
0 0.8640625 0.409375 0.025 0.03958333333333333
0 0.6277551241339492 0.23921766743648962 0.0265625 0.03333333333333333
0 0.73671875 0.15393518518518517 0.0265625 0.03333333333333333
0 0.71015625 0.6354166666666666 0.0265625 0.03333333333333333
0 0.4919248949579832 0.6126400560224089 0.0296875 0.03333333333333333
0 0.4586722018828452 0.4719752440725244 0.0265625 0.03333333333333333
0 0.58828125 0.11875 0.0296875 0.05
0 0.6015625 0.20625 0.025 0.04583333333333333
0 0.85625 0.22395833333333334 0.0375 0.04375
0 0.4851695236650485 0.7593573017799353 0.0421875 0.04375
0 0.688014481707317 0.9709095528455285 0.0296875 0.03958333333333333
0 0.19232047872340424 0.7101728723404256 0.025 0.03958333333333333
0 0.48159858121330723 0.05057689171559034 0.025 0.027083333333333334
0 0.5099224901574803 0.02958497375328084 0.0296875 0.03125
0 0.35703125 0.06354166666666666 0.0234375 0.027083333333333334
0 0.778125 0.3927083333333333 0.034375 0.03958333333333333
0 0.9706584821428571 0.03978670634920635 0.02457589285714281 0.037886904761904754
1 0.57109375 0.13333333333333333 0.0890625 0.1125
1 0.3203125 0.21041666666666667 0.103125 0.09583333333333334
