0 0.2734167588495575 0.4209070796460177 0.0265625 0.0375
0 0.23828125 0.5783157276995305 0.0265625 0.0375
0 0.2435849471830986 0.8546068075117371 0.0265625 0.0375
0 0.19453125 0.8458333333333333 0.0265625 0.0375
0 0.08359375 0.80625 0.0265625 0.0375
0 0.026705545774647888 0.7304284037558685 0.0265625 0.0375
0 0.13515625 0.18958333333333333 0.0265625 0.0375
0 0.21796875 0.1641304347826087 0.0265625 0.0375
0 0.29476562500000003 0.1061111111111111 0.0265625 0.0375
0 0.2841951438848921 0.21794814148681055 0.0265625 0.0375
0 0.3123349471830986 0.30918427230046946 0.0265625 0.0375
0 0.35911458333333335 0.3222222222222222 0.0265625 0.041666666666666664
0 0.574174735915493 0.887969483568075 0.0265625 0.0375
0 0.6430229407514452 0.5676481213872832 0.0265625 0.0375
0 0.48828125 0.86875 0.0265625 0.0375
0 0.7518229166666667 0.8041666666666667 0.0234375 0.0375
0 0.847719801893408 0.8419968443197755 0.0265625 0.0375
0 0.8383448018934081 0.9669968443197755 0.0265625 0.0375
0 0.8543445389200561 0.7494156147732586 0.0265625 0.0375
0 0.828125 0.43645833333333334 0.025 0.03958333333333333
0 0.8680764180672268 0.409375 0.025 0.03958333333333333
0 0.63046875 0.096875 0.0234375 0.035416666666666666
0 0.67052491359447 0.14394201228878648 0.0265625 0.03333333333333333
0 0.7715918219794344 0.06799485861182518 0.0265625 0.033333333333333326
0 0.7107724471830986 0.6362382629107981 0.0265625 0.03333333333333333
0 0.5907900528169014 0.4908744131455399 0.0265625 0.03333333333333333
0 0.4982724471830986 0.38835093896713613 0.0265625 0.03333333333333333
0 0.0125 0.61875 0.021875 0.0375
0 0.014527529761904762 0.2404513888888889 0.0265625 0.03333333333333333
0 0.1984375 0.2841666666666667 0.028125 0.0375
0 0.77265625 0.6520833333333333 0.0265625 0.03333333333333333
0 0.9920863560267857 0.7759068080357143 0.015827287946428646 0.03492373511904757
0 0.64921875 0.509375 0.025 0.03333333333333333
0 0.58828125 0.11875 0.0296875 0.05
0 0.6015625 0.20625 0.025 0.04583333333333333
0 0.24765625 0.5722222222222223 0.0359375 0.04583333333333333
0 0.33984375 0.5083333333333333 0.0328125 0.0375
0 0.85625 0.22395833333333334 0.0375 0.04375
0 0.5095703125 0.723828125 0.0421875 0.04375
1 0.57109375 0.13333333333333333 0.0890625 0.1125
1 0.3203125 0.21041666666666667 0.103125 0.09583333333333334
