0 0.26484375 0.4354166666666667 0.0265625 0.0375
0 0.23828125 0.5770833333333333 0.0265625 0.0375
0 0.24132283366533866 0.85625 0.0265625 0.0375
0 0.19453125 0.8458333333333333 0.0265625 0.0375
0 0.08359375 0.80625 0.0265625 0.0375
0 0.0060724431818181815 0.7919034090909091 0.012144886363636363 0.03172348484848489
0 0.13515625 0.18958333333333333 0.0265625 0.0375
0 0.31171875 0.23541666666666666 0.0265625 0.041666666666666664
0 0.24165625 0.1642 0.0265625 0.0375
0 0.2790343237704918 0.22592213114754098 0.0265625 0.0375
0 0.25144155334728036 0.36910739191073916 0.0265625 0.0375
0 0.5361010706442167 0.9762597608589556 0.0265625 0.0375
0 0.6289294842007436 0.6069857496902107 0.0265625 0.0375
0 0.48828125 0.86875 0.0265625 0.0375
0 0.84296875 0.85625 0.0265625 0.0375
0 0.83359375 0.98125 0.0265625 0.0375
0 0.8466193704044118 0.7541666666666667 0.0265625 0.0375
0 0.828125 0.43645833333333334 0.025 0.03958333333333333
0 0.8653072478991597 0.409375 0.025 0.03958333333333333
0 0.6469067581300812 0.2238990514905149 0.0265625 0.03333333333333333
0 0.7620450552208835 0.09934738955823293 0.0265625 0.03333333333333333
0 0.71015625 0.6354166666666666 0.0265625 0.03333333333333333
0 0.5424585459183674 0.5789257369614513 0.0296875 0.03333333333333333
0 0.4708143625827814 0.4249448123620309 0.0265625 0.03333333333333333
0 0.7765625 0.4354166666666667 0.028125 0.0375
0 0.9516612787356322 0.9254789272030651 0.0234375 0.035416666666666666
0 0.58828125 0.11875 0.0296875 0.05
0 0.6015625 0.20625 0.025 0.04583333333333333
0 0.85625 0.22395833333333334 0.0375 0.04375
0 0.76015625 0.016666666666666666 0.0296875 0.03333333333333333
0 0.4925629550970874 0.7494993932038835 0.0421875 0.04375
0 0.96 0.358125 0.028125 0.04375
0 0.4918009020618556 0.039379295532646054 0.025 0.027083333333333338
0 0.50703125 0.019209558823529413 0.0296875 0.025919117647058825
0 0.3610534274193548 0.048219086021505375 0.0234375 0.027083333333333334
1 0.57109375 0.13333333333333333 0.0890625 0.1125
1 0.3203125 0.21041666666666667 0.103125 0.09583333333333334
