0 0.26767965308370045 0.4325807635829662 0.0265625 0.0375
0 0.23828125 0.5770833333333333 0.0265625 0.0375
0 0.24234624003984062 0.85625 0.0265625 0.0375
0 0.19453125 0.8458333333333333 0.0265625 0.0375
0 0.08359375 0.80625 0.0265625 0.0375
0 0.01970148346303502 0.7505025940337224 0.0265625 0.0375
0 0.13515625 0.18958333333333333 0.0265625 0.0375
0 0.22890625 0.1875 0.0265625 0.041666666666666664
0 0.260595703125 0.1306640625 0.0265625 0.0375
0 0.2825539568345324 0.22013639088729017 0.0265625 0.0375
0 0.2894826942231076 0.33173140770252324 0.0265625 0.0375
0 0.16484375 0.528125 0.028125 0.05
0 0.54697265625 0.9471498842592593 0.0265625 0.0375
0 0.6379568326271187 0.5799081920903955 0.0265625 0.0375
0 0.48828125 0.86875 0.0265625 0.0375
0 0.8451601946002805 0.8496756661991586 0.0265625 0.0375
0 0.8357851946002806 0.9746756661991586 0.0265625 0.0375
0 0.8524248334502105 0.7519752220663862 0.0265625 0.0375
0 0.828125 0.43645833333333334 0.025 0.03958333333333333
0 0.8669262079831933 0.409375 0.025 0.03958333333333333
0 0.6633065536437247 0.17489035087719298 0.0265625 0.03333333333333333
0 0.7723613202811246 0.078714859437751 0.0265625 0.03333333333333333
0 0.71015625 0.6354166666666666 0.0265625 0.03333333333333333
0 0.5783218034351145 0.5195849236641222 0.02664599236641223 0.033333333333333395
0 0.49054292315175096 0.40511511024643315 0.0265625 0.03333333333333333
0 0.007671875 0.2885625 0.01534375 0.03345833333333334
0 0.428125 0.41458333333333336 0.028125 0.0375
0 0.74765625 0.23541666666666666 0.0265625 0.03333333333333333
0 0.9796677714646466 0.8361847643097644 0.02172506313131315 0.035416666666666666
0 0.828125 0.9880208333333333 0.028125 0.021875
0 0.58828125 0.11875 0.0296875 0.05
0 0.6015625 0.20625 0.025 0.04583333333333333
0 0.05796875 0.16 0.0359375 0.04583333333333333
0 0.85625 0.22395833333333334 0.0375 0.04375
0 0.5005653782894737 0.7378358004385964 0.0421875 0.04375
0 0.5001785714285714 0.020644841269841268 0.025 0.02708333333333333
0 0.30580357142857145 0.13988095238095238 0.028125 0.037499999999999985
0 0.5209517045454546 0.010984848484848486 0.0296875 0.01875
0 0.37319196428571433 0.012299107142857143 0.0234375 0.02186011904761905
1 0.57109375 0.13333333333333333 0.0890625 0.1125
1 0.3203125 0.21041666666666667 0.103125 0.09583333333333334
