0 0.26484375 0.4354166666666667 0.0265625 0.0375
0 0.23828125 0.5770833333333333 0.0265625 0.0375
0 0.24039902888446213 0.85625 0.0265625 0.0375
0 0.19453125 0.8458333333333333 0.0265625 0.0375
0 0.08359375 0.80625 0.0265625 0.0375
0 0.13515625 0.18958333333333333 0.0265625 0.0375
0 0.2834201388888889 0.20555555555555557 0.0265625 0.041666666666666664
0 0.21795528017241378 0.17738864942528737 0.0265625 0.0375
0 0.26831341911764706 0.2507046568627451 0.0265625 0.0375
0 0.22802734375 0.3873697916666667 0.0265625 0.0375
0 0.5394960193997071 0.9807863591996095 0.0265625 0.0375
0 0.6317370554393306 0.6119769874476988 0.0265625 0.0375
0 0.48828125 0.86875 0.0265625 0.0375
0 0.84296875 0.85625 0.0265625 0.0375
0 0.83359375 0.98125 0.0265625 0.0375
0 0.8370289522058825 0.7541666666666667 0.0265625 0.0375
0 0.828125 0.43645833333333334 0.025 0.03958333333333333
0 0.8640625 0.409375 0.025 0.03958333333333333
0 0.6297686922632795 0.23742782909930715 0.0265625 0.03333333333333333
0 0.7515974813432835 0.12419154228855721 0.0265625 0.03333333333333333
0 0.71015625 0.6354166666666666 0.0265625 0.03333333333333333
0 0.5102415966386554 0.6028711484593837 0.0296875 0.03333333333333333
0 0.4598882060669456 0.4573831938633194 0.0265625 0.03333333333333333
0 0.9110971102150538 0.991812275985663 0.026293682795698815 0.016375448028673863
0 0.58828125 0.11875 0.0296875 0.05
0 0.6015625 0.20625 0.025 0.04583333333333333
0 0.85625 0.22395833333333334 0.0375 0.04375
0 0.48763842536407764 0.7560654328478964 0.0421875 0.04375
0 0.8120028409090908 0.8504734848484848 0.029687499999999912 0.03958333333333333
0 0.1803768382352941 0.8495710784313726 0.025 0.03958333333333333
0 0.03828125 0.853125 0.03125 0.03958333333333333
0 0.483304794520548 0.04830194063926941 0.025 0.027083333333333334
0 0.5087782972440944 0.026533792650918635 0.0296875 0.03125
0 0.35703125 0.06354166666666666 0.0234375 0.027083333333333334
0 0.7825520833333333 0.1670138888888889 0.0234375 0.03958333333333333
0 0.9800000000000001 0.025486111111111112 0.022499999999999964 0.02958333333333334
1 0.57109375 0.13333333333333333 0.0890625 0.1125
1 0.3203125 0.21041666666666667 0.103125 0.09583333333333334
