0 0.26484375 0.4354166666666667 0.0265625 0.0375
0 0.23828125 0.5770833333333333 0.0265625 0.0375
0 0.2398786105577689 0.85625 0.0265625 0.0375
0 0.19453125 0.8458333333333333 0.0265625 0.0375
0 0.08359375 0.80625 0.0265625 0.0375
0 0.13515625 0.18958333333333333 0.0265625 0.0375
0 0.19203125000000001 0.25833333333333336 0.0265625 0.041666666666666664
0 0.2062050065445026 0.19836387434554975 0.02656249999999998 0.0375
0 0.2595703125 0.27291666666666664 0.0265625 0.0375
0 0.21484375 0.4041666666666667 0.0265625 0.0375
0 0.53984375 0.98125 0.0265625 0.0375
0 0.6276379445606695 0.6046896792189679 0.0265625 0.0375
0 0.48828125 0.86875 0.0265625 0.0375
0 0.84296875 0.85625 0.0265625 0.0375
0 0.83359375 0.98125 0.0265625 0.0375
0 0.84140625 0.78125 0.0265625 0.0375
0 0.828125 0.43645833333333334 0.025 0.03958333333333333
0 0.8640625 0.409375 0.025 0.03958333333333333
0 0.6275061345265589 0.23943899153194764 0.0265625 0.03333333333333333
0 0.73671875 0.15659722222222222 0.0265625 0.03333333333333333
0 0.71015625 0.6354166666666666 0.0265625 0.03333333333333333
0 0.4896599264705882 0.6138480392156862 0.0296875 0.03333333333333333
0 0.45859375 0.47291666666666665 0.0265625 0.03333333333333333
0 0.58828125 0.11875 0.0296875 0.05
0 0.6015625 0.20625 0.025 0.04583333333333333
0 0.85625 0.22395833333333334 0.0375 0.04375
0 0.48515625 0.759375 0.0421875 0.04375
0 0.67392578125 0.9776041666666667 0.0291015625 0.036458333333333336
0 0.18467420212765956 0.7122118794326241 0.025 0.03958333333333333
0 0.4813875978473582 0.05085820287018917 0.025 0.027083333333333334
0 0.5100639763779528 0.029962270341207346 0.0296875 0.031249999999999997
0 0.35703125 0.06354166666666666 0.0234375 0.027083333333333334
0 0.7973958333333334 0.4114583333333333 0.034375000000000086 0.03958333333333333
0 0.9695033482142857 0.04155505952380952 0.024832589285714236 0.03891369047619047
1 0.57109375 0.13333333333333333 0.0890625 0.1125
1 0.3203125 0.21041666666666667 0.103125 0.09583333333333334
