0 0.26941423458149777 0.4308461820851689 0.0265625 0.0375
0 0.23828125 0.5770833333333333 0.0265625 0.0375
0 0.2425031125498008 0.85625 0.0265625 0.0375
0 0.19453125 0.8458333333333333 0.0265625 0.0375
0 0.08359375 0.80625 0.0265625 0.0375
0 0.021233584630350195 0.7456509403372243 0.0265625 0.0375
0 0.13515625 0.18958333333333333 0.0265625 0.0375
0 0.22109375 0.18229166666666666 0.0265625 0.041666666666666664
0 0.26548356681034485 0.12459590517241378 0.0265625 0.0375
0 0.2829080485611511 0.21966426858513188 0.0265625 0.0375
0 0.29458105079681274 0.324933598937583 0.0265625 0.0375
0 0.2053125 0.5120833333333333 0.028125 0.04583333333333333
0 0.5528714817880795 0.9342439293598234 0.0265625 0.0375
0 0.63828125 0.5759848484848485 0.0265625 0.0375
0 0.48828125 0.86875 0.0265625 0.0375
0 0.8457124386395511 0.8480189340813464 0.0265625 0.0375
0 0.8363374386395511 0.9730189340813464 0.0265625 0.0375
0 0.8528390164796633 0.7514229780271154 0.0265625 0.0375
0 0.828125 0.43645833333333334 0.025 0.03958333333333333
0 0.8671743697478991 0.409375 0.025 0.03958333333333333
0 0.6649006831983806 0.16798245614035087 0.0265625 0.03333333333333333
0 0.7739426455823293 0.07555220883534136 0.0265625 0.03333333333333333
0 0.71015625 0.6354166666666666 0.0265625 0.03333333333333333
0 0.5820880681818182 0.5113257575757576 0.0265625 0.03333333333333333
0 0.49437317607003894 0.40460440985732815 0.0265625 0.03333333333333333
0 0.009194078947368421 0.2827631578947368 0.018388157894736842 0.03333333333333333
0 0.4005208333333333 0.4701388888888889 0.028124999999999956 0.0375
0 0.78671875 0.325 0.0265625 0.03333333333333333
0 0.9843907828282829 0.8229271885521886 0.01824494949494948 0.035416666666666666
0 0.7908854166666666 0.90625 0.03906249999999991 0.041666666666666664
0 0.58828125 0.11875 0.0296875 0.05
0 0.6015625 0.20625 0.025 0.04583333333333333
0 0.11953125 0.25833333333333336 0.0359375 0.04583333333333333
0 0.85625 0.22395833333333334 0.0375 0.04375
0 0.5025082236842106 0.7348135964912281 0.0421875 0.04375
0 0.39578125000000003 0.09041666666666666 0.0234375 0.029166666666666667
0 0.4983035714285714 0.0189781746031746 0.025 0.027083333333333334
0 0.382421875 0.04869791666666667 0.028125 0.0375
0 0.5239346590909091 0.009990530303030301 0.0296875 0.01875
1 0.57109375 0.13333333333333333 0.0890625 0.1125
1 0.3203125 0.21041666666666667 0.103125 0.09583333333333334
