0 0.26484375 0.4354166666666667 0.0265625 0.0375
0 0.23828125 0.5770833333333333 0.0265625 0.0375
0 0.2420051045816733 0.85625 0.0265625 0.0375
0 0.19453125 0.8458333333333333 0.0265625 0.0375
0 0.08359375 0.80625 0.0265625 0.0375
0 0.01636977140077821 0.7610530155642024 0.0265625 0.0375
0 0.13515625 0.18958333333333333 0.0265625 0.0375
0 0.259765625 0.2265625 0.0265625 0.041666666666666664
0 0.2505615234375 0.14404296875 0.0265625 0.0375
0 0.2817839478417266 0.22116306954436452 0.0265625 0.0375
0 0.2783957918326693 0.34651394422310755 0.0265625 0.0375
0 0.10364583333333333 0.5611111111111111 0.02812499999999999 0.05
0 0.53359375 0.9729166666666667 0.0265625 0.0375
0 0.6316075211864407 0.5944209039548023 0.0265625 0.0375
0 0.48828125 0.86875 0.0265625 0.0375
0 0.8439592829593268 0.8532784011220197 0.0265625 0.0375
0 0.8345842829593269 0.9782784011220197 0.0265625 0.0375
0 0.8515241497194952 0.7531761337073399 0.0265625 0.0375
0 0.828125 0.43645833333333334 0.025 0.03958333333333333
0 0.8663865546218487 0.409375 0.025 0.03958333333333333
0 0.6614414231601732 0.1835858585858586 0.0265625 0.03333333333333333
0 0.7689225652610442 0.08559236947791166 0.0265625 0.03333333333333333
0 0.71015625 0.6354166666666666 0.0265625 0.03333333333333333
0 0.5668833492366412 0.5359255725190839 0.028280057251908363 0.03333333333333328
0 0.4822136429961089 0.40622568093385214 0.0265625 0.03333333333333333
0 0.5734375 0.5333333333333333 0.028125 0.0375
0 0.69921875 0.08333333333333333 0.0265625 0.03333333333333333
0 0.9753205128205128 0.8603632478632478 0.0234375 0.035416666666666666
0 0.58828125 0.11875 0.0296875 0.05
0 0.6015625 0.20625 0.025 0.04583333333333333
0 0.85625 0.22395833333333334 0.0375 0.04375
0 0.9421875 0.246875 0.0328125 0.041666666666666664
0 0.49634046052631575 0.7444078947368421 0.0421875 0.04375
0 0.5042559523809523 0.02426917989417989 0.025 0.027083333333333334
0 0.1234375 0.29375 0.028125 0.0375
0 0.5144649621212121 0.01314709595959596 0.0296875 0.01875
0 0.3674983198924731 0.0236671146953405 0.0234375 0.027083333333333334
0 0.103125 0.013541666666666667 0.0265625 0.027083333333333334
1 0.57109375 0.13333333333333333 0.0890625 0.1125
1 0.3203125 0.21041666666666667 0.103125 0.09583333333333334
