0 0.2671289922907489 0.4331314243759178 0.0265625 0.0375
0 0.23828125 0.5770833333333333 0.0265625 0.0375
0 0.24229643924302788 0.85625 0.0265625 0.0375
0 0.19453125 0.8458333333333333 0.0265625 0.0375
0 0.08359375 0.80625 0.0265625 0.0375
0 0.019215102140077822 0.7520428015564202 0.0265625 0.0375
0 0.13515625 0.18958333333333333 0.0265625 0.0375
0 0.23074448529411767 0.18627450980392155 0.0265625 0.041666666666666664
0 0.259130859375 0.1326171875 0.0265625 0.0375
0 0.2824415467625899 0.22028627098321343 0.0265625 0.0375
0 0.28786416832669326 0.3338894422310757 0.0265625 0.0375
0 0.16302083333333334 0.53125 0.028125 0.05
0 0.54501953125 0.9509114583333333 0.0265625 0.0375
0 0.6370299258474577 0.5820268361581921 0.0265625 0.0375
0 0.48828125 0.86875 0.0265625 0.0375
0 0.844984879032258 0.8502016129032258 0.0265625 0.0375
0 0.835609879032258 0.9752016129032258 0.0265625 0.0375
0 0.8522933467741935 0.7521505376344086 0.0265625 0.0375
0 0.828125 0.43645833333333334 0.025 0.03958333333333333
0 0.8668474264705882 0.409375 0.025 0.03958333333333333
0 0.6630242153679654 0.17619949494949497 0.0265625 0.03333333333333333
0 0.771859312248996 0.07971887550200803 0.0265625 0.03333333333333333
0 0.71015625 0.6354166666666666 0.0265625 0.03333333333333333
0 0.5766519561068701 0.5219704198473283 0.026884541984732824 0.033333333333333395
0 0.489326969844358 0.4052772373540856 0.0265625 0.03333333333333333
0 0.006734374999999999 0.29564583333333333 0.013468749999999998 0.03429166666666662
0 0.44609375 0.4427083333333333 0.028125 0.0375
0 0.7533854166666667 0.19930555555555557 0.0265625 0.03333333333333333
0 0.9781684027777778 0.8403935185185186 0.02282986111111125 0.035416666666666666
0 0.58828125 0.11875 0.0296875 0.05
0 0.6015625 0.20625 0.025 0.04583333333333333
0 0.06171875 0.12604166666666666 0.0296875 0.03958333333333333
0 0.85625 0.22395833333333334 0.0375 0.04375
0 0.49994860197368424 0.7387952302631579 0.0421875 0.04375
0 0.5007738095238096 0.0211739417989418 0.025 0.027083333333333334
0 0.3 0.19166666666666668 0.028125 0.0375
0 0.5200047348484849 0.01130050505050505 0.0296875 0.01875
0 0.37229910714285713 0.013936011904761902 0.0234375 0.022752976190476188
1 0.57109375 0.13333333333333333 0.0890625 0.1125
1 0.3203125 0.21041666666666667 0.103125 0.09583333333333334
