0 0.26484375 0.4354166666666667 0.0265625 0.0375
0 0.23828125 0.5770833333333333 0.0265625 0.0375
0 0.24102900896414342 0.85625 0.0265625 0.0375
0 0.19453125 0.8458333333333333 0.0265625 0.0375
0 0.08359375 0.80625 0.0265625 0.0375
0 0.005653409090909091 0.8047537878787878 0.011306818181818182 0.032840909090909184
0 0.13515625 0.18958333333333333 0.0265625 0.0375
0 0.31160910087719296 0.2209795321637427 0.0265625 0.041666666666666664
0 0.23919791666666668 0.17206666666666667 0.0265625 0.0375
0 0.2748027663934426 0.23478825136612022 0.0265625 0.0375
0 0.24295567468619245 0.37425034867503487 0.0265625 0.0375
0 0.5371808656661786 0.9776994875549048 0.0265625 0.0375
0 0.6299575975836431 0.6088135068153656 0.0265625 0.0375
0 0.48828125 0.86875 0.0265625 0.0375
0 0.84296875 0.85625 0.0265625 0.0375
0 0.83359375 0.98125 0.0265625 0.0375
0 0.8435690487132353 0.7541666666666667 0.0265625 0.0375
0 0.828125 0.43645833333333334 0.025 0.03958333333333333
0 0.8648424369747898 0.409375 0.025 0.03958333333333333
0 0.6368437499999999 0.23358333333333334 0.0265625 0.03333333333333333
0 0.7583875317258884 0.10444162436548224 0.0265625 0.03333333333333333
0 0.71015625 0.6354166666666666 0.0265625 0.03333333333333333
0 0.5286951013513513 0.5912725225225226 0.0296875 0.03333333333333333
0 0.4650985054347826 0.43299365942028983 0.0265625 0.03333333333333333
0 0.8708333333333333 0.3902777777777778 0.028125 0.0375
0 0.9410650143678161 0.9523227969348659 0.0234375 0.035416666666666666
0 0.58828125 0.11875 0.0296875 0.05
0 0.6015625 0.20625 0.025 0.04583333333333333
0 0.85625 0.22395833333333334 0.0375 0.04375
0 0.4909966626213592 0.7515877831715211 0.0421875 0.04375
0 0.9255859375 0.5268229166666667 0.0296875 0.03958333333333333
0 0.14545454545454545 0.9732954545454545 0.0203125 0.03125
0 0.48562561154598827 0.04520751793868232 0.025 0.027083333333333338
0 0.5072219488188976 0.022383530183727036 0.0296875 0.03125000000000001
0 0.35827788978494624 0.058792562724014334 0.0234375 0.027083333333333334
1 0.57109375 0.13333333333333333 0.0890625 0.1125
1 0.3203125 0.21041666666666667 0.103125 0.09583333333333334
