0 0.27417726769911505 0.4182030481809243 0.0265625 0.0375
0 0.23828125 0.5799295774647887 0.0265625 0.0375
0 0.2443918720657277 0.8524550078247262 0.0265625 0.0375
0 0.19453125 0.8458333333333333 0.0265625 0.0375
0 0.08359375 0.80625 0.0265625 0.0375
0 0.02791593309859155 0.7293525039123631 0.0265625 0.0375
0 0.13515625 0.18958333333333333 0.0265625 0.0375
0 0.2074100378787879 0.1398989898989899 0.0265625 0.03750000000000001
0 0.3012109375 0.10229166666666667 0.0265625 0.0375
0 0.28450427158273384 0.21753597122302157 0.0265625 0.0375
0 0.3131418720657277 0.3075704225352113 0.0265625 0.0375
0 0.35494791666666664 0.21805555555555556 0.0265625 0.041666666666666664
0 0.5782093603286385 0.8831279342723005 0.0265625 0.0375
0 0.6445131864161849 0.5659922928709056 0.0265625 0.0375
0 0.48828125 0.86875 0.0265625 0.0375
0 0.64609375 0.8166666666666667 0.0234375 0.0375
0 0.8482019197054699 0.8405504908835905 0.0265625 0.0375
0 0.8388269197054699 0.9655504908835905 0.0265625 0.0375
0 0.8547061272791024 0.7489334969611968 0.0265625 0.0375
0 0.97578125 0.7864583333333334 0.0265625 0.04375
0 0.828125 0.43645833333333334 0.025 0.03958333333333333
0 0.8682930672268908 0.409375 0.025 0.03958333333333333
0 0.6559895833333333 0.14583333333333334 0.0234375 0.035416666666666666
0 0.6717129896313364 0.13918970814132106 0.0265625 0.03333333333333335
0 0.7709290649100258 0.06622750642673522 0.0265625 0.03333333333333333
0 0.7115793720657277 0.6373141627543036 0.0265625 0.03333333333333333
0 0.5899831279342723 0.4871087636932707 0.0265625 0.03333333333333333
0 0.4990793720657277 0.38673708920187794 0.0265625 0.03333333333333333
0 0.02265625 0.475 0.0296875 0.0375
0 0.01608072916666667 0.230078125 0.0265625 0.03333333333333333
0 0.13125 0.3104166666666667 0.028125 0.0375
0 0.74609375 0.7333333333333333 0.0265625 0.03333333333333333
0 0.9903599330357142 0.7736049107142856 0.019280133928571353 0.03441220238095243
0 0.635546875 0.40625 0.025 0.035416666666666666
0 0.58828125 0.11875 0.0296875 0.05
0 0.6015625 0.20625 0.025 0.04583333333333333
0 0.29140625 0.6229166666666667 0.0390625 0.041666666666666664
0 0.528125 0.5791666666666667 0.028125 0.035416666666666666
0 0.85625 0.22395833333333334 0.0375 0.04375
0 0.5112664473684211 0.7211896929824562 0.0421875 0.04375
1 0.57109375 0.13333333333333333 0.0890625 0.1125
1 0.3203125 0.21041666666666667 0.103125 0.09583333333333334
