0 0.26484375 0.4354166666666667 0.0265625 0.0375
0 0.23828125 0.5770833333333333 0.0265625 0.0375
0 0.23999813247011953 0.85625 0.0265625 0.0375
0 0.19453125 0.8458333333333333 0.0265625 0.0375
0 0.08359375 0.80625 0.0265625 0.0375
0 0.13515625 0.18958333333333333 0.0265625 0.0375
0 0.2125 0.23125 0.0265625 0.041666666666666664
0 0.20856102748691102 0.19312827225130888 0.026562500000000024 0.0375
0 0.2626953125 0.26625000000000004 0.0265625 0.037500000000000026
0 0.21773330479452055 0.4003139269406393 0.0265625 0.0375
0 0.53984375 0.98125 0.0265625 0.0375
0 0.6285793671548118 0.6063633193863319 0.0265625 0.0375
0 0.48828125 0.86875 0.0265625 0.0375
0 0.84296875 0.85625 0.0265625 0.0375
0 0.83359375 0.98125 0.0265625 0.0375
0 0.84140625 0.7781862745098038 0.0265625 0.0375
0 0.828125 0.43645833333333334 0.025 0.03958333333333333
0 0.8640625 0.409375 0.025 0.03958333333333333
0 0.6280257650115473 0.23897709776751347 0.0265625 0.03333333333333333
0 0.73671875 0.15104166666666666 0.0265625 0.03333333333333333
0 0.71015625 0.6354166666666666 0.0265625 0.03333333333333333
0 0.49438681722689076 0.6113270308123249 0.0296875 0.03333333333333333
0 0.45883564330543936 0.4700139470013947 0.0265625 0.03333333333333333
0 0.58828125 0.11875 0.0296875 0.05
0 0.6015625 0.20625 0.025 0.04583333333333333
0 0.85625 0.22395833333333334 0.0375 0.04375
0 0.48550136529126214 0.7589148462783172 0.0421875 0.04375
0 0.7023056402439025 0.9556656504065041 0.0296875 0.03958333333333333
0 0.2044034090909091 0.7255366161616161 0.025 0.03958333333333333
0 0.48182791095890415 0.050271118721461186 0.025 0.027083333333333334
0 0.5097687007874016 0.029174868766404197 0.0296875 0.03125
0 0.35703125 0.06354166666666666 0.0234375 0.027083333333333334
0 0.7875 0.36770833333333336 0.034375 0.03958333333333333
0 0.9719140625 0.03786458333333333 0.02429687499999993 0.03677083333333333
1 0.57109375 0.13333333333333333 0.0890625 0.1125
1 0.3203125 0.21041666666666667 0.103125 0.09583333333333334
