0 0.26484375 0.4354166666666667 0.0265625 0.0375
0 0.23828125 0.5770833333333333 0.0265625 0.0375
0 0.24012512450199203 0.85625 0.0265625 0.0375
0 0.19453125 0.8458333333333333 0.0265625 0.0375
0 0.08359375 0.80625 0.0265625 0.0375
0 0.13515625 0.18958333333333333 0.0265625 0.0375
0 0.23046875 0.20208333333333334 0.0265625 0.041666666666666664
0 0.21106429973821988 0.187565445026178 0.0265625 0.0375
0 0.266015625 0.25916666666666666 0.0265625 0.0375
0 0.22149147727272728 0.3970454545454546 0.0265625 0.0375
0 0.53984375 0.98125 0.0265625 0.0375
0 0.6295796286610879 0.6081415620641563 0.0265625 0.0375
0 0.48828125 0.86875 0.0265625 0.0375
0 0.84296875 0.85625 0.0265625 0.0375
0 0.83359375 0.98125 0.0265625 0.0375
0 0.84140625 0.7719362745098038 0.0265625 0.0375
0 0.828125 0.43645833333333334 0.025 0.03958333333333333
0 0.8640625 0.409375 0.025 0.03958333333333333
0 0.6285778724018476 0.23848633564280214 0.0265625 0.03333333333333333
0 0.7374883395522388 0.14471393034825872 0.0265625 0.03333333333333335
0 0.71015625 0.6354166666666666 0.0265625 0.03333333333333333
0 0.4994091386554622 0.6086484593837534 0.0296875 0.03333333333333333
0 0.4591690638075314 0.4660129009762901 0.0265625 0.03333333333333333
0 0.58828125 0.11875 0.0296875 0.05
0 0.6015625 0.20625 0.025 0.04583333333333333
0 0.85625 0.22395833333333334 0.0375 0.04375
0 0.48617832220873786 0.7580122370550162 0.0421875 0.04375
0 0.7301970108695652 0.9275815217391304 0.0296875 0.03958333333333333
0 0.21354166666666666 0.8038194444444444 0.025 0.03958333333333333
0 0.48229574363992167 0.049647341813437704 0.025 0.027083333333333334
0 0.5094549704724409 0.02833825459317585 0.0296875 0.031249999999999997
0 0.35703125 0.06354166666666666 0.0234375 0.027083333333333334
0 0.7557291666666667 0.296875 0.034375 0.03958333333333333
0 0.9744754464285714 0.03394345238095238 0.02372767857142861 0.03449404761904762
1 0.57109375 0.13333333333333333 0.0890625 0.1125
1 0.3203125 0.21041666666666667 0.103125 0.09583333333333334
