0 0.26484375 0.4354166666666667 0.0265625 0.0375
0 0.23828125 0.5770833333333333 0.0265625 0.0375
0 0.2401151643426295 0.85625 0.0265625 0.0375
0 0.19453125 0.8458333333333333 0.0265625 0.0375
0 0.08359375 0.80625 0.0265625 0.0375
0 0.13515625 0.18958333333333333 0.0265625 0.0375
0 0.23515625 0.21666666666666667 0.0265625 0.041666666666666664
0 0.21086796465968588 0.18800174520069807 0.0265625 0.0375
0 0.2657552083333333 0.2597222222222222 0.0265625 0.03749999999999997
0 0.22115056818181816 0.3971969696969697 0.0265625 0.0375
0 0.53984375 0.98125 0.0265625 0.0375
0 0.6295011767782427 0.6080020920502093 0.0265625 0.0375
0 0.48828125 0.86875 0.0265625 0.0375
0 0.84296875 0.85625 0.0265625 0.0375
0 0.83359375 0.98125 0.0265625 0.0375
0 0.84140625 0.7724264705882352 0.0265625 0.0375
0 0.828125 0.43645833333333334 0.025 0.03958333333333333
0 0.8640625 0.409375 0.025 0.03958333333333333
0 0.6285345698614319 0.23852482678983833 0.0265625 0.03333333333333333
0 0.7369752798507463 0.14546019900497512 0.0265625 0.03333333333333333
0 0.71015625 0.6354166666666666 0.0265625 0.03333333333333333
0 0.499015231092437 0.608858543417367 0.0296875 0.03333333333333333
0 0.45914291317991635 0.46632670850767083 0.0265625 0.03333333333333333
0 0.58828125 0.11875 0.0296875 0.05
0 0.6015625 0.20625 0.025 0.04583333333333333
0 0.85625 0.22395833333333334 0.0375 0.04375
0 0.48612522754854365 0.7580830299352751 0.0421875 0.04375
0 0.7274796195652173 0.9304800724637681 0.0296875 0.03958333333333333
0 0.21805555555555553 0.8019675925925926 0.025 0.03958333333333333
0 0.4822590508806262 0.04969626549249837 0.025 0.027083333333333334
0 0.5094795767716536 0.02840387139107612 0.0296875 0.03125000000000001
0 0.35703125 0.06354166666666666 0.0234375 0.027083333333333334
0 0.76171875 0.3104166666666667 0.034375 0.03958333333333333
0 0.9742745535714284 0.03425099206349206 0.02377232142857135 0.03467261904761905
1 0.57109375 0.13333333333333333 0.0890625 0.1125
1 0.3203125 0.21041666666666667 0.103125 0.09583333333333334
