0 0.2713011615044248 0.428429203539823 0.0265625 0.0375
0 0.23828125 0.5770833333333333 0.0265625 0.0375
0 0.24269235557768926 0.85625 0.0265625 0.0375
0 0.19453125 0.8458333333333333 0.0265625 0.0375
0 0.08359375 0.80625 0.0265625 0.0375
0 0.023081833657587546 0.7397981517509727 0.0265625 0.0375
0 0.13515625 0.18958333333333333 0.0265625 0.0375
0 0.22120535714285716 0.17998511904761905 0.0265625 0.041666666666666664
0 0.2752087823275862 0.11845366379310344 0.0265625 0.0375
0 0.2833352068345324 0.2190947242206235 0.0265625 0.0375
0 0.30124265939597317 0.31817673378076067 0.0265625 0.0375
0 0.249609375 0.428125 0.0265625 0.035416666666666666
0 0.5599492963576159 0.9185154525386313 0.0265625 0.0375
0 0.6388773482658959 0.5722543352601156 0.0265625 0.0375
0 0.48828125 0.86875 0.0265625 0.0375
0 0.8463786377980365 0.8460203366058906 0.0265625 0.0375
0 0.8370036377980364 0.9710203366058906 0.0265625 0.0375
0 0.8533386658485274 0.7507567788686302 0.0265625 0.0375
0 0.828125 0.43645833333333334 0.025 0.03958333333333333
0 0.8674737394957983 0.409375 0.025 0.03958333333333333
0 0.6668237601214575 0.15964912280701754 0.0265625 0.03333333333333333
0 0.7734354916452443 0.07291131105398457 0.0265625 0.03333333333333333
0 0.71015625 0.6354166666666666 0.0265625 0.03333333333333333
0 0.5861900845864662 0.5024436090225565 0.0265625 0.03333333333333333
0 0.49765625 0.40175438596491225 0.0265625 0.03333333333333333
0 0.01328125 0.26875 0.0265625 0.03333333333333333
0 0.32421875 0.45677083333333335 0.028125 0.0375
0 0.78828125 0.47708333333333336 0.0265625 0.03333333333333333
0 0.9900883838383837 0.8069339225589226 0.014046717171717127 0.035416666666666666
0 0.75890625 0.7508333333333332 0.0296875 0.041666666666666664
0 0.58828125 0.11875 0.0296875 0.05
0 0.6015625 0.20625 0.025 0.04583333333333333
0 0.17682291666666666 0.35694444444444445 0.0359375 0.04583333333333333
0 0.85625 0.22395833333333334 0.0375 0.04375
0 0.5048519736842105 0.7311677631578948 0.0421875 0.04375
1 0.57109375 0.13333333333333333 0.0890625 0.1125
1 0.3203125 0.21041666666666667 0.103125 0.09583333333333334
