0 0.26484375 0.4354166666666667 0.0265625 0.0375
0 0.23828125 0.5770833333333333 0.0265625 0.0375
0 0.24184823207171316 0.85625 0.0265625 0.0375
0 0.19453125 0.8458333333333333 0.0265625 0.0375
0 0.08359375 0.80625 0.0265625 0.0375
0 0.014837670233463034 0.7659046692607004 0.0265625 0.0375
0 0.13515625 0.18958333333333333 0.0265625 0.0375
0 0.28046875 0.23958333333333334 0.0265625 0.041666666666666664
0 0.24605208333333334 0.1501333333333333 0.0265625 0.037499999999999985
0 0.28142985611510796 0.22163519184652278 0.0265625 0.0375
0 0.2739172149122807 0.3533991228070175 0.0265625 0.0375
0 0.049687499999999996 0.5454166666666667 0.028124999999999994 0.05
0 0.5341702507320644 0.9736853343094192 0.0265625 0.0375
0 0.6286877648305085 0.6010946327683616 0.0265625 0.0375
0 0.48828125 0.86875 0.0265625 0.0375
0 0.8434070389200562 0.8549351332398316 0.0265625 0.0375
0 0.8340320389200562 0.9799351332398316 0.0265625 0.0375
0 0.8511099666900421 0.7537283777466105 0.0265625 0.0375
0 0.828125 0.43645833333333334 0.025 0.03958333333333333
0 0.8661383928571429 0.409375 0.025 0.03958333333333333
0 0.6605891504329005 0.18756313131313132 0.0265625 0.03333333333333333
0 0.7673412399598394 0.08875502008032128 0.0265625 0.03333333333333333
0 0.71015625 0.6354166666666666 0.0265625 0.03333333333333333
0 0.5616233301526717 0.5434398854961832 0.029031488549618345 0.03333333333333333
0 0.4795478062913907 0.4103890728476821 0.0265625 0.03333333333333333
0 0.64453125 0.565625 0.028125 0.0375
0 0.61796875 0.05 0.0265625 0.03333333333333333
0 0.9729992378048781 0.8697408536585366 0.0234375 0.035416666666666666
0 0.58828125 0.11875 0.0296875 0.05
0 0.6015625 0.20625 0.025 0.04583333333333333
0 0.85625 0.22395833333333334 0.0375 0.04375
0 0.91015625 0.21493055555555557 0.0328125 0.04375
0 0.4953636984223301 0.7457650687702266 0.0421875 0.04375
0 0.5061309523809523 0.025935846560846562 0.025 0.027083333333333334
0 0.02890625 0.28229166666666666 0.0296875 0.03958333333333333
0 0.5114820075757576 0.014141414141414144 0.0296875 0.01875
0 0.36601646505376345 0.029312275985663085 0.0234375 0.027083333333333334
1 0.57109375 0.13333333333333333 0.0890625 0.1125
1 0.3203125 0.21041666666666667 0.103125 0.09583333333333334
