0 0.26484375 0.4354166666666667 0.0265625 0.0375
0 0.23828125 0.5770833333333333 0.0265625 0.0375
0 0.24108129980079682 0.85625 0.0265625 0.0375
0 0.19453125 0.8458333333333333 0.0265625 0.0375
0 0.08359375 0.80625 0.0265625 0.0375
0 0.005727982954545454 0.8024668560606061 0.011455965909090909 0.032642045454545375
0 0.13515625 0.18958333333333333 0.0265625 0.0375
0 0.31640625 0.22083333333333333 0.0265625 0.041666666666666664
0 0.23963541666666668 0.17066666666666666 0.0265625 0.0375
0 0.2755558401639344 0.23321038251366122 0.0265625 0.0375
0 0.24446587343096232 0.3733350767085077 0.0265625 0.0375
0 0.5369886987554905 0.9774432650073206 0.0265625 0.0375
0 0.6297746282527881 0.6084882280049566 0.0265625 0.0375
0 0.48828125 0.86875 0.0265625 0.0375
0 0.84296875 0.85625 0.0265625 0.0375
0 0.83359375 0.98125 0.0265625 0.0375
0 0.8441119025735293 0.7541666666666667 0.0265625 0.0375
0 0.828125 0.43645833333333334 0.025 0.03958333333333333
0 0.8649251575630252 0.409375 0.025 0.03958333333333333
0 0.639140625 0.23270833333333335 0.0265625 0.03333333333333333
0 0.7590537753807107 0.10355329949238579 0.0265625 0.03333333333333333
0 0.71015625 0.6354166666666666 0.0265625 0.03333333333333333
0 0.530247043918919 0.589794481981982 0.0296875 0.03333333333333333
0 0.46616847826086955 0.43156702898550725 0.0265625 0.03333333333333333
0 0.859375 0.38958333333333334 0.028125 0.0375
0 0.942950790229885 0.9475454980842912 0.0234375 0.035416666666666666
0 0.58828125 0.11875 0.0296875 0.05
0 0.6015625 0.20625 0.025 0.04583333333333333
0 0.85625 0.22395833333333334 0.0375 0.04375
0 0.4912754095873787 0.7512161205501617 0.0421875 0.04375
0 0.9346354166666666 0.49375 0.0265625 0.0375
0 0.4858182485322896 0.04495066862361383 0.025 0.027083333333333338
0 0.5070927657480315 0.022039041994750656 0.0296875 0.03125
0 0.35877184139784946 0.0569108422939068 0.0234375 0.027083333333333327
1 0.57109375 0.13333333333333333 0.0890625 0.1125
1 0.3203125 0.21041666666666667 0.103125 0.09583333333333334
