0 0.26484375 0.4354166666666667 0.0265625 0.0375
0 0.23828125 0.5770833333333333 0.0265625 0.0375
0 0.24151705677290836 0.85625 0.0265625 0.0375
0 0.19453125 0.8458333333333333 0.0265625 0.0375
0 0.08359375 0.80625 0.0265625 0.0375
0 0.008279639175257732 0.7819480240549829 0.016559278350515464 0.03305412371134011
0 0.13515625 0.18958333333333333 0.0265625 0.0375
0 0.30859375 0.24583333333333332 0.0265625 0.041666666666666664
0 0.24328124999999998 0.15899999999999997 0.0265625 0.0375
0 0.28068232913669067 0.22263189448441248 0.0265625 0.0375
0 0.2588684752747253 0.3651556776556777 0.0265625 0.0375
0 0.5353873078330893 0.9753080771107857 0.0265625 0.0375
0 0.6282498838289963 0.605777571251549 0.0265625 0.0375
0 0.48828125 0.86875 0.0265625 0.0375
0 0.84296875 0.85625 0.0265625 0.0375
0 0.83359375 0.98125 0.0265625 0.0375
0 0.8486356847426471 0.7541666666666667 0.0265625 0.0375
0 0.828125 0.43645833333333334 0.025 0.03958333333333333
0 0.8656144957983193 0.409375 0.025 0.03958333333333333
0 0.6533353365384615 0.21326121794871794 0.0265625 0.03333333333333333
0 0.7640028865461848 0.09543172690763052 0.0265625 0.03333333333333333
0 0.71015625 0.6354166666666666 0.0265625 0.03333333333333333
0 0.5511149878640776 0.5673543689320388 0.0296875 0.03333333333333333
0 0.47404283940397346 0.41956401766004414 0.0265625 0.03333333333333333
0 0.6859375 0.4791666666666667 0.028125 0.0375
0 0.9588949548192771 0.9038278112449799 0.0234375 0.035416666666666666
0 0.58828125 0.11875 0.0296875 0.05
0 0.6015625 0.20625 0.025 0.04583333333333333
0 0.85625 0.22395833333333334 0.0375 0.04375
0 0.80703125 0.10416666666666667 0.0296875 0.03333333333333333
0 0.4935983009708738 0.748118932038835 0.0421875 0.04375
0 0.4972454896907217 0.03435352233676976 0.025 0.027083333333333334
0 0.50703125 0.016819852941176473 0.0296875 0.02113970588235294
0 0.3628881048387097 0.04122983870967742 0.0234375 0.02708333333333333
1 0.57109375 0.13333333333333333 0.0890625 0.1125
1 0.3203125 0.21041666666666667 0.103125 0.09583333333333334
