0 0.27532494469026547 0.41412241887905604 0.0265625 0.0375
0 0.23828125 0.5823650234741784 0.0265625 0.0375
0 0.24560959507042254 0.8492077464788732 0.0265625 0.0375
0 0.19453125 0.8458333333333333 0.0265625 0.0375
0 0.08359375 0.80625 0.0265625 0.0375
0 0.0297425176056338 0.7277288732394367 0.0265625 0.0375
0 0.13515625 0.18958333333333333 0.0265625 0.0375
0 0.19185267857142857 0.12351190476190478 0.02656249999999998 0.03750000000000001
0 0.31095224056603776 0.09634433962264151 0.0265625 0.0375
0 0.28497077338129495 0.21691396882494005 0.0265625 0.0375
0 0.31435959507042255 0.3051349765258216 0.0265625 0.0375
0 0.4419270833333333 0.13194444444444445 0.0265625 0.04166666666666665
0 0.5842979753521127 0.8758215962441315 0.0265625 0.0375
0 0.6467621026011561 0.5634934971098265 0.0265625 0.0375
0 0.48828125 0.86875 0.0265625 0.0375
0 0.479296875 0.8072916666666666 0.0265625 0.0375
0 0.8489294793127631 0.8383678120617112 0.0265625 0.0375
0 0.8395544793127631 0.9633678120617112 0.0265625 0.0375
0 0.8552517969845722 0.7482059373539037 0.0265625 0.0375
0 0.9015625 0.659375 0.0265625 0.0375
0 0.828125 0.43645833333333334 0.025 0.03958333333333333
0 0.8686200105042017 0.409375 0.025 0.03958333333333333
0 0.66609375 0.17625 0.0234375 0.03333333333333333
0 0.6735059043778802 0.13201804915514595 0.0265625 0.03333333333333333
0 0.76328125 0.058333333333333334 0.0265625 0.03333333333333333
0 0.7699289042416453 0.06356041131105399 0.0265625 0.03333333333333333
0 0.7127970950704225 0.63893779342723 0.0265625 0.03333333333333333
0 0.5887654049295775 0.4814260563380282 0.0265625 0.03333333333333333
0 0.5002970950704225 0.3843016431924883 0.0265625 0.03333333333333333
0 0.17078125 0.5654166666666666 0.0265625 0.03333333333333333
0 0.016621767241379308 0.21695402298850575 0.0265625 0.03333333333333333
0 0.07390624999999999 0.20708333333333334 0.0265625 0.03333333333333333
0 0.646875 0.9895833333333334 0.025 0.020833333333333332
0 0.75703125 0.8583333333333333 0.0265625 0.03333333333333333
0 0.9877546037946429 0.7701311383928572 0.024490792410714234 0.03364025297619051
0 0.580078125 0.25104166666666666 0.025 0.035416666666666666
0 0.58828125 0.11875 0.0296875 0.05
0 0.6015625 0.20625 0.025 0.04583333333333333
0 0.36484375 0.73125 0.0390625 0.041666666666666664
0 0.765625 0.5864583333333333 0.028125 0.035416666666666666
0 0.85625 0.22395833333333334 0.0375 0.04375
0 0.5138260690789473 0.7172080592105263 0.0421875 0.04375
