0 0.26484375 0.4354166666666667 0.0265625 0.0375
0 0.23828125 0.5770833333333333 0.0265625 0.0375
0 0.24006785358565738 0.85625 0.0265625 0.0375
0 0.19453125 0.8458333333333333 0.0265625 0.0375
0 0.08359375 0.80625 0.0265625 0.0375
0 0.13515625 0.18958333333333333 0.0265625 0.0375
0 0.22578125 0.21875 0.0265625 0.041666666666666664
0 0.2099353730366492 0.1900741710296684 0.02656249999999998 0.0375
0 0.2645182291666667 0.2623611111111111 0.0265625 0.0375
0 0.21953125 0.39791666666666664 0.0265625 0.0375
0 0.53984375 0.98125 0.0265625 0.0375
0 0.629128530334728 0.607339609483961 0.0265625 0.0375
0 0.48828125 0.86875 0.0265625 0.0375
0 0.84296875 0.85625 0.0265625 0.0375
0 0.83359375 0.98125 0.0265625 0.0375
0 0.84140625 0.7747549019607843 0.0265625 0.0375
0 0.828125 0.43645833333333334 0.025 0.03958333333333333
0 0.8640625 0.409375 0.025 0.03958333333333333
0 0.6283288827944573 0.2387076597382602 0.0265625 0.03333333333333333
0 0.73671875 0.14780092592592592 0.0265625 0.03333333333333333
0 0.71015625 0.6354166666666666 0.0265625 0.03333333333333333
0 0.4971441701680672 0.6098564425770309 0.0296875 0.03333333333333333
0 0.45901869769874476 0.46781729428172947 0.0265625 0.03333333333333333
0 0.58828125 0.11875 0.0296875 0.05
0 0.6015625 0.20625 0.025 0.04583333333333333
0 0.85625 0.22395833333333334 0.0375 0.04375
0 0.4858730279126213 0.7584192961165049 0.0421875 0.04375
0 0.7158380681818182 0.9425189393939395 0.0296875 0.03958333333333333
0 0.21891447368421052 0.7618969298245614 0.025 0.03958333333333333
0 0.4820847602739726 0.04992865296803653 0.025 0.027083333333333334
0 0.5095964566929134 0.02871555118110236 0.0296875 0.03125
0 0.35703125 0.06354166666666666 0.0234375 0.027083333333333334
0 0.796875 0.3375 0.034375 0.03958333333333333
0 0.9733203125 0.03571180555555555 0.023984375000000037 0.03552083333333333
1 0.57109375 0.13333333333333333 0.0890625 0.1125
1 0.3203125 0.21041666666666667 0.103125 0.09583333333333334
