0 0.26484375 0.4354166666666667 0.0265625 0.0375
0 0.23828125 0.5770833333333333 0.0265625 0.0375
0 0.24050610059760955 0.85625 0.0265625 0.0375
0 0.19453125 0.8458333333333333 0.0265625 0.0375
0 0.08359375 0.80625 0.0265625 0.0375
0 0.13515625 0.18958333333333333 0.0265625 0.0375
0 0.29140625 0.20208333333333334 0.0265625 0.041666666666666664
0 0.22200969827586206 0.17507183908045976 0.0265625 0.0375
0 0.26880744485294117 0.2487285539215686 0.0265625 0.03749999999999997
0 0.23037109375 0.384765625 0.0265625 0.0375
0 0.53910253477306 0.9802617130307467 0.0265625 0.0375
0 0.6317872908921933 0.6120662949194547 0.0265625 0.0375
0 0.48828125 0.86875 0.0265625 0.0375
0 0.84296875 0.85625 0.0265625 0.0375
0 0.83359375 0.98125 0.0265625 0.0375
0 0.8381405101102942 0.7541666666666667 0.0265625 0.0375
0 0.828125 0.43645833333333334 0.025 0.03958333333333333
0 0.8640625 0.409375 0.025 0.03958333333333333
0 0.6302341945727482 0.2370140492686682 0.0265625 0.03333333333333333
0 0.7541794143356644 0.11864801864801863 0.0265625 0.03333333333333332
0 0.71015625 0.6354166666666666 0.0265625 0.03333333333333333
0 0.5136376096491228 0.6015716374269006 0.0296875 0.03333333333333333
0 0.46020153985507245 0.45396537842190016 0.0265625 0.03333333333333333
0 0.9161542338709676 0.9869959677419354 0.024848790322580604 0.026008064516129064
0 0.58828125 0.11875 0.0296875 0.05
0 0.6015625 0.20625 0.025 0.04583333333333333
0 0.85625 0.22395833333333334 0.0375 0.04375
0 0.48820919296116505 0.7553044093851132 0.0421875 0.04375
0 0.8359375 0.7994791666666666 0.0296875 0.03958333333333333
0 0.1673828125 0.859375 0.025 0.03958333333333333
0 0.0921875 0.8614583333333333 0.03125 0.03958333333333333
0 0.4836992416829745 0.04777601108936725 0.025 0.027083333333333334
0 0.508513779527559 0.02582841207349081 0.0296875 0.031249999999999997
0 0.35703125 0.06354166666666666 0.0234375 0.027083333333333334
0 0.7625 0.128125 0.01875 0.03333333333333333
0 0.9821595982142857 0.022180059523809522 0.02202008928571413 0.027663690476190477
1 0.57109375 0.13333333333333333 0.0890625 0.1125
1 0.3203125 0.21041666666666667 0.103125 0.09583333333333334
