0 0.26759705396475775 0.43266336270190897 0.0265625 0.0375
0 0.23828125 0.5770833333333333 0.0265625 0.0375
0 0.24233876992031872 0.85625 0.0265625 0.0375
0 0.19453125 0.8458333333333333 0.0265625 0.0375
0 0.08359375 0.80625 0.0265625 0.0375
0 0.01962852626459144 0.750733625162127 0.0265625 0.0375
0 0.13515625 0.18958333333333333 0.0265625 0.0375
0 0.22918198529411765 0.18731617647058824 0.0265625 0.041666666666666664
0 0.2603759765625 0.13095703125 0.0265625 0.0375
0 0.28253709532374105 0.22015887290167865 0.0265625 0.0375
0 0.28923991533864546 0.33205511288180606 0.0265625 0.0375
0 0.166875 0.5279166666666666 0.028125 0.04999999999999994
0 0.5466796875 0.9477141203703704 0.0265625 0.0375
0 0.6378177966101695 0.580225988700565 0.0265625 0.0375
0 0.48828125 0.86875 0.0265625 0.0375
0 0.8451338972650773 0.8497545582047685 0.0265625 0.0375
0 0.8357588972650772 0.9747545582047685 0.0265625 0.0375
0 0.8524051104488078 0.7520015194015895 0.0265625 0.0375
0 0.828125 0.43645833333333334 0.025 0.03958333333333333
0 0.8669143907563026 0.409375 0.025 0.03958333333333333
0 0.6632541937229437 0.17512626262626263 0.0265625 0.03333333333333333
0 0.7722860190763052 0.07886546184738956 0.0265625 0.03333333333333333
0 0.71015625 0.6354166666666666 0.0265625 0.03333333333333333
0 0.5780713263358779 0.519942748091603 0.02668177480916025 0.03333333333333328
0 0.49036053015564207 0.40513942931258107 0.0265625 0.03333333333333333
0 0.007531250000000001 0.289625 0.015062500000000001 0.03358333333333334
0 0.42734375 0.41041666666666665 0.028125 0.0375
0 0.7625 0.23229166666666667 0.0265625 0.03333333333333333
0 0.9794428661616162 0.8368160774410774 0.021890782828282874 0.035416666666666666
0 0.828125 0.9875 0.028125 0.020833333333333332
0 0.58828125 0.11875 0.0296875 0.05
0 0.6015625 0.20625 0.025 0.04583333333333333
0 0.05609375 0.15875 0.0359375 0.04583333333333333
0 0.85625 0.22395833333333334 0.0375 0.04375
0 0.5004728618421053 0.7379797149122808 0.0421875 0.04375
0 0.5002678571428572 0.020724206349206346 0.025 0.02708333333333333
0 0.2986979166666667 0.14270833333333333 0.028125 0.0375
0 0.520809659090909 0.011032196969696968 0.0296875 0.01875
0 0.37305803571428575 0.012544642857142858 0.0234375 0.021994047619047618
1 0.57109375 0.13333333333333333 0.0890625 0.1125
1 0.3203125 0.21041666666666667 0.103125 0.09583333333333334
