0 0.26550454295154186 0.43475587371512486 0.0265625 0.0375
0 0.23828125 0.5770833333333333 0.0265625 0.0375
0 0.2421495268924303 0.85625 0.0265625 0.0375
0 0.19453125 0.8458333333333333 0.0265625 0.0375
0 0.08359375 0.80625 0.0265625 0.0375
0 0.017780277237354085 0.7565864137483787 0.0265625 0.0375
0 0.13515625 0.18958333333333333 0.0265625 0.0375
0 0.248046875 0.19375 0.0265625 0.041666666666666664
0 0.2548095703125 0.13837890625 0.0265625 0.0375
0 0.2821099370503597 0.22072841726618705 0.0265625 0.0375
0 0.2830895169322709 0.34025564409030545 0.0265625 0.0375
0 0.1328125 0.52875 0.028125 0.05
0 0.5392578125 0.9620081018518519 0.0265625 0.0375
0 0.6342955508474576 0.588276836158192 0.0265625 0.0375
0 0.48828125 0.86875 0.0265625 0.0375
0 0.844467698106592 0.8517531556802245 0.0265625 0.0375
0 0.8350926981065919 0.9767531556802245 0.0265625 0.0375
0 0.8519054610799438 0.7526677185600747 0.0265625 0.0375
0 0.828125 0.43645833333333334 0.025 0.03958333333333333
0 0.8666150210084034 0.409375 0.025 0.03958333333333333
0 0.6622260551948052 0.1799242424242424 0.0265625 0.03333333333333333
0 0.7703783885542169 0.08268072289156626 0.0265625 0.03333333333333333
0 0.71015625 0.6354166666666666 0.0265625 0.03333333333333333
0 0.5717259064885496 0.5290076335877862 0.0275882633587786 0.03333333333333328
0 0.48573990758754865 0.4057555123216602 0.0265625 0.03333333333333333
0 0.00546875 0.30520833333333336 0.0109375 0.035416666666666666
0 0.5078125 0.45208333333333334 0.028125 0.0375
0 0.7279687499999999 0.11416666666666667 0.0265625 0.03333333333333333
0 0.9764401355421686 0.8511420682730925 0.0234375 0.035416666666666666
0 0.58828125 0.11875 0.0296875 0.05
0 0.6015625 0.20625 0.025 0.04583333333333333
0 0.01484375 0.046875 0.0296875 0.03958333333333333
0 0.85625 0.22395833333333334 0.0375 0.04375
0 0.98828125 0.2923611111111111 0.018229166666666786 0.0375
0 0.49812911184210523 0.741625548245614 0.0421875 0.04375
0 0.5025297619047618 0.022734788359788358 0.025 0.02708333333333333
0 0.2203125 0.2875 0.028125 0.0375
0 0.5172111742424242 0.012231691919191918 0.0296875 0.01875
0 0.36966517857142855 0.01876488095238095 0.0234375 0.02538690476190476
1 0.57109375 0.13333333333333333 0.0890625 0.1125
1 0.3203125 0.21041666666666667 0.103125 0.09583333333333334
