0 0.27167450221238937 0.42710176991150445 0.0265625 0.0375
0 0.23828125 0.5770833333333333 0.0265625 0.0375
0 0.24275958665338643 0.85625 0.0265625 0.0375
0 0.19453125 0.8458333333333333 0.0265625 0.0375
0 0.08359375 0.80625 0.0265625 0.0375
0 0.02373844844357977 0.7377188715953307 0.0265625 0.0375
0 0.13515625 0.18958333333333333 0.0265625 0.0375
0 0.22265625 0.17314814814814816 0.0265625 0.037962962962962976
0 0.27866379310344824 0.11627155172413793 0.0265625 0.0375
0 0.28348696043165467 0.2188923860911271 0.0265625 0.0375
0 0.30379089765100675 0.31628914988814316 0.0265625 0.0375
0 0.2950520833333333 0.42916666666666664 0.0265625 0.041666666666666664
0 0.5628551136363636 0.9123106060606061 0.0265625 0.0375
0 0.6396089234104047 0.5714414739884394 0.0265625 0.0375
0 0.48828125 0.86875 0.0265625 0.0375
0 0.94140625 0.9416666666666667 0.0234375 0.0375
0 0.8466153138148668 0.8453103085553997 0.0265625 0.0375
0 0.8372403138148667 0.9703103085553997 0.0265625 0.0375
0 0.85351617286115 0.7505201028517999 0.0265625 0.0375
0 0.828125 0.43645833333333334 0.025 0.03958333333333333
0 0.8675800945378151 0.409375 0.025 0.03958333333333333
0 0.6675069585020242 0.15668859649122807 0.0265625 0.03333333333333333
0 0.7731101381748072 0.07204370179948587 0.0265625 0.03333333333333333
0 0.71015625 0.6354166666666666 0.0265625 0.03333333333333333
0 0.5874588815789473 0.500328947368421 0.0265625 0.03333333333333333
0 0.49765625 0.39879385964912284 0.0265625 0.03333333333333333
0 0.01328125 0.2679435483870968 0.0265625 0.03333333333333336
0 0.3109375 0.39375 0.028125 0.0375
0 0.7716145833333333 0.4972222222222222 0.0265625 0.03333333333333333
0 0.9921125315656566 0.8012521043771044 0.012555239898989967 0.035416666666666666
0 0.7375 0.7010416666666667 0.0296875 0.041666666666666664
0 0.58828125 0.11875 0.0296875 0.05
0 0.6015625 0.20625 0.025 0.04583333333333333
0 0.19765625 0.39375 0.0359375 0.04583333333333333
0 0.03671875 0.23541666666666666 0.0328125 0.0375
0 0.85625 0.22395833333333334 0.0375 0.04375
0 0.5056846217105263 0.7298725328947369 0.0421875 0.04375
1 0.57109375 0.13333333333333333 0.0890625 0.1125
1 0.3203125 0.21041666666666667 0.103125 0.09583333333333334
