0 0.26484375 0.4354166666666667 0.0265625 0.0375
0 0.23828125 0.5770833333333333 0.0265625 0.0375
0 0.2405832918326693 0.85625 0.0265625 0.0375
0 0.19453125 0.8458333333333333 0.0265625 0.0375
0 0.08359375 0.80625 0.0265625 0.0375
0 0.13515625 0.18958333333333333 0.0265625 0.0375
0 0.29578125 0.21916666666666668 0.0265625 0.041666666666666664
0 0.22493265086206896 0.1734015804597701 0.0265625 0.0375
0 0.26916360294117647 0.24730392156862743 0.0265625 0.0375
0 0.2321875 0.38395833333333335 0.0265625 0.0375
0 0.5388188598096633 0.9798834797462176 0.0265625 0.0375
0 0.6315171933085502 0.6115861214374225 0.0265625 0.0375
0 0.48828125 0.86875 0.0265625 0.0375
0 0.84296875 0.85625 0.0265625 0.0375
0 0.83359375 0.98125 0.0265625 0.0375
0 0.8389418658088236 0.7541666666666667 0.0265625 0.0375
0 0.828125 0.43645833333333334 0.025 0.03958333333333333
0 0.8641373424369748 0.409375 0.025 0.03958333333333333
0 0.63056978926097 0.2367157428791378 0.0265625 0.03333333333333333
0 0.7545181381118881 0.11593822843822844 0.0265625 0.03333333333333333
0 0.71015625 0.6354166666666666 0.0265625 0.03333333333333333
0 0.5157620614035088 0.6010051169590643 0.0296875 0.03333333333333333
0 0.4609035326086956 0.45084541062801936 0.0265625 0.03333333333333333
0 0.919800067204301 0.9835237455197133 0.023807123655913996 0.032952508960573466
0 0.58828125 0.11875 0.0296875 0.05
0 0.6015625 0.20625 0.025 0.04583333333333333
0 0.85625 0.22395833333333334 0.0375 0.04375
0 0.48862067657766994 0.7547557645631068 0.0421875 0.04375
0 0.841015625 0.7557291666666667 0.0296875 0.03958333333333333
0 0.13874999999999998 0.880625 0.025 0.03958333333333333
0 0.14140625 0.8958333333333334 0.03125 0.03958333333333333
0 0.4839836105675147 0.047396852576647094 0.025 0.027083333333333334
0 0.5083230807086614 0.025319881889763782 0.0296875 0.03125
0 0.35703125 0.06354166666666666 0.0234375 0.027083333333333334
0 0.7421875 0.090625 0.0296875 0.03333333333333333
0 0.9837165178571429 0.019796626984126986 0.021674107142857224 0.026279761904761903
1 0.57109375 0.13333333333333333 0.0890625 0.1125
1 0.3203125 0.21041666666666667 0.103125 0.09583333333333334
