0 0.26484375 0.4354166666666667 0.0265625 0.0375
0 0.23828125 0.5770833333333333 0.0265625 0.0375
0 0.24122572211155377 0.85625 0.0265625 0.0375
0 0.19453125 0.8458333333333333 0.0265625 0.0375
0 0.08359375 0.80625 0.0265625 0.0375
0 0.0059339488636363635 0.7961505681818182 0.011867897727272727 0.03209280303030309
0 0.13515625 0.18958333333333333 0.0265625 0.0375
0 0.31484375 0.228125 0.0265625 0.041666666666666664
0 0.24084374999999997 0.16679999999999998 0.0265625 0.0375
0 0.2776357581967213 0.22885245901639345 0.0265625 0.0375
0 0.24863689853556484 0.3708071827057183 0.0265625 0.0375
0 0.5364579520497804 0.9767356027330405 0.0265625 0.0375
0 0.6292692843866171 0.6075898389095415 0.0265625 0.0375
0 0.48828125 0.86875 0.0265625 0.0375
0 0.84296875 0.85625 0.0265625 0.0375
0 0.83359375 0.98125 0.0265625 0.0375
0 0.8456112132352942 0.7541666666666667 0.0265625 0.0375
0 0.828125 0.43645833333333334 0.025 0.03958333333333333
0 0.8651536239495797 0.409375 0.025 0.03958333333333333
0 0.6444296239837398 0.2285230352303523 0.0265625 0.03333333333333333
0 0.7608938769035534 0.10109983079526226 0.0265625 0.03333333333333333
0 0.71015625 0.6354166666666666 0.0265625 0.03333333333333333
0 0.537484056122449 0.5833475056689342 0.0296875 0.03333333333333333
0 0.46912364130434786 0.4276268115942029 0.0265625 0.03333333333333333
0 0.8057291666666666 0.3972222222222222 0.02812499999999991 0.0375
0 0.9481591235632184 0.9343510536398468 0.0234375 0.035416666666666666
0 0.58828125 0.11875 0.0296875 0.05
0 0.6015625 0.20625 0.025 0.04583333333333333
0 0.85625 0.22395833333333334 0.0375 0.04375
0 0.4920452821601942 0.7501896237864077 0.0421875 0.04375
0 0.9625 0.428125 0.028125 0.04375
0 0.48907860824742266 0.041892182130584196 0.025 0.027083333333333338
0 0.50703125 0.02040441176470588 0.0296875 0.02830882352941176
0 0.36013608870967745 0.05171370967741936 0.0234375 0.027083333333333334
1 0.57109375 0.13333333333333333 0.0890625 0.1125
1 0.3203125 0.21041666666666667 0.103125 0.09583333333333334
