0 0.2730710730088496 0.42213618485742377 0.0265625 0.0375
0 0.23828125 0.5775821596244132 0.0265625 0.0375
0 0.2432181631455399 0.8555848982785602 0.0265625 0.0375
0 0.19453125 0.8458333333333333 0.0265625 0.0375
0 0.08359375 0.80625 0.0265625 0.0375
0 0.02615536971830986 0.7309174491392801 0.0265625 0.0375
0 0.13515625 0.18958333333333333 0.0265625 0.0375
0 0.21796875 0.16752717391304348 0.0265625 0.0375
0 0.2915880926724138 0.10810883620689654 0.0265625 0.0375
0 0.284054631294964 0.21813549160671464 0.0265625 0.0375
0 0.3119681631455399 0.30991784037558684 0.0265625 0.0375
0 0.3731770833333333 0.34305555555555556 0.0265625 0.041666666666666664
0 0.5723408157276995 0.8901701877934272 0.0265625 0.0375
0 0.6423455563583815 0.5684007707129094 0.0265625 0.0375
0 0.48828125 0.86875 0.0265625 0.0375
0 0.7875 0.8479166666666667 0.0234375 0.0375
0 0.8475006574333801 0.8426542776998597 0.0265625 0.0375
0 0.8381256574333801 0.9676542776998597 0.0265625 0.0375
0 0.8541801805750351 0.7496347592332866 0.0265625 0.0375
0 0.828125 0.43645833333333334 0.025 0.03958333333333333
0 0.8679779411764705 0.409375 0.025 0.03958333333333333
0 0.62421875 0.08229166666666667 0.0234375 0.035416666666666666
0 0.6699848790322581 0.1461021505376344 0.0265625 0.03333333333333333
0 0.771893075192802 0.06879820051413882 0.0265625 0.03333333333333334
0 0.7104056631455399 0.6357492175273866 0.0265625 0.03333333333333333
0 0.5911568368544601 0.49258607198748044 0.0265625 0.03333333333333333
0 0.4979056631455399 0.38908450704225356 0.0265625 0.03333333333333333
0 0.0140625 0.24479166666666666 0.0265625 0.03333333333333333
0 0.20390625 0.3265625 0.028125 0.0375
0 0.79296875 0.6270833333333333 0.0265625 0.03333333333333333
0 0.99287109375 0.776953125 0.0142578125 0.03515625
0 0.665625 0.5347222222222222 0.025 0.04166666666666673
0 0.58828125 0.11875 0.0296875 0.05
0 0.6015625 0.20625 0.025 0.04583333333333333
0 0.26953125 0.54375 0.0359375 0.04583333333333333
0 0.27265625 0.45 0.0328125 0.0375
0 0.85625 0.22395833333333334 0.0375 0.04375
0 0.5087993421052632 0.7250274122807017 0.0421875 0.04375
1 0.57109375 0.13333333333333333 0.0890625 0.1125
1 0.3203125 0.21041666666666667 0.103125 0.09583333333333334
