0 0.26484375 0.4354166666666667 0.0265625 0.0375
0 0.23828125 0.5770833333333333 0.0265625 0.0375
0 0.23990102091633467 0.85625 0.0265625 0.0375
0 0.19453125 0.8458333333333333 0.0265625 0.0375
0 0.08359375 0.80625 0.0265625 0.0375
0 0.13515625 0.18958333333333333 0.0265625 0.0375
0 0.20546875 0.25416666666666665 0.0265625 0.041666666666666664
0 0.2066467604712042 0.1973821989528796 0.026562500000000024 0.0375
0 0.26015625 0.27166666666666667 0.0265625 0.0375
0 0.21522902397260274 0.40365296803652967 0.0265625 0.0375
0 0.53984375 0.98125 0.0265625 0.0375
0 0.6278144612970712 0.6050034867503487 0.0265625 0.0375
0 0.48828125 0.86875 0.0265625 0.0375
0 0.84296875 0.85625 0.0265625 0.0375
0 0.83359375 0.98125 0.0265625 0.0375
0 0.84140625 0.78125 0.0265625 0.0375
0 0.828125 0.43645833333333334 0.025 0.03958333333333333
0 0.8640625 0.409375 0.025 0.03958333333333333
0 0.6276035652424942 0.23935238645111626 0.0265625 0.03333333333333333
0 0.73671875 0.15555555555555556 0.0265625 0.03333333333333333
0 0.71015625 0.6354166666666666 0.0265625 0.03333333333333333
0 0.490546218487395 0.613375350140056 0.0296875 0.03333333333333333
0 0.45859375 0.47291666666666665 0.0265625 0.03333333333333333
0 0.58828125 0.11875 0.0296875 0.05
0 0.6015625 0.20625 0.025 0.04583333333333333
0 0.85625 0.22395833333333334 0.0375 0.04375
0 0.48515625 0.759375 0.0421875 0.04375
0 0.6793658088235295 0.9750612745098038 0.0296875 0.03958333333333333
0 0.18766622340425534 0.7114140070921986 0.025000000000000022 0.03958333333333333
0 0.48147015655577297 0.05074812459230268 0.025 0.027083333333333334
0 0.5100086122047245 0.02981463254593176 0.0296875 0.03125
0 0.35703125 0.06354166666666666 0.0234375 0.027083333333333334
0 0.7993750000000001 0.400625 0.034375 0.03958333333333333
0 0.9699553571428572 0.04086309523809525 0.02473214285714285 0.03851190476190477
1 0.57109375 0.13333333333333333 0.0890625 0.1125
1 0.3203125 0.21041666666666667 0.103125 0.09583333333333334
