0 0.26484375 0.4354166666666667 0.0265625 0.0375
0 0.23828125 0.5770833333333333 0.0265625 0.0375
0 0.2412082918326693 0.85625 0.0265625 0.0375
0 0.19453125 0.8458333333333333 0.0265625 0.0375
0 0.08359375 0.80625 0.0265625 0.0375
0 0.005909090909090909 0.7969128787878788 0.011818181818181818 0.03215909090909091
0 0.13515625 0.18958333333333333 0.0265625 0.0375
0 0.31484375 0.22708333333333333 0.0265625 0.041666666666666664
0 0.24069791666666668 0.16726666666666665 0.0265625 0.0375
0 0.2773847336065574 0.22937841530054645 0.0265625 0.0375
0 0.2481334989539749 0.3711122733612273 0.0265625 0.0375
0 0.5365220076866765 0.9768210102489019 0.0265625 0.0375
0 0.6293302741635688 0.6076982651796778 0.0265625 0.0375
0 0.48828125 0.86875 0.0265625 0.0375
0 0.84296875 0.85625 0.0265625 0.0375
0 0.83359375 0.98125 0.0265625 0.0375
0 0.8454302619485293 0.7541666666666667 0.0265625 0.0375
0 0.828125 0.43645833333333334 0.025 0.03958333333333333
0 0.865126050420168 0.409375 0.025 0.03958333333333333
0 0.6439850101626016 0.2293529810298103 0.0265625 0.03333333333333333
0 0.7606717956852792 0.10139593908629442 0.0265625 0.03333333333333333
0 0.71015625 0.6354166666666666 0.0265625 0.03333333333333333
0 0.5365911989795918 0.5841411564625851 0.0296875 0.03333333333333333
0 0.4687669836956522 0.42810235507246375 0.0265625 0.03333333333333333
0 0.8 0.41875 0.028125 0.0375
0 0.9475305316091953 0.9359434865900382 0.0234375 0.035416666666666666
0 0.58828125 0.11875 0.0296875 0.05
0 0.6015625 0.20625 0.025 0.04583333333333333
0 0.85625 0.22395833333333334 0.0375 0.04375
0 0.4919523665048544 0.7503135113268607 0.0421875 0.04375
0 0.9791666666666666 0.41631944444444446 0.028125 0.04375
0 0.48858999140893467 0.042343213058419246 0.025 0.027083333333333334
0 0.50703125 0.02061887254901961 0.0296875 0.02873774509803922
0 0.359971438172043 0.05234094982078853 0.0234375 0.027083333333333334
1 0.57109375 0.13333333333333333 0.0890625 0.1125
1 0.3203125 0.21041666666666667 0.103125 0.09583333333333334
