0 0.27554618362831856 0.4133357915437561 0.0265625 0.0375
0 0.23828125 0.5828345070422535 0.0265625 0.0375
0 0.2458443368544601 0.8485817683881064 0.0265625 0.0375
0 0.19453125 0.8458333333333333 0.0265625 0.0375
0 0.08359375 0.80625 0.0265625 0.0375
0 0.030094630281690137 0.7274158841940532 0.0265625 0.0375
0 0.13515625 0.18958333333333333 0.0265625 0.0375
0 0.19279513888888888 0.1099537037037037 0.0265625 0.0375
0 0.3128390330188679 0.09508647798742138 0.0265625 0.0375
0 0.28506070143884893 0.21679406474820145 0.0265625 0.0375
0 0.3145943368544601 0.3046654929577465 0.0265625 0.0375
0 0.4356770833333333 0.09652777777777778 0.0265625 0.0375
0 0.5854716842723005 0.8744131455399061 0.0265625 0.0375
0 0.6471956286127167 0.5630118015414258 0.0265625 0.0375
0 0.48828125 0.86875 0.0265625 0.0375
0 0.45390625 0.7854166666666667 0.0265625 0.0375
0 0.8490697317671809 0.8379470546984572 0.0265625 0.0375
0 0.839694731767181 0.9629470546984572 0.0265625 0.0375
0 0.8553569863253857 0.7480656848994857 0.0265625 0.0375
0 0.87140625 0.6670833333333334 0.0265625 0.0375
0 0.828125 0.43645833333333334 0.025 0.03958333333333333
0 0.8686830357142858 0.409375 0.025 0.03958333333333333
0 0.6747702205882353 0.1877450980392157 0.0234375 0.03333333333333333
0 0.6738515264976959 0.13063556067588325 0.0265625 0.03333333333333332
0 0.73984375 0.09114583333333333 0.0265625 0.03333333333333333
0 0.7697361021850899 0.06304627249357327 0.0265625 0.03333333333333334
0 0.7130318368544601 0.6392507824726135 0.0265625 0.03333333333333333
0 0.5885306631455399 0.4803305946791862 0.0265625 0.03333333333333333
0 0.5005318368544601 0.38383215962441314 0.0265625 0.03333333333333333
0 0.18203125 0.6178571428571428 0.0265625 0.03333333333333333
0 0.015759698275862065 0.21580459770114943 0.0265625 0.03333333333333333
0 0.05546875 0.18541666666666667 0.0265625 0.03333333333333333
0 0.7286458333333333 0.9895833333333334 0.01875 0.020833333333333332
0 0.6580729166666667 0.954861111111111 0.0265625 0.03333333333333333
0 0.73671875 0.8479166666666667 0.0265625 0.03333333333333333
0 0.9872523716517858 0.7694614955357143 0.025495256696428648 0.0334914434523809
0 0.55 0.24270833333333333 0.025 0.035416666666666666
0 0.58828125 0.11875 0.0296875 0.05
0 0.6015625 0.20625 0.025 0.04583333333333333
0 0.37265625 0.7635416666666667 0.0328125 0.035416666666666666
0 0.808984375 0.64375 0.028125 0.03333333333333333
0 0.85625 0.22395833333333334 0.0375 0.04375
0 0.514319490131579 0.7164405153508772 0.0421875 0.04375
