0 0.26484375 0.4354166666666667 0.0265625 0.0375
0 0.23828125 0.5770833333333333 0.0265625 0.0375
0 0.240722734063745 0.85625 0.0265625 0.0375
0 0.19453125 0.8458333333333333 0.0265625 0.0375
0 0.08359375 0.80625 0.0265625 0.0375
0 0.00546875 0.8104166666666667 0.0109375 0.03333333333333333
0 0.13515625 0.18958333333333333 0.0265625 0.0375
0 0.30390625 0.21770833333333334 0.0265625 0.041666666666666664
0 0.2304439484126984 0.17369378306878308 0.0265625 0.0375
0 0.27039190573770494 0.24403005464480873 0.0265625 0.0375
0 0.23526041666666667 0.3811111111111111 0.0265625 0.0375
0 0.5383064147144949 0.9792002196193265 0.0265625 0.0375
0 0.6310292750929368 0.6107187112763321 0.0265625 0.0375
0 0.48828125 0.86875 0.0265625 0.0375
0 0.84296875 0.85625 0.0265625 0.0375
0 0.83359375 0.98125 0.0265625 0.0375
0 0.8403894761029411 0.7541666666666667 0.0265625 0.0375
0 0.828125 0.43645833333333334 0.025 0.03958333333333333
0 0.8643579306722688 0.409375 0.025 0.03958333333333333
0 0.6311760248267898 0.23617686682063124 0.0265625 0.03333333333333333
0 0.7551300262237762 0.11104312354312354 0.0265625 0.03333333333333333
0 0.71015625 0.6354166666666666 0.0265625 0.03333333333333333
0 0.5196051520270271 0.5999296171171171 0.0296875 0.03333333333333333
0 0.4621716485507246 0.4452093397745572 0.0265625 0.03333333333333333
0 0.99453125 0.3697916666666667 0.0109375 0.03333333333333333
0 0.9267392791970803 0.974764294403893 0.0234375 0.035416666666666666
0 0.58828125 0.11875 0.0296875 0.05
0 0.6015625 0.20625 0.025 0.04583333333333333
0 0.85625 0.22395833333333334 0.0375 0.04375
0 0.4893640018203883 0.7537646642394822 0.0421875 0.04375
0 0.865234375 0.6755208333333333 0.0296875 0.03958333333333333
0 0.14753605769230768 0.928926282051282 0.025 0.03958333333333333
0 0.178125 0.9572916666666667 0.03125 0.03958333333333333
0 0.48449730919765166 0.04671192106979778 0.025 0.02708333333333333
0 0.507978592519685 0.024401246719160108 0.0296875 0.03125000000000001
0 0.35703125 0.06354166666666666 0.0234375 0.027083333333333334
0 0.7340625000000001 0.023958333333333335 0.021875 0.03125
0 0.9865290178571428 0.015491071428571427 0.021049107142857258 0.023779761904761904
1 0.57109375 0.13333333333333333 0.0890625 0.1125
1 0.3203125 0.21041666666666667 0.103125 0.09583333333333334
