0 0.26484375 0.4354166666666667 0.0265625 0.0375
0 0.23828125 0.5770833333333333 0.0265625 0.0375
0 0.24128299302788844 0.85625 0.0265625 0.0375
0 0.19453125 0.8458333333333333 0.0265625 0.0375
0 0.08359375 0.80625 0.0265625 0.0375
0 0.006015625 0.7936458333333334 0.01203125 0.03187500000000002
0 0.13515625 0.18958333333333333 0.0265625 0.0375
0 0.31640625 0.22708333333333333 0.0265625 0.041666666666666664
0 0.24132291666666666 0.16526666666666667 0.0265625 0.0375
0 0.2784605532786885 0.2271243169398907 0.0265625 0.0375
0 0.25029092573221756 0.36980474198047425 0.0265625 0.0375
0 0.5362474835285506 0.9764549780380674 0.0265625 0.0375
0 0.6290688894052044 0.607233581164808 0.0265625 0.0375
0 0.48828125 0.86875 0.0265625 0.0375
0 0.84296875 0.85625 0.0265625 0.0375
0 0.83359375 0.98125 0.0265625 0.0375
0 0.8462057674632353 0.7541666666666667 0.0265625 0.0375
0 0.828125 0.43645833333333334 0.025 0.03958333333333333
0 0.8652442226890755 0.409375 0.025 0.03958333333333333
0 0.6458904979674797 0.2257960704607046 0.0265625 0.03333333333333333
0 0.7616235723350254 0.10012690355329949 0.0265625 0.03333333333333333
0 0.71015625 0.6354166666666666 0.0265625 0.03333333333333333
0 0.5404177295918366 0.5807397959183673 0.0296875 0.03333333333333333
0 0.4701521109271523 0.42604856512141276 0.0265625 0.03333333333333333
0 0.759375 0.39375 0.028125 0.0375
0 0.9502244971264368 0.9291187739463601 0.0234375 0.035416666666666666
0 0.58828125 0.11875 0.0296875 0.05
0 0.6015625 0.20625 0.025 0.04583333333333333
0 0.85625 0.22395833333333334 0.0375 0.04375
0 0.49235057645631064 0.7497825647249191 0.0421875 0.04375
0 0.9807291666666667 0.3885416666666667 0.028125 0.04375
0 0.4906840635738831 0.0404102233676976 0.025 0.027083333333333334
0 0.50703125 0.019699754901960787 0.0296875 0.02689950980392157
0 0.36067708333333337 0.049652777777777775 0.0234375 0.027083333333333334
1 0.57109375 0.13333333333333333 0.0890625 0.1125
1 0.3203125 0.21041666666666667 0.103125 0.09583333333333334
