0 0.26484375 0.4354166666666667 0.0265625 0.0375
0 0.23828125 0.5770833333333333 0.0265625 0.0375
0 0.24100161852589644 0.85625 0.0265625 0.0375
0 0.19453125 0.8458333333333333 0.0265625 0.0375
0 0.08359375 0.80625 0.0265625 0.0375
0 0.005614346590909091 0.8059517045454546 0.011228693181818182 0.032945075757575756
0 0.13515625 0.18958333333333333 0.0265625 0.0375
0 0.31130756578947366 0.2213815789473684 0.0265625 0.041666666666666664
0 0.23896875 0.1728 0.0265625 0.0375
0 0.2744082991803279 0.23561475409836066 0.0265625 0.0375
0 0.24216461820083685 0.37472977684797765 0.0265625 0.0375
0 0.5372815245241581 0.9778336993655441 0.0265625 0.0375
0 0.63005343866171 0.6089838909541512 0.0265625 0.0375
0 0.48828125 0.86875 0.0265625 0.0375
0 0.84296875 0.85625 0.0265625 0.0375
0 0.83359375 0.98125 0.0265625 0.0375
0 0.8432846966911764 0.7541666666666667 0.0265625 0.0375
0 0.828125 0.43645833333333334 0.025 0.03958333333333333
0 0.8647991071428571 0.409375 0.025 0.03958333333333333
0 0.635640625 0.23404166666666668 0.0265625 0.03333333333333333
0 0.7580385469543147 0.10490693739424704 0.0265625 0.03333333333333333
0 0.71015625 0.6354166666666666 0.0265625 0.03333333333333333
0 0.527882179054054 0.5920467342342343 0.0296875 0.03333333333333333
0 0.4647078804347826 0.43393719806763287 0.0265625 0.03333333333333333
0 0.8796875 0.3541666666666667 0.028125 0.0375
0 0.9400772270114942 0.9548251915708812 0.0234375 0.035416666666666666
0 0.58828125 0.11875 0.0296875 0.05
0 0.6015625 0.20625 0.025 0.04583333333333333
0 0.85625 0.22395833333333334 0.0375 0.04375
0 0.49085065230582525 0.751782463592233 0.0421875 0.04375
0 0.9190104166666666 0.5267361111111111 0.0296875 0.039583333333333276
0 0.14698660714285713 0.9614583333333333 0.0203125 0.03125
0 0.4855247064579256 0.04534205805609915 0.025 0.027083333333333334
0 0.5072896161417323 0.022563976377952755 0.0296875 0.03125
0 0.35801915322580646 0.05977822580645162 0.0234375 0.027083333333333334
1 0.57109375 0.13333333333333333 0.0890625 0.1125
1 0.3203125 0.21041666666666667 0.103125 0.09583333333333334
