0 0.26737678964757705 0.43288362701908956 0.0265625 0.0375
0 0.23828125 0.5770833333333333 0.0265625 0.0375
0 0.24231884960159364 0.85625 0.0265625 0.0375
0 0.19453125 0.8458333333333333 0.0265625 0.0375
0 0.08359375 0.80625 0.0265625 0.0375
0 0.01943397373540856 0.7513497081712063 0.0265625 0.0375
0 0.13515625 0.18958333333333333 0.0265625 0.0375
0 0.2299172794117647 0.18682598039215687 0.0265625 0.041666666666666664
0 0.2597900390625 0.13173828125 0.0265625 0.0375
0 0.28249213129496403 0.22021882494004796 0.0265625 0.0375
0 0.28859250498007966 0.33291832669322713 0.0265625 0.0375
0 0.16145833333333331 0.5357638888888889 0.028125 0.05000000000000006
0 0.5458984375 0.94921875 0.0265625 0.0375
0 0.6374470338983051 0.5810734463276837 0.0265625 0.0375
0 0.48828125 0.86875 0.0265625 0.0375
0 0.8450637710378682 0.8499649368863955 0.0265625 0.0375
0 0.8356887710378682 0.9749649368863955 0.0265625 0.0375
0 0.8523525157784011 0.7520716456287986 0.0265625 0.0375
0 0.828125 0.43645833333333334 0.025 0.03958333333333333
0 0.8668828781512605 0.409375 0.025 0.03958333333333333
0 0.6631459686147185 0.1756313131313131 0.0265625 0.03333333333333333
0 0.7720852158634538 0.07926706827309236 0.0265625 0.03333333333333333
0 0.71015625 0.6354166666666666 0.0265625 0.03333333333333333
0 0.5774033874045802 0.5208969465648855 0.02677719465648858 0.03333333333333333
0 0.4898741488326849 0.405204280155642 0.0265625 0.03333333333333333
0 0.00715625 0.2924583333333333 0.0143125 0.03391666666666667
0 0.43828125 0.40729166666666666 0.028125 0.0375
0 0.74453125 0.21458333333333332 0.0265625 0.03333333333333333
0 0.9788431186868687 0.8384995791245792 0.02233270202020208 0.035416666666666666
0 0.58828125 0.11875 0.0296875 0.05
0 0.6015625 0.20625 0.025 0.04583333333333333
0 0.08359375 0.146875 0.0296875 0.03958333333333333
0 0.85625 0.22395833333333334 0.0375 0.04375
0 0.5002261513157895 0.7383634868421053 0.0421875 0.04375
0 0.5005059523809524 0.020935846560846565 0.025 0.027083333333333338
0 0.300390625 0.16197916666666667 0.028125 0.0375
0 0.5204308712121212 0.011158459595959595 0.0296875 0.01875
0 0.37270089285714286 0.013199404761904761 0.0234375 0.022351190476190476
1 0.57109375 0.13333333333333333 0.0890625 0.1125
1 0.3203125 0.21041666666666667 0.103125 0.09583333333333334
