0 0.267514454845815 0.43274596182085173 0.0265625 0.0375
0 0.23828125 0.5770833333333333 0.0265625 0.0375
0 0.2423312998007968 0.85625 0.0265625 0.0375
0 0.19453125 0.8458333333333333 0.0265625 0.0375
0 0.08359375 0.80625 0.0265625 0.0375
0 0.01955556906614786 0.7509646562905318 0.0265625 0.0375
0 0.13515625 0.18958333333333333 0.0265625 0.0375
0 0.22945772058823527 0.18713235294117647 0.0265625 0.041666666666666664
0 0.26015625 0.13125 0.0265625 0.0375
0 0.28252023381294966 0.22018135491606713 0.0265625 0.0375
0 0.2889971364541833 0.332378818061089 0.0265625 0.0375
0 0.16593750000000002 0.5366666666666667 0.028125 0.05000000000000006
0 0.54638671875 0.9482783564814814 0.0265625 0.0375
0 0.6376787605932204 0.5805437853107345 0.0265625 0.0375
0 0.48828125 0.86875 0.0265625 0.0375
0 0.8451075999298737 0.8498334502103787 0.0265625 0.0375
0 0.8357325999298737 0.9748334502103787 0.0265625 0.0375
0 0.8523853874474053 0.752027816736793 0.0265625 0.0375
0 0.828125 0.43645833333333334 0.025 0.03958333333333333
0 0.8669025735294118 0.409375 0.025 0.03958333333333333
0 0.6632136093073593 0.17531565656565656 0.0265625 0.03333333333333333
0 0.7722107178714859 0.07901606425702812 0.0265625 0.03333333333333334
0 0.71015625 0.6354166666666666 0.0265625 0.03333333333333333
0 0.5778208492366412 0.5203005725190839 0.026717557251908365 0.03333333333333328
0 0.4901781371595331 0.4051637483787289 0.0265625 0.03333333333333333
0 0.0073906250000000005 0.2906875 0.014781250000000001 0.03370833333333335
0 0.4317708333333333 0.4048611111111111 0.028125 0.0375
0 0.7669270833333333 0.2263888888888889 0.0265625 0.03333333333333333
0 0.9792179608585858 0.8374473905723906 0.022056502525252597 0.035416666666666666
0 0.58828125 0.11875 0.0296875 0.05
0 0.6015625 0.20625 0.025 0.04583333333333333
0 0.05234375 0.14791666666666667 0.0359375 0.04583333333333333
0 0.85625 0.22395833333333334 0.0375 0.04375
0 0.5003803453947369 0.738123629385965 0.0421875 0.04375
0 0.500357142857143 0.02080357142857143 0.025 0.027083333333333338
0 0.2947916666666667 0.14583333333333334 0.028125 0.0375
0 0.5206676136363637 0.011079545454545455 0.0296875 0.01875
0 0.3729241071428572 0.012790178571428572 0.0234375 0.022127976190476187
1 0.57109375 0.13333333333333333 0.0890625 0.1125
1 0.3203125 0.21041666666666667 0.103125 0.09583333333333334
