0 0.2746750553097345 0.41643313667649956 0.0265625 0.0375
0 0.23828125 0.5809859154929577 0.0265625 0.0375
0 0.2449200410798122 0.8510465571205008 0.0265625 0.0375
0 0.19453125 0.8458333333333333 0.0265625 0.0375
0 0.08359375 0.80625 0.0265625 0.0375
0 0.02870818661971831 0.7286482785602504 0.0265625 0.0375
0 0.13515625 0.18958333333333333 0.0265625 0.0375
0 0.20484375 0.13208333333333336 0.0265625 0.03750000000000001
0 0.3054296875 0.09979166666666667 0.0265625 0.0375
0 0.2847066097122302 0.21726618705035972 0.0265625 0.0375
0 0.3136700410798122 0.30651408450704226 0.0265625 0.0375
0 0.37734375 0.1625 0.0265625 0.041666666666666664
0 0.580850205399061 0.8799589201877934 0.0265625 0.0375
0 0.6454886199421965 0.5649084778420038 0.0265625 0.0375
0 0.48828125 0.86875 0.0265625 0.0375
0 0.57421875 0.8104166666666667 0.0265625 0.0375
0 0.8485174877279101 0.8396037868162692 0.0265625 0.0375
0 0.8391424877279101 0.9646037868162692 0.0265625 0.0375
0 0.8549428032959326 0.7486179289387564 0.0265625 0.0375
0 0.93359375 0.7208333333333333 0.0265625 0.0375
0 0.828125 0.43645833333333334 0.025 0.03958333333333333
0 0.8684348739495797 0.409375 0.025 0.03958333333333333
0 0.68828125 0.13541666666666666 0.0234375 0.035416666666666666
0 0.6724906394009216 0.13607910906298004 0.0265625 0.03333333333333335
0 0.7704952602827764 0.0650706940874036 0.0265625 0.03333333333333333
0 0.7121075410798122 0.6380183881064163 0.0265625 0.03333333333333333
0 0.5894549589201878 0.4846439749608764 0.0265625 0.03333333333333333
0 0.4996075410798122 0.3856807511737089 0.0265625 0.03333333333333333
0 0.07578125 0.525 0.0296875 0.0375
0 0.017252604166666668 0.223046875 0.0265625 0.03333333333333333
0 0.11458333333333333 0.26319444444444445 0.028125 0.037500000000000026
0 0.76953125 0.7958333333333333 0.0265625 0.03333333333333333
0 0.9892299107142858 0.7720982142857143 0.021540178571428648 0.0340773809523809
0 0.61484375 0.33645833333333336 0.025 0.035416666666666666
0 0.58828125 0.11875 0.0296875 0.05
0 0.6015625 0.20625 0.025 0.04583333333333333
0 0.32265625 0.6791666666666667 0.0390625 0.041666666666666664
0 0.6296875 0.603125 0.028125 0.035416666666666666
0 0.85625 0.22395833333333334 0.0375 0.04375
0 0.5123766447368421 0.7194627192982457 0.0421875 0.04375
