0 0.26484375 0.4354166666666667 0.0265625 0.0375
0 0.23828125 0.5770833333333333 0.0265625 0.0375
0 0.2417336902390438 0.85625 0.0265625 0.0375
0 0.19453125 0.8458333333333333 0.0265625 0.0375
0 0.08359375 0.80625 0.0265625 0.0375
0 0.013718993190661477 0.7694471465629054 0.0265625 0.0375
0 0.13515625 0.18958333333333333 0.0265625 0.0375
0 0.29609375 0.24375 0.0265625 0.041666666666666664
0 0.24509375000000003 0.1532 0.0265625 0.0375
0 0.2811713129496403 0.2219799160671463 0.0265625 0.0375
0 0.2707648026315789 0.35844298245614037 0.0265625 0.0375
0 0.01328125 0.546875 0.0234375 0.052083333333333336
0 0.5345911877745242 0.9742465836993656 0.0265625 0.0375
0 0.6274918680297398 0.6044299876084263 0.0265625 0.0375
0 0.48828125 0.86875 0.0265625 0.0375
0 0.8430038131136046 0.8561448106591866 0.0265625 0.0375
0 0.8336288131136046 0.9811448106591866 0.0265625 0.0375
0 0.8508075473352033 0.7541316035530622 0.0265625 0.0375
0 0.828125 0.43645833333333334 0.025 0.03958333333333333
0 0.8659571953781512 0.409375 0.025 0.03958333333333333
0 0.6598248106060607 0.19311868686868688 0.0265625 0.03333333333333333
0 0.7661866214859437 0.09106425702811244 0.0265625 0.03333333333333333
0 0.71015625 0.6354166666666666 0.0265625 0.03333333333333333
0 0.5577826812977099 0.5489265267175572 0.029580152671755667 0.03333333333333328
0 0.477643832781457 0.41356236203090513 0.0265625 0.03333333333333333
0 0.6703125 0.51875 0.028125 0.0375
0 0.566796875 0.0328125 0.0265625 0.03333333333333333
0 0.9664453125 0.8808333333333334 0.0234375 0.035416666666666666
0 0.58828125 0.11875 0.0296875 0.05
0 0.6015625 0.20625 0.025 0.04583333333333333
0 0.85625 0.22395833333333334 0.0375 0.04375
0 0.875390625 0.18177083333333333 0.0328125 0.04375
0 0.49475310983009707 0.7465791868932039 0.0421875 0.04375
0 0.5033182989690721 0.028747852233676974 0.025 0.027083333333333334
0 0.5093039772727272 0.014867424242424243 0.0296875 0.01875
0 0.3649344758064516 0.033434139784946235 0.0234375 0.027083333333333334
1 0.57109375 0.13333333333333333 0.0890625 0.1125
1 0.3203125 0.21041666666666667 0.103125 0.09583333333333334
