0 0.26484375 0.4354166666666667 0.0265625 0.0375
0 0.23828125 0.5770833333333333 0.0265625 0.0375
0 0.24187562250996017 0.85625 0.0265625 0.0375
0 0.19453125 0.8458333333333333 0.0265625 0.0375
0 0.08359375 0.80625 0.0265625 0.0375
0 0.015105179961089493 0.7650575551232166 0.0265625 0.0375
0 0.13515625 0.18958333333333333 0.0265625 0.0375
0 0.2766741071428572 0.23273809523809522 0.0265625 0.041666666666666664
0 0.2467529296875 0.14912109375 0.0265625 0.0375
0 0.28149168165467625 0.221552757793765 0.0265625 0.0375
0 0.2746710526315789 0.35219298245614034 0.0265625 0.0375
0 0.052734375 0.5671875 0.028125 0.05
0 0.5340695918740849 0.9735511224987798 0.0265625 0.0375
0 0.6291975635593221 0.5999293785310734 0.0265625 0.0375
0 0.48828125 0.86875 0.0265625 0.0375
0 0.8435034624824684 0.8546458625525947 0.0265625 0.0375
0 0.8341284624824684 0.9796458625525947 0.0265625 0.0375
0 0.8511822843618514 0.7536319541841983 0.0265625 0.0375
0 0.828125 0.43645833333333334 0.025 0.03958333333333333
0 0.8661817226890756 0.409375 0.025 0.03958333333333333
0 0.66073795995671 0.18686868686868688 0.0265625 0.03333333333333333
0 0.7676173443775101 0.08820281124497992 0.0265625 0.03333333333333333
0 0.71015625 0.6354166666666666 0.0265625 0.03333333333333333
0 0.5625417461832061 0.5421278625954199 0.028900286259541996 0.033333333333333395
0 0.4800031043046357 0.40963024282560706 0.0265625 0.03333333333333333
0 0.6356770833333333 0.5829861111111111 0.028125 0.0375
0 0.64609375 0.04583333333333333 0.0265625 0.03333333333333333
0 0.9742788461538462 0.8673076923076923 0.0234375 0.035416666666666666
0 0.58828125 0.11875 0.0296875 0.05
0 0.6015625 0.20625 0.025 0.04583333333333333
0 0.85625 0.22395833333333334 0.0375 0.04375
0 0.89921875 0.23645833333333333 0.0328125 0.04375
0 0.49550970873786404 0.7455703883495146 0.0421875 0.04375
0 0.5058035714285715 0.025644841269841272 0.025 0.027083333333333334
0 0.04765625 0.2760416666666667 0.0296875 0.03958333333333333
0 0.5120028409090909 0.013967803030303032 0.0296875 0.01875
0 0.3662752016129032 0.028326612903225808 0.0234375 0.027083333333333334
1 0.57109375 0.13333333333333333 0.0890625 0.1125
1 0.3203125 0.21041666666666667 0.103125 0.09583333333333334
