0 0.26781731828193833 0.43244309838472833 0.0265625 0.0375
0 0.23828125 0.5770833333333333 0.0265625 0.0375
0 0.24235869023904383 0.85625 0.0265625 0.0375
0 0.19453125 0.8458333333333333 0.0265625 0.0375
0 0.08359375 0.80625 0.0265625 0.0375
0 0.019823078793774318 0.7501175421530479 0.0265625 0.0375
0 0.13515625 0.18958333333333333 0.0265625 0.0375
0 0.22825520833333335 0.1857638888888889 0.0265625 0.041666666666666664
0 0.2609619140625 0.13017578125 0.0265625 0.0375
0 0.282582059352518 0.22009892086330934 0.0265625 0.0375
0 0.28988732569721115 0.3311918990703851 0.0265625 0.0375
0 0.165625 0.5229166666666667 0.028125 0.05
0 0.5474609375 0.9462094907407407 0.0265625 0.0375
0 0.6381885593220339 0.5793785310734464 0.0265625 0.0375
0 0.48828125 0.86875 0.0265625 0.0375
0 0.8452040234922862 0.8495441795231417 0.0265625 0.0375
0 0.8358290234922862 0.9745441795231417 0.0265625 0.0375
0 0.8524577051192146 0.7519313931743806 0.0265625 0.0375
0 0.828125 0.43645833333333334 0.025 0.03958333333333333
0 0.8669459033613446 0.409375 0.025 0.03958333333333333
0 0.6634330718623482 0.1743421052631579 0.0265625 0.03333333333333333
0 0.7724868222891567 0.07846385542168675 0.0265625 0.03333333333333334
0 0.71015625 0.6354166666666666 0.0265625 0.03333333333333333
0 0.5787392652671756 0.5189885496183206 0.026586354961832103 0.03333333333333333
0 0.49084691147859927 0.4050745784695201 0.0265625 0.03333333333333333
0 0.0078125 0.2875 0.015625 0.03333333333333333
0 0.425 0.4166666666666667 0.028125 0.0375
0 0.7466145833333333 0.24722222222222223 0.0265625 0.03333333333333333
0 0.9800426136363637 0.8351325757575758 0.02144886363636367 0.035416666666666666
0 0.58828125 0.11875 0.0296875 0.05
0 0.6015625 0.20625 0.025 0.04583333333333333
0 0.08203125 0.1625 0.0359375 0.04583333333333333
0 0.85625 0.22395833333333334 0.0375 0.04375
0 0.500719572368421 0.7375959429824561 0.0421875 0.04375
0 0.5000297619047619 0.020512566137566135 0.025 0.02708333333333333
0 0.3203125 0.13541666666666666 0.028125 0.0375
0 0.521188446969697 0.010905934343434343 0.0296875 0.01875
0 0.3734151785714286 0.011889880952380952 0.0234375 0.021636904761904763
1 0.57109375 0.13333333333333333 0.0890625 0.1125
1 0.3203125 0.21041666666666667 0.103125 0.09583333333333334
