0 0.26484375 0.4354166666666667 0.0265625 0.0375
0 0.23828125 0.5770833333333333 0.0265625 0.0375
0 0.24170131972111553 0.85625 0.0265625 0.0375
0 0.19453125 0.8458333333333333 0.0265625 0.0375
0 0.08359375 0.80625 0.0265625 0.0375
0 0.013402845330739299 0.7704482814526589 0.0265625 0.0375
0 0.13515625 0.18958333333333333 0.0265625 0.0375
0 0.30328125 0.24750000000000003 0.0265625 0.0416666666666667
0 0.24482291666666667 0.15406666666666666 0.0265625 0.0375
0 0.28109824640287767 0.2220773381294964 0.0265625 0.0375
0 0.26987390350877194 0.35986842105263156 0.0265625 0.0375
0 0.01484375 0.590625 0.0234375 0.052083333333333336
0 0.5347101482430454 0.9744051976573939 0.0265625 0.0375
0 0.6276051347583643 0.6046313506815365 0.0265625 0.0375
0 0.48828125 0.86875 0.0265625 0.0375
0 0.84296875 0.85625 0.0265625 0.0375
0 0.83359375 0.98125 0.0265625 0.0375
0 0.8505485983455883 0.7541666666666667 0.0265625 0.0375
0 0.828125 0.43645833333333334 0.025 0.03958333333333333
0 0.865905987394958 0.409375 0.025 0.03958333333333333
0 0.6595170454545454 0.19640151515151513 0.0265625 0.03333333333333333
0 0.7658603162650602 0.09171686746987952 0.0265625 0.03333333333333333
0 0.71015625 0.6354166666666666 0.0265625 0.03333333333333333
0 0.5567278519417476 0.5508899676375404 0.0296875 0.03333333333333333
0 0.47710575331125826 0.4144591611479029 0.0265625 0.03333333333333333
0 0.6546875 0.5159722222222223 0.028125 0.03750000000000006
0 0.56015625 0.009375 0.0171875 0.01875
0 0.9649218749999999 0.8835416666666667 0.0234375 0.035416666666666666
0 0.58828125 0.11875 0.0296875 0.05
0 0.6015625 0.20625 0.025 0.04583333333333333
0 0.85625 0.22395833333333334 0.0375 0.04375
0 0.87109375 0.15416666666666667 0.0328125 0.0375
0 0.494580552184466 0.7468092637540453 0.0421875 0.04375
0 0.5024108676975945 0.02958548109965636 0.025 0.027083333333333334
0 0.508688446969697 0.01507260101010101 0.0296875 0.01875
0 0.36462869623655914 0.03459901433691757 0.0234375 0.027083333333333338
1 0.57109375 0.13333333333333333 0.0890625 0.1125
1 0.3203125 0.21041666666666667 0.103125 0.09583333333333334
