0 0.26484375 0.4354166666666667 0.0265625 0.0375
0 0.23828125 0.5770833333333333 0.0265625 0.0375
0 0.24008030378486053 0.85625 0.0265625 0.0375
0 0.19453125 0.8458333333333333 0.0265625 0.0375
0 0.08359375 0.80625 0.0265625 0.0375
0 0.13515625 0.18958333333333333 0.0265625 0.0375
0 0.22265625 0.21041666666666667 0.0265625 0.041666666666666664
0 0.21018079188481673 0.18952879581151832 0.02656249999999998 0.0375
0 0.26484375 0.26166666666666666 0.0265625 0.0375
0 0.21995738636363638 0.3977272727272727 0.0265625 0.0375
0 0.53984375 0.98125 0.0265625 0.0375
0 0.6292265951882845 0.6075139470013947 0.0265625 0.0375
0 0.48828125 0.86875 0.0265625 0.0375
0 0.84296875 0.85625 0.0265625 0.0375
0 0.83359375 0.98125 0.0265625 0.0375
0 0.84140625 0.774142156862745 0.0265625 0.0375
0 0.828125 0.43645833333333334 0.025 0.03958333333333333
0 0.8640625 0.409375 0.025 0.03958333333333333
0 0.628383010969977 0.23865954580446497 0.0265625 0.03333333333333333
0 0.73671875 0.14722222222222223 0.0265625 0.03333333333333335
0 0.71015625 0.6354166666666666 0.0265625 0.03333333333333333
0 0.49763655462184875 0.6095938375350141 0.0296875 0.03333333333333333
0 0.45905138598326356 0.4674250348675035 0.0265625 0.03333333333333333
0 0.58828125 0.11875 0.0296875 0.05
0 0.6015625 0.20625 0.025 0.04583333333333333
0 0.85625 0.22395833333333334 0.0375 0.04375
0 0.4859393962378641 0.7583308050161812 0.0421875 0.04375
0 0.71796875 0.940625 0.0296875 0.03958333333333333
0 0.21932565789473685 0.7734100877192983 0.025 0.03958333333333333
0 0.48213062622309194 0.0498674983692107 0.025 0.027083333333333334
0 0.5095656988188976 0.028633530183727038 0.0296875 0.03125000000000001
0 0.35703125 0.06354166666666666 0.0234375 0.027083333333333334
0 0.7953125 0.3302083333333333 0.034375 0.03958333333333333
0 0.9735714285714285 0.03532738095238096 0.02392857142857139 0.03529761904761905
1 0.57109375 0.13333333333333333 0.0890625 0.1125
1 0.3203125 0.21041666666666667 0.103125 0.09583333333333334
