0 0.26484375 0.4354166666666667 0.0265625 0.0375
0 0.23828125 0.5770833333333333 0.0265625 0.0375
0 0.24041894920318727 0.85625 0.0265625 0.0375
0 0.19453125 0.8458333333333333 0.0265625 0.0375
0 0.08359375 0.80625 0.0265625 0.0375
0 0.13515625 0.18958333333333333 0.0265625 0.0375
0 0.28416193181818183 0.19981060606060605 0.0265625 0.041666666666666664
0 0.21870959051724137 0.17695761494252873 0.0265625 0.0375
0 0.26840533088235297 0.25033700980392154 0.0265625 0.0375
0 0.22841796875 0.3865017361111111 0.0265625 0.0375
0 0.5394228129575402 0.9806887506100537 0.0265625 0.0375
0 0.6318939592050209 0.6122559274755928 0.0265625 0.0375
0 0.48828125 0.86875 0.0265625 0.0375
0 0.84296875 0.85625 0.0265625 0.0375
0 0.83359375 0.98125 0.0265625 0.0375
0 0.8372357536764706 0.7541666666666667 0.0265625 0.0375
0 0.828125 0.43645833333333334 0.025 0.03958333333333333
0 0.8640625 0.409375 0.025 0.03958333333333333
0 0.6298552973441109 0.2373508468052348 0.0265625 0.03333333333333333
0 0.7526236007462687 0.12269900497512438 0.0265625 0.03333333333333333
0 0.71015625 0.6354166666666666 0.0265625 0.03333333333333333
0 0.5110294117647058 0.6024509803921568 0.0296875 0.03333333333333333
0 0.45994050732217573 0.4567555788005579 0.0265625 0.03333333333333333
0 0.9120379704301076 0.9909162186379928 0.026024865591397807 0.018167562724014392
0 0.58828125 0.11875 0.0296875 0.05
0 0.6015625 0.20625 0.025 0.04583333333333333
0 0.85625 0.22395833333333334 0.0375 0.04375
0 0.487744614684466 0.7559238470873787 0.0421875 0.04375
0 0.8159801136363637 0.8383522727272728 0.0296875 0.03958333333333333
0 0.17706801470588235 0.8466299019607842 0.025 0.03958333333333333
0 0.05 0.8052083333333333 0.03125 0.03958333333333333
0 0.48337818003913896 0.048204093281148074 0.025 0.027083333333333334
0 0.5087290846456692 0.02640255905511811 0.0296875 0.03125
0 0.35703125 0.06354166666666666 0.0234375 0.027083333333333334
0 0.7736979166666667 0.16006944444444443 0.022395833333333302 0.03958333333333333
0 0.9804017857142856 0.024871031746031745 0.022410714285714128 0.029226190476190475
1 0.57109375 0.13333333333333333 0.0890625 0.1125
1 0.3203125 0.21041666666666667 0.103125 0.09583333333333334
