0 0.26484375 0.4354166666666667 0.0265625 0.0375
0 0.23828125 0.5770833333333333 0.0265625 0.0375
0 0.24046875 0.85625 0.0265625 0.0375
0 0.19453125 0.8458333333333333 0.0265625 0.0375
0 0.08359375 0.80625 0.0265625 0.0375
0 0.13515625 0.18958333333333333 0.0265625 0.0375
0 0.28640625000000003 0.21 0.0265625 0.041666666666666664
0 0.22059536637931038 0.1758800287356322 0.0265625 0.0375
0 0.2686351102941177 0.24941789215686275 0.0265625 0.0375
0 0.2294921875 0.38515625 0.0265625 0.0375
0 0.539239796852123 0.980444729136164 0.0265625 0.0375
0 0.6319179832713755 0.6122986369268897 0.0265625 0.0375
0 0.48828125 0.86875 0.0265625 0.0375
0 0.84296875 0.85625 0.0265625 0.0375
0 0.83359375 0.98125 0.0265625 0.0375
0 0.8377527573529411 0.7541666666666667 0.0265625 0.0375
0 0.828125 0.43645833333333334 0.025 0.03958333333333333
0 0.8640625 0.409375 0.025 0.03958333333333333
0 0.6300718100461894 0.2371583910700539 0.0265625 0.03333333333333333
0 0.7540155157342657 0.11995920745920748 0.0265625 0.03333333333333335
0 0.71015625 0.6354166666666666 0.0265625 0.03333333333333333
0 0.512609649122807 0.6018457602339181 0.0296875 0.03333333333333333
0 0.4600712604602511 0.4551865411436541 0.0265625 0.03333333333333333
0 0.914390120967742 0.9886760752688172 0.025352822580645196 0.0226478494623656
0 0.58828125 0.11875 0.0296875 0.05
0 0.6015625 0.20625 0.025 0.04583333333333333
0 0.85625 0.22395833333333334 0.0375 0.04375
0 0.4880100879854369 0.7555698826860842 0.0421875 0.04375
0 0.81796875 0.790625 0.0296875 0.03958333333333333
0 0.175 0.8563657407407407 0.025 0.03958333333333333
0 0.050520833333333334 0.8663194444444444 0.03125000000000001 0.03958333333333333
0 0.48356164383561645 0.04795947488584475 0.025 0.027083333333333334
0 0.5086060531496063 0.026074475065616796 0.0296875 0.03125
0 0.35703125 0.06354166666666666 0.0234375 0.027083333333333334
0 0.7546875 0.14479166666666668 0.021875 0.03958333333333333
0 0.98140625 0.02333333333333333 0.022187500000000072 0.028333333333333332
1 0.57109375 0.13333333333333333 0.0890625 0.1125
1 0.3203125 0.21041666666666667 0.103125 0.09583333333333334
