0 0.26484375 0.4354166666666667 0.0265625 0.0375
0 0.23828125 0.5770833333333333 0.0265625 0.0375
0 0.24061317231075696 0.85625 0.0265625 0.0375
0 0.19453125 0.8458333333333333 0.0265625 0.0375
0 0.08359375 0.80625 0.0265625 0.0375
0 0.13515625 0.18958333333333333 0.0265625 0.0375
0 0.29765625 0.20892857142857144 0.0265625 0.041666666666666664
0 0.22607886904761906 0.17296626984126984 0.0265625 0.0375
0 0.2693014705882353 0.24675245098039214 0.0265625 0.0375
0 0.23289062500000002 0.38364583333333335 0.0265625 0.0375
0 0.5387090501464129 0.9797370668618838 0.0265625 0.0375
0 0.6314126394052044 0.6114002478314746 0.0265625 0.0375
0 0.48828125 0.86875 0.0265625 0.0375
0 0.84296875 0.85625 0.0265625 0.0375
0 0.83359375 0.98125 0.0265625 0.0375
0 0.8392520680147058 0.7541666666666667 0.0265625 0.0375
0 0.828125 0.43645833333333334 0.025 0.03958333333333333
0 0.8641846113445378 0.409375 0.025 0.03958333333333333
0 0.630699696882217 0.23660026943802925 0.0265625 0.03333333333333333
0 0.754649256993007 0.11488927738927739 0.0265625 0.03333333333333333
0 0.71015625 0.6354166666666666 0.0265625 0.03333333333333333
0 0.5165844298245614 0.6007858187134504 0.0296875 0.03333333333333333
0 0.4611752717391305 0.4496376811594203 0.0265625 0.03333333333333333
0 0.9212192062043796 0.9821243917274939 0.0234375 0.035416666666666666
0 0.58828125 0.11875 0.0296875 0.05
0 0.6015625 0.20625 0.025 0.04583333333333333
0 0.85625 0.22395833333333334 0.0375 0.04375
0 0.4887799605582524 0.7545433859223302 0.0421875 0.04375
0 0.8657812500000001 0.744375 0.0296875 0.03958333333333333
0 0.15 0.8989583333333333 0.025 0.03958333333333333
0 0.0984375 0.9302083333333333 0.03125 0.03958333333333333
0 0.48409368884540116 0.0472500815394651 0.025 0.027083333333333334
0 0.5082492618110236 0.025123031496062993 0.0296875 0.03125
0 0.35703125 0.06354166666666666 0.0234375 0.027083333333333334
0 0.73984375 0.07708333333333334 0.0296875 0.03333333333333333
0 0.9843191964285716 0.018874007936507935 0.021540178571428648 0.025744047619047618
1 0.57109375 0.13333333333333333 0.0890625 0.1125
1 0.3203125 0.21041666666666667 0.103125 0.09583333333333334
