0 0.26668846365638765 0.433571953010279 0.0265625 0.0375
0 0.23828125 0.5770833333333333 0.0265625 0.0375
0 0.24225659860557772 0.85625 0.0265625 0.0375
0 0.19453125 0.8458333333333333 0.0265625 0.0375
0 0.08359375 0.80625 0.0265625 0.0375
0 0.018825997081712065 0.7532749675745785 0.0265625 0.0375
0 0.13515625 0.18958333333333333 0.0265625 0.0375
0 0.23251201923076925 0.1860576923076923 0.0265625 0.041666666666666664
0 0.257958984375 0.1341796875 0.0265625 0.0375
0 0.282351618705036 0.22040617505995203 0.0265625 0.0375
0 0.28656934760956176 0.33561586985391767 0.0265625 0.0375
0 0.15399305555555556 0.5293981481481481 0.028125 0.04999999999999994
0 0.54345703125 0.9539207175925927 0.0265625 0.0375
0 0.6362884004237288 0.5837217514124294 0.0265625 0.0375
0 0.48828125 0.86875 0.0265625 0.0375
0 0.8448446265778401 0.8506223702664797 0.0265625 0.0375
0 0.8354696265778401 0.9756223702664797 0.0265625 0.0375
0 0.8521881574333801 0.7522907900888266 0.0265625 0.0375
0 0.828125 0.43645833333333334 0.025 0.03958333333333333
0 0.8667844012605043 0.409375 0.025 0.03958333333333333
0 0.6628077651515152 0.17720959595959596 0.0265625 0.03333333333333333
0 0.7714577058232932 0.08052208835341365 0.0265625 0.033333333333333326
0 0.71015625 0.6354166666666666 0.0265625 0.03333333333333333
0 0.5753160782442748 0.5238788167938931 0.027075381679389297 0.033333333333333395
0 0.4883542071984436 0.4054069390402075 0.0265625 0.03333333333333333
0 0.005984375 0.3013125 0.01196875 0.034958333333333334
0 0.4546875 0.4708333333333333 0.028125 0.0375
0 0.73671875 0.17291666666666666 0.0265625 0.03333333333333333
0 0.9772496234939758 0.8435868473895582 0.0234375 0.035416666666666666
0 0.58828125 0.11875 0.0296875 0.05
0 0.6015625 0.20625 0.025 0.04583333333333333
0 0.054296875 0.10260416666666666 0.0296875 0.03958333333333333
0 0.85625 0.22395833333333334 0.0375 0.04375
0 0.4994551809210527 0.7395627741228069 0.0421875 0.04375
0 0.50125 0.021597222222222223 0.025 0.027083333333333334
0 0.271875 0.2125 0.028125 0.0375
0 0.5192471590909091 0.011553030303030303 0.0296875 0.01875
0 0.3715848214285714 0.015245535714285713 0.0234375 0.023467261904761904
1 0.57109375 0.13333333333333333 0.0890625 0.1125
1 0.3203125 0.21041666666666667 0.103125 0.09583333333333334
