0 0.26484375 0.4354166666666667 0.0265625 0.0375
0 0.23828125 0.5770833333333333 0.0265625 0.0375
0 0.2420773157370518 0.85625 0.0265625 0.0375
0 0.19453125 0.8458333333333333 0.0265625 0.0375
0 0.08359375 0.80625 0.0265625 0.0375
0 0.017075024319066146 0.7588197146562905 0.0265625 0.0375
0 0.13515625 0.18958333333333333 0.0265625 0.0375
0 0.25106534090909094 0.20757575757575758 0.0265625 0.041666666666666664
0 0.252685546875 0.1412109375 0.0265625 0.0375
0 0.2819469424460431 0.22094574340527579 0.0265625 0.0375
0 0.28074265438247015 0.3433847941567065 0.0265625 0.0375
0 0.113671875 0.5270833333333333 0.028125 0.05
0 0.53642578125 0.9674623842592592 0.0265625 0.0375
0 0.6329515360169491 0.5913488700564972 0.0265625 0.0375
0 0.48828125 0.86875 0.0265625 0.0375
0 0.8442134905329594 0.852515778401122 0.0265625 0.0375
0 0.8348384905329593 0.977515778401122 0.0265625 0.0375
0 0.8517148053997194 0.7529219261337073 0.0265625 0.0375
0 0.828125 0.43645833333333334 0.025 0.03958333333333333
0 0.8665007878151261 0.409375 0.025 0.03958333333333333
0 0.6618337391774892 0.18175505050505053 0.0265625 0.03333333333333333
0 0.7696504769076304 0.08413654618473895 0.0265625 0.03333333333333333
0 0.71015625 0.6354166666666666 0.0265625 0.03333333333333333
0 0.5693046278625954 0.5324666030534352 0.027934160305343524 0.03333333333333333
0 0.4839767752918288 0.40599059662775616 0.0265625 0.03333333333333333
0 0.540625 0.5041666666666667 0.028125 0.0375
0 0.70546875 0.10625 0.0265625 0.03333333333333333
0 0.975894201807229 0.8562374497991968 0.0234375 0.035416666666666666
0 0.58828125 0.11875 0.0296875 0.05
0 0.6015625 0.20625 0.025 0.04583333333333333
0 0.85625 0.22395833333333334 0.0375 0.04375
0 0.96953125 0.27291666666666664 0.0390625 0.041666666666666664
0 0.4972347861842105 0.7430167214912281 0.0421875 0.04375
0 0.5033928571428572 0.023501984126984128 0.025 0.027083333333333334
0 0.1671875 0.26333333333333336 0.028125 0.0375
0 0.5158380681818182 0.012689393939393938 0.0296875 0.01875
0 0.36837053571428574 0.02113839285714286 0.0234375 0.02668154761904762
1 0.57109375 0.13333333333333333 0.0890625 0.1125
1 0.3203125 0.21041666666666667 0.103125 0.09583333333333334
