0 0.26484375 0.4354166666666667 0.0265625 0.0375
0 0.23828125 0.5770833333333333 0.0265625 0.0375
0 0.2418980328685259 0.85625 0.0265625 0.0375
0 0.19453125 0.8458333333333333 0.0265625 0.0375
0 0.08359375 0.80625 0.0265625 0.0375
0 0.015324051556420231 0.7643644617380027 0.0265625 0.0375
0 0.13515625 0.18958333333333333 0.0265625 0.0375
0 0.275 0.246875 0.0265625 0.041666666666666664
0 0.247412109375 0.1482421875 0.0265625 0.0375
0 0.28154226618705036 0.22148531175059952 0.0265625 0.0375
0 0.2752878289473684 0.35120614035087716 0.0265625 0.0375
0 0.06607142857142857 0.5779761904761905 0.028125 0.05
0 0.5339872346266471 0.9734413128355295 0.0265625 0.0375
0 0.6296146716101695 0.5989759887005649 0.0265625 0.0375
0 0.48828125 0.86875 0.0265625 0.0375
0 0.8435823544880785 0.8544091865357644 0.0265625 0.0375
0 0.8342073544880785 0.9794091865357644 0.0265625 0.0375
0 0.8512414533660589 0.7535530621785881 0.0265625 0.0375
0 0.828125 0.43645833333333334 0.025 0.03958333333333333
0 0.866217174369748 0.409375 0.025 0.03958333333333333
0 0.6608597132034632 0.18630050505050505 0.0265625 0.03333333333333333
0 0.7678432479919679 0.08775100401606425 0.0265625 0.03333333333333333
0 0.71015625 0.6354166666666666 0.0265625 0.03333333333333333
0 0.563293177480916 0.5410543893129771 0.02879293893129775 0.03333333333333333
0 0.4803756208609271 0.4090093818984547 0.0265625 0.03333333333333333
0 0.6359375 0.5895833333333333 0.028125 0.0375
0 0.6440104166666667 0.07361111111111111 0.0265625 0.03333333333333334
0 0.9744591346153847 0.8661057692307692 0.0234375 0.035416666666666666
0 0.58828125 0.11875 0.0296875 0.05
0 0.6015625 0.20625 0.025 0.04583333333333333
0 0.85625 0.22395833333333334 0.0375 0.04375
0 0.91640625 0.23420138888888886 0.0328125 0.04340277777777777
0 0.495629171723301 0.745411104368932 0.0421875 0.04375
0 0.5055357142857143 0.025406746031746034 0.025 0.027083333333333334
0 0.06953125 0.2760416666666667 0.0296875 0.03958333333333333
0 0.5124289772727273 0.013825757575757576 0.0296875 0.01875
0 0.36648689516129035 0.027520161290322583 0.0234375 0.027083333333333334
0 0.01171875 0.08958333333333333 0.0234375 0.020833333333333332
1 0.57109375 0.13333333333333333 0.0890625 0.1125
1 0.3203125 0.21041666666666667 0.103125 0.09583333333333334
