0 0.26484375 0.4354166666666667 0.0265625 0.0375
0 0.23828125 0.5770833333333333 0.0265625 0.0375
0 0.2420524153386454 0.85625 0.0265625 0.0375
0 0.19453125 0.8458333333333333 0.0265625 0.0375
0 0.08359375 0.80625 0.0265625 0.0375
0 0.016831833657587548 0.7595898184176394 0.0265625 0.0375
0 0.13515625 0.18958333333333333 0.0265625 0.0375
0 0.255078125 0.2140625 0.0265625 0.041666666666666664
0 0.251953125 0.1421875 0.0265625 0.0375
0 0.281890737410072 0.22102068345323742 0.0265625 0.0375
0 0.27993339143426293 0.34446381142098276 0.0265625 0.0375
0 0.12468749999999999 0.52 0.028125 0.05000000000000006
0 0.53544921875 0.9693431712962963 0.0265625 0.0375
0 0.6324880826271186 0.5924081920903955 0.0265625 0.0375
0 0.48828125 0.86875 0.0265625 0.0375
0 0.844125832748948 0.8527787517531558 0.0265625 0.0375
0 0.834750832748948 0.9777787517531558 0.0265625 0.0375
0 0.8516490620617111 0.7530095839177186 0.0265625 0.0375
0 0.828125 0.43645833333333334 0.025 0.03958333333333333
0 0.8664613970588235 0.409375 0.025 0.03958333333333333
0 0.6616984577922078 0.18238636363636365 0.0265625 0.03333333333333333
0 0.7693994728915663 0.08463855421686747 0.0265625 0.03333333333333333
0 0.71015625 0.6354166666666666 0.0265625 0.03333333333333333
0 0.5684697041984733 0.5336593511450382 0.028053435114503776 0.03333333333333328
0 0.48336879863813226 0.40607166018158236 0.0265625 0.03333333333333333
0 0.559375 0.5166666666666667 0.028125 0.0375
0 0.70390625 0.090625 0.0265625 0.03333333333333333
0 0.9757011217948717 0.8578258547008547 0.0234375 0.035416666666666666
0 0.58828125 0.11875 0.0296875 0.05
0 0.6015625 0.20625 0.025 0.04583333333333333
0 0.85625 0.22395833333333334 0.0375 0.04375
0 0.94796875 0.2891666666666667 0.0390625 0.041666666666666664
0 0.4969263980263158 0.7434964364035088 0.0421875 0.04375
0 0.5036904761904762 0.02376653439153439 0.025 0.027083333333333334
0 0.1640625 0.3 0.028125 0.0375
0 0.5153645833333333 0.012847222222222222 0.0296875 0.01875
0 0.3679452284946237 0.021964605734767027 0.0234375 0.027083333333333334
1 0.57109375 0.13333333333333333 0.0890625 0.1125
1 0.3203125 0.21041666666666667 0.103125 0.09583333333333334
