0 0.27007502753303964 0.430185389133627 0.0265625 0.0375
0 0.23828125 0.5770833333333333 0.0265625 0.0375
0 0.2425628735059761 0.85625 0.0265625 0.0375
0 0.19453125 0.8458333333333333 0.0265625 0.0375
0 0.08359375 0.80625 0.0265625 0.0375
0 0.021817242217898835 0.7438026913099871 0.0265625 0.0375
0 0.13515625 0.18958333333333333 0.0265625 0.0375
0 0.22109375 0.17708333333333334 0.0265625 0.041666666666666664
0 0.2685546875 0.12265625 0.0265625 0.0375
0 0.28304294064748203 0.21948441247002398 0.0265625 0.0375
0 0.29652328187251 0.32234395750332007 0.0265625 0.0375
0 0.203125 0.4625 0.028125 0.04583333333333333
0 0.5551065811258278 0.9292770419426049 0.0265625 0.0375
0 0.63828125 0.5746212121212121 0.0265625 0.0375
0 0.48828125 0.86875 0.0265625 0.0375
0 0.845922817321178 0.8473877980364656 0.0265625 0.0375
0 0.836547817321178 0.9723877980364656 0.0265625 0.0375
0 0.8529968004908837 0.7512125993454885 0.0265625 0.0375
0 0.828125 0.43645833333333334 0.025 0.03958333333333333
0 0.8672689075630252 0.409375 0.025 0.03958333333333333
0 0.6655079706477733 0.16535087719298244 0.0265625 0.03333333333333333
0 0.7740620983290489 0.07458226221079692 0.0265625 0.03333333333333333
0 0.71015625 0.6354166666666666 0.0265625 0.03333333333333333
0 0.5834517045454546 0.5081439393939394 0.0265625 0.03333333333333333
0 0.49583232003891053 0.4044098573281453 0.0265625 0.03333333333333333
0 0.010575657894736842 0.2780263157894737 0.021151315789473685 0.03333333333333333
0 0.3807291666666667 0.4340277777777778 0.028125 0.0375
0 0.77578125 0.3645833333333333 0.0265625 0.03333333333333333
0 0.9861900252525253 0.8178766835016835 0.016919191919192045 0.035416666666666666
0 0.746875 0.8604166666666667 0.0296875 0.041666666666666664
0 0.58828125 0.11875 0.0296875 0.05
0 0.6015625 0.20625 0.025 0.04583333333333333
0 0.14609375 0.3125 0.0359375 0.04583333333333333
0 0.85625 0.22395833333333334 0.0375 0.04375
0 0.5032483552631579 0.7336622807017543 0.0421875 0.04375
0 0.353125 0.078125 0.0234375 0.029166666666666667
0 0.49758928571428573 0.018343253968253967 0.025 0.027083333333333334
0 0.43828125 0.01875 0.0296875 0.029166666666666667
0 0.5250710227272728 0.009611742424242424 0.0296875 0.01875
1 0.57109375 0.13333333333333333 0.0890625 0.1125
1 0.3203125 0.21041666666666667 0.103125 0.09583333333333334
