0 0.2681201817180617 0.432140234948605 0.0265625 0.0375
0 0.23828125 0.5770833333333333 0.0265625 0.0375
0 0.24238608067729084 0.85625 0.0265625 0.0375
0 0.19453125 0.8458333333333333 0.0265625 0.0375
0 0.08359375 0.80625 0.0265625 0.0375
0 0.020090588521400776 0.7492704280155642 0.0265625 0.0375
0 0.13515625 0.18958333333333333 0.0265625 0.0375
0 0.22671875 0.18666666666666665 0.0265625 0.041666666666666664
0 0.261767578125 0.1291015625 0.0265625 0.0375
0 0.28264388489208636 0.22001648681055155 0.0265625 0.0375
0 0.29077751494023907 0.33000498007968126 0.0265625 0.0375
0 0.165625 0.53125 0.028125 0.04583333333333333
0 0.5484944122516556 0.9439707505518764 0.0265625 0.0375
0 0.63828125 0.578655303030303 0.0265625 0.0375
0 0.48828125 0.86875 0.0265625 0.0375
0 0.8453004470546984 0.8492549088359046 0.0265625 0.0375
0 0.8359254470546984 0.9742549088359046 0.0265625 0.0375
0 0.8525300227910237 0.7518349696119682 0.0265625 0.0375
0 0.828125 0.43645833333333334 0.025 0.03958333333333333
0 0.8669892331932774 0.409375 0.025 0.03958333333333333
0 0.6637114119433198 0.1731359649122807 0.0265625 0.03333333333333333
0 0.7727629267068272 0.07791164658634539 0.0265625 0.03333333333333334
0 0.71015625 0.6354166666666666 0.0265625 0.03333333333333333
0 0.5794176136363636 0.5175568181818182 0.0265625 0.03333333333333333
0 0.49151568579766536 0.40498540856031123 0.0265625 0.03333333333333333
0 0.0078125 0.2875 0.015625 0.03333333333333333
0 0.4296875 0.428125 0.028125 0.0375
0 0.75234375 0.25625 0.0265625 0.03333333333333333
0 0.9808672664141413 0.8328177609427609 0.02084122474747474 0.035416666666666666
0 0.81171875 0.9762500000000001 0.0328125 0.041666666666666664
0 0.58828125 0.11875 0.0296875 0.05
0 0.6015625 0.20625 0.025 0.04583333333333333
0 0.06484375 0.19375 0.0359375 0.04583333333333333
0 0.85625 0.22395833333333334 0.0375 0.04375
0 0.5010587993421052 0.7370682565789474 0.0421875 0.04375
0 0.49970238095238095 0.020221560846560845 0.025 0.027083333333333334
0 0.3176339285714286 0.11398809523809524 0.028125 0.0375
0 0.5217092803030303 0.010732323232323234 0.0296875 0.01875
0 0.37390625 0.010989583333333332 0.0234375 0.021145833333333332
1 0.57109375 0.13333333333333333 0.0890625 0.1125
1 0.3203125 0.21041666666666667 0.103125 0.09583333333333334
