0 0.27166067477876105 0.4271509341199607 0.0265625 0.0375
0 0.23828125 0.5770833333333333 0.0265625 0.0375
0 0.2427570966135458 0.85625 0.0265625 0.0375
0 0.19453125 0.8458333333333333 0.0265625 0.0375
0 0.08359375 0.80625 0.0265625 0.0375
0 0.02371412937743191 0.7377958819714656 0.0265625 0.0375
0 0.13515625 0.18958333333333333 0.0265625 0.0375
0 0.22265625 0.17337962962962963 0.0265625 0.038425925925925926
0 0.2785358297413793 0.11635237068965516 0.0265625 0.037499999999999985
0 0.2834813399280576 0.21889988009592326 0.0265625 0.0375
0 0.30369651845637585 0.3163590604026846 0.0265625 0.0375
0 0.29296875 0.4270833333333333 0.0265625 0.041666666666666664
0 0.5627130681818182 0.912594696969697 0.0265625 0.0375
0 0.6395818280346821 0.5714715799614644 0.0265625 0.0375
0 0.48828125 0.86875 0.0265625 0.0375
0 0.95234375 0.9541666666666667 0.0234375 0.0375
0 0.8466065480364657 0.8453366058906031 0.0265625 0.0375
0 0.8372315480364657 0.9703366058906031 0.0265625 0.0375
0 0.8535095985273493 0.7505288686302011 0.0265625 0.0375
0 0.828125 0.43645833333333334 0.025 0.03958333333333333
0 0.8675761554621848 0.409375 0.025 0.03958333333333333
0 0.6674816548582996 0.15679824561403508 0.0265625 0.03333333333333333
0 0.7731221883033419 0.0720758354755784 0.0265625 0.03333333333333333
0 0.71015625 0.6354166666666666 0.0265625 0.03333333333333333
0 0.5874118890977444 0.500407268170426 0.0265625 0.03333333333333333
0 0.49765625 0.39890350877192987 0.0265625 0.03333333333333333
0 0.01328125 0.2682123655913979 0.0265625 0.03333333333333333
0 0.3125 0.3958333333333333 0.028125 0.0375
0 0.77109375 0.4979166666666667 0.0265625 0.03333333333333333
0 0.9920375631313132 0.8014625420875421 0.012610479797979935 0.035416666666666666
0 0.73984375 0.7104166666666667 0.0296875 0.041666666666666664
0 0.58828125 0.11875 0.0296875 0.05
0 0.6015625 0.20625 0.025 0.04583333333333333
0 0.197265625 0.39739583333333334 0.0359375 0.04583333333333333
0 0.03359375 0.24166666666666667 0.0328125 0.0375
0 0.85625 0.22395833333333334 0.0375 0.04375
0 0.5056537828947368 0.729920504385965 0.0421875 0.04375
1 0.57109375 0.13333333333333333 0.0890625 0.1125
1 0.3203125 0.21041666666666667 0.103125 0.09583333333333334
