0 0.26484375 0.4354166666666667 0.0265625 0.0375
0 0.23828125 0.5770833333333333 0.0265625 0.0375
0 0.2409941484063745 0.85625 0.0265625 0.0375
0 0.19453125 0.8458333333333333 0.0265625 0.0375
0 0.08359375 0.80625 0.0265625 0.0375
0 0.005603693181818182 0.8062784090909091 0.011207386363636364 0.03297348484848482
0 0.13515625 0.18958333333333333 0.0265625 0.0375
0 0.31122532894736843 0.22149122807017543 0.0265625 0.041666666666666664
0 0.23890625000000001 0.17300000000000001 0.0265625 0.0375
0 0.2743007172131148 0.23584016393442622 0.0265625 0.0375
0 0.24194887552301253 0.374860529986053 0.0265625 0.0375
0 0.5373089769399707 0.9778703025866275 0.0265625 0.0375
0 0.6300795771375465 0.6090303593556381 0.0265625 0.0375
0 0.48828125 0.86875 0.0265625 0.0375
0 0.84296875 0.85625 0.0265625 0.0375
0 0.83359375 0.98125 0.0265625 0.0375
0 0.8432071461397058 0.7541666666666667 0.0265625 0.0375
0 0.828125 0.43645833333333334 0.025 0.03958333333333333
0 0.8647872899159663 0.409375 0.025 0.03958333333333333
0 0.6353125000000001 0.2341666666666667 0.0265625 0.03333333333333333
0 0.7579433692893401 0.10503384094754654 0.0265625 0.03333333333333333
0 0.71015625 0.6354166666666666 0.0265625 0.03333333333333333
0 0.527660472972973 0.592257882882883 0.0296875 0.03333333333333333
0 0.4646399456521739 0.4342391304347826 0.0265625 0.03333333333333333
0 0.8875 0.35833333333333334 0.028125 0.0375
0 0.9398078304597701 0.955507662835249 0.0234375 0.035416666666666666
0 0.58828125 0.11875 0.0296875 0.05
0 0.6015625 0.20625 0.025 0.04583333333333333
0 0.85625 0.22395833333333334 0.0375 0.04375
0 0.4908108313106796 0.7518355582524272 0.0421875 0.04375
0 0.92265625 0.5322916666666667 0.0296875 0.03958333333333333
0 0.14832589285714287 0.9552083333333333 0.0203125 0.03125
0 0.485497186888454 0.04537875081539465 0.025 0.027083333333333334
0 0.5073080708661417 0.022613188976377954 0.0296875 0.03125000000000001
0 0.35794858870967744 0.0600470430107527 0.0234375 0.02708333333333334
1 0.57109375 0.13333333333333333 0.0890625 0.1125
1 0.3203125 0.21041666666666667 0.103125 0.09583333333333334
