0 0.2652016795154185 0.43505873715124815 0.0265625 0.0375
0 0.23828125 0.5770833333333333 0.0265625 0.0375
0 0.2421221364541833 0.85625 0.0265625 0.0375
0 0.19453125 0.8458333333333333 0.0265625 0.0375
0 0.08359375 0.80625 0.0265625 0.0375
0 0.017512767509727627 0.7574335278858625 0.0265625 0.0375
0 0.13515625 0.18958333333333333 0.0265625 0.0375
0 0.24828125 0.2033333333333333 0.0265625 0.041666666666666664
0 0.25400390625 0.139453125 0.0265625 0.0375
0 0.2820481115107914 0.22081085131894485 0.0265625 0.0375
0 0.28219932768924305 0.3414425630810093 0.0265625 0.0375
0 0.12566964285714285 0.5252976190476191 0.028125 0.05000000000000006
0 0.53818359375 0.9640769675925926 0.0265625 0.0375
0 0.6337857521186441 0.5894420903954802 0.0265625 0.0375
0 0.48828125 0.86875 0.0265625 0.0375
0 0.8443712745441795 0.8520424263674614 0.0265625 0.0375
0 0.8349962745441795 0.9770424263674614 0.0265625 0.0375
0 0.8518331434081347 0.7527641421224871 0.0265625 0.0375
0 0.828125 0.43645833333333334 0.025 0.03958333333333333
0 0.8665716911764706 0.409375 0.025 0.03958333333333333
0 0.6620772456709957 0.18061868686868687 0.0265625 0.03333333333333333
0 0.7701022841365461 0.08323293172690763 0.0265625 0.03333333333333333
0 0.71015625 0.6354166666666666 0.0265625 0.03333333333333333
0 0.5708074904580153 0.5303196564885496 0.027719465648854948 0.03333333333333333
0 0.4850711332684825 0.405844682230869 0.0265625 0.03333333333333333
0 0.00546875 0.30520833333333336 0.0109375 0.035416666666666666
0 0.528125 0.4625 0.028125 0.0375
0 0.71640625 0.1 0.0265625 0.03333333333333333
0 0.9762330572289157 0.8530747991967871 0.0234375 0.035416666666666666
0 0.58828125 0.11875 0.0296875 0.05
0 0.6015625 0.20625 0.025 0.04583333333333333
0 0.028125 0.02421875 0.0265625 0.03125
0 0.85625 0.22395833333333334 0.0375 0.04375
0 0.9696875 0.3095833333333333 0.02312499999999993 0.0375
0 0.4977898848684211 0.7421532346491229 0.0421875 0.04375
0 0.5028571428571429 0.023025793650793647 0.025 0.02708333333333333
0 0.1984375 0.25 0.028125 0.0375
0 0.5166903409090909 0.012405303030303032 0.0296875 0.01875
0 0.36917410714285714 0.01966517857142857 0.0234375 0.02587797619047619
1 0.57109375 0.13333333333333333 0.0890625 0.1125
1 0.3203125 0.21041666666666667 0.103125 0.09583333333333334
