0 0.26484375 0.4354166666666667 0.0265625 0.0375
0 0.23828125 0.5770833333333333 0.0265625 0.0375
0 0.2417810009960159 0.85625 0.0265625 0.0375
0 0.19453125 0.8458333333333333 0.0265625 0.0375
0 0.08359375 0.80625 0.0265625 0.0375
0 0.014181055447470814 0.7679839494163424 0.0265625 0.0375
0 0.13515625 0.18958333333333333 0.0265625 0.0375
0 0.29296875 0.25416666666666665 0.0265625 0.041666666666666664
0 0.24548958333333334 0.15193333333333334 0.0265625 0.0375
0 0.28127810251798563 0.2218375299760192 0.0265625 0.0375
0 0.2720668859649123 0.35635964912280704 0.0265625 0.0375
0 0.01826923076923077 0.5528846153846153 0.028125 0.04999999999999994
0 0.5344173224743778 0.9740147632991704 0.0265625 0.0375
0 0.6274364406779661 0.603954802259887 0.0265625 0.0375
0 0.48828125 0.86875 0.0265625 0.0375
0 0.8431703629032258 0.8556451612903225 0.0265625 0.0375
0 0.8337953629032258 0.9806451612903225 0.0265625 0.0375
0 0.8509324596774194 0.7539650537634408 0.0265625 0.0375
0 0.828125 0.43645833333333334 0.025 0.03958333333333333
0 0.866032037815126 0.409375 0.025 0.03958333333333333
0 0.6602238906926406 0.18926767676767675 0.0265625 0.03333333333333333
0 0.7666635291164658 0.09011044176706827 0.0265625 0.03333333333333333
0 0.71015625 0.6354166666666666 0.0265625 0.03333333333333333
0 0.5593690362595419 0.5466603053435115 0.02935353053435117 0.033333333333333395
0 0.4784302566225166 0.41225165562913907 0.0265625 0.03333333333333333
0 0.665625 0.5527777777777777 0.028125 0.0375
0 0.59296875 0.049305555555555554 0.0265625 0.03333333333333333
0 0.9688833841463416 0.8766006097560975 0.0234375 0.035416666666666666
0 0.58828125 0.11875 0.0296875 0.05
0 0.6015625 0.20625 0.025 0.04583333333333333
0 0.85625 0.22395833333333334 0.0375 0.04375
0 0.88828125 0.190625 0.0328125 0.04375
0 0.4950053094660194 0.7462429207119742 0.0421875 0.04375
0 0.5046445446735396 0.027523625429553267 0.025 0.027083333333333334
0 0.5102035984848484 0.014567550505050505 0.0296875 0.01875
0 0.36538138440860213 0.03173163082437276 0.0234375 0.027083333333333334
1 0.57109375 0.13333333333333333 0.0890625 0.1125
1 0.3203125 0.21041666666666667 0.103125 0.09583333333333334
