0 0.2715224004424779 0.4276425762045231 0.0265625 0.0375
0 0.23828125 0.5770833333333333 0.0265625 0.0375
0 0.24273219621513947 0.85625 0.0265625 0.0375
0 0.19453125 0.8458333333333333 0.0265625 0.0375
0 0.08359375 0.80625 0.0265625 0.0375
0 0.023470938715953304 0.7385659857328145 0.0265625 0.0375
0 0.13515625 0.18958333333333333 0.0265625 0.0375
0 0.22109375 0.18125 0.0265625 0.041666666666666664
0 0.2772561961206897 0.11716056034482758 0.0265625 0.0375
0 0.2834251348920863 0.2189748201438849 0.0265625 0.0375
0 0.3027527265100671 0.3170581655480984 0.0265625 0.0375
0 0.26588541666666665 0.4159722222222222 0.0265625 0.041666666666666664
0 0.5614393625827814 0.9152041942604857 0.0265625 0.0375
0 0.6393108742774566 0.5717726396917148 0.0265625 0.0375
0 0.48828125 0.86875 0.0265625 0.0375
0 0.98125 0.9541666666666667 0.0234375 0.035416666666666666
0 0.8465188902524543 0.8455995792426367 0.0265625 0.0375
0 0.8371438902524544 0.9705995792426367 0.0265625 0.0375
0 0.8534438551893408 0.7506165264142123 0.0265625 0.0375
0 0.828125 0.43645833333333334 0.025 0.03958333333333333
0 0.8675367647058824 0.409375 0.025 0.03958333333333333
0 0.6672286184210526 0.15789473684210525 0.0265625 0.03333333333333333
0 0.7732426895886889 0.07239717223650385 0.0265625 0.03333333333333333
0 0.71015625 0.6354166666666666 0.0265625 0.03333333333333333
0 0.5869419642857143 0.5011904761904762 0.0265625 0.03333333333333333
0 0.49765625 0.4 0.0265625 0.03333333333333333
0 0.01328125 0.26875 0.0265625 0.03333333333333333
0 0.31953125 0.43125 0.028125 0.0375
0 0.77890625 0.49513888888888885 0.0265625 0.03333333333333333
0 0.9912878787878789 0.8035669191919191 0.013162878787878718 0.035416666666666666
0 0.71875 0.7395833333333334 0.0296875 0.041666666666666664
0 0.58828125 0.11875 0.0296875 0.05
0 0.6015625 0.20625 0.025 0.04583333333333333
0 0.17421875 0.3802083333333333 0.0359375 0.04583333333333333
0 0.01328125 0.2 0.0265625 0.029166666666666667
0 0.85625 0.22395833333333334 0.0375 0.04375
0 0.5053453947368421 0.7304002192982456 0.0421875 0.04375
1 0.57109375 0.13333333333333333 0.0890625 0.1125
1 0.3203125 0.21041666666666667 0.103125 0.09583333333333334
