0 0.2664406662995595 0.4338197503671072 0.0265625 0.0375
0 0.23828125 0.5770833333333333 0.0265625 0.0375
0 0.24223418824701196 0.85625 0.0265625 0.0375
0 0.19453125 0.8458333333333333 0.0265625 0.0375
0 0.08359375 0.80625 0.0265625 0.0375
0 0.018607125486381326 0.7539680609597925 0.0265625 0.0375
0 0.13515625 0.18958333333333333 0.0265625 0.0375
0 0.23467548076923075 0.1889423076923077 0.0265625 0.041666666666666664
0 0.2572998046875 0.13505859375 0.0265625 0.0375
0 0.28230103417266184 0.2204736211031175 0.0265625 0.0375
0 0.2858410109561753 0.33658698539176624 0.0265625 0.0375
0 0.153125 0.5333333333333333 0.028125 0.05
0 0.542578125 0.9556134259259259 0.0265625 0.0375
0 0.6358712923728813 0.5846751412429378 0.0265625 0.0375
0 0.48828125 0.86875 0.0265625 0.0375
0 0.84476573457223 0.8508590462833099 0.0265625 0.0375
0 0.83539073457223 0.9758590462833099 0.0265625 0.0375
0 0.8521289884291725 0.7523696820944366 0.0265625 0.0375
0 0.828125 0.43645833333333334 0.025 0.03958333333333333
0 0.866748949579832 0.409375 0.025 0.03958333333333333
0 0.6626860119047618 0.17777777777777776 0.0265625 0.03333333333333333
0 0.7712318022088354 0.08097389558232931 0.0265625 0.033333333333333326
0 0.71015625 0.6354166666666666 0.0265625 0.03333333333333333
0 0.574564646946565 0.5249522900763358 0.027182729007633542 0.03333333333333333
0 0.48780702821011673 0.4054798962386511 0.0265625 0.03333333333333333
0 0.0055625 0.3045 0.011125 0.03533333333333329
0 0.465234375 0.48385416666666664 0.028125 0.0375
0 0.7453125 0.15104166666666666 0.0265625 0.03333333333333333
0 0.9770801957831325 0.845168172690763 0.0234375 0.035416666666666666
0 0.58828125 0.11875 0.0296875 0.05
0 0.6015625 0.20625 0.025 0.04583333333333333
0 0.053125 0.08229166666666667 0.0296875 0.03958333333333333
0 0.85625 0.22395833333333334 0.0375 0.04375
0 0.49917763157894735 0.7399945175438597 0.0421875 0.04375
0 0.5015178571428571 0.02183531746031746 0.025 0.027083333333333334
0 0.2625 0.225 0.028125 0.0375
0 0.5188210227272727 0.011695075757575757 0.0296875 0.01875
0 0.3711830357142857 0.015982142857142858 0.0234375 0.02386904761904762
1 0.57109375 0.13333333333333333 0.0890625 0.1125
1 0.3203125 0.21041666666666667 0.103125 0.09583333333333334
