0 0.26484375 0.4354166666666667 0.0265625 0.0375
0 0.23828125 0.5770833333333333 0.0265625 0.0375
0 0.24142492529880477 0.85625 0.0265625 0.0375
0 0.19453125 0.8458333333333333 0.0265625 0.0375
0 0.08359375 0.80625 0.0265625 0.0375
0 0.006218039772727273 0.787438446969697 0.012436079545454545 0.03133522727272731
0 0.13515625 0.18958333333333333 0.0265625 0.0375
0 0.31171875 0.23802083333333332 0.0265625 0.041666666666666664
0 0.24251041666666667 0.16146666666666668 0.0265625 0.0375
0 0.28047437050359714 0.22290917266187052 0.0265625 0.0375
0 0.25439003661087867 0.3673204323570432 0.0265625 0.0375
0 0.5357258876281112 0.9757595168374816 0.0265625 0.0375
0 0.6285722583643123 0.6063506815365552 0.0265625 0.0375
0 0.48828125 0.86875 0.0265625 0.0375
0 0.84296875 0.85625 0.0265625 0.0375
0 0.83359375 0.98125 0.0265625 0.0375
0 0.8476792279411764 0.7541666666666667 0.0265625 0.0375
0 0.828125 0.43645833333333334 0.025 0.03958333333333333
0 0.86546875 0.409375 0.025 0.03958333333333333
0 0.649510924796748 0.2190379403794038 0.0265625 0.03333333333333333
0 0.763074171686747 0.09728915662650602 0.0265625 0.03333333333333333
0 0.71015625 0.6354166666666666 0.0265625 0.03333333333333333
0 0.5476881377551021 0.5742772108843538 0.0296875 0.03333333333333333
0 0.47251138245033114 0.4221164459161148 0.0265625 0.03333333333333333
0 0.7125 0.44166666666666665 0.028125 0.0375
0 0.9554122740963855 0.9149723895582329 0.0234375 0.035416666666666666
0 0.58828125 0.11875 0.0296875 0.05
0 0.6015625 0.20625 0.025 0.04583333333333333
0 0.85625 0.22395833333333334 0.0375 0.04375
0 0.76640625 0.0625 0.0296875 0.03333333333333333
0 0.49310717536407767 0.7487737661812298 0.0421875 0.04375
0 0.9871874999999999 0.3227083333333333 0.0234375 0.03333333333333333
0 0.4946628006872852 0.03673754295532646 0.025 0.027083333333333334
0 0.50703125 0.01795343137254902 0.0296875 0.023406862745098036
0 0.36201780913978493 0.04454525089605735 0.0234375 0.027083333333333338
1 0.57109375 0.13333333333333333 0.0890625 0.1125
1 0.3203125 0.21041666666666667 0.103125 0.09583333333333334
