0 0.26484375 0.4354166666666667 0.0265625 0.0375
0 0.23828125 0.5770833333333333 0.0265625 0.0375
0 0.2414672559760956 0.85625 0.0265625 0.0375
0 0.19453125 0.8458333333333333 0.0265625 0.0375
0 0.08359375 0.80625 0.0265625 0.0375
0 0.006829896907216496 0.7851696735395189 0.013659793814432991 0.031765463917525834
0 0.13515625 0.18958333333333333 0.0265625 0.0375
0 0.305078125 0.24296875 0.0265625 0.041666666666666664
0 0.24286458333333333 0.16033333333333333 0.0265625 0.0375
0 0.2805699190647482 0.22278177458033574 0.0265625 0.0375
0 0.2557778159340659 0.366529304029304 0.0265625 0.0375
0 0.5355703239385066 0.9755520985846754 0.0265625 0.0375
0 0.6284241403345725 0.6060873605947955 0.0265625 0.0375
0 0.48828125 0.86875 0.0265625 0.0375
0 0.84296875 0.85625 0.0265625 0.0375
0 0.83359375 0.98125 0.0265625 0.0375
0 0.8481186810661765 0.7541666666666667 0.0265625 0.0375
0 0.828125 0.43645833333333334 0.025 0.03958333333333333
0 0.8655357142857143 0.409375 0.025 0.03958333333333333
0 0.6505907012195122 0.21702235772357722 0.0265625 0.03333333333333333
0 0.7635008785140562 0.09643574297188756 0.0265625 0.03333333333333333
0 0.71015625 0.6354166666666666 0.0265625 0.03333333333333333
0 0.5495979975728156 0.571804207119741 0.0296875 0.03333333333333333
0 0.47321502483443706 0.4209437086092715 0.0265625 0.03333333333333333
0 0.6838541666666667 0.4444444444444445 0.028125 0.0375
0 0.9570124246987952 0.909851907630522 0.0234375 0.035416666666666666
0 0.58828125 0.11875 0.0296875 0.05
0 0.6015625 0.20625 0.025 0.04583333333333333
0 0.85625 0.22395833333333334 0.0375 0.04375
0 0.7846354166666667 0.052777777777777785 0.0296875 0.03333333333333334
0 0.49333282766990294 0.7484728964401294 0.0421875 0.04375
0 0.495849441580756 0.0356421821305842 0.025 0.027083333333333338
0 0.50703125 0.017432598039215687 0.0296875 0.02236519607843137
0 0.3624176747311828 0.043021953405017924 0.0234375 0.027083333333333334
1 0.57109375 0.13333333333333333 0.0890625 0.1125
1 0.3203125 0.21041666666666667 0.103125 0.09583333333333334
