0 0.26484375 0.4354166666666667 0.0265625 0.0375
0 0.23828125 0.5770833333333333 0.0265625 0.0375
0 0.24191546314741036 0.85625 0.0265625 0.0375
0 0.19453125 0.8458333333333333 0.0265625 0.0375
0 0.08359375 0.80625 0.0265625 0.0375
0 0.015494285019455257 0.7638253891050584 0.0265625 0.0375
0 0.13515625 0.18958333333333333 0.0265625 0.0375
0 0.2712139423076923 0.2330128205128205 0.0265625 0.041666666666666664
0 0.2479248046875 0.14755859375 0.0265625 0.0375
0 0.28158160971223023 0.2214328537170264 0.0265625 0.0375
0 0.27576754385964913 0.3504385964912281 0.0265625 0.0375
0 0.06302083333333333 0.55625 0.028125000000000004 0.05
0 0.5339231789897511 0.9733559053196681 0.0265625 0.0375
0 0.6299390889830508 0.5982344632768363 0.0265625 0.0375
0 0.48828125 0.86875 0.0265625 0.0375
0 0.8436437149368864 0.8542251051893408 0.0265625 0.0375
0 0.8342687149368864 0.9792251051893408 0.0265625 0.0375
0 0.8512874737026648 0.7534917017297803 0.0265625 0.0375
0 0.828125 0.43645833333333334 0.025 0.03958333333333333
0 0.8662447478991597 0.409375 0.025 0.03958333333333333
0 0.6609544101731601 0.18585858585858586 0.0265625 0.03333333333333333
0 0.7680189508032129 0.0873995983935743 0.0265625 0.03333333333333333
0 0.71015625 0.6354166666666666 0.0265625 0.03333333333333333
0 0.5638776240458016 0.5402194656488549 0.028709446564885433 0.03333333333333328
0 0.48066535596026494 0.40852649006622516 0.0265625 0.03333333333333333
0 0.6234375 0.58125 0.028125 0.0375
0 0.65546875 0.07708333333333334 0.0265625 0.03333333333333333
0 0.9745993589743589 0.8651709401709401 0.0234375 0.035416666666666666
0 0.58828125 0.11875 0.0296875 0.05
0 0.6015625 0.20625 0.025 0.04583333333333333
0 0.85625 0.22395833333333334 0.0375 0.04375
0 0.9205729166666666 0.22222222222222224 0.0328125 0.041666666666666664
0 0.4957220873786408 0.7452872168284789 0.0421875 0.04375
0 0.505327380952381 0.02522156084656085 0.025 0.027083333333333338
0 0.08098958333333334 0.3038194444444445 0.0296875 0.03958333333333333
0 0.5127604166666667 0.013715277777777776 0.0296875 0.01875
0 0.3666515456989247 0.026892921146953408 0.0234375 0.027083333333333338
0 0.03203125 0.10277777777777779 0.0296875 0.03333333333333333
1 0.57109375 0.13333333333333333 0.0890625 0.1125
1 0.3203125 0.21041666666666667 0.103125 0.09583333333333334
