0 0.26484375 0.4354166666666667 0.0265625 0.0375
0 0.23828125 0.5770833333333333 0.0265625 0.0375
0 0.24202004482071712 0.85625 0.0265625 0.0375
0 0.19453125 0.8458333333333333 0.0265625 0.0375
0 0.08359375 0.80625 0.0265625 0.0375
0 0.01651568579766537 0.760590953307393 0.0265625 0.0375
0 0.13515625 0.18958333333333333 0.0265625 0.0375
0 0.25703125 0.2125 0.0265625 0.041666666666666664
0 0.2510009765625 0.14345703125 0.0265625 0.0375
0 0.28181767086330933 0.22111810551558753 0.0265625 0.0375
0 0.2788813496015936 0.34586653386454186 0.0265625 0.0375
0 0.1109375 0.5291666666666667 0.028125 0.05
0 0.5341796875 0.9717881944444444 0.0265625 0.0375
0 0.631885593220339 0.5937853107344633 0.0265625 0.0375
0 0.48828125 0.86875 0.0265625 0.0375
0 0.8440118776297336 0.8531206171107993 0.0265625 0.0375
0 0.8346368776297336 0.9781206171107993 0.0265625 0.0375
0 0.8515635957223001 0.7531235390369331 0.0265625 0.0375
0 0.828125 0.43645833333333334 0.025 0.03958333333333333
0 0.8664101890756303 0.409375 0.025 0.03958333333333333
0 0.661522591991342 0.1832070707070707 0.0265625 0.03333333333333333
0 0.7690731676706827 0.08529116465863454 0.0265625 0.03333333333333333
0 0.71015625 0.6354166666666666 0.0265625 0.03333333333333333
0 0.5673843034351145 0.5352099236641222 0.02820849236641223 0.033333333333333395
0 0.4825784289883268 0.4061770428015564 0.0265625 0.03333333333333333
0 0.5625 0.5444444444444444 0.028125 0.03749999999999994
0 0.6908854166666667 0.09097222222222222 0.0265625 0.03333333333333333
0 0.9754407051282051 0.8595619658119659 0.0234375 0.035416666666666666
0 0.58828125 0.11875 0.0296875 0.05
0 0.6015625 0.20625 0.025 0.04583333333333333
0 0.85625 0.22395833333333334 0.0375 0.04375
0 0.95546875 0.26666666666666666 0.0328125 0.041666666666666664
0 0.4965254934210527 0.7441200657894737 0.0421875 0.04375
0 0.504077380952381 0.024110449735449735 0.025 0.027083333333333334
0 0.1359375 0.275 0.028125 0.0375
0 0.514749053030303 0.01305239898989899 0.0296875 0.01875
0 0.36763944892473116 0.02312948028673835 0.0234375 0.027083333333333334
0 0.12109375 0.009895833333333333 0.0265625 0.019791666666666666
1 0.57109375 0.13333333333333333 0.0890625 0.1125
1 0.3203125 0.21041666666666667 0.103125 0.09583333333333334
