0 0.26484375 0.4354166666666667 0.0265625 0.0375
0 0.23828125 0.5770833333333333 0.0265625 0.0375
0 0.2399831922310757 0.85625 0.0265625 0.0375
0 0.19453125 0.8458333333333333 0.0265625 0.0375
0 0.08359375 0.80625 0.0265625 0.0375
0 0.13515625 0.18958333333333333 0.0265625 0.0375
0 0.20703125 0.23055555555555557 0.0265625 0.041666666666666664
0 0.20826652486910993 0.193782722513089 0.02656249999999998 0.0375
0 0.2623046875 0.2670833333333333 0.0265625 0.03749999999999997
0 0.21734803082191784 0.4008276255707762 0.0265625 0.0375
0 0.53984375 0.98125 0.0265625 0.0375
0 0.6284616893305439 0.6061541143654114 0.0265625 0.0375
0 0.48828125 0.86875 0.0265625 0.0375
0 0.84296875 0.85625 0.0265625 0.0375
0 0.83359375 0.98125 0.0265625 0.0375
0 0.84140625 0.778921568627451 0.0265625 0.0375
0 0.828125 0.43645833333333334 0.025 0.03958333333333333
0 0.8640625 0.409375 0.025 0.03958333333333333
0 0.6279608112009238 0.23903483448806775 0.0265625 0.03333333333333333
0 0.73671875 0.1517361111111111 0.0265625 0.03333333333333333
0 0.71015625 0.6354166666666666 0.0265625 0.03333333333333333
0 0.4937959558823529 0.611642156862745 0.0296875 0.03333333333333333
0 0.4587964173640168 0.4704846582984658 0.0265625 0.03333333333333333
0 0.58828125 0.11875 0.0296875 0.05
0 0.6015625 0.20625 0.025 0.04583333333333333
0 0.85625 0.22395833333333334 0.0375 0.04375
0 0.4854217233009709 0.7590210355987055 0.0421875 0.04375
0 0.6988757621951219 0.9593241869918699 0.0296875 0.03958333333333333
0 0.20099431818181818 0.7194760101010101 0.024999999999999977 0.03958333333333333
0 0.48177287181996087 0.050344504240052185 0.025 0.027083333333333334
0 0.5098056102362205 0.02927329396325459 0.0296875 0.03125
0 0.35703125 0.06354166666666666 0.0234375 0.027083333333333334
0 0.7953125 0.371875 0.034375 0.03958333333333333
0 0.9716127232142856 0.03832589285714286 0.024363839285714128 0.03703869047619047
1 0.57109375 0.13333333333333333 0.0890625 0.1125
1 0.3203125 0.21041666666666667 0.103125 0.09583333333333334
