0 0.2718542588495575 0.42646263520157324 0.0265625 0.0375
0 0.23828125 0.5770833333333333 0.0265625 0.0375
0 0.24279195717131472 0.85625 0.0265625 0.0375
0 0.19453125 0.8458333333333333 0.0265625 0.0375
0 0.08359375 0.80625 0.0265625 0.0375
0 0.024054596303501947 0.7367177367055772 0.0265625 0.0375
0 0.13515625 0.18958333333333333 0.0265625 0.0375
0 0.22260237068965516 0.17708333333333334 0.0265625 0.0375
0 0.28032731681034484 0.11522090517241379 0.0265625 0.0375
0 0.28356002697841726 0.218794964028777 0.0265625 0.0375
0 0.30501782718120807 0.31538031319910514 0.0265625 0.0375
0 0.31328125 0.4256944444444445 0.0265625 0.041666666666666664
0 0.5647017045454545 0.9086174242424242 0.0265625 0.0375
0 0.6399611632947977 0.5710500963391137 0.0265625 0.0375
0 0.48828125 0.86875 0.0265625 0.0375
0 0.9390625 0.915625 0.0234375 0.0375
0 0.8467292689340814 0.8449684431977559 0.0265625 0.0375
0 0.8373542689340814 0.9699684431977559 0.0265625 0.0375
0 0.853601639200561 0.7504061477325853 0.0265625 0.0375
0 0.828125 0.43645833333333334 0.025 0.03958333333333333
0 0.8676313025210083 0.409375 0.025 0.03958333333333333
0 0.6678359058704453 0.15526315789473685 0.0265625 0.03333333333333333
0 0.772953486503856 0.07162596401028277 0.0265625 0.03333333333333333
0 0.71015625 0.6354166666666666 0.0265625 0.03333333333333333
0 0.5880697838345864 0.4993107769423559 0.0265625 0.03333333333333333
0 0.49765625 0.39736842105263154 0.0265625 0.03333333333333333
0 0.01328125 0.2644489247311828 0.0265625 0.03333333333333333
0 0.3109375 0.41041666666666665 0.028125 0.0375
0 0.76484375 0.5145833333333333 0.0265625 0.03333333333333333
0 0.9924479166666667 0.7972222222222223 0.0125 0.035416666666666666
0 0.7088169642857143 0.6943452380952381 0.0296875 0.041666666666666664
0 0.58828125 0.11875 0.0296875 0.05
0 0.6015625 0.20625 0.025 0.04583333333333333
0 0.22421875 0.41354166666666664 0.0359375 0.04583333333333333
0 0.058984375 0.25416666666666665 0.0328125 0.0375
0 0.85625 0.22395833333333334 0.0375 0.04375
0 0.5060855263157895 0.7292489035087719 0.0421875 0.04375
1 0.57109375 0.13333333333333333 0.0890625 0.1125
1 0.3203125 0.21041666666666667 0.103125 0.09583333333333334
