0 0.26484375 0.4354166666666667 0.0265625 0.0375
0 0.23828125 0.5770833333333333 0.0265625 0.0375
0 0.2407476344621514 0.85625 0.0265625 0.0375
0 0.19453125 0.8458333333333333 0.0265625 0.0375
0 0.08359375 0.80625 0.0265625 0.0375
0 0.00546875 0.8104166666666667 0.0109375 0.03333333333333333
0 0.13515625 0.18958333333333333 0.0265625 0.0375
0 0.30390625 0.21875 0.0265625 0.041666666666666664
0 0.2314360119047619 0.17385912698412698 0.0265625 0.0375
0 0.27075051229508196 0.24327868852459017 0.0265625 0.0375
0 0.23578125 0.3804166666666667 0.0265625 0.0375
0 0.5382149066617863 0.9790782088823816 0.0265625 0.0375
0 0.6309421468401487 0.6105638166047088 0.0265625 0.0375
0 0.48828125 0.86875 0.0265625 0.0375
0 0.84296875 0.85625 0.0265625 0.0375
0 0.83359375 0.98125 0.0265625 0.0375
0 0.8406479779411764 0.7541666666666667 0.0265625 0.0375
0 0.828125 0.43645833333333334 0.025 0.03958333333333333
0 0.8643973214285714 0.409375 0.025 0.03958333333333333
0 0.6312842811778291 0.23608063895304082 0.0265625 0.03333333333333333
0 0.755239291958042 0.11016899766899767 0.0265625 0.03333333333333333
0 0.71015625 0.6354166666666666 0.0265625 0.03333333333333333
0 0.5203441722972972 0.5992257882882883 0.0296875 0.03333333333333333
0 0.46239809782608693 0.4442028985507246 0.0265625 0.03333333333333333
0 0.994140625 0.3645833333333333 0.01171875 0.0375
0 0.9279938412408759 0.9730915450121654 0.0234375 0.035416666666666666
0 0.58828125 0.11875 0.0296875 0.05
0 0.6015625 0.20625 0.025 0.04583333333333333
0 0.85625 0.22395833333333334 0.0375 0.04375
0 0.4894967384708738 0.753587682038835 0.0421875 0.04375
0 0.89140625 0.665625 0.0296875 0.03958333333333333
0 0.14573317307692307 0.9305288461538461 0.025 0.03958333333333333
0 0.1975 0.9566666666666667 0.028125 0.029166666666666667
0 0.4845890410958904 0.04658961187214612 0.025 0.027083333333333334
0 0.5079170767716535 0.02423720472440945 0.0296875 0.03125000000000001
0 0.35703125 0.06354166666666666 0.0234375 0.027083333333333334
0 0.71875 0.008333333333333333 0.01875 0.016666666666666666
0 0.98703125 0.014722222222222222 0.020937499999999963 0.02333333333333333
1 0.57109375 0.13333333333333333 0.0890625 0.1125
1 0.3203125 0.21041666666666667 0.103125 0.09583333333333334
