0 0.26484375 0.4354166666666667 0.0265625 0.0375
0 0.23828125 0.5770833333333333 0.0265625 0.0375
0 0.24155191733067732 0.85625 0.0265625 0.0375
0 0.19453125 0.8458333333333333 0.0265625 0.0375
0 0.08359375 0.80625 0.0265625 0.0375
0 0.009294458762886598 0.7796928694158076 0.018588917525773196 0.033956185567010404
0 0.13515625 0.18958333333333333 0.0265625 0.0375
0 0.31484375 0.2520833333333333 0.0265625 0.041666666666666664
0 0.24357291666666664 0.15806666666666666 0.0265625 0.0375
0 0.28076101618705035 0.22252697841726618 0.0265625 0.0375
0 0.2610319368131868 0.3641941391941392 0.0265625 0.0375
0 0.5352591965592972 0.9751372620790629 0.0265625 0.0375
0 0.6281279042750929 0.6055607187112763 0.0265625 0.0375
0 0.48828125 0.86875 0.0265625 0.0375
0 0.84296875 0.85625 0.0265625 0.0375
0 0.83359375 0.98125 0.0265625 0.0375
0 0.8489975873161765 0.7541666666666667 0.0265625 0.0375
0 0.828125 0.43645833333333334 0.025 0.03958333333333333
0 0.8656696428571429 0.409375 0.025 0.03958333333333333
0 0.655438701923077 0.21045673076923077 0.0265625 0.03333333333333333
0 0.7643542921686747 0.0947289156626506 0.0265625 0.03333333333333333
0 0.71015625 0.6354166666666666 0.0265625 0.03333333333333333
0 0.5521768810679611 0.5642394822006473 0.0296875 0.03333333333333333
0 0.47462230960264906 0.418598233995585 0.0265625 0.03333333333333333
0 0.69921875 0.515625 0.028125 0.0375
0 0.9602127259036145 0.8996109437751004 0.0234375 0.035416666666666666
0 0.58828125 0.11875 0.0296875 0.05
0 0.6015625 0.20625 0.025 0.04583333333333333
0 0.85625 0.22395833333333334 0.0375 0.04375
0 0.83203125 0.07916666666666666 0.0296875 0.03333333333333333
0 0.4937841322815534 0.7478711569579288 0.0421875 0.04375
0 0.49822272336769763 0.033451460481099655 0.025 0.02708333333333333
0 0.50703125 0.01639093137254902 0.0296875 0.020281862745098037
0 0.3632174059139785 0.03997535842293907 0.0234375 0.027083333333333334
1 0.57109375 0.13333333333333333 0.0890625 0.1125
1 0.3203125 0.21041666666666667 0.103125 0.09583333333333334
