0 0.26484375 0.4354166666666667 0.0265625 0.0375
0 0.23828125 0.5770833333333333 0.0265625 0.0375
0 0.23994584163346616 0.85625 0.0265625 0.0375
0 0.19453125 0.8458333333333333 0.0265625 0.0375
0 0.08359375 0.80625 0.0265625 0.0375
0 0.13515625 0.18958333333333333 0.0265625 0.0375
0 0.209375 0.24375 0.0265625 0.041666666666666664
0 0.20753026832460733 0.19541884816753927 0.0265625 0.0375
0 0.261328125 0.26916666666666667 0.0265625 0.03749999999999997
0 0.21638484589041096 0.4021118721461187 0.0265625 0.0375
0 0.53984375 0.98125 0.0265625 0.0375
0 0.6281674947698745 0.6056311018131102 0.0265625 0.0375
0 0.48828125 0.86875 0.0265625 0.0375
0 0.84296875 0.85625 0.0265625 0.0375
0 0.83359375 0.98125 0.0265625 0.0375
0 0.84140625 0.7807598039215686 0.0265625 0.0375
0 0.828125 0.43645833333333334 0.025 0.03958333333333333
0 0.8640625 0.409375 0.025 0.03958333333333333
0 0.6277984266743649 0.23917917628945343 0.0265625 0.03333333333333333
0 0.73671875 0.15347222222222223 0.0265625 0.03333333333333333
0 0.71015625 0.6354166666666666 0.0265625 0.03333333333333333
0 0.49231880252100846 0.6124299719887956 0.0296875 0.03333333333333333
0 0.45869835251046026 0.4716614365411437 0.0265625 0.03333333333333333
0 0.58828125 0.11875 0.0296875 0.05
0 0.6015625 0.20625 0.025 0.04583333333333333
0 0.85625 0.22395833333333334 0.0375 0.04375
0 0.4852226183252427 0.7592865088996763 0.0421875 0.04375
0 0.6903010670731707 0.9684705284552846 0.0296875 0.03958333333333333
0 0.19365026595744678 0.7098182624113476 0.024999999999999977 0.03958333333333333
0 0.48163527397260275 0.05052796803652968 0.025 0.027083333333333334
0 0.5098978838582677 0.02951935695538058 0.0296875 0.03125
0 0.35703125 0.06354166666666666 0.0234375 0.027083333333333334
0 0.7760416666666667 0.384375 0.034375 0.03958333333333333
0 0.9708593750000001 0.03947916666666666 0.02453125000000007 0.03770833333333334
1 0.57109375 0.13333333333333333 0.0890625 0.1125
1 0.3203125 0.21041666666666667 0.103125 0.09583333333333334
