0 0.27457826327433627 0.41677728613569326 0.0265625 0.0375
0 0.23828125 0.580780516431925 0.0265625 0.0375
0 0.24481734154929574 0.8513204225352113 0.0265625 0.0375
0 0.19453125 0.8458333333333333 0.0265625 0.0375
0 0.08359375 0.80625 0.0265625 0.0375
0 0.028554137323943664 0.7287852112676056 0.0265625 0.0375
0 0.13515625 0.18958333333333333 0.0265625 0.0375
0 0.20145089285714285 0.14017857142857143 0.02656249999999998 0.03750000000000001
0 0.30460937499999996 0.10027777777777777 0.0265625 0.0375
0 0.28466726618705035 0.21731864508393287 0.0265625 0.0375
0 0.3135673415492958 0.30671948356807516 0.0265625 0.0375
0 0.3872395833333333 0.18472222222222223 0.026562499999999954 0.041666666666666664
0 0.5803367077464789 0.880575117370892 0.0265625 0.0375
0 0.6452989523121387 0.5651192196531791 0.0265625 0.0375
0 0.48828125 0.86875 0.0265625 0.0375
0 0.578125 0.825 0.0265625 0.0375
0 0.8484561272791025 0.8397878681626929 0.0265625 0.0375
0 0.8390811272791024 0.9647878681626929 0.0265625 0.0375
0 0.8548967829593268 0.7486792893875642 0.0265625 0.0375
0 0.94453125 0.7510416666666667 0.0265625 0.04375
0 0.828125 0.43645833333333334 0.025 0.03958333333333333
0 0.868407300420168 0.409375 0.025 0.03958333333333333
0 0.671484375 0.14322916666666666 0.0234375 0.035416666666666666
0 0.6723394297235024 0.13668394777265744 0.0265625 0.03333333333333333
0 0.7705796111825193 0.06529562982005141 0.0265625 0.03333333333333333
0 0.7120048415492958 0.637881455399061 0.0265625 0.03333333333333333
0 0.5895576584507042 0.4851232394366197 0.0265625 0.03333333333333333
0 0.4995048415492958 0.3858861502347418 0.0265625 0.03333333333333333
0 0.09609375 0.5 0.0296875 0.0375
0 0.01702473958333333 0.2244140625 0.0265625 0.03333333333333333
0 0.123125 0.25875 0.028125 0.03749999999999997
0 0.74375 0.771875 0.0265625 0.03333333333333333
0 0.9894496372767858 0.7723911830357143 0.021100725446428648 0.03414248511904757
0 0.621875 0.334375 0.025 0.035416666666666666
0 0.58828125 0.11875 0.0296875 0.05
0 0.6015625 0.20625 0.025 0.04583333333333333
0 0.3296875 0.659375 0.0390625 0.041666666666666664
0 0.5953125 0.5802083333333333 0.028125 0.035416666666666666
0 0.85625 0.22395833333333334 0.0375 0.04375
0 0.5121607730263158 0.7197985197368422 0.0421875 0.04375
