0 0.26484375 0.4354166666666667 0.0265625 0.0375
0 0.23828125 0.5770833333333333 0.0265625 0.0375
0 0.24160918824701194 0.85625 0.0265625 0.0375
0 0.19453125 0.8458333333333333 0.0265625 0.0375
0 0.08359375 0.80625 0.0265625 0.0375
0 0.01096166237113402 0.7759879725085911 0.02192332474226804 0.03543814432989691
0 0.13515625 0.18958333333333333 0.0265625 0.0375
0 0.30911458333333336 0.24930555555555553 0.0265625 0.04166666666666664
0 0.24405208333333334 0.15653333333333333 0.0265625 0.0375
0 0.2808902877697842 0.22235461630695444 0.0265625 0.0375
0 0.2645861950549451 0.36261446886446885 0.0265625 0.0375
0 0.5350487280380674 0.9748566373840898 0.0265625 0.0375
0 0.6279275092936804 0.6052044609665427 0.0265625 0.0375
0 0.48828125 0.86875 0.0265625 0.0375
0 0.84296875 0.85625 0.0265625 0.0375
0 0.83359375 0.98125 0.0265625 0.0375
0 0.8495921415441176 0.7541666666666667 0.0265625 0.0375
0 0.828125 0.43645833333333334 0.025 0.03958333333333333
0 0.8657602415966388 0.409375 0.025 0.03958333333333333
0 0.6586410984848484 0.20574494949494948 0.0265625 0.03333333333333333
0 0.7649316014056226 0.09357429718875503 0.0265625 0.03333333333333333
0 0.71015625 0.6354166666666666 0.0265625 0.03333333333333333
0 0.5539214199029125 0.5591221682847897 0.0296875 0.03333333333333333
0 0.4755742963576159 0.4170115894039735 0.0265625 0.03333333333333333
0 0.6484375 0.48541666666666666 0.028125 0.0375
0 0.9620833333333334 0.8928472222222222 0.0234375 0.035416666666666666
0 0.58828125 0.11875 0.0296875 0.05
0 0.6015625 0.20625 0.025 0.04583333333333333
0 0.85625 0.22395833333333334 0.0375 0.04375
0 0.8421875 0.10729166666666666 0.0296875 0.035416666666666666
0 0.49408942657766997 0.7474640978964401 0.0421875 0.04375
0 0.4998281786941581 0.03196950171821306 0.025 0.027083333333333334
0 0.50703125 0.01568627450980392 0.0296875 0.018872549019607842
0 0.3637584005376344 0.03791442652329749 0.0234375 0.027083333333333334
1 0.57109375 0.13333333333333333 0.0890625 0.1125
1 0.3203125 0.21041666666666667 0.103125 0.09583333333333334
