0 0.26484375 0.4354166666666667 0.0265625 0.0375
0 0.23828125 0.5770833333333333 0.0265625 0.0375
0 0.23999564243027888 0.85625 0.0265625 0.0375
0 0.19453125 0.8458333333333333 0.0265625 0.0375
0 0.08359375 0.80625 0.0265625 0.0375
0 0.13515625 0.18958333333333333 0.0265625 0.0375
0 0.21171875 0.23125 0.0265625 0.041666666666666664
0 0.2085119437172775 0.1932373472949389 0.026562500000000024 0.0375
0 0.26263020833333334 0.2663888888888889 0.0265625 0.037500000000000026
0 0.21766909246575344 0.4003995433789954 0.0265625 0.0375
0 0.53984375 0.98125 0.0265625 0.0375
0 0.6285597541841004 0.6063284518828452 0.0265625 0.0375
0 0.48828125 0.86875 0.0265625 0.0375
0 0.84296875 0.85625 0.0265625 0.0375
0 0.83359375 0.98125 0.0265625 0.0375
0 0.84140625 0.7783088235294117 0.0265625 0.0375
0 0.828125 0.43645833333333334 0.025 0.03958333333333333
0 0.8640625 0.409375 0.025 0.03958333333333333
0 0.6280149393764434 0.2389867205542725 0.0265625 0.03333333333333333
0 0.73671875 0.1511574074074074 0.0265625 0.03333333333333333
0 0.71015625 0.6354166666666666 0.0265625 0.03333333333333333
0 0.49428834033613445 0.6113795518207283 0.0296875 0.03333333333333333
0 0.4588291056485356 0.47009239888423987 0.0265625 0.03333333333333333
0 0.58828125 0.11875 0.0296875 0.05
0 0.6015625 0.20625 0.025 0.04583333333333333
0 0.85625 0.22395833333333334 0.0375 0.04375
0 0.4854880916262136 0.7589325444983819 0.0421875 0.04375
0 0.7017339939024391 0.9562754065040651 0.0296875 0.03958333333333333
0 0.2038352272727273 0.7245265151515151 0.025000000000000022 0.03958333333333333
0 0.48181873776908024 0.050283349641226355 0.025 0.027083333333333334
0 0.5097748523622048 0.029191272965879266 0.0296875 0.03125
0 0.35703125 0.06354166666666666 0.0234375 0.027083333333333334
0 0.7901041666666666 0.3690972222222222 0.03437499999999991 0.03958333333333333
0 0.9718638392857143 0.037941468253968255 0.024308035714285837 0.03681547619047619
1 0.57109375 0.13333333333333333 0.0890625 0.1125
1 0.3203125 0.21041666666666667 0.103125 0.09583333333333334
