0 0.273568860619469 0.42036627335299903 0.0265625 0.0375
0 0.23828125 0.5786384976525821 0.0265625 0.0375
0 0.2437463321596244 0.854176447574335 0.0265625 0.0375
0 0.19453125 0.8458333333333333 0.0265625 0.0375
0 0.08359375 0.80625 0.0265625 0.0375
0 0.02694762323943662 0.7302132237871675 0.0265625 0.0375
0 0.13515625 0.18958333333333333 0.0265625 0.0375
0 0.21796875 0.1626358695652174 0.0265625 0.0375
0 0.29605468749999997 0.10534722222222223 0.0265625 0.0375
0 0.28425696942446044 0.21786570743405276 0.0265625 0.0375
0 0.3124963321596244 0.3088615023474179 0.0265625 0.0375
0 0.34453125 0.275 0.0265625 0.041666666666666664
0 0.5749816607981221 0.8870011737089202 0.0265625 0.0375
0 0.643320989884393 0.5673169556840078 0.0265625 0.0375
0 0.48828125 0.86875 0.0265625 0.0375
0 0.71328125 0.8291666666666667 0.0234375 0.0375
0 0.8478162254558205 0.8417075736325386 0.0265625 0.0375
0 0.8384412254558204 0.9667075736325386 0.0265625 0.0375
0 0.8544168565918653 0.7493191912108462 0.0265625 0.0375
0 0.98671875 0.853125 0.0265625 0.04375
0 0.828125 0.43645833333333334 0.025 0.03958333333333333
0 0.8681197478991596 0.409375 0.025 0.03958333333333333
0 0.62890625 0.11909722222222223 0.0234375 0.03541666666666668
0 0.6707625288018433 0.14299155145929338 0.0265625 0.03333333333333332
0 0.7714592705655526 0.06764138817480721 0.0265625 0.03333333333333334
0 0.7109338321596244 0.6364534428794992 0.0265625 0.03333333333333333
0 0.5906286678403756 0.4901212832550861 0.0265625 0.03333333333333333
0 0.4984338321596244 0.38802816901408455 0.0265625 0.03333333333333333
0 0.014732142857142855 0.23854166666666668 0.0265625 0.03333333333333333
0 0.19453125 0.2652777777777778 0.028125 0.037500000000000026
0 0.788671875 0.6677083333333333 0.0265625 0.03333333333333333
0 0.9917410714285715 0.7754464285714284 0.01651785714285712 0.034821428571428586
0 0.640625 0.4791666666666667 0.025 0.03333333333333333
0 0.58828125 0.11875 0.0296875 0.05
0 0.6015625 0.20625 0.025 0.04583333333333333
0 0.26640625 0.5416666666666666 0.0359375 0.04583333333333333
0 0.37421875 0.5083333333333333 0.0328125 0.0375
0 0.85625 0.22395833333333334 0.0375 0.04375
0 0.5099095394736842 0.7233004385964912 0.0421875 0.04375
1 0.57109375 0.13333333333333333 0.0890625 0.1125
1 0.3203125 0.21041666666666667 0.103125 0.09583333333333334
