0 0.26484375 0.4354166666666667 0.0265625 0.0375
0 0.23828125 0.5770833333333333 0.0265625 0.0375
0 0.2418532121513944 0.85625 0.0265625 0.0375
0 0.19453125 0.8458333333333333 0.0265625 0.0375
0 0.08359375 0.80625 0.0265625 0.0375
0 0.014886308365758754 0.7657506485084306 0.0265625 0.0375
0 0.13515625 0.18958333333333333 0.0265625 0.0375
0 0.2794270833333333 0.23819444444444443 0.0265625 0.041666666666666664
0 0.24609375 0.15 0.0265625 0.0375
0 0.28144109712230214 0.22162020383693046 0.0265625 0.0375
0 0.2740542763157895 0.35317982456140345 0.0265625 0.0375
0 0.0521875 0.5445833333333333 0.028125 0.04999999999999994
0 0.5341519491215226 0.9736609321620302 0.0265625 0.0375
0 0.6287804555084746 0.6008827683615819 0.0265625 0.0375
0 0.48828125 0.86875 0.0265625 0.0375
0 0.8434245704768584 0.854882538569425 0.0265625 0.0375
0 0.8340495704768583 0.979882538569425 0.0265625 0.0375
0 0.8511231153576437 0.7537108461898083 0.0265625 0.0375
0 0.828125 0.43645833333333334 0.025 0.03958333333333333
0 0.8661462710084035 0.409375 0.025 0.03958333333333333
0 0.6606162067099567 0.18743686868686868 0.0265625 0.03333333333333333
0 0.7673914407630522 0.08865461847389558 0.0265625 0.03333333333333333
0 0.71015625 0.6354166666666666 0.0265625 0.03333333333333333
0 0.5617903148854962 0.5432013358778626 0.02900763358778624 0.03333333333333333
0 0.47963058774834433 0.41025110375275936 0.0265625 0.03333333333333333
0 0.6432291666666667 0.5673611111111111 0.028125 0.0375
0 0.62265625 0.06458333333333334 0.0265625 0.03333333333333333
0 0.9733041158536585 0.8692327235772358 0.0234375 0.035416666666666666
0 0.58828125 0.11875 0.0296875 0.05
0 0.6015625 0.20625 0.025 0.04583333333333333
0 0.85625 0.22395833333333334 0.0375 0.04375
0 0.90703125 0.21770833333333334 0.0328125 0.04375
0 0.4953902457524272 0.745729672330097 0.0421875 0.04375
0 0.5060714285714286 0.025882936507936508 0.025 0.027083333333333334
0 0.0359375 0.2864583333333333 0.0296875 0.03958333333333333
0 0.5115767045454546 0.014109848484848486 0.0296875 0.01875
0 0.36606350806451615 0.029133064516129032 0.0234375 0.027083333333333334
1 0.57109375 0.13333333333333333 0.0890625 0.1125
1 0.3203125 0.21041666666666667 0.103125 0.09583333333333334
