0 0.2753525995575221 0.41402409046214356 0.0265625 0.0375
0 0.23828125 0.5824237089201877 0.0265625 0.0375
0 0.24563893779342724 0.8491294992175273 0.0265625 0.0375
0 0.19453125 0.8458333333333333 0.0265625 0.0375
0 0.08359375 0.80625 0.0265625 0.0375
0 0.029786531690140845 0.7276897496087638 0.0265625 0.0375
0 0.13515625 0.18958333333333333 0.0265625 0.0375
0 0.1927455357142857 0.12053571428571429 0.0265625 0.03750000000000001
0 0.3111880896226415 0.096187106918239 0.0265625 0.0375
0 0.28498201438848925 0.21689898081534773 0.0265625 0.0375
0 0.31438893779342725 0.3050762910798122 0.0265625 0.0375
0 0.438671875 0.12760416666666666 0.0265625 0.041666666666666664
0 0.5844446889671362 0.8756455399061033 0.0265625 0.0375
0 0.6468162933526012 0.5634332851637766 0.0265625 0.0375
0 0.48828125 0.86875 0.0265625 0.0375
0 0.48046875 0.7972222222222223 0.0265625 0.0375
0 0.8489470108695653 0.8383152173913043 0.0265625 0.0375
0 0.8395720108695652 0.9633152173913043 0.0265625 0.0375
0 0.8552649456521738 0.7481884057971014 0.0265625 0.0375
0 0.90703125 0.6520833333333333 0.0265625 0.0375
0 0.828125 0.43645833333333334 0.025 0.03958333333333333
0 0.8686278886554621 0.409375 0.025 0.03958333333333333
0 0.6642187500000001 0.17958333333333334 0.0234375 0.03333333333333333
0 0.6735491071428571 0.1318452380952381 0.0265625 0.03333333333333335
0 0.76015625 0.058333333333333334 0.0265625 0.03333333333333333
0 0.7699048039845758 0.06349614395886889 0.0265625 0.03333333333333333
0 0.7128264377934272 0.6389769170579029 0.0265625 0.03333333333333333
0 0.5887360622065728 0.48128912363067294 0.0265625 0.03333333333333333
0 0.5003264377934272 0.3842429577464789 0.0265625 0.03333333333333333
0 0.17640625000000001 0.5712499999999999 0.0265625 0.03333333333333333
0 0.016514008620689656 0.2168103448275862 0.0265625 0.03333333333333333
0 0.07203125 0.20791666666666667 0.0265625 0.03333333333333333
0 0.64765625 0.9833333333333333 0.0265625 0.03333333333333333
0 0.75390625 0.8583333333333333 0.0265625 0.03333333333333333
0 0.9876918247767857 0.7700474330357143 0.024616350446428646 0.03362165178571423
0 0.577734375 0.25104166666666666 0.025 0.035416666666666666
0 0.58828125 0.11875 0.0296875 0.05
0 0.6015625 0.20625 0.025 0.04583333333333333
0 0.37578125 0.73125 0.0390625 0.041666666666666664
0 0.7631249999999999 0.6018749999999999 0.028125 0.035416666666666666
0 0.85625 0.22395833333333334 0.0375 0.04375
0 0.5138877467105263 0.7171121162280703 0.0421875 0.04375
