0 0.26484375 0.4354166666666667 0.0265625 0.0375
0 0.23828125 0.5770833333333333 0.0265625 0.0375
0 0.24196775398406375 0.85625 0.0265625 0.0375
0 0.19453125 0.8458333333333333 0.0265625 0.0375
0 0.08359375 0.80625 0.0265625 0.0375
0 0.016004985408560313 0.7622081712062256 0.0265625 0.0375
0 0.13515625 0.18958333333333333 0.0265625 0.0375
0 0.26421875 0.22916666666666666 0.0265625 0.041666666666666664
0 0.249462890625 0.1455078125 0.0265625 0.0375
0 0.2816996402877698 0.22127547961630695 0.0265625 0.0375
0 0.2772066885964912 0.3481359649122807 0.0265625 0.0375
0 0.08671875 0.5635416666666667 0.028125 0.05
0 0.5337310120790629 0.9730996827720839 0.0265625 0.0375
0 0.6309123411016949 0.5960098870056497 0.0265625 0.0375
0 0.48828125 0.86875 0.0265625 0.0375
0 0.84382779628331 0.8536728611500701 0.0265625 0.0375
0 0.8344527962833099 0.9786728611500701 0.0265625 0.0375
0 0.8514255347124825 0.7533076203833567 0.0265625 0.0375
0 0.828125 0.43645833333333334 0.025 0.03958333333333333
0 0.866327468487395 0.409375 0.025 0.03958333333333333
0 0.661238501082251 0.1845328282828283 0.0265625 0.03333333333333333
0 0.7685460592369477 0.08634538152610442 0.0265625 0.03333333333333333
0 0.71015625 0.6354166666666666 0.0265625 0.03333333333333333
0 0.5656309637404581 0.5377146946564885 0.028458969465648833 0.03333333333333328
0 0.48153456125827815 0.4070778145695364 0.0265625 0.03333333333333333
0 0.6078125 0.5258333333333333 0.028125 0.03749999999999994
0 0.673046875 0.08020833333333334 0.0265625 0.03333333333333333
0 0.9750200320512821 0.8623664529914531 0.0234375 0.035416666666666666
0 0.58828125 0.11875 0.0296875 0.05
0 0.6015625 0.20625 0.025 0.04583333333333333
0 0.85625 0.22395833333333334 0.0375 0.04375
0 0.9184895833333334 0.25069444444444444 0.0328125 0.0416666666666667
0 0.4960008343446602 0.7449155542071197 0.0421875 0.04375
0 0.504702380952381 0.024666005291005287 0.025 0.02708333333333333
0 0.10171875 0.288125 0.029687499999999988 0.03958333333333333
0 0.5137547348484849 0.013383838383838383 0.0296875 0.01875
0 0.36714549731182794 0.025011200716845875 0.0234375 0.02708333333333333
0 0.0796875 0.0625 0.0296875 0.03333333333333333
1 0.57109375 0.13333333333333333 0.0890625 0.1125
1 0.3203125 0.21041666666666667 0.103125 0.09583333333333334
