0 0.26484375 0.4354166666666667 0.0265625 0.0375
0 0.23828125 0.5770833333333333 0.0265625 0.0375
0 0.24032681772908368 0.85625 0.0265625 0.0375
0 0.19453125 0.8458333333333333 0.0265625 0.0375
0 0.08359375 0.80625 0.0265625 0.0375
0 0.13515625 0.18958333333333333 0.0265625 0.0375
0 0.27578125 0.19583333333333333 0.0265625 0.041666666666666664
0 0.2152209051724138 0.17895114942528736 0.0265625 0.0375
0 0.2679802389705882 0.25203737745098037 0.0265625 0.03749999999999997
0 0.226611328125 0.3905164930555555 0.0265625 0.0375
0 0.5397613927525622 0.9811401903367496 0.0265625 0.0375
0 0.6311682792887029 0.610965829846583 0.0265625 0.0375
0 0.48828125 0.86875 0.0265625 0.0375
0 0.84296875 0.85625 0.0265625 0.0375
0 0.83359375 0.98125 0.0265625 0.0375
0 0.8381676136363636 0.758030303030303 0.0265625 0.0375
0 0.828125 0.43645833333333334 0.025 0.03958333333333333
0 0.8640625 0.409375 0.025 0.03958333333333333
0 0.6294547488452655 0.23770688991531946 0.0265625 0.03333333333333333
0 0.7478777985074627 0.12960199004975123 0.0265625 0.03333333333333333
0 0.71015625 0.6354166666666666 0.0265625 0.03333333333333333
0 0.5073857668067226 0.6043942577030812 0.0296875 0.03333333333333333
0 0.4596986140167364 0.45965829846582984 0.0265625 0.03333333333333333
0 0.91015625 0.9927083333333333 0.0265625 0.014583333333333334
0 0.58828125 0.11875 0.0296875 0.05
0 0.6015625 0.20625 0.025 0.04583333333333333
0 0.85625 0.22395833333333334 0.0375 0.04375
0 0.48725348907766997 0.7565786812297735 0.0421875 0.04375
0 0.7734375 0.8760416666666667 0.0296875 0.03958333333333333
0 0.19468749999999999 0.8581249999999999 0.025 0.03958333333333333
0 0.01328125 0.825 0.0265625 0.03333333333333333
0 0.4830387720156556 0.048656637312459235 0.025 0.027083333333333334
0 0.5089566929133859 0.02700951443569554 0.0296875 0.03125
0 0.35703125 0.06354166666666666 0.0234375 0.027083333333333334
0 0.7671875 0.20104166666666667 0.034375 0.03958333333333333
0 0.9785435267857142 0.02771577380952381 0.022823660714285765 0.030877976190476195
1 0.57109375 0.13333333333333333 0.0890625 0.1125
1 0.3203125 0.21041666666666667 0.103125 0.09583333333333334
