0 0.26484375 0.4354166666666667 0.0265625 0.0375
0 0.23828125 0.5770833333333333 0.0265625 0.0375
0 0.2410738296812749 0.85625 0.0265625 0.0375
0 0.19453125 0.8458333333333333 0.0265625 0.0375
0 0.08359375 0.80625 0.0265625 0.0375
0 0.005717329545454545 0.8027935606060607 0.01143465909090909 0.03267045454545456
0 0.13515625 0.18958333333333333 0.0265625 0.0375
0 0.31640625 0.225 0.0265625 0.041666666666666664
0 0.23957291666666664 0.17086666666666667 0.0265625 0.0375
0 0.2754482581967213 0.23343579234972678 0.0265625 0.0375
0 0.2442501307531381 0.373465829846583 0.0265625 0.0375
0 0.5370161511713031 0.977479868228404 0.0265625 0.0375
0 0.6298007667286245 0.6085346964064436 0.0265625 0.0375
0 0.48828125 0.86875 0.0265625 0.0375
0 0.84296875 0.85625 0.0265625 0.0375
0 0.83359375 0.98125 0.0265625 0.0375
0 0.8440343520220589 0.7541666666666667 0.0265625 0.0375
0 0.828125 0.43645833333333334 0.025 0.03958333333333333
0 0.8649133403361345 0.409375 0.025 0.03958333333333333
0 0.6388125 0.23283333333333334 0.0265625 0.03333333333333333
0 0.758958597715736 0.10368020304568529 0.0265625 0.03333333333333333
0 0.71015625 0.6354166666666666 0.0265625 0.03333333333333333
0 0.5300253378378378 0.5900056306306306 0.0296875 0.03333333333333333
0 0.466015625 0.4317708333333333 0.0265625 0.03333333333333333
0 0.8643750000000001 0.3766666666666667 0.028125 0.0375
0 0.942681393678161 0.948227969348659 0.0234375 0.035416666666666666
0 0.58828125 0.11875 0.0296875 0.05
0 0.6015625 0.20625 0.025 0.04583333333333333
0 0.85625 0.22395833333333334 0.0375 0.04375
0 0.491235588592233 0.7512692152103561 0.0421875 0.04375
0 0.9424479166666666 0.5020833333333333 0.0265625 0.0375
0 0.485790728962818 0.04498736138290933 0.025 0.027083333333333334
0 0.507111220472441 0.022088254593175857 0.0296875 0.03125000000000001
0 0.35870127688172043 0.057179659498207885 0.0234375 0.027083333333333334
1 0.57109375 0.13333333333333333 0.0890625 0.1125
1 0.3203125 0.21041666666666667 0.103125 0.09583333333333334
