0 0.27463357300884955 0.41658062930186823 0.0265625 0.0375
0 0.23828125 0.5808978873239437 0.0265625 0.0375
0 0.24487602699530514 0.8511639280125196 0.0265625 0.0375
0 0.19453125 0.8458333333333333 0.0265625 0.0375
0 0.08359375 0.80625 0.0265625 0.0375
0 0.028642165492957748 0.7287069640062598 0.0265625 0.0375
0 0.13515625 0.18958333333333333 0.0265625 0.0375
0 0.20412946428571427 0.13422619047619047 0.0265625 0.0375
0 0.305078125 0.1 0.0265625 0.0375
0 0.2846897482014389 0.21728866906474822 0.0265625 0.0375
0 0.3136260269953052 0.30660211267605636 0.0265625 0.0375
0 0.37786458333333334 0.17083333333333334 0.0265625 0.041666666666666664
0 0.5806301349765258 0.8802230046948357 0.0265625 0.0375
0 0.6454073338150289 0.564998795761079 0.0265625 0.0375
0 0.48828125 0.86875 0.0265625 0.0375
0 0.57890625 0.8119791666666667 0.0265625 0.0375
0 0.8484911903927068 0.8396826788218793 0.0265625 0.0375
0 0.8391161903927069 0.9646826788218793 0.0265625 0.0375
0 0.8549230802945301 0.7486442262739598 0.0265625 0.0375
0 0.940625 0.7270833333333333 0.0265625 0.04375
0 0.828125 0.43645833333333334 0.025 0.03958333333333333
0 0.868423056722689 0.409375 0.025 0.03958333333333333
0 0.68828125 0.13229166666666667 0.0234375 0.035416666666666666
0 0.6724258352534562 0.1363383256528418 0.0265625 0.03333333333333333
0 0.7705314106683805 0.06516709511568124 0.0265625 0.03333333333333333
0 0.7120635269953052 0.6379597026604069 0.0265625 0.03333333333333333
0 0.5894989730046948 0.4848493740219092 0.0265625 0.03333333333333333
0 0.4995635269953052 0.385768779342723 0.0265625 0.03333333333333333
0 0.08484375 0.5083333333333333 0.0296875 0.0375
0 0.01715494791666667 0.2236328125 0.0265625 0.03333333333333333
0 0.11536458333333333 0.25798611111111114 0.028125 0.037500000000000026
0 0.75546875 0.7729166666666667 0.0265625 0.03333333333333333
0 0.9893240792410716 0.7722237723214285 0.021351841517857118 0.03410528273809525
0 0.61875 0.31979166666666664 0.025 0.035416666666666666
0 0.58828125 0.11875 0.0296875 0.05
0 0.6015625 0.20625 0.025 0.04583333333333333
0 0.32734375 0.6776041666666667 0.0390625 0.041666666666666664
0 0.612109375 0.6046875 0.028125 0.035416666666666666
0 0.85625 0.22395833333333334 0.0375 0.04375
0 0.5122841282894737 0.7196066337719298 0.0421875 0.04375
