0 0.26484375 0.4354166666666667 0.0265625 0.0375
0 0.23828125 0.5770833333333333 0.0265625 0.0375
0 0.2418731324701195 0.85625 0.0265625 0.0375
0 0.19453125 0.8458333333333333 0.0265625 0.0375
0 0.08359375 0.80625 0.0265625 0.0375
0 0.015080860894941633 0.7651345654993515 0.0265625 0.0375
0 0.13515625 0.18958333333333333 0.0265625 0.0375
0 0.27622767857142855 0.2330357142857143 0.0265625 0.041666666666666664
0 0.2466796875 0.14921875 0.0265625 0.0375
0 0.2814860611510791 0.22156025179856118 0.0265625 0.0375
0 0.2746025219298246 0.35230263157894737 0.0265625 0.0375
0 0.05234375 0.5635416666666667 0.028125 0.05
0 0.5340787426793557 0.9735633235724743 0.0265625 0.0375
0 0.629151218220339 0.6000353107344634 0.0265625 0.0375
0 0.48828125 0.86875 0.0265625 0.0375
0 0.8434946967040673 0.854672159887798 0.0265625 0.0375
0 0.8341196967040674 0.979672159887798 0.0265625 0.0375
0 0.8511757100280505 0.7536407199625993 0.0265625 0.0375
0 0.828125 0.43645833333333334 0.025 0.03958333333333333
0 0.8661777836134453 0.409375 0.025 0.03958333333333333
0 0.6607244318181819 0.1869318181818182 0.0265625 0.03333333333333333
0 0.7675922439759036 0.08825301204819277 0.0265625 0.03333333333333333
0 0.71015625 0.6354166666666666 0.0265625 0.03333333333333333
0 0.5624582538167939 0.5422471374045801 0.028912213740458003 0.03333333333333328
0 0.4799617135761589 0.40969922737306846 0.0265625 0.03333333333333333
0 0.6359375 0.5833333333333334 0.028125 0.0375
0 0.6424479166666667 0.04444444444444444 0.0265625 0.03333333333333333
0 0.9742588141025641 0.8674412393162393 0.0234375 0.035416666666666666
0 0.58828125 0.11875 0.0296875 0.05
0 0.6015625 0.20625 0.025 0.04583333333333333
0 0.85625 0.22395833333333334 0.0375 0.04375
0 0.8955729166666666 0.2357638888888889 0.0328125 0.04375
0 0.49549643507281554 0.7455880865695793 0.0421875 0.04375
0 0.5058333333333334 0.025671296296296296 0.025 0.027083333333333334
0 0.046614583333333334 0.2850694444444445 0.029687500000000006 0.039583333333333366
0 0.5119554924242424 0.013983585858585857 0.0296875 0.01875
0 0.3662516801075269 0.028416218637992832 0.0234375 0.027083333333333334
1 0.57109375 0.13333333333333333 0.0890625 0.1125
1 0.3203125 0.21041666666666667 0.103125 0.09583333333333334
