0 0.26484375 0.4354166666666667 0.0265625 0.0375
0 0.23828125 0.5770833333333333 0.0265625 0.0375
0 0.2413327938247012 0.85625 0.0265625 0.0375
0 0.19453125 0.8458333333333333 0.0265625 0.0375
0 0.08359375 0.80625 0.0265625 0.0375
0 0.006086647727272727 0.791467803030303 0.012173295454545454 0.03168560606060602
0 0.13515625 0.18958333333333333 0.0265625 0.0375
0 0.31953125 0.23229166666666667 0.0265625 0.041666666666666664
0 0.24173958333333334 0.16393333333333335 0.0265625 0.0375
0 0.2791777663934426 0.22562158469945356 0.0265625 0.0375
0 0.25172921025104605 0.3689330543933054 0.0265625 0.0375
0 0.5360644674231333 0.9762109565641777 0.0265625 0.0375
0 0.6288946328996283 0.6069237918215613 0.0265625 0.0375
0 0.48828125 0.86875 0.0265625 0.0375
0 0.84296875 0.85625 0.0265625 0.0375
0 0.83359375 0.98125 0.0265625 0.0375
0 0.8467227711397058 0.7541666666666667 0.0265625 0.0375
0 0.828125 0.43645833333333334 0.025 0.03958333333333333
0 0.8653230042016806 0.409375 0.025 0.03958333333333333
0 0.6471608231707318 0.2234247967479675 0.0265625 0.03333333333333333
0 0.7621454568273093 0.09914658634538152 0.0265625 0.03333333333333333
0 0.71015625 0.6354166666666666 0.0265625 0.03333333333333333
0 0.54296875 0.5784722222222223 0.0296875 0.03333333333333333
0 0.4709799254966887 0.42466887417218546 0.0265625 0.03333333333333333
0 0.778125 0.44583333333333336 0.028125 0.0375
0 0.952020474137931 0.9245689655172414 0.0234375 0.035416666666666666
0 0.58828125 0.11875 0.0296875 0.05
0 0.6015625 0.20625 0.025 0.04583333333333333
0 0.85625 0.22395833333333334 0.0375 0.04375
0 0.74765625 0.020833333333333332 0.0296875 0.03333333333333333
0 0.4926160497572815 0.7494286003236247 0.0421875 0.04375
0 0.96875 0.353125 0.028125 0.04375
0 0.4920801116838488 0.03912156357388316 0.025 0.027083333333333334
0 0.50703125 0.01908700980392157 0.0296875 0.02567401960784314
0 0.3611475134408602 0.04786066308243728 0.0234375 0.027083333333333334
1 0.57109375 0.13333333333333333 0.0890625 0.1125
1 0.3203125 0.21041666666666667 0.103125 0.09583333333333334
