0 0.26484375 0.4354166666666667 0.0265625 0.0375
0 0.23828125 0.5770833333333333 0.0265625 0.0375
0 0.2420250249003984 0.85625 0.0265625 0.0375
0 0.19453125 0.8458333333333333 0.0265625 0.0375
0 0.08359375 0.80625 0.0265625 0.0375
0 0.01656432392996109 0.7604369325551232 0.0265625 0.0375
0 0.13515625 0.18958333333333333 0.0265625 0.0375
0 0.2559895833333333 0.20833333333333334 0.0265625 0.041666666666666664
0 0.2511474609375 0.14326171875 0.0265625 0.0375
0 0.28182891187050363 0.22110311750599518 0.0265625 0.0375
0 0.2790432021912351 0.3456507304116866 0.0265625 0.0375
0 0.11484375 0.5260416666666666 0.028125 0.05
0 0.534375 0.971412037037037 0.0265625 0.0375
0 0.6319782838983051 0.5935734463276836 0.0265625 0.0375
0 0.48828125 0.86875 0.0265625 0.0375
0 0.8440294091865358 0.8530680224403927 0.0265625 0.0375
0 0.8346544091865358 0.9780680224403927 0.0265625 0.0375
0 0.8515767443899017 0.7531060074801309 0.0265625 0.0375
0 0.828125 0.43645833333333334 0.025 0.03958333333333333
0 0.8664180672268907 0.409375 0.025 0.03958333333333333
0 0.6615496482683982 0.18308080808080807 0.0265625 0.03333333333333333
0 0.7691233684738956 0.08519076305220884 0.0265625 0.03333333333333333
0 0.71015625 0.6354166666666666 0.0265625 0.03333333333333333
0 0.567551288167939 0.5349713740458015 0.028184637404580215 0.033333333333333395
0 0.4827000243190661 0.4061608300907912 0.0265625 0.03333333333333333
0 0.559375 0.540625 0.028125 0.0375
0 0.68828125 0.09652777777777778 0.0265625 0.03333333333333333
0 0.9754807692307692 0.8592948717948717 0.0234375 0.035416666666666666
0 0.58828125 0.11875 0.0296875 0.05
0 0.6015625 0.20625 0.025 0.04583333333333333
0 0.85625 0.22395833333333334 0.0375 0.04375
0 0.9502604166666666 0.26805555555555555 0.0328125 0.04166666666666664
0 0.4965871710526316 0.7440241228070176 0.0421875 0.04375
0 0.5040178571428571 0.024057539682539684 0.025 0.027083333333333334
0 0.14114583333333333 0.27638888888888885 0.028125 0.03749999999999997
0 0.51484375 0.013020833333333334 0.0296875 0.01875
0 0.36768649193548386 0.0229502688172043 0.0234375 0.027083333333333334
0 0.12369791666666667 0.011458333333333333 0.0265625 0.022916666666666665
1 0.57109375 0.13333333333333333 0.0890625 0.1125
1 0.3203125 0.21041666666666667 0.103125 0.09583333333333334
