0 0.26484375 0.4354166666666667 0.0265625 0.0375
0 0.23828125 0.5770833333333333 0.0265625 0.0375
0 0.24093438745019918 0.85625 0.0265625 0.0375
0 0.19453125 0.8458333333333333 0.0265625 0.0375
0 0.08359375 0.80625 0.0265625 0.0375
0 0.005518465909090909 0.8088920454545454 0.011036931818181817 0.03320075757575758
0 0.13515625 0.18958333333333333 0.0265625 0.0375
0 0.31056743421052635 0.2223684210526316 0.0265625 0.041666666666666664
0 0.23840625000000001 0.17459999999999998 0.0265625 0.0375
0 0.27344006147540983 0.23764344262295084 0.0265625 0.0375
0 0.24022293410041842 0.3759065550906555 0.0265625 0.0375
0 0.5375285962664715 0.9781631283552953 0.0265625 0.0375
0 0.630288684944238 0.6094021065675341 0.0265625 0.0375
0 0.48828125 0.86875 0.0265625 0.0375
0 0.84296875 0.85625 0.0265625 0.0375
0 0.83359375 0.98125 0.0265625 0.0375
0 0.8425867417279411 0.7541666666666667 0.0265625 0.0375
0 0.828125 0.43645833333333334 0.025 0.03958333333333333
0 0.8646927521008404 0.409375 0.025 0.03958333333333333
0 0.6326875000000001 0.23516666666666666 0.0265625 0.03333333333333333
0 0.7571819479695432 0.10604906937394247 0.0265625 0.03333333333333333
0 0.71015625 0.6354166666666666 0.0265625 0.03333333333333333
0 0.5258868243243243 0.5939470720720721 0.0296875 0.03333333333333333
0 0.4640964673913044 0.43665458937198065 0.0265625 0.03333333333333333
0 0.9151041666666666 0.4222222222222222 0.028125 0.0375
0 0.9374030565693431 0.9605459245742092 0.0234375 0.035416666666666666
0 0.58828125 0.11875 0.0296875 0.05
0 0.6015625 0.20625 0.025 0.04583333333333333
0 0.85625 0.22395833333333334 0.0375 0.04375
0 0.4904922633495145 0.7522603155339807 0.0421875 0.04375
0 0.9111979166666666 0.5711805555555556 0.0296875 0.03958333333333333
0 0.1394985465116279 0.9501695736434108 0.025 0.03958333333333333
0 0.48527703033268105 0.04567229288975864 0.025 0.02708333333333333
0 0.5074557086614173 0.02300688976377953 0.0296875 0.03125
0 0.35738407258064514 0.0621975806451613 0.0234375 0.02708333333333334
1 0.57109375 0.13333333333333333 0.0890625 0.1125
1 0.3203125 0.21041666666666667 0.103125 0.09583333333333334
