0 0.26484375 0.4354166666666667 0.0265625 0.0375
0 0.23828125 0.5770833333333333 0.0265625 0.0375
0 0.2417585906374502 0.85625 0.0265625 0.0375
0 0.19453125 0.8458333333333333 0.0265625 0.0375
0 0.08359375 0.80625 0.0265625 0.0375
0 0.013962183852140075 0.7686770428015565 0.0265625 0.0375
0 0.13515625 0.18958333333333333 0.0265625 0.0375
0 0.29578125 0.24833333333333332 0.0265625 0.04166666666666664
0 0.24530208333333334 0.15253333333333333 0.0265625 0.0375
0 0.2812275179856115 0.22190497601918463 0.0265625 0.0375
0 0.2714501096491228 0.35734649122807016 0.0265625 0.0375
0 0.01610576923076923 0.5471153846153847 0.028125 0.05000000000000006
0 0.5344996797218156 0.9741245729624207 0.0265625 0.0375
0 0.6274047397769517 0.6042750929368029 0.0265625 0.0375
0 0.48828125 0.86875 0.0265625 0.0375
0 0.8430914708976157 0.855881837307153 0.0265625 0.0375
0 0.8337164708976157 0.980881837307153 0.0265625 0.0375
0 0.8508732906732117 0.754043945769051 0.0265625 0.0375
0 0.828125 0.43645833333333334 0.025 0.03958333333333333
0 0.8659965861344538 0.409375 0.025 0.03958333333333333
0 0.660061553030303 0.19059343434343434 0.0265625 0.03333333333333333
0 0.766437625502008 0.09056224899598393 0.0265625 0.03333333333333333
0 0.71015625 0.6354166666666666 0.0265625 0.03333333333333333
0 0.558617604961832 0.5477337786259542 0.029460877862595415 0.03333333333333333
0 0.4780577400662252 0.41287251655629137 0.0265625 0.03333333333333333
0 0.666015625 0.5395833333333333 0.028125 0.0375
0 0.59296875 0.029166666666666667 0.0265625 0.03333333333333333
0 0.9676171874999999 0.87875 0.0234375 0.035416666666666666
0 0.58828125 0.11875 0.0296875 0.05
0 0.6015625 0.20625 0.025 0.04583333333333333
0 0.85625 0.22395833333333334 0.0375 0.04375
0 0.89421875 0.163125 0.0328125 0.04375
0 0.49488584648058254 0.7464022046925566 0.0421875 0.04375
0 0.504016323024055 0.02810352233676976 0.025 0.027083333333333334
0 0.5097774621212121 0.014709595959595959 0.0296875 0.01875
0 0.36516969086021506 0.03253808243727598 0.0234375 0.027083333333333334
1 0.57109375 0.13333333333333333 0.0890625 0.1125
1 0.3203125 0.21041666666666667 0.103125 0.09583333333333334
