0 0.26814771475770927 0.43211270190895745 0.0265625 0.0375
0 0.23828125 0.5770833333333333 0.0265625 0.0375
0 0.24238857071713146 0.85625 0.0265625 0.0375
0 0.19453125 0.8458333333333333 0.0265625 0.0375
0 0.08359375 0.80625 0.0265625 0.0375
0 0.020114907587548636 0.7491934176394293 0.0265625 0.0375
0 0.13515625 0.18958333333333333 0.0265625 0.0375
0 0.2265625 0.1875 0.0265625 0.041666666666666664
0 0.2618408203125 0.12900390625 0.0265625 0.0375
0 0.28264950539568345 0.2200089928057554 0.0265625 0.0375
0 0.2908584412350598 0.32989707835325366 0.0265625 0.0375
0 0.1640625 0.5354166666666667 0.028125 0.04583333333333333
0 0.5485875413907284 0.9437637969094922 0.0265625 0.0375
0 0.63828125 0.5785984848484849 0.0265625 0.0375
0 0.48828125 0.86875 0.0265625 0.0375
0 0.8453092128330996 0.8492286115007013 0.0265625 0.0375
0 0.8359342128330995 0.9742286115007013 0.0265625 0.0375
0 0.8525365971248247 0.751826203833567 0.0265625 0.0375
0 0.828125 0.43645833333333334 0.025 0.03958333333333333
0 0.8669931722689075 0.409375 0.025 0.03958333333333333
0 0.6637367155870446 0.1730263157894737 0.0265625 0.03333333333333333
0 0.7727880271084338 0.07786144578313253 0.0265625 0.03333333333333333
0 0.71015625 0.6354166666666666 0.0265625 0.03333333333333333
0 0.5794744318181818 0.5174242424242425 0.0265625 0.03333333333333333
0 0.491576483463035 0.40497730220492867 0.0265625 0.03333333333333333
0 0.0078125 0.2875 0.015625 0.03333333333333333
0 0.428125 0.425 0.028125 0.0375
0 0.75625 0.25416666666666665 0.0265625 0.03333333333333333
0 0.9809422348484848 0.8326073232323232 0.02078598484848495 0.035416666666666666
0 0.81484375 0.9758333333333333 0.0328125 0.041666666666666664
0 0.58828125 0.11875 0.0296875 0.05
0 0.6015625 0.20625 0.025 0.04583333333333333
0 0.06588541666666667 0.19652777777777777 0.0359375 0.04583333333333333
0 0.85625 0.22395833333333334 0.0375 0.04375
0 0.5010896381578948 0.7370202850877193 0.0421875 0.04375
0 0.499672619047619 0.020195105820105818 0.025 0.027083333333333334
0 0.31875 0.1125 0.028125 0.0375
0 0.5217566287878788 0.010716540404040405 0.0296875 0.01875
0 0.37395089285714284 0.010907738095238095 0.0234375 0.021101190476190478
1 0.57109375 0.13333333333333333 0.0890625 0.1125
1 0.3203125 0.21041666666666667 0.103125 0.09583333333333334
