0 0.26484375 0.4354166666666667 0.0265625 0.0375
0 0.23828125 0.5770833333333333 0.0265625 0.0375
0 0.2407003237051793 0.85625 0.0265625 0.0375
0 0.19453125 0.8458333333333333 0.0265625 0.0375
0 0.08359375 0.80625 0.0265625 0.0375
0 0.00546875 0.8104166666666667 0.0109375 0.03333333333333333
0 0.13515625 0.18958333333333333 0.0265625 0.0375
0 0.30442708333333335 0.2173611111111111 0.0265625 0.041666666666666664
0 0.22955109126984125 0.17354497354497356 0.0265625 0.0375
0 0.27006915983606555 0.24470628415300547 0.0265625 0.0375
0 0.23479166666666668 0.3817361111111111 0.0265625 0.0375
0 0.5383887719619327 0.9793100292825768 0.0265625 0.0375
0 0.631107690520446 0.6108581164807931 0.0265625 0.0375
0 0.48828125 0.86875 0.0265625 0.0375
0 0.84296875 0.85625 0.0265625 0.0375
0 0.83359375 0.98125 0.0265625 0.0375
0 0.8401568244485293 0.7541666666666667 0.0265625 0.0375
0 0.828125 0.43645833333333334 0.025 0.03958333333333333
0 0.8643224789915965 0.409375 0.025 0.03958333333333333
0 0.6310785941108545 0.23626347190146266 0.0265625 0.03333333333333333
0 0.7550316870629371 0.11182983682983684 0.0265625 0.03333333333333333
0 0.71015625 0.6354166666666666 0.0265625 0.03333333333333333
0 0.5189830043859649 0.6001461988304093 0.0296875 0.03333333333333333
0 0.46196784420289855 0.44611513687600646 0.0265625 0.03333333333333333
0 0.9256101733576643 0.9762697688564477 0.0234375 0.035416666666666666
0 0.58828125 0.11875 0.0296875 0.05
0 0.6015625 0.20625 0.025 0.04583333333333333
0 0.85625 0.22395833333333334 0.0375 0.04375
0 0.48924453883495145 0.7539239482200647 0.0421875 0.04375
0 0.859375 0.69375 0.0296875 0.03958333333333333
0 0.15177083333333335 0.9286805555555555 0.025 0.03958333333333333
0 0.146875 0.946875 0.03125 0.03958333333333333
0 0.4844147504892368 0.04682199934768428 0.025 0.027083333333333334
0 0.5080339566929134 0.024548884514435695 0.0296875 0.03125
0 0.35703125 0.06354166666666666 0.0234375 0.027083333333333334
0 0.753125 0.0125 0.03125 0.025
0 0.9860770089285715 0.016183035714285716 0.02114955357142865 0.02418154761904762
1 0.57109375 0.13333333333333333 0.0890625 0.1125
1 0.3203125 0.21041666666666667 0.103125 0.09583333333333334
