0 0.2750760508849558 0.4150073746312684 0.0265625 0.0375
0 0.23828125 0.5818368544600939 0.0265625 0.0375
0 0.2453455105633803 0.8499119718309859 0.0265625 0.0375
0 0.19453125 0.8458333333333333 0.0265625 0.0375
0 0.08359375 0.80625 0.0265625 0.0375
0 0.029346390845070423 0.728080985915493 0.0265625 0.0375
0 0.13515625 0.18958333333333333 0.0265625 0.0375
0 0.19623579545454545 0.12660984848484846 0.0265625 0.037499999999999985
0 0.3088295990566038 0.09775943396226415 0.0265625 0.0375
0 0.28486960431654673 0.21704886091127099 0.0265625 0.0375
0 0.3140955105633803 0.30566314553990614 0.0265625 0.0375
0 0.40234375 0.13958333333333334 0.0265625 0.041666666666666664
0 0.5829775528169014 0.8774061032863849 0.0265625 0.0375
0 0.6462743858381502 0.5640354046242775 0.0265625 0.0375
0 0.48828125 0.86875 0.0265625 0.0375
0 0.53515625 0.8 0.0265625 0.0375
0 0.8487716953015427 0.8388411640953717 0.0265625 0.0375
0 0.8393966953015427 0.9638411640953717 0.0265625 0.0375
0 0.855133458976157 0.7483637213651239 0.0265625 0.0375
0 0.92109375 0.68125 0.0265625 0.0375
0 0.828125 0.43645833333333334 0.025 0.03958333333333333
0 0.8685491071428573 0.409375 0.025 0.03958333333333333
0 0.68671875 0.1625 0.0234375 0.03333333333333333
0 0.6731170794930875 0.13357334869431642 0.0265625 0.03333333333333333
0 0.7701458065552699 0.0641388174807198 0.0265625 0.03333333333333333
0 0.7125330105633803 0.6385856807511737 0.0265625 0.03333333333333333
0 0.5890294894366197 0.48265845070422536 0.0265625 0.03333333333333333
0 0.5000330105633803 0.3848298122065728 0.0265625 0.03333333333333333
0 0.13515625 0.538888888888889 0.0296875 0.03750000000000006
0 0.01759159482758621 0.21824712643678162 0.0265625 0.03333333333333333
0 0.07786458333333332 0.24444444444444446 0.027604166666666662 0.0361111111111111
0 0.74140625 0.8083333333333333 0.0265625 0.03333333333333333
0 0.9883196149553571 0.7708844866071428 0.023360770089285766 0.03380766369047616
0 0.57890625 0.2989583333333333 0.025 0.035416666666666666
0 0.58828125 0.11875 0.0296875 0.05
0 0.6015625 0.20625 0.025 0.04583333333333333
0 0.34921875 0.73125 0.0390625 0.041666666666666664
0 0.7078125 0.6052083333333333 0.028125 0.035416666666666666
0 0.85625 0.22395833333333334 0.0375 0.04375
0 0.5132709703947368 0.7180715460526316 0.0421875 0.04375
