0 0.27057062224669604 0.4296897944199706 0.0265625 0.0375
0 0.23828125 0.5770833333333333 0.0265625 0.0375
0 0.24260769422310755 0.85625 0.0265625 0.0375
0 0.19453125 0.8458333333333333 0.0265625 0.0375
0 0.08359375 0.80625 0.0265625 0.0375
0 0.022254985408560312 0.742416504539559 0.0265625 0.0375
0 0.13515625 0.18958333333333333 0.0265625 0.0375
0 0.2203536184210526 0.18475877192982457 0.0265625 0.041666666666666664
0 0.27085802801724135 0.12120150862068965 0.0265625 0.0375
0 0.2831441097122302 0.21934952038369307 0.0265625 0.0375
0 0.29803376677852345 0.3205536912751678 0.0265625 0.0375
0 0.22734375 0.47604166666666664 0.028125 0.04583333333333333
0 0.5567829056291391 0.9255518763796909 0.0265625 0.0375
0 0.63828125 0.5735984848484849 0.0265625 0.0375
0 0.48828125 0.86875 0.0265625 0.0375
0 0.8460806013323984 0.846914446002805 0.0265625 0.0375
0 0.8367056013323984 0.971914446002805 0.0265625 0.0375
0 0.8531151384992988 0.7510548153342683 0.0265625 0.0375
0 0.828125 0.43645833333333334 0.025 0.03958333333333333
0 0.8673398109243697 0.409375 0.025 0.03958333333333333
0 0.6659634362348178 0.16337719298245615 0.0265625 0.03333333333333333
0 0.7738451960154242 0.0740038560411311 0.0265625 0.03333333333333333
0 0.71015625 0.6354166666666666 0.0265625 0.03333333333333333
0 0.5844744318181818 0.5057575757575757 0.0265625 0.03333333333333333
0 0.49692667801556417 0.4042639429312581 0.0265625 0.03333333333333333
0 0.011611842105263158 0.2744736842105263 0.023223684210526317 0.03333333333333336
0 0.3828125 0.4395833333333333 0.028125 0.0375
0 0.77734375 0.40729166666666666 0.0265625 0.03333333333333333
0 0.9875394570707071 0.8140888047138047 0.015924873737373703 0.035416666666666666
0 0.7544270833333333 0.83125 0.0296875 0.041666666666666664
0 0.58828125 0.11875 0.0296875 0.05
0 0.6015625 0.20625 0.025 0.04583333333333333
0 0.15859375 0.325 0.0359375 0.04583333333333333
0 0.85625 0.22395833333333334 0.0375 0.04375
0 0.5038034539473684 0.7327987938596491 0.0421875 0.04375
0 0.33125 0.0359375 0.0234375 0.029166666666666667
0 0.49705357142857143 0.017867063492063493 0.025 0.027083333333333334
0 0.45984375 0.010833333333333334 0.0296875 0.021666666666666667
1 0.57109375 0.13333333333333333 0.0890625 0.1125
1 0.3203125 0.21041666666666667 0.103125 0.09583333333333334
