0 0.26484375 0.4354166666666667 0.0265625 0.0375
0 0.23828125 0.5770833333333333 0.0265625 0.0375
0 0.2408073954183267 0.85625 0.0265625 0.0375
0 0.19453125 0.8458333333333333 0.0265625 0.0375
0 0.08359375 0.80625 0.0265625 0.0375
0 0.00546875 0.8104166666666667 0.0109375 0.03333333333333333
0 0.13515625 0.18958333333333333 0.0265625 0.0375
0 0.30658482142857146 0.21785714285714286 0.0265625 0.041666666666666664
0 0.23381696428571427 0.17425595238095237 0.0265625 0.0375
0 0.2716111680327869 0.24147540983606555 0.0265625 0.0375
0 0.23703124999999997 0.37875000000000003 0.0265625 0.0375
0 0.5379952873352856 0.978785383113714 0.0265625 0.0375
0 0.6307330390334572 0.6101920693928129 0.0265625 0.0375
0 0.48828125 0.86875 0.0265625 0.0375
0 0.84296875 0.85625 0.0265625 0.0375
0 0.83359375 0.98125 0.0265625 0.0375
0 0.8412683823529411 0.7541666666666667 0.0265625 0.0375
0 0.828125 0.43645833333333334 0.025 0.03958333333333333
0 0.8644918592436974 0.409375 0.025 0.03958333333333333
0 0.6315440964203234 0.2358496920708237 0.0265625 0.03333333333333333
0 0.7555639276649746 0.10820642978003384 0.0265625 0.03333333333333333
0 0.71015625 0.6354166666666666 0.0265625 0.03333333333333333
0 0.5221178209459459 0.5975365990990991 0.0296875 0.03333333333333333
0 0.4629415760869565 0.44178743961352657 0.0265625 0.03333333333333333
0 0.9703125 0.4 0.028125 0.0375
0 0.9310047901459854 0.9690769464720195 0.0234375 0.035416666666666666
0 0.58828125 0.11875 0.0296875 0.05
0 0.6015625 0.20625 0.025 0.04583333333333333
0 0.85625 0.22395833333333334 0.0375 0.04375
0 0.48981530643203886 0.7531629247572815 0.0421875 0.04375
0 0.90390625 0.6427083333333333 0.0296875 0.03958333333333333
0 0.14123641304347828 0.9346467391304347 0.025 0.03958333333333333
0 0.4848091976516634 0.04629606979778213 0.025 0.027083333333333334
0 0.5077694389763779 0.02384350393700787 0.0296875 0.031249999999999997
0 0.35703125 0.06354166666666666 0.0234375 0.027083333333333334
0 0.9882366071428571 0.012876984126984127 0.02066964285714281 0.02226190476190476
1 0.57109375 0.13333333333333333 0.0890625 0.1125
1 0.3203125 0.21041666666666667 0.103125 0.09583333333333334
