0 0.26484375 0.4354166666666667 0.0265625 0.0375
0 0.23828125 0.5770833333333333 0.0265625 0.0375
0 0.24015500498007966 0.85625 0.0265625 0.0375
0 0.19453125 0.8458333333333333 0.0265625 0.0375
0 0.08359375 0.80625 0.0265625 0.0375
0 0.13515625 0.18958333333333333 0.0265625 0.0375
0 0.24921875 0.21527777777777776 0.0265625 0.041666666666666664
0 0.21165330497382198 0.1862565445026178 0.02656249999999998 0.0375
0 0.2665329391891892 0.25782657657657654 0.0265625 0.03749999999999997
0 0.22251420454545454 0.3965909090909091 0.0265625 0.0375
0 0.53984375 0.98125 0.0265625 0.0375
0 0.6298149843096235 0.6085599721059972 0.0265625 0.0375
0 0.48828125 0.86875 0.0265625 0.0375
0 0.84296875 0.85625 0.0265625 0.0375
0 0.83359375 0.98125 0.0265625 0.0375
0 0.84140625 0.7704656862745097 0.0265625 0.0375
0 0.828125 0.43645833333333334 0.025 0.03958333333333333
0 0.8640625 0.409375 0.025 0.03958333333333333
0 0.6287077800230947 0.23837086220169362 0.0265625 0.03333333333333333
0 0.7390275186567165 0.14247512437810944 0.0265625 0.03333333333333333
0 0.71015625 0.6354166666666666 0.0265625 0.03333333333333333
0 0.5005908613445378 0.6080182072829132 0.0296875 0.03333333333333333
0 0.4592475156903766 0.46507147838214785 0.0265625 0.03333333333333333
0 0.58828125 0.11875 0.0296875 0.05
0 0.6015625 0.20625 0.025 0.04583333333333333
0 0.85625 0.22395833333333334 0.0375 0.04375
0 0.4863376061893204 0.7577998584142395 0.0421875 0.04375
0 0.7383491847826087 0.9188858695652175 0.0296875 0.03958333333333333
0 0.2 0.809375 0.025 0.03958333333333333
0 0.4824058219178082 0.049500570776255706 0.025 0.027083333333333334
0 0.5093811515748031 0.028141404199475063 0.0296875 0.031249999999999997
0 0.35703125 0.06354166666666666 0.0234375 0.027083333333333334
0 0.7828125 0.2753472222222222 0.034375 0.039583333333333304
0 0.9750781249999999 0.03302083333333333 0.023593750000000035 0.03395833333333333
1 0.57109375 0.13333333333333333 0.0890625 0.1125
1 0.3203125 0.21041666666666667 0.103125 0.09583333333333334
