0 0.26575234030837 0.43450807635829664 0.0265625 0.0375
0 0.23828125 0.5770833333333333 0.0265625 0.0375
0 0.242171937250996 0.85625 0.0265625 0.0375
0 0.19453125 0.8458333333333333 0.0265625 0.0375
0 0.08359375 0.80625 0.0265625 0.0375
0 0.017999148832684823 0.7558933203631647 0.0265625 0.0375
0 0.13515625 0.18958333333333333 0.0265625 0.0375
0 0.2459375 0.19 0.0265625 0.041666666666666664
0 0.25546875 0.1375 0.0265625 0.0375
0 0.2821605215827338 0.22066097122302158 0.0265625 0.0375
0 0.28381785358565736 0.33928452855245683 0.0265625 0.0375
0 0.13484374999999998 0.5314583333333334 0.028125 0.05000000000000006
0 0.54013671875 0.9603153935185186 0.0265625 0.0375
0 0.6347126588983051 0.5873234463276836 0.0265625 0.0375
0 0.48828125 0.86875 0.0265625 0.0375
0 0.844546590112202 0.851516479663394 0.0265625 0.0375
0 0.835171590112202 0.976516479663394 0.0265625 0.0375
0 0.8519646300841515 0.7525888265544647 0.0265625 0.0375
0 0.828125 0.43645833333333334 0.025 0.03958333333333333
0 0.8666504726890757 0.409375 0.025 0.03958333333333333
0 0.6623478084415584 0.1793560606060606 0.0265625 0.03333333333333333
0 0.7706042921686748 0.0822289156626506 0.0265625 0.03333333333333333
0 0.71015625 0.6354166666666666 0.0265625 0.03333333333333333
0 0.5724773377862595 0.5279341603053436 0.027480916030534354 0.03333333333333333
0 0.48628708657587544 0.4056825551232166 0.0265625 0.03333333333333333
0 0.00546875 0.30520833333333336 0.0109375 0.035416666666666666
0 0.5114583333333333 0.4784722222222222 0.028125 0.0375
0 0.7299479166666667 0.13541666666666666 0.0265625 0.03333333333333333
0 0.9766095632530121 0.8495607429718876 0.0234375 0.035416666666666666
0 0.58828125 0.11875 0.0296875 0.05
0 0.6015625 0.20625 0.025 0.04583333333333333
0 0.03359375 0.041666666666666664 0.0296875 0.03958333333333333
0 0.85625 0.22395833333333334 0.0375 0.04375
0 0.9921875 0.31666666666666665 0.013541666666666785 0.0375
0 0.4984066611842105 0.7411938048245614 0.0421875 0.04375
0 0.5022619047619048 0.02249669312169312 0.025 0.027083333333333334
0 0.25 0.26666666666666666 0.028125 0.0375
0 0.5176373106060607 0.012089646464646464 0.0296875 0.01875
0 0.3700669642857143 0.01802827380952381 0.0234375 0.024985119047619044
1 0.57109375 0.13333333333333333 0.0890625 0.1125
1 0.3203125 0.21041666666666667 0.103125 0.09583333333333334
