0 0.27286366150442476 0.42287364798426746 0.0265625 0.0375
0 0.23828125 0.5771420187793427 0.0265625 0.0375
0 0.2429980927230047 0.8561717527386541 0.0265625 0.0375
0 0.19453125 0.8458333333333333 0.0265625 0.0375
0 0.08359375 0.80625 0.0265625 0.0375
0 0.025825264084507044 0.731210876369327 0.0265625 0.0375
0 0.13515625 0.18958333333333333 0.0265625 0.0375
0 0.22037259615384616 0.17596153846153847 0.0265625 0.0375
0 0.28966864224137934 0.10932112068965517 0.0265625 0.0375
0 0.2839703237410072 0.21824790167865707 0.0265625 0.0375
0 0.3117480927230047 0.3103579812206573 0.0265625 0.0375
0 0.33453125 0.36208333333333337 0.0265625 0.041666666666666664
0 0.5712404636150235 0.8914906103286385 0.0265625 0.0375
0 0.6419391257225434 0.5688523603082852 0.0265625 0.0375
0 0.48828125 0.86875 0.0265625 0.0375
0 0.80859375 0.8552083333333333 0.0234375 0.0375
0 0.8473691707573632 0.8430487377279102 0.0265625 0.0375
0 0.8379941707573633 0.9680487377279102 0.0265625 0.0375
0 0.8540815655680225 0.7497662459093034 0.0265625 0.0375
0 0.828125 0.43645833333333334 0.025 0.03958333333333333
0 0.8679188550420168 0.409375 0.025 0.03958333333333333
0 0.608203125 0.06302083333333333 0.0234375 0.029166666666666667
0 0.6696608582949308 0.14739823348694317 0.0265625 0.03333333333333335
0 0.7720738271208226 0.06928020565552699 0.0265625 0.033333333333333326
0 0.7101855927230047 0.6354557902973396 0.0265625 0.03333333333333333
0 0.5913769072769953 0.49361306729264476 0.0265625 0.03333333333333333
0 0.4976855927230047 0.38952464788732394 0.0265625 0.03333333333333333
0 0.013783482142857146 0.24739583333333334 0.0265625 0.03333333333333333
0 0.23229166666666665 0.3027777777777778 0.028125 0.0375
0 0.7669270833333333 0.5965277777777778 0.0265625 0.03333333333333333
0 0.9933419363839284 0.7775809151785715 0.013316127232142882 0.03529575892857141
0 0.6528125 0.5691666666666666 0.025 0.041666666666666664
0 0.58828125 0.11875 0.0296875 0.05
0 0.6015625 0.20625 0.025 0.04583333333333333
0 0.23671875 0.5354166666666667 0.0359375 0.04583333333333333
0 0.22890625 0.42916666666666664 0.0328125 0.0375
0 0.85625 0.22395833333333334 0.0375 0.04375
0 0.5083367598684211 0.7257469846491228 0.0421875 0.04375
1 0.57109375 0.13333333333333333 0.0890625 0.1125
1 0.3203125 0.21041666666666667 0.103125 0.09583333333333334
