0 0.26484375 0.4354166666666667 0.0265625 0.0375
0 0.23828125 0.5770833333333333 0.0265625 0.0375
0 0.24044882968127493 0.85625 0.0265625 0.0375
0 0.19453125 0.8458333333333333 0.0265625 0.0375
0 0.08359375 0.80625 0.0265625 0.0375
0 0.13515625 0.18958333333333333 0.0265625 0.0375
0 0.287890625 0.20208333333333334 0.0265625 0.041666666666666664
0 0.21984105603448273 0.1763110632183908 0.0265625 0.0375
0 0.2685431985294118 0.2497855392156863 0.0265625 0.037500000000000026
0 0.22902343749999998 0.38536458333333334 0.0265625 0.0375
0 0.5393130032942899 0.9805423377257199 0.0265625 0.0375
0 0.631987685873606 0.6124225526641883 0.0265625 0.0375
0 0.48828125 0.86875 0.0265625 0.0375
0 0.84296875 0.85625 0.0265625 0.0375
0 0.83359375 0.98125 0.0265625 0.0375
0 0.8375459558823529 0.7541666666666667 0.0265625 0.0375
0 0.828125 0.43645833333333334 0.025 0.03958333333333333
0 0.8640625 0.409375 0.025 0.03958333333333333
0 0.6299852049653579 0.23723537336412626 0.0265625 0.03333333333333333
0 0.7539281031468532 0.12065850815850816 0.0265625 0.03333333333333333
0 0.71015625 0.6354166666666666 0.0265625 0.03333333333333333
0 0.5120614035087719 0.6019919590643276 0.0296875 0.03333333333333333
0 0.4600189592050209 0.45581415620641563 0.0265625 0.03333333333333333
0 0.9134492607526881 0.9895721326164875 0.025621639784946203 0.02085573476702507
0 0.58828125 0.11875 0.0296875 0.05
0 0.6015625 0.20625 0.025 0.04583333333333333
0 0.85625 0.22395833333333334 0.0375 0.04375
0 0.4879038986650485 0.755711468446602 0.0421875 0.04375
0 0.8170072115384615 0.8130608974358975 0.0296875 0.03958333333333333
0 0.175 0.8501929012345679 0.025 0.03958333333333333
0 0.05677083333333334 0.8267361111111111 0.03125000000000001 0.03958333333333333
0 0.48348825831702547 0.04805732224396608 0.025 0.027083333333333334
0 0.5086552657480314 0.02620570866141732 0.0296875 0.03125
0 0.35703125 0.06354166666666666 0.0234375 0.027083333333333334
0 0.74921875 0.14479166666666668 0.021875 0.03958333333333333
0 0.9810044642857143 0.023948412698412698 0.022276785714285728 0.028690476190476186
1 0.57109375 0.13333333333333333 0.0890625 0.1125
1 0.3203125 0.21041666666666667 0.103125 0.09583333333333334
