0 0.26484375 0.4354166666666667 0.0265625 0.0375
0 0.23828125 0.5770833333333333 0.0265625 0.0375
0 0.24037661852589642 0.85625 0.0265625 0.0375
0 0.19453125 0.8458333333333333 0.0265625 0.0375
0 0.08359375 0.80625 0.0265625 0.0375
0 0.13515625 0.18958333333333333 0.0265625 0.0375
0 0.28171875 0.19875 0.0265625 0.041666666666666664
0 0.21710668103448275 0.17787356321839082 0.0265625 0.0375
0 0.2682100183823529 0.25111825980392155 0.0265625 0.0375
0 0.227587890625 0.3883463541666667 0.0265625 0.0375
0 0.5395783766471449 0.9808961688628599 0.0265625 0.0375
0 0.6315605387029288 0.611663179916318 0.0265625 0.0375
0 0.48828125 0.86875 0.0265625 0.0375
0 0.84296875 0.85625 0.0265625 0.0375
0 0.83359375 0.98125 0.0265625 0.0375
0 0.8367963005514707 0.7541666666666667 0.0265625 0.0375
0 0.828125 0.43645833333333334 0.025 0.03958333333333333
0 0.8640625 0.409375 0.025 0.03958333333333333
0 0.6296712615473441 0.23751443418013857 0.0265625 0.03333333333333333
0 0.7504430970149254 0.12587064676616913 0.0265625 0.03333333333333332
0 0.71015625 0.6354166666666666 0.0265625 0.03333333333333333
0 0.5093553046218487 0.6033438375350141 0.0296875 0.03333333333333333
0 0.45982936715481176 0.45808926080892604 0.0265625 0.03333333333333333
0 0.91015625 0.9927083333333333 0.0265625 0.014583333333333334
0 0.58828125 0.11875 0.0296875 0.05
0 0.6015625 0.20625 0.025 0.04583333333333333
0 0.85625 0.22395833333333334 0.0375 0.04375
0 0.4875189623786408 0.7562247168284789 0.0421875 0.04375
0 0.8075284090909092 0.8641098484848484 0.02968750000000009 0.03958333333333333
0 0.18409926470588237 0.8528799019607843 0.025 0.03958333333333333
0 0.017578125 0.825 0.0265625 0.03333333333333333
0 0.4832222358121331 0.0484120189171559 0.025 0.027083333333333334
0 0.5088336614173229 0.02668143044619423 0.0296875 0.03125000000000001
0 0.35703125 0.06354166666666666 0.0234375 0.027083333333333334
0 0.7884375 0.16437500000000002 0.034375 0.03958333333333333
0 0.9795479910714284 0.026178075396825394 0.022600446428571352 0.02998511904761904
1 0.57109375 0.13333333333333333 0.0890625 0.1125
1 0.3203125 0.21041666666666667 0.103125 0.09583333333333334
