0 0.2719787057522124 0.42602015732546705 0.0265625 0.0375
0 0.23828125 0.5770833333333333 0.0265625 0.0375
0 0.24281436752988048 0.85625 0.0265625 0.0375
0 0.19453125 0.8458333333333333 0.0265625 0.0375
0 0.08359375 0.80625 0.0265625 0.0375
0 0.024273467898832685 0.7360246433203631 0.0265625 0.0375
0 0.13515625 0.18958333333333333 0.0265625 0.0375
0 0.22211745689655174 0.17708333333333334 0.0265625 0.0375
0 0.2814789870689655 0.11449353448275862 0.0265625 0.0375
0 0.28361061151079137 0.21872751798561152 0.0265625 0.0375
0 0.3058672399328859 0.3147511185682327 0.0265625 0.0375
0 0.30265624999999996 0.40249999999999997 0.0265625 0.041666666666666664
0 0.5659801136363637 0.9060606060606061 0.0265625 0.0375
0 0.6402050216763006 0.5707791425818882 0.0265625 0.0375
0 0.48828125 0.86875 0.0265625 0.0375
0 0.92890625 0.9041666666666667 0.0234375 0.0375
0 0.8468081609396915 0.8447317671809257 0.0265625 0.0375
0 0.8374331609396914 0.9697317671809257 0.0265625 0.0375
0 0.8536608082047685 0.7503272557269752 0.0265625 0.0375
0 0.828125 0.43645833333333334 0.025 0.03958333333333333
0 0.8676667542016807 0.409375 0.025 0.03958333333333333
0 0.6680636386639677 0.15427631578947368 0.0265625 0.03333333333333333
0 0.7728450353470437 0.07133676092544987 0.0265625 0.03333333333333333
0 0.71015625 0.6354166666666666 0.0265625 0.03333333333333333
0 0.5884927161654135 0.49860588972431075 0.0265625 0.03333333333333333
0 0.49765625 0.3963815789473684 0.0265625 0.03333333333333333
0 0.01328125 0.2620295698924731 0.0265625 0.03333333333333333
0 0.290625 0.4114583333333333 0.028125 0.0375
0 0.746875 0.5338541666666666 0.0265625 0.03333333333333333
0 0.9926432291666666 0.7943576388888889 0.0125 0.035416666666666666
0 0.72578125 0.6819444444444444 0.0296875 0.041666666666666664
0 0.58828125 0.11875 0.0296875 0.05
0 0.6015625 0.20625 0.025 0.04583333333333333
0 0.19921875 0.42083333333333334 0.0359375 0.04583333333333333
0 0.08515625 0.28958333333333336 0.0328125 0.0375
0 0.85625 0.22395833333333334 0.0375 0.04375
0 0.5063630756578947 0.7288171600877192 0.0421875 0.04375
1 0.57109375 0.13333333333333333 0.0890625 0.1125
1 0.3203125 0.21041666666666667 0.103125 0.09583333333333334
