0 0.26484375 0.4354166666666667 0.0265625 0.0375
0 0.23828125 0.5770833333333333 0.0265625 0.0375
0 0.24164902888446216 0.85625 0.0265625 0.0375
0 0.19453125 0.8458333333333333 0.0265625 0.0375
0 0.08359375 0.80625 0.0265625 0.0375
0 0.01212145618556701 0.7734106529209621 0.02424291237113402 0.036469072164948456
0 0.13515625 0.18958333333333333 0.0265625 0.0375
0 0.30390625 0.25 0.0265625 0.041666666666666664
0 0.24438541666666666 0.15546666666666667 0.0265625 0.0375
0 0.2809802158273381 0.22223471223021585 0.0265625 0.0375
0 0.26705872252747254 0.36151556776556776 0.0265625 0.0375
0 0.5349023151537335 0.974661420204978 0.0265625 0.0375
0 0.6277881040892194 0.6049566294919455 0.0265625 0.0375
0 0.48828125 0.86875 0.0265625 0.0375
0 0.84296875 0.85625 0.0265625 0.0375
0 0.83359375 0.98125 0.0265625 0.0375
0 0.8500057444852942 0.7541666666666667 0.0265625 0.0375
0 0.828125 0.43645833333333334 0.025 0.03958333333333333
0 0.8658232668067226 0.409375 0.025 0.03958333333333333
0 0.6590198863636363 0.20170454545454544 0.0265625 0.03333333333333333
0 0.7653332078313253 0.0927710843373494 0.0265625 0.03333333333333333
0 0.71015625 0.6354166666666666 0.0265625 0.03333333333333333
0 0.5551350121359223 0.5555622977346278 0.0296875 0.03333333333333333
0 0.476236548013245 0.41590783664459163 0.0265625 0.03333333333333333
0 0.6536458333333333 0.5083333333333333 0.028125 0.0375
0 0.9629166666666666 0.8884027777777778 0.0234375 0.035416666666666666
0 0.58828125 0.11875 0.0296875 0.05
0 0.6015625 0.20625 0.025 0.04583333333333333
0 0.85625 0.22395833333333334 0.0375 0.04375
0 0.84453125 0.13958333333333334 0.0328125 0.0375
0 0.4943018052184466 0.7471809263754046 0.0421875 0.04375
0 0.5009450171821306 0.03093857388316151 0.025 0.02708333333333333
0 0.5076941287878788 0.015404040404040404 0.0296875 0.01875
0 0.3641347446236559 0.03648073476702509 0.0234375 0.027083333333333334
1 0.57109375 0.13333333333333333 0.0890625 0.1125
1 0.3203125 0.21041666666666667 0.103125 0.09583333333333334
