0 0.26484375 0.4354166666666667 0.0265625 0.0375
0 0.23828125 0.5770833333333333 0.0265625 0.0375
0 0.24165649900398406 0.85625 0.0265625 0.0375
0 0.19453125 0.8458333333333333 0.0265625 0.0375
0 0.08359375 0.80625 0.0265625 0.0375
0 0.012338917525773197 0.7729274054982818 0.024677835051546394 0.03666237113402057
0 0.13515625 0.18958333333333333 0.0265625 0.0375
0 0.30609375 0.2516666666666667 0.0265625 0.0416666666666667
0 0.24444791666666665 0.1552666666666667 0.0265625 0.0375
0 0.2809970773381295 0.22221223021582734 0.0265625 0.0375
0 0.26752232142857146 0.3613095238095238 0.0265625 0.0375
0 0.534874862737921 0.9746248169838946 0.0265625 0.0375
0 0.6277619656133828 0.6049101610904585 0.0265625 0.0375
0 0.48828125 0.86875 0.0265625 0.0375
0 0.84296875 0.85625 0.0265625 0.0375
0 0.83359375 0.98125 0.0265625 0.0375
0 0.8500832950367647 0.7541666666666667 0.0265625 0.0375
0 0.828125 0.43645833333333334 0.025 0.03958333333333333
0 0.8658350840336135 0.409375 0.025 0.03958333333333333
0 0.6590909090909091 0.2009469696969697 0.0265625 0.03333333333333333
0 0.7654085090361445 0.09262048192771084 0.0265625 0.03333333333333333
0 0.71015625 0.6354166666666666 0.0265625 0.03333333333333333
0 0.5553625606796116 0.5548948220064726 0.0296875 0.03333333333333333
0 0.4763607201986755 0.41570088300220753 0.0265625 0.03333333333333333
0 0.6515625 0.5108333333333334 0.028125 0.0375
0 0.9630729166666667 0.8875694444444445 0.0234375 0.035416666666666666
0 0.58828125 0.11875 0.0296875 0.05
0 0.6015625 0.20625 0.025 0.04583333333333333
0 0.85625 0.22395833333333334 0.0375 0.04375
0 0.83984375 0.15208333333333332 0.0328125 0.0375
0 0.4943416262135922 0.7471278317152105 0.0421875 0.04375
0 0.5011544243986255 0.030745274914089345 0.025 0.027083333333333334
0 0.5078361742424242 0.01535669191919192 0.0296875 0.01875
0 0.36420530913978494 0.036211917562724016 0.0234375 0.027083333333333334
1 0.57109375 0.13333333333333333 0.0890625 0.1125
1 0.3203125 0.21041666666666667 0.103125 0.09583333333333334
