0 0.26990982929515417 0.43035058737151244 0.0265625 0.0375
0 0.23828125 0.5770833333333333 0.0265625 0.0375
0 0.2425479332669323 0.85625 0.0265625 0.0375
0 0.19453125 0.8458333333333333 0.0265625 0.0375
0 0.08359375 0.80625 0.0265625 0.0375
0 0.021671327821011676 0.7442647535667963 0.0265625 0.0375
0 0.13515625 0.18958333333333333 0.0265625 0.0375
0 0.22109375 0.18125 0.0265625 0.041666666666666664
0 0.2677869073275862 0.12314116379310344 0.0265625 0.0375
0 0.28300921762589926 0.21952937649880097 0.0265625 0.0375
0 0.29603772410358564 0.3229913678618858 0.0265625 0.0375
0 0.203125 0.4875 0.028125 0.04583333333333333
0 0.5545478062913907 0.9305187637969095 0.0265625 0.0375
0 0.63828125 0.5749621212121212 0.0265625 0.0375
0 0.48828125 0.86875 0.0265625 0.0375
0 0.8458702226507715 0.8475455820476859 0.0265625 0.0375
0 0.8364952226507715 0.9725455820476859 0.0265625 0.0375
0 0.8529573544880785 0.7512651940158953 0.0265625 0.0375
0 0.828125 0.43645833333333334 0.025 0.03958333333333333
0 0.8672452731092436 0.409375 0.025 0.03958333333333333
0 0.6653561487854251 0.16600877192982458 0.0265625 0.03333333333333333
0 0.774134399100257 0.07477506426735218 0.0265625 0.03333333333333333
0 0.71015625 0.6354166666666666 0.0265625 0.03333333333333333
0 0.5831107954545455 0.5089393939393939 0.0265625 0.03333333333333333
0 0.4954675340466926 0.404458495460441 0.0265625 0.03333333333333333
0 0.010230263157894737 0.27921052631578946 0.020460526315789474 0.03333333333333333
0 0.3875 0.42916666666666664 0.028125 0.0375
0 0.78828125 0.36666666666666664 0.0265625 0.03333333333333333
0 0.9857402146464647 0.8191393097643098 0.017250631313131315 0.035416666666666666
0 0.77109375 0.8625 0.0359375 0.041666666666666664
0 0.58828125 0.11875 0.0296875 0.05
0 0.6015625 0.20625 0.025 0.04583333333333333
0 0.15859375 0.2722222222222222 0.0359375 0.0458333333333333
0 0.85625 0.22395833333333334 0.0375 0.04375
0 0.5030633223684211 0.7339501096491229 0.0421875 0.04375
0 0.3640625 0.0921875 0.0234375 0.029166666666666667
0 0.4977678571428571 0.018501984126984127 0.025 0.027083333333333334
0 0.43671875 0.036458333333333336 0.0296875 0.04375
0 0.5247869318181818 0.009706439393939392 0.0296875 0.01875
1 0.57109375 0.13333333333333333 0.0890625 0.1125
1 0.3203125 0.21041666666666667 0.103125 0.09583333333333334
