0 0.26484375 0.4354166666666667 0.0265625 0.0375
0 0.23828125 0.5770833333333333 0.0265625 0.0375
0 0.24180092131474104 0.85625 0.0265625 0.0375
0 0.19453125 0.8458333333333333 0.0265625 0.0375
0 0.08359375 0.80625 0.0265625 0.0375
0 0.014375607976653697 0.7673678664072633 0.0265625 0.0375
0 0.13515625 0.18958333333333333 0.0265625 0.0375
0 0.289453125 0.24166666666666667 0.0265625 0.041666666666666664
0 0.24565625 0.1514 0.0265625 0.0375
0 0.2813230665467626 0.2217775779376499 0.0265625 0.0375
0 0.2726151315789474 0.35548245614035084 0.0265625 0.0375
0 0.02265625 0.571875 0.028125 0.05
0 0.5343441160322108 0.9739171547096144 0.0265625 0.0375
0 0.6278072033898305 0.6031073446327684 0.0265625 0.0375
0 0.48828125 0.86875 0.0265625 0.0375
0 0.8432404891304348 0.8554347826086957 0.0265625 0.0375
0 0.8338654891304348 0.9804347826086957 0.0265625 0.0375
0 0.8509850543478261 0.7538949275362319 0.0265625 0.0375
0 0.828125 0.43645833333333334 0.025 0.03958333333333333
0 0.866063550420168 0.409375 0.025 0.03958333333333333
0 0.6603321158008658 0.18876262626262627 0.0265625 0.03333333333333333
0 0.7668643323293173 0.08970883534136546 0.0265625 0.03333333333333333
0 0.71015625 0.6354166666666666 0.0265625 0.03333333333333333
0 0.5600369751908397 0.545706106870229 0.029258110687022932 0.03333333333333333
0 0.4787613824503311 0.4116997792494482 0.0265625 0.03333333333333333
0 0.6671875 0.5541666666666667 0.028125 0.0375
0 0.615625 0.036458333333333336 0.0265625 0.03333333333333333
0 0.9701028963414634 0.8745680894308944 0.0234375 0.035416666666666666
0 0.58828125 0.11875 0.0296875 0.05
0 0.6015625 0.20625 0.025 0.04583333333333333
0 0.85625 0.22395833333333334 0.0375 0.04375
0 0.88828125 0.20729166666666668 0.0328125 0.04375
0 0.4951114987864078 0.7461013349514563 0.0421875 0.04375
0 0.5052029639175257 0.02700816151202749 0.025 0.02708333333333333
0 0.01015625 0.27395833333333336 0.0203125 0.035416666666666666
0 0.5105823863636363 0.014441287878787878 0.0296875 0.01875
0 0.36556955645161293 0.031014784946236558 0.0234375 0.027083333333333334
1 0.57109375 0.13333333333333333 0.0890625 0.1125
1 0.3203125 0.21041666666666667 0.103125 0.09583333333333334
