0 0.26484375 0.4354166666666667 0.0265625 0.0375
0 0.23828125 0.5770833333333333 0.0265625 0.0375
0 0.24110869023904385 0.85625 0.0265625 0.0375
0 0.19453125 0.8458333333333333 0.0265625 0.0375
0 0.08359375 0.80625 0.0265625 0.0375
0 0.005767045454545454 0.8012689393939394 0.011534090909090909 0.0325378787878788
0 0.13515625 0.18958333333333333 0.0265625 0.0375
0 0.31796875 0.225 0.0265625 0.041666666666666664
0 0.23986458333333333 0.16993333333333333 0.0265625 0.0375
0 0.2759503073770492 0.23238387978142075 0.0265625 0.0375
0 0.245256929916318 0.37285564853556485 0.0265625 0.0375
0 0.536888039897511 0.9773090531966813 0.0265625 0.0375
0 0.6296787871747213 0.608317843866171 0.0265625 0.0375
0 0.48828125 0.86875 0.0265625 0.0375
0 0.84296875 0.85625 0.0265625 0.0375
0 0.83359375 0.98125 0.0265625 0.0375
0 0.8443962545955882 0.7541666666666667 0.0265625 0.0375
0 0.828125 0.43645833333333334 0.025 0.03958333333333333
0 0.864968487394958 0.409375 0.025 0.03958333333333333
0 0.64034375 0.23225 0.0265625 0.03333333333333333
0 0.7594027601522843 0.10308798646362098 0.0265625 0.03333333333333333
0 0.71015625 0.6354166666666666 0.0265625 0.03333333333333333
0 0.5314891581632654 0.5886763038548752 0.0296875 0.03333333333333333
0 0.4667289402173913 0.4308197463768116 0.0265625 0.03333333333333333
0 0.8328125 0.359375 0.028125 0.0375
0 0.9439385775862069 0.9450431034482759 0.0234375 0.035416666666666666
0 0.58828125 0.11875 0.0296875 0.05
0 0.6015625 0.20625 0.025 0.04583333333333333
0 0.85625 0.22395833333333334 0.0375 0.04375
0 0.4914214199029126 0.7510214401294498 0.0421875 0.04375
0 0.944921875 0.4744791666666667 0.028125 0.04375
0 0.48591915362035226 0.044816128506197 0.025 0.027083333333333334
0 0.50703125 0.021844362745098038 0.0296875 0.031188725490196075
0 0.3590305779569892 0.055925179211469535 0.0234375 0.027083333333333334
1 0.57109375 0.13333333333333333 0.0890625 0.1125
1 0.3203125 0.21041666666666667 0.103125 0.09583333333333334
