0 0.26484375 0.4354166666666667 0.0265625 0.0375
0 0.23828125 0.5770833333333333 0.0265625 0.0375
0 0.2415942480079681 0.85625 0.0265625 0.0375
0 0.19453125 0.8458333333333333 0.0265625 0.0375
0 0.08359375 0.80625 0.0265625 0.0375
0 0.01052673969072165 0.7769544673539518 0.0210534793814433 0.03505154639175257
0 0.13515625 0.18958333333333333 0.0265625 0.0375
0 0.3047991071428572 0.24583333333333332 0.0265625 0.041666666666666664
0 0.24392708333333335 0.15693333333333334 0.0265625 0.0375
0 0.2808565647482014 0.2223995803357314 0.0265625 0.0375
0 0.2636589972527473 0.36302655677655676 0.0265625 0.0375
0 0.5351036328696925 0.9749298438262567 0.0265625 0.0375
0 0.6279797862453532 0.6052973977695167 0.0265625 0.0375
0 0.48828125 0.86875 0.0265625 0.0375
0 0.84296875 0.85625 0.0265625 0.0375
0 0.83359375 0.98125 0.0265625 0.0375
0 0.8494370404411764 0.7541666666666667 0.0265625 0.0375
0 0.828125 0.43645833333333334 0.025 0.03958333333333333
0 0.8657366071428572 0.409375 0.025 0.03958333333333333
0 0.6579927884615385 0.20705128205128207 0.0265625 0.03333333333333333
0 0.764780998995984 0.09387550200803213 0.0265625 0.03333333333333333
0 0.71015625 0.6354166666666666 0.0265625 0.03333333333333333
0 0.553466322815534 0.5604571197411004 0.0296875 0.03333333333333333
0 0.475325951986755 0.4174254966887417 0.0265625 0.03333333333333333
0 0.6619791666666667 0.48333333333333334 0.028125 0.0375
0 0.9617708333333332 0.8945138888888889 0.0234375 0.035416666666666666
0 0.58828125 0.11875 0.0296875 0.05
0 0.6015625 0.20625 0.025 0.04583333333333333
0 0.85625 0.22395833333333334 0.0375 0.04375
0 0.82578125 0.12118055555555557 0.0296875 0.03541666666666668
0 0.49400978458737865 0.7475702872168284 0.0421875 0.04375
0 0.49940936426116844 0.03235609965635739 0.025 0.027083333333333334
0 0.50703125 0.015870098039215685 0.0296875 0.01924019607843137
0 0.36361727150537637 0.038452060931899644 0.0234375 0.027083333333333334
1 0.57109375 0.13333333333333333 0.0890625 0.1125
1 0.3203125 0.21041666666666667 0.103125 0.09583333333333334
