0 0.26484375 0.4354166666666667 0.0265625 0.0375
0 0.23828125 0.5770833333333333 0.0265625 0.0375
0 0.24064554282868525 0.85625 0.0265625 0.0375
0 0.19453125 0.8458333333333333 0.0265625 0.0375
0 0.08359375 0.80625 0.0265625 0.0375
0 0.13515625 0.18958333333333333 0.0265625 0.0375
0 0.29765625 0.21666666666666667 0.0265625 0.041666666666666664
0 0.22736855158730157 0.17318121693121694 0.0265625 0.0375
0 0.2694508272058823 0.24615502450980392 0.0265625 0.0375
0 0.23364583333333333 0.3832638888888889 0.0265625 0.0375
0 0.5385900896778917 0.9795784529038555 0.0265625 0.0375
0 0.6312993726765799 0.6111988847583643 0.0265625 0.0375
0 0.48828125 0.86875 0.0265625 0.0375
0 0.84296875 0.85625 0.0265625 0.0375
0 0.83359375 0.98125 0.0265625 0.0375
0 0.8395881204044118 0.7541666666666667 0.0265625 0.0375
0 0.828125 0.43645833333333334 0.025 0.03958333333333333
0 0.8642358193277311 0.409375 0.025 0.03958333333333333
0 0.6308404301385682 0.23647517321016168 0.0265625 0.03333333333333333
0 0.7547913024475524 0.11375291375291376 0.0265625 0.03333333333333333
0 0.71015625 0.6354166666666666 0.0265625 0.03333333333333333
0 0.5174753289473684 0.6005482456140351 0.0296875 0.03333333333333333
0 0.4614696557971015 0.448329307568438 0.0265625 0.03333333333333333
0 0.9228501368613138 0.9799498175182482 0.0234375 0.035416666666666666
0 0.58828125 0.11875 0.0296875 0.05
0 0.6015625 0.20625 0.025 0.04583333333333333
0 0.85625 0.22395833333333334 0.0375 0.04375
0 0.48895251820388347 0.7543133090614887 0.0421875 0.04375
0 0.846875 0.7057291666666666 0.0296875 0.03958333333333333
0 0.17124999999999999 0.9271527777777778 0.025 0.03958333333333333
0 0.13828125 0.9145833333333333 0.03125 0.03958333333333333
0 0.4842129403131115 0.04709107958251794 0.025 0.027083333333333334
0 0.5081692913385827 0.024909776902887138 0.0296875 0.03125
0 0.35703125 0.06354166666666666 0.0234375 0.027083333333333334
0 0.73984375 0.0625 0.0296875 0.03333333333333333
0 0.9849720982142858 0.01787450396825397 0.021395089285714163 0.02516369047619048
1 0.57109375 0.13333333333333333 0.0890625 0.1125
1 0.3203125 0.21041666666666667 0.103125 0.09583333333333334
