0 0.26484375 0.4354166666666667 0.0265625 0.0375
0 0.23828125 0.5770833333333333 0.0265625 0.0375
0 0.24111865039840635 0.85625 0.0265625 0.0375
0 0.19453125 0.8458333333333333 0.0265625 0.0375
0 0.08359375 0.80625 0.0265625 0.0375
0 0.00578125 0.8008333333333333 0.0115625 0.03249999999999993
0 0.13515625 0.18958333333333333 0.0265625 0.0375
0 0.32109375 0.22916666666666666 0.0265625 0.041666666666666664
0 0.23994791666666665 0.16966666666666666 0.0265625 0.0375
0 0.27609374999999997 0.23208333333333334 0.0265625 0.0375
0 0.24554458682008368 0.3726813110181311 0.0265625 0.0375
0 0.5368514366764275 0.9772602489019033 0.0265625 0.0375
0 0.629643935873606 0.6082558859975217 0.0265625 0.0375
0 0.48828125 0.86875 0.0265625 0.0375
0 0.84296875 0.85625 0.0265625 0.0375
0 0.83359375 0.98125 0.0265625 0.0375
0 0.8444996553308824 0.7541666666666667 0.0265625 0.0375
0 0.828125 0.43645833333333334 0.025 0.03958333333333333
0 0.8649842436974791 0.409375 0.025 0.03958333333333333
0 0.6407812500000001 0.23208333333333334 0.0265625 0.03333333333333333
0 0.7595296637055837 0.10291878172588832 0.0265625 0.03333333333333333
0 0.71015625 0.6354166666666666 0.0265625 0.03333333333333333
0 0.531999362244898 0.5882227891156462 0.0296875 0.03333333333333333
0 0.4669327445652174 0.4305480072463768 0.0265625 0.03333333333333333
0 0.81796875 0.36354166666666665 0.028125 0.0375
0 0.9442977729885058 0.9441331417624521 0.0234375 0.035416666666666666
0 0.58828125 0.11875 0.0296875 0.05
0 0.6015625 0.20625 0.025 0.04583333333333333
0 0.85625 0.22395833333333334 0.0375 0.04375
0 0.4914745145631068 0.7509506472491909 0.0421875 0.04375
0 0.955078125 0.4796875 0.028125 0.04375
0 0.48607710481099653 0.044662800687285224 0.025 0.027083333333333334
0 0.50703125 0.021721813725490195 0.0296875 0.03094362745098039
0 0.35912466397849463 0.05556675627240144 0.0234375 0.027083333333333334
1 0.57109375 0.13333333333333333 0.0890625 0.1125
1 0.3203125 0.21041666666666667 0.103125 0.09583333333333334
