0 0.26484375 0.4354166666666667 0.0265625 0.0375
0 0.23828125 0.5770833333333333 0.0265625 0.0375
0 0.23987114043824703 0.85625 0.0265625 0.0375
0 0.19453125 0.8458333333333333 0.0265625 0.0375
0 0.08359375 0.80625 0.0265625 0.0375
0 0.13515625 0.18958333333333333 0.0265625 0.0375
0 0.19015624999999997 0.25916666666666666 0.02656249999999998 0.041666666666666664
0 0.20605775523560207 0.1986910994764398 0.02656249999999998 0.0375
0 0.259375 0.2733333333333333 0.0265625 0.03749999999999997
0 0.21484375 0.4041666666666667 0.0265625 0.0375
0 0.53984375 0.98125 0.0265625 0.0375
0 0.6275791056485356 0.6045850767085077 0.0265625 0.0375
0 0.48828125 0.86875 0.0265625 0.0375
0 0.84296875 0.85625 0.0265625 0.0375
0 0.83359375 0.98125 0.0265625 0.0375
0 0.84140625 0.78125 0.0265625 0.0375
0 0.828125 0.43645833333333334 0.025 0.03958333333333333
0 0.8640625 0.409375 0.025 0.03958333333333333
0 0.6274736576212472 0.2394678598922248 0.0265625 0.03333333333333333
0 0.73671875 0.15694444444444444 0.0265625 0.03333333333333333
0 0.71015625 0.6354166666666666 0.0265625 0.03333333333333333
0 0.4893644957983193 0.6140056022408963 0.0296875 0.03333333333333333
0 0.45859375 0.47291666666666665 0.0265625 0.03333333333333333
0 0.58828125 0.11875 0.0296875 0.05
0 0.6015625 0.20625 0.025 0.04583333333333333
0 0.85625 0.22395833333333334 0.0375 0.04375
0 0.48515625 0.759375 0.0421875 0.04375
0 0.673046875 0.9822916666666667 0.02734375 0.027083333333333334
0 0.18367686170212766 0.7124778368794327 0.025 0.03958333333333333
0 0.4813600782778865 0.050894895629484675 0.025 0.027083333333333334
0 0.5100824311023622 0.030011482939632548 0.0296875 0.03125
0 0.35703125 0.06354166666666666 0.0234375 0.027083333333333334
0 0.7981770833333334 0.41458333333333336 0.034375000000000086 0.03958333333333333
0 0.9693526785714287 0.04178571428571428 0.024866071428571425 0.03904761904761904
1 0.57109375 0.13333333333333333 0.0890625 0.1125
1 0.3203125 0.21041666666666667 0.103125 0.09583333333333334
