0 0.26484375 0.4354166666666667 0.0265625 0.0375
0 0.23828125 0.5770833333333333 0.0265625 0.0375
0 0.24089205677290834 0.85625 0.0265625 0.0375
0 0.19453125 0.8458333333333333 0.0265625 0.0375
0 0.08359375 0.80625 0.0265625 0.0375
0 0.00546875 0.8104166666666667 0.0109375 0.03333333333333333
0 0.13515625 0.18958333333333333 0.0265625 0.0375
0 0.31002038043478264 0.22273550724637683 0.0265625 0.041666666666666664
0 0.23718998015873013 0.1748181216931217 0.0265625 0.0375
0 0.27283043032786886 0.23892076502732243 0.0265625 0.0375
0 0.23900039225941422 0.37664748953974897 0.0265625 0.0375
0 0.5376841599560762 0.9783705466081015 0.0265625 0.0375
0 0.6304368029739778 0.6096654275092936 0.0265625 0.0375
0 0.48828125 0.86875 0.0265625 0.0375
0 0.84296875 0.85625 0.0265625 0.0375
0 0.83359375 0.98125 0.0265625 0.0375
0 0.8421472886029411 0.7541666666666667 0.0265625 0.0375
0 0.828125 0.43645833333333334 0.025 0.03958333333333333
0 0.864625787815126 0.409375 0.025 0.03958333333333333
0 0.6319121680138569 0.23552251732101617 0.0265625 0.03333333333333333
0 0.7566426078680203 0.10676818950930626 0.0265625 0.03333333333333333
0 0.71015625 0.6354166666666666 0.0265625 0.03333333333333333
0 0.5246304898648648 0.595143581081081 0.0296875 0.03333333333333333
0 0.46371150362318836 0.438365539452496 0.0265625 0.03333333333333333
0 0.9359375 0.36875 0.028125 0.0375
0 0.9352703010948906 0.963389598540146 0.0234375 0.035416666666666666
0 0.58828125 0.11875 0.0296875 0.05
0 0.6015625 0.20625 0.025 0.04583333333333333
0 0.85625 0.22395833333333334 0.0375 0.04375
0 0.49026661104368935 0.7525611852750809 0.0421875 0.04375
0 0.91859375 0.593125 0.0296875 0.03958333333333333
0 0.14073401162790697 0.9476986434108527 0.025 0.03958333333333333
0 0.4851210861056751 0.04588021852576647 0.025 0.027083333333333334
0 0.5075602854330709 0.02328576115485564 0.0296875 0.031249999999999997
0 0.35703125 0.06354166666666666 0.0234375 0.027083333333333334
1 0.57109375 0.13333333333333333 0.0890625 0.1125
1 0.3203125 0.21041666666666667 0.103125 0.09583333333333334
