0 0.26484375 0.4354166666666667 0.0265625 0.0375
0 0.23828125 0.5770833333333333 0.0265625 0.0375
0 0.2404089890438247 0.85625 0.0265625 0.0375
0 0.19453125 0.8458333333333333 0.0265625 0.0375
0 0.08359375 0.80625 0.0265625 0.0375
0 0.13515625 0.18958333333333333 0.0265625 0.0375
0 0.28359375 0.20124999999999998 0.0265625 0.041666666666666664
0 0.21833243534482757 0.17717313218390804 0.0265625 0.0375
0 0.268359375 0.25052083333333336 0.0265625 0.0375
0 0.22822265625 0.3869357638888889 0.0265625 0.0375
0 0.5394594161786237 0.9807375549048316 0.0265625 0.0375
0 0.6318155073221757 0.6121164574616458 0.0265625 0.0375
0 0.48828125 0.86875 0.0265625 0.0375
0 0.84296875 0.85625 0.0265625 0.0375
0 0.83359375 0.98125 0.0265625 0.0375
0 0.8371323529411765 0.7541666666666667 0.0265625 0.0375
0 0.828125 0.43645833333333334 0.025 0.03958333333333333
0 0.8640625 0.409375 0.025 0.03958333333333333
0 0.6298119948036952 0.23738933795227096 0.0265625 0.03333333333333333
0 0.7521105410447761 0.12344527363184078 0.0265625 0.03333333333333332
0 0.71015625 0.6354166666666666 0.0265625 0.03333333333333333
0 0.5106355042016807 0.6026610644257704 0.0296875 0.03333333333333333
0 0.45991435669456066 0.4570693863319386 0.0265625 0.03333333333333333
0 0.9115675403225806 0.991364247311828 0.0261592741935484 0.01727150537634413
0 0.58828125 0.11875 0.0296875 0.05
0 0.6015625 0.20625 0.025 0.04583333333333333
0 0.85625 0.22395833333333334 0.0375 0.04375
0 0.48769152002427185 0.7559946399676375 0.0421875 0.04375
0 0.8139914772727274 0.8444128787878787 0.02968750000000009 0.03958333333333333
0 0.17872242647058822 0.8481004901960784 0.025 0.03958333333333333
0 0.0359375 0.840625 0.03125 0.03958333333333333
0 0.4833414872798435 0.04825301696020874 0.025 0.027083333333333334
0 0.5087536909448819 0.02646817585301837 0.0296875 0.03125
0 0.35703125 0.06354166666666666 0.0234375 0.027083333333333334
0 0.780859375 0.15572916666666667 0.0234375 0.03958333333333333
0 0.9802008928571428 0.02517857142857143 0.022455357142857225 0.029404761904761902
1 0.57109375 0.13333333333333333 0.0890625 0.1125
1 0.3203125 0.21041666666666667 0.103125 0.09583333333333334
