0 0.26484375 0.4354166666666667 0.0265625 0.0375
0 0.23828125 0.5770833333333333 0.0265625 0.0375
0 0.23987612051792828 0.85625 0.0265625 0.0375
0 0.19453125 0.8458333333333333 0.0265625 0.0375
0 0.08359375 0.80625 0.0265625 0.0375
0 0.13515625 0.18958333333333333 0.0265625 0.0375
0 0.19015624999999997 0.25833333333333336 0.02656249999999998 0.041666666666666664
0 0.2061559227748691 0.19847294938917978 0.02656249999999998 0.0375
0 0.25950520833333335 0.27305555555555555 0.0265625 0.0375
0 0.21484375 0.4041666666666667 0.0265625 0.0375
0 0.53984375 0.98125 0.0265625 0.0375
0 0.6276183315899582 0.6046548117154812 0.0265625 0.0375
0 0.48828125 0.86875 0.0265625 0.0375
0 0.84296875 0.85625 0.0265625 0.0375
0 0.83359375 0.98125 0.0265625 0.0375
0 0.84140625 0.78125 0.0265625 0.0375
0 0.828125 0.43645833333333334 0.025 0.03958333333333333
0 0.8640625 0.409375 0.025 0.03958333333333333
0 0.627495308891455 0.2394486143187067 0.0265625 0.03333333333333333
0 0.73671875 0.15671296296296297 0.0265625 0.03333333333333333
0 0.71015625 0.6354166666666666 0.0265625 0.03333333333333333
0 0.4895614495798319 0.6139005602240897 0.0296875 0.03333333333333333
0 0.45859375 0.47291666666666665 0.0265625 0.03333333333333333
0 0.58828125 0.11875 0.0296875 0.05
0 0.6015625 0.20625 0.025 0.04583333333333333
0 0.85625 0.22395833333333334 0.0375 0.04375
0 0.48515625 0.759375 0.0421875 0.04375
0 0.6736328125 0.9791666666666666 0.028515625 0.03333333333333333
0 0.18434175531914893 0.7123005319148936 0.025 0.03958333333333333
0 0.4813784246575342 0.05087043378995434 0.025 0.027083333333333334
0 0.510070127952756 0.029978674540682416 0.0296875 0.03125
0 0.35703125 0.06354166666666666 0.0234375 0.027083333333333334
0 0.79765625 0.4125 0.034375 0.03958333333333333
0 0.969453125 0.041631944444444444 0.024843749999999963 0.03895833333333333
1 0.57109375 0.13333333333333333 0.0890625 0.1125
1 0.3203125 0.21041666666666667 0.103125 0.09583333333333334
