0 0.26484375 0.4354166666666667 0.0265625 0.0375
0 0.23828125 0.5770833333333333 0.0265625 0.0375
0 0.24003299302788844 0.85625 0.0265625 0.0375
0 0.19453125 0.8458333333333333 0.0265625 0.0375
0 0.08359375 0.80625 0.0265625 0.0375
0 0.13515625 0.18958333333333333 0.0265625 0.0375
0 0.21171875 0.21666666666666667 0.0265625 0.041666666666666664
0 0.2092482002617801 0.19160122164048865 0.0265625 0.0375
0 0.26360677083333334 0.26430555555555557 0.0265625 0.037500000000000026
0 0.21863227739726027 0.399115296803653 0.0265625 0.0375
0 0.53984375 0.98125 0.0265625 0.0375
0 0.6288539487447699 0.6068514644351465 0.0265625 0.0375
0 0.48828125 0.86875 0.0265625 0.0375
0 0.84296875 0.85625 0.0265625 0.0375
0 0.83359375 0.98125 0.0265625 0.0375
0 0.84140625 0.7764705882352941 0.0265625 0.0375
0 0.828125 0.43645833333333334 0.025 0.03958333333333333
0 0.8640625 0.409375 0.025 0.03958333333333333
0 0.6281773239030023 0.23884237875288683 0.0265625 0.03333333333333333
0 0.73671875 0.1494212962962963 0.0265625 0.03333333333333335
0 0.71015625 0.6354166666666666 0.0265625 0.03333333333333333
0 0.495765493697479 0.6105917366946779 0.0296875 0.03333333333333333
0 0.4589271705020921 0.46891562064156206 0.0265625 0.03333333333333333
0 0.58828125 0.11875 0.0296875 0.05
0 0.6015625 0.20625 0.025 0.04583333333333333
0 0.85625 0.22395833333333334 0.0375 0.04375
0 0.4856871966019417 0.7586670711974111 0.0421875 0.04375
0 0.7098721590909091 0.9478219696969696 0.0296875 0.03958333333333333
0 0.21235795454545453 0.7396780303030304 0.025 0.03958333333333333
0 0.48195633561643836 0.05009988584474886 0.025 0.027083333333333334
0 0.5096825787401575 0.02894520997375328 0.0296875 0.03125
0 0.35703125 0.06354166666666666 0.0234375 0.027083333333333334
0 0.8088541666666667 0.32743055555555556 0.03437499999999991 0.03958333333333333
0 0.9726171875 0.03678819444444445 0.024140625000000072 0.036145833333333335
1 0.57109375 0.13333333333333333 0.0890625 0.1125
1 0.3203125 0.21041666666666667 0.103125 0.09583333333333334
