0 0.26484375 0.4354166666666667 0.0265625 0.0375
0 0.23828125 0.5770833333333333 0.0265625 0.0375
0 0.2411809013944223 0.85625 0.0265625 0.0375
0 0.19453125 0.8458333333333333 0.0265625 0.0375
0 0.08359375 0.80625 0.0265625 0.0375
0 0.005870028409090909 0.7981107954545456 0.011740056818181818 0.03226325757575748
0 0.13515625 0.18958333333333333 0.0265625 0.0375
0 0.31744791666666666 0.2238425925925926 0.0265625 0.041666666666666664
0 0.24046875 0.168 0.0265625 0.0375
0 0.2769902663934426 0.23020491803278686 0.0265625 0.0375
0 0.24734244246861925 0.37159170153417015 0.0265625 0.0375
0 0.536622666544656 0.9769552220595412 0.0265625 0.0375
0 0.6294261152416356 0.6078686493184635 0.0265625 0.0375
0 0.48828125 0.86875 0.0265625 0.0375
0 0.84296875 0.85625 0.0265625 0.0375
0 0.83359375 0.98125 0.0265625 0.0375
0 0.8451459099264707 0.7541666666666667 0.0265625 0.0375
0 0.828125 0.43645833333333334 0.025 0.03958333333333333
0 0.8650827205882352 0.409375 0.025 0.03958333333333333
0 0.643286331300813 0.23065718157181572 0.0265625 0.03333333333333333
0 0.7603228109137056 0.10186125211505923 0.0265625 0.03333333333333333
0 0.71015625 0.6354166666666666 0.0265625 0.03333333333333333
0 0.535188137755102 0.5853883219954649 0.0296875 0.03333333333333333
0 0.46820652173913047 0.4288496376811594 0.0265625 0.03333333333333333
0 0.81875 0.4166666666666667 0.028125 0.0375
0 0.9465427442528735 0.9384458812260537 0.0234375 0.035416666666666666
0 0.58828125 0.11875 0.0296875 0.05
0 0.6015625 0.20625 0.025 0.04583333333333333
0 0.85625 0.22395833333333334 0.0375 0.04375
0 0.4918063561893204 0.7505081917475728 0.0421875 0.04375
0 0.9578125 0.4322916666666667 0.028125 0.04375
0 0.48782216494845365 0.04305197594501718 0.025 0.027083333333333334
0 0.50703125 0.020955882352941175 0.0296875 0.029411764705882353
0 0.35971270161290325 0.0533266129032258 0.0234375 0.027083333333333327
1 0.57109375 0.13333333333333333 0.0890625 0.1125
1 0.3203125 0.21041666666666667 0.103125 0.09583333333333334
