0 0.26484375 0.4354166666666667 0.0265625 0.0375
0 0.23828125 0.5770833333333333 0.0265625 0.0375
0 0.2401624750996016 0.85625 0.0265625 0.0375
0 0.19453125 0.8458333333333333 0.0265625 0.0375
0 0.08359375 0.80625 0.0265625 0.0375
0 0.13515625 0.18958333333333333 0.0265625 0.0375
0 0.246875 0.203125 0.0265625 0.041666666666666664
0 0.21180055628272249 0.18592931937172777 0.02656249999999998 0.0375
0 0.26659628378378375 0.2575731981981982 0.0265625 0.0375
0 0.22276988636363634 0.39647727272727273 0.0265625 0.0375
0 0.53984375 0.98125 0.0265625 0.0375
0 0.6298738232217573 0.6086645746164574 0.0265625 0.0375
0 0.48828125 0.86875 0.0265625 0.0375
0 0.84296875 0.85625 0.0265625 0.0375
0 0.83359375 0.98125 0.0265625 0.0375
0 0.84140625 0.7700980392156862 0.0265625 0.0375
0 0.828125 0.43645833333333334 0.025 0.03958333333333333
0 0.8640625 0.409375 0.025 0.03958333333333333
0 0.6287402569284064 0.23834199384141647 0.0265625 0.03333333333333333
0 0.7394123134328359 0.14191542288557216 0.0265625 0.03333333333333333
0 0.71015625 0.6354166666666666 0.0265625 0.03333333333333333
0 0.5008862920168067 0.6078606442577031 0.0296875 0.03333333333333333
0 0.4592671286610878 0.4648361227336123 0.0265625 0.03333333333333333
0 0.58828125 0.11875 0.0296875 0.05
0 0.6015625 0.20625 0.025 0.04583333333333333
0 0.85625 0.22395833333333334 0.0375 0.04375
0 0.48637742718446597 0.7577467637540454 0.0421875 0.04375
0 0.7403872282608696 0.9167119565217392 0.0296875 0.03958333333333333
0 0.19925986842105262 0.8080592105263158 0.024999999999999977 0.03958333333333333
0 0.48243334148727984 0.04946387801696021 0.025 0.027083333333333334
0 0.5093626968503937 0.02809219160104987 0.0296875 0.03125
0 0.35703125 0.06354166666666666 0.0234375 0.027083333333333334
0 0.78984375 0.2625 0.034375 0.03958333333333333
0 0.9752287946428572 0.03279017857142857 0.023560267857142846 0.033824404761904764
1 0.57109375 0.13333333333333333 0.0890625 0.1125
1 0.3203125 0.21041666666666667 0.103125 0.09583333333333334
