0 0.26484375 0.4354166666666667 0.0265625 0.0375
0 0.23828125 0.5770833333333333 0.0265625 0.0375
0 0.23992094123505975 0.85625 0.0265625 0.0375
0 0.19453125 0.8458333333333333 0.0265625 0.0375
0 0.08359375 0.80625 0.0265625 0.0375
0 0.13515625 0.18958333333333333 0.0265625 0.0375
0 0.19973958333333336 0.2513888888888889 0.026562500000000024 0.04166666666666664
0 0.20703943062827226 0.19650959860383946 0.0265625 0.0375
0 0.26067708333333334 0.27055555555555555 0.0265625 0.037500000000000026
0 0.21574272260273974 0.40296803652968033 0.0265625 0.0375
0 0.53984375 0.98125 0.0265625 0.0375
0 0.6279713650627615 0.6052824267782426 0.0265625 0.0375
0 0.48828125 0.86875 0.0265625 0.0375
0 0.84296875 0.85625 0.0265625 0.0375
0 0.83359375 0.98125 0.0265625 0.0375
0 0.84140625 0.78125 0.0265625 0.0375
0 0.828125 0.43645833333333334 0.025 0.03958333333333333
0 0.8640625 0.409375 0.025 0.03958333333333333
0 0.6276901703233256 0.23927540415704387 0.0265625 0.03333333333333333
0 0.73671875 0.15462962962962964 0.0265625 0.03333333333333333
0 0.71015625 0.6354166666666666 0.0265625 0.03333333333333333
0 0.49133403361344535 0.6129551820728292 0.0296875 0.03333333333333333
0 0.4586329759414226 0.47244595536959555 0.0265625 0.03333333333333333
0 0.58828125 0.11875 0.0296875 0.05
0 0.6015625 0.20625 0.025 0.04583333333333333
0 0.85625 0.22395833333333334 0.0375 0.04375
0 0.48515625 0.759375 0.0421875 0.04375
0 0.6845128676470588 0.9740808823529412 0.0296875 0.03958333333333333
0 0.1903257978723404 0.7107047872340426 0.024999999999999977 0.03958333333333333
0 0.481543542074364 0.05065027723418134 0.025 0.027083333333333334
0 0.5099593996062992 0.029683398950131234 0.0296875 0.03125
0 0.35703125 0.06354166666666666 0.0234375 0.027083333333333334
0 0.7848958333333333 0.40381944444444445 0.034375000000000086 0.03958333333333333
0 0.9703571428571429 0.04024801587301588 0.02464285714285719 0.03815476190476191
1 0.57109375 0.13333333333333333 0.0890625 0.1125
1 0.3203125 0.21041666666666667 0.103125 0.09583333333333334
