0 0.26484375 0.4354166666666667 0.0265625 0.0375
0 0.23828125 0.5770833333333333 0.0265625 0.0375
0 0.24083976593625497 0.85625 0.0265625 0.0375
0 0.19453125 0.8458333333333333 0.0265625 0.0375
0 0.08359375 0.80625 0.0265625 0.0375
0 0.00546875 0.8104166666666667 0.0109375 0.03333333333333333
0 0.13515625 0.18958333333333333 0.0265625 0.0375
0 0.30859375 0.22083333333333333 0.0265625 0.041666666666666664
0 0.23510664682539684 0.17447089947089947 0.0265625 0.0375
0 0.272077356557377 0.2404986338797814 0.0265625 0.0375
0 0.23770833333333333 0.3778472222222222 0.0265625 0.0375
0 0.5378763268667643 0.9786267691556857 0.0265625 0.0375
0 0.6306197723048327 0.6099907063197026 0.0265625 0.0375
0 0.48828125 0.86875 0.0265625 0.0375
0 0.84296875 0.85625 0.0265625 0.0375
0 0.83359375 0.98125 0.0265625 0.0375
0 0.8416044347426471 0.7541666666666667 0.0265625 0.0375
0 0.828125 0.43645833333333334 0.025 0.03958333333333333
0 0.8645430672268908 0.409375 0.025 0.03958333333333333
0 0.6316848296766744 0.23572459584295613 0.0265625 0.03333333333333333
0 0.755976364213198 0.1076565143824027 0.0265625 0.03333333333333333
0 0.71015625 0.6354166666666666 0.0265625 0.03333333333333333
0 0.5230785472972973 0.5966216216216217 0.0296875 0.03333333333333333
0 0.4632359601449275 0.44047906602254433 0.0265625 0.03333333333333333
0 0.95625 0.3770833333333333 0.028125 0.0375
0 0.9326357208029197 0.9669023722627738 0.0234375 0.035416666666666666
0 0.58828125 0.11875 0.0296875 0.05
0 0.6015625 0.20625 0.025 0.04583333333333333
0 0.85625 0.22395833333333334 0.0375 0.04375
0 0.4899878640776699 0.7529328478964401 0.0421875 0.04375
0 0.8921875 0.6083333333333333 0.0296875 0.03958333333333333
0 0.1421195652173913 0.9440670289855073 0.025 0.03958333333333333
0 0.48492844911937383 0.04613706784083496 0.025 0.027083333333333334
0 0.507689468503937 0.02363024934383202 0.0296875 0.03125
0 0.35703125 0.06354166666666666 0.0234375 0.027083333333333334
0 0.9888895089285714 0.011877480158730159 0.020524553571428683 0.02168154761904762
1 0.57109375 0.13333333333333333 0.0890625 0.1125
1 0.3203125 0.21041666666666667 0.103125 0.09583333333333334
