0 0.2719095685840708 0.42626597836774827 0.0265625 0.0375
0 0.23828125 0.5770833333333333 0.0265625 0.0375
0 0.2428019173306773 0.85625 0.0265625 0.0375
0 0.19453125 0.8458333333333333 0.0265625 0.0375
0 0.08359375 0.80625 0.0265625 0.0375
0 0.024151872568093386 0.7364096952010376 0.0265625 0.0375
0 0.13515625 0.18958333333333333 0.0265625 0.0375
0 0.22238685344827586 0.17708333333333334 0.0265625 0.0375
0 0.2808391702586207 0.11489762931034483 0.0265625 0.03750000000000001
0 0.2835825089928058 0.21876498800959235 0.0265625 0.0375
0 0.30539534395973156 0.3151006711409396 0.0265625 0.0375
0 0.3106770833333333 0.4173611111111111 0.0265625 0.041666666666666664
0 0.5652698863636363 0.9074810606060606 0.0265625 0.0375
0 0.6400695447976879 0.5709296724470134 0.0265625 0.0375
0 0.48828125 0.86875 0.0265625 0.0375
0 0.9190104166666666 0.9243055555555556 0.0234375 0.0375
0 0.8467643320476859 0.8448632538569425 0.0265625 0.0375
0 0.8373893320476858 0.9698632538569425 0.0265625 0.0375
0 0.8536279365357643 0.7503710846189808 0.0265625 0.0375
0 0.828125 0.43645833333333334 0.025 0.03958333333333333
0 0.8676470588235293 0.409375 0.025 0.03958333333333333
0 0.6679371204453441 0.15482456140350875 0.0265625 0.03333333333333333
0 0.7729052859897172 0.07149742930591259 0.0265625 0.03333333333333333
0 0.71015625 0.6354166666666666 0.0265625 0.03333333333333333
0 0.5882577537593985 0.4989974937343359 0.0265625 0.03333333333333333
0 0.49765625 0.39692982456140347 0.0265625 0.03333333333333333
0 0.01328125 0.2633736559139785 0.0265625 0.033333333333333305
0 0.3109375 0.40541666666666665 0.028125 0.0375
0 0.75234375 0.5166666666666667 0.0265625 0.03333333333333333
0 0.9925347222222222 0.795949074074074 0.0125 0.035416666666666666
0 0.71203125 0.6904166666666666 0.0296875 0.041666666666666664
0 0.58828125 0.11875 0.0296875 0.05
0 0.6015625 0.20625 0.025 0.04583333333333333
0 0.215625 0.4119791666666667 0.0359375 0.04583333333333333
0 0.05625 0.28229166666666666 0.0328125 0.0375
0 0.85625 0.22395833333333334 0.0375 0.04375
0 0.5062088815789474 0.7290570175438597 0.0421875 0.04375
1 0.57109375 0.13333333333333333 0.0890625 0.1125
1 0.3203125 0.21041666666666667 0.103125 0.09583333333333334
