0 0.26484375 0.4354166666666667 0.0265625 0.0375
0 0.23828125 0.5770833333333333 0.0265625 0.0375
0 0.23990849103585657 0.85625 0.0265625 0.0375
0 0.19453125 0.8458333333333333 0.0265625 0.0375
0 0.08359375 0.80625 0.0265625 0.0375
0 0.13515625 0.18958333333333333 0.0265625 0.0375
0 0.19921875 0.2520833333333333 0.0265625 0.041666666666666664
0 0.20679401178010473 0.19705497382198953 0.026562500000000024 0.0375
0 0.2603515625 0.27125 0.0265625 0.03749999999999997
0 0.21542166095890408 0.4033961187214612 0.0265625 0.0375
0 0.53984375 0.98125 0.0265625 0.0375
0 0.627873300209205 0.6051080892608088 0.0265625 0.0375
0 0.48828125 0.86875 0.0265625 0.0375
0 0.84296875 0.85625 0.0265625 0.0375
0 0.83359375 0.98125 0.0265625 0.0375
0 0.84140625 0.78125 0.0265625 0.0375
0 0.828125 0.43645833333333334 0.025 0.03958333333333333
0 0.8640625 0.409375 0.025 0.03958333333333333
0 0.627636042147806 0.23932351809083913 0.0265625 0.03333333333333333
0 0.73671875 0.15520833333333334 0.0265625 0.03333333333333333
0 0.71015625 0.6354166666666666 0.0265625 0.03333333333333333
0 0.4908416491596639 0.613217787114846 0.0296875 0.03333333333333333
0 0.45860028765690375 0.4728382147838215 0.0265625 0.03333333333333333
0 0.58828125 0.11875 0.0296875 0.05
0 0.6015625 0.20625 0.025 0.04583333333333333
0 0.85625 0.22395833333333334 0.0375 0.04375
0 0.48515625 0.759375 0.0421875 0.04375
0 0.6812959558823529 0.9746936274509804 0.0296875 0.03958333333333333
0 0.18866356382978725 0.71114804964539 0.025 0.03958333333333333
0 0.48149767612524463 0.05071143183300718 0.025 0.027083333333333334
0 0.509990157480315 0.029765419947506557 0.0296875 0.031249999999999997
0 0.35703125 0.06354166666666666 0.0234375 0.027083333333333334
0 0.790625 0.403125 0.034375 0.03958333333333333
0 0.9701060267857142 0.04063244047619048 0.024698660714285836 0.03837797619047619
1 0.57109375 0.13333333333333333 0.0890625 0.1125
1 0.3203125 0.21041666666666667 0.103125 0.09583333333333334
