0 0.26484375 0.4354166666666667 0.0265625 0.0375
0 0.23828125 0.5770833333333333 0.0265625 0.0375
0 0.24156187749003982 0.85625 0.0265625 0.0375
0 0.19453125 0.8458333333333333 0.0265625 0.0375
0 0.08359375 0.80625 0.0265625 0.0375
0 0.009584407216494844 0.7790485395189004 0.01916881443298969 0.034213917525773144
0 0.13515625 0.18958333333333333 0.0265625 0.0375
0 0.308984375 0.25104166666666666 0.0265625 0.041666666666666664
0 0.24365625 0.1578 0.0265625 0.0375
0 0.2807834982014389 0.22249700239808154 0.0265625 0.0375
0 0.2616500686813187 0.3639194139194139 0.0265625 0.0375
0 0.5352225933382138 0.975088457784285 0.0265625 0.0375
0 0.6280930529739777 0.605498760842627 0.0265625 0.0375
0 0.48828125 0.86875 0.0265625 0.0375
0 0.84296875 0.85625 0.0265625 0.0375
0 0.83359375 0.98125 0.0265625 0.0375
0 0.8491009880514706 0.7541666666666667 0.0265625 0.0375
0 0.828125 0.43645833333333334 0.025 0.03958333333333333
0 0.8656853991596639 0.409375 0.025 0.03958333333333333
0 0.6560396634615385 0.20965544871794872 0.0265625 0.03333333333333333
0 0.7644546937751004 0.0945281124497992 0.0265625 0.03333333333333333
0 0.71015625 0.6354166666666666 0.0265625 0.03333333333333333
0 0.5524802791262136 0.5633495145631068 0.0296875 0.03333333333333333
0 0.4747878725165563 0.41832229580573954 0.0265625 0.03333333333333333
0 0.69453125 0.5052083333333334 0.028125 0.0375
0 0.9605892319277108 0.898406124497992 0.0234375 0.035416666666666666
0 0.58828125 0.11875 0.0296875 0.05
0 0.6015625 0.20625 0.025 0.04583333333333333
0 0.85625 0.22395833333333334 0.0375 0.04375
0 0.8326171875 0.09166666666666666 0.030859375 0.030208333333333334
0 0.4938372269417476 0.7478003640776698 0.0421875 0.04375
0 0.49850193298969075 0.03319372852233677 0.025 0.02708333333333333
0 0.50703125 0.016268382352941178 0.0296875 0.02003676470588235
0 0.3633114919354839 0.03961693548387097 0.0234375 0.027083333333333334
1 0.57109375 0.13333333333333333 0.0890625 0.1125
1 0.3203125 0.21041666666666667 0.103125 0.09583333333333334
