0 0.2714117809734513 0.42803588987217306 0.0265625 0.0375
0 0.23828125 0.5770833333333333 0.0265625 0.0375
0 0.24271227589641434 0.85625 0.0265625 0.0375
0 0.19453125 0.8458333333333333 0.0265625 0.0375
0 0.08359375 0.80625 0.0265625 0.0375
0 0.023276386186770425 0.7391820687418936 0.0265625 0.0375
0 0.13515625 0.18958333333333333 0.0265625 0.0375
0 0.22209821428571427 0.17819940476190477 0.0265625 0.041666666666666664
0 0.27623248922413796 0.1178071120689655 0.0265625 0.0375
0 0.28338017086330936 0.2190347721822542 0.0265625 0.0375
0 0.30199769295302015 0.3176174496644295 0.0265625 0.0375
0 0.25859375 0.41510416666666666 0.0265625 0.03854166666666667
0 0.5606943294701987 0.9168598233995585 0.0265625 0.0375
0 0.6390941112716763 0.5720134874759153 0.0265625 0.0375
0 0.48828125 0.86875 0.0265625 0.0375
0 0.98828125 0.959375 0.0234375 0.035416666666666666
0 0.8464487640252454 0.8458099579242636 0.0265625 0.0375
0 0.8370737640252454 0.9708099579242636 0.0265625 0.0375
0 0.8533912605189341 0.7506866526414212 0.0265625 0.0375
0 0.828125 0.43645833333333334 0.025 0.03958333333333333
0 0.8675052521008404 0.409375 0.025 0.03958333333333333
0 0.6670261892712551 0.15877192982456143 0.0265625 0.03333333333333333
0 0.7733390906169666 0.07265424164524421 0.0265625 0.033333333333333326
0 0.71015625 0.6354166666666666 0.0265625 0.03333333333333333
0 0.5865660244360902 0.5018170426065163 0.0265625 0.03333333333333333
0 0.49765625 0.40087719298245617 0.0265625 0.03333333333333333
0 0.01328125 0.26875 0.0265625 0.03333333333333333
0 0.31484375 0.44895833333333335 0.028125 0.0375
0 0.75234375 0.4791666666666667 0.0265625 0.03333333333333333
0 0.9906881313131313 0.8052504208754209 0.013604797979797922 0.035416666666666666
0 0.730859375 0.7619791666666667 0.0296875 0.041666666666666664
0 0.58828125 0.11875 0.0296875 0.05
0 0.6015625 0.20625 0.025 0.04583333333333333
0 0.19609375 0.3614583333333333 0.0359375 0.04583333333333333
0 0.85625 0.22395833333333334 0.0375 0.04375
0 0.5050986842105263 0.7307839912280703 0.0421875 0.04375
1 0.57109375 0.13333333333333333 0.0890625 0.1125
1 0.3203125 0.21041666666666667 0.103125 0.09583333333333334
