0 0.26828537995594715 0.4319750367107195 0.0265625 0.0375
0 0.23828125 0.5770833333333333 0.0265625 0.0375
0 0.24240102091633467 0.85625 0.0265625 0.0375
0 0.19453125 0.8458333333333333 0.0265625 0.0375
0 0.08359375 0.80625 0.0265625 0.0375
0 0.020236502918287935 0.7488083657587549 0.0265625 0.0375
0 0.13515625 0.18958333333333333 0.0265625 0.0375
0 0.22578125 0.19166666666666668 0.0265625 0.041666666666666664
0 0.26220703125 0.128515625 0.0265625 0.0375
0 0.2826776079136691 0.21997152278177456 0.0265625 0.0375
0 0.29126307270916335 0.3293575697211155 0.0265625 0.0375
0 0.16979166666666667 0.5361111111111111 0.028125 0.045833333333333275
0 0.5490531870860927 0.9427290286975718 0.0265625 0.0375
0 0.63828125 0.5783143939393939 0.0265625 0.0375
0 0.48828125 0.86875 0.0265625 0.0375
0 0.8453530417251052 0.8490971248246845 0.0265625 0.0375
0 0.8359780417251053 0.9740971248246845 0.0265625 0.0375
0 0.8525694687938289 0.7517823749415614 0.0265625 0.0375
0 0.828125 0.43645833333333334 0.025 0.03958333333333333
0 0.8670128676470588 0.409375 0.025 0.03958333333333333
0 0.663863233805668 0.1724780701754386 0.0265625 0.03333333333333333
0 0.7729135291164659 0.07761044176706827 0.0265625 0.03333333333333333
0 0.71015625 0.6354166666666666 0.0265625 0.03333333333333333
0 0.5797585227272728 0.5167613636363637 0.0265625 0.033333333333333395
0 0.49188047178988326 0.40493677042801557 0.0265625 0.03333333333333333
0 0.0078125 0.2875 0.015625 0.03333333333333333
0 0.4203125 0.4375 0.028125 0.0375
0 0.77109375 0.25625 0.0265625 0.03333333333333333
0 0.9813170770202021 0.8315551346801348 0.02050978535353547 0.035416666666666666
0 0.821875 0.96875 0.0328125 0.041666666666666664
0 0.58828125 0.11875 0.0296875 0.05
0 0.6015625 0.20625 0.025 0.04583333333333333
0 0.07213541666666666 0.20833333333333334 0.0359375 0.04583333333333333
0 0.85625 0.22395833333333334 0.0375 0.04375
0 0.5012438322368421 0.736780427631579 0.0421875 0.04375
0 0.49952380952380954 0.02006283068783069 0.025 0.027083333333333334
0 0.32048611111111114 0.09513888888888888 0.028125 0.0375
0 0.5219933712121212 0.010637626262626262 0.0296875 0.01875
0 0.37417410714285715 0.010498511904761905 0.0234375 0.020877976190476193
1 0.57109375 0.13333333333333333 0.0890625 0.1125
1 0.3203125 0.21041666666666667 0.103125 0.09583333333333334
