0 0.26500894823788546 0.4352514684287812 0.0265625 0.0375
0 0.23828125 0.5770833333333333 0.0265625 0.0375
0 0.24210470617529883 0.85625 0.0265625 0.0375
0 0.19453125 0.8458333333333333 0.0265625 0.0375
0 0.08359375 0.80625 0.0265625 0.0375
0 0.017342534046692604 0.7579726005188068 0.0265625 0.0375
0 0.13515625 0.18958333333333333 0.0265625 0.0375
0 0.24765625 0.20416666666666666 0.0265625 0.041666666666666664
0 0.2534912109375 0.14013671875 0.0265625 0.0375
0 0.2820087679856115 0.22086330935251797 0.0265625 0.0375
0 0.281632843625498 0.34219787516600264 0.0265625 0.0375
0 0.12890625 0.5239583333333333 0.028125 0.05
0 0.5375 0.9653935185185186 0.0265625 0.0375
0 0.6334613347457627 0.590183615819209 0.0265625 0.0375
0 0.48828125 0.86875 0.0265625 0.0375
0 0.8443099140953716 0.852226507713885 0.0265625 0.0375
0 0.8349349140953717 0.977226507713885 0.0265625 0.0375
0 0.8517871230715288 0.752825502571295 0.0265625 0.0375
0 0.828125 0.43645833333333334 0.025 0.03958333333333333
0 0.8665441176470589 0.409375 0.025 0.03958333333333333
0 0.6619825487012987 0.18106060606060606 0.0265625 0.03333333333333333
0 0.7699265813253012 0.08358433734939759 0.0265625 0.03333333333333333
0 0.71015625 0.6354166666666666 0.0265625 0.03333333333333333
0 0.5702230438931298 0.5311545801526717 0.027802958015267176 0.03333333333333328
0 0.4846455496108949 0.40590142671854734 0.0265625 0.03333333333333333
0 0.00546875 0.30520833333333336 0.0109375 0.035416666666666666
0 0.5380208333333333 0.47430555555555554 0.028125 0.0375
0 0.73671875 0.1 0.0265625 0.03333333333333333
0 0.9761012801204819 0.854304718875502 0.0234375 0.035416666666666666
0 0.58828125 0.11875 0.0296875 0.05
0 0.6015625 0.20625 0.025 0.04583333333333333
0 0.03359375 0.015625 0.0265625 0.03125
0 0.85625 0.22395833333333334 0.0375 0.04375
0 0.9703125 0.2875 0.025 0.0375
0 0.4975740131578948 0.7424890350877192 0.0421875 0.04375
0 0.5030654761904761 0.02321097883597884 0.025 0.027083333333333338
0 0.19375 0.28958333333333336 0.028125 0.0375
0 0.5163589015151515 0.012515782828282829 0.0296875 0.01875
0 0.36886160714285715 0.020238095238095236 0.0234375 0.02619047619047619
1 0.57109375 0.13333333333333333 0.0890625 0.1125
1 0.3203125 0.21041666666666667 0.103125 0.09583333333333334
