0 0.26484375 0.4354166666666667 0.0265625 0.0375
0 0.23828125 0.5770833333333333 0.0265625 0.0375
0 0.24144235557768923 0.85625 0.0265625 0.0375
0 0.19453125 0.8458333333333333 0.0265625 0.0375
0 0.08359375 0.80625 0.0265625 0.0375
0 0.006242897727272727 0.7866761363636364 0.012485795454545454 0.03126893939393938
0 0.13515625 0.18958333333333333 0.0265625 0.0375
0 0.30703125 0.24166666666666667 0.0265625 0.041666666666666664
0 0.24265625000000002 0.161 0.0265625 0.0375
0 0.28051371402877695 0.22285671462829734 0.0265625 0.0375
0 0.2548934361924686 0.36701534170153416 0.0265625 0.0375
0 0.5356618319912152 0.9756741093216202 0.0265625 0.0375
0 0.6285112685873606 0.6062422552664188 0.0265625 0.0375
0 0.48828125 0.86875 0.0265625 0.0375
0 0.84296875 0.85625 0.0265625 0.0375
0 0.83359375 0.98125 0.0265625 0.0375
0 0.8478601792279411 0.7541666666666667 0.0265625 0.0375
0 0.828125 0.43645833333333334 0.025 0.03958333333333333
0 0.8654963235294117 0.409375 0.025 0.03958333333333333
0 0.6499555386178862 0.2182079945799458 0.0265625 0.03333333333333333
0 0.763249874497992 0.09693775100401607 0.0265625 0.03333333333333333
0 0.71015625 0.6354166666666666 0.0265625 0.03333333333333333
0 0.5485809948979592 0.5734835600907029 0.0296875 0.03333333333333333
0 0.47280111754966886 0.4216335540838852 0.0265625 0.03333333333333333
0 0.7203125 0.46458333333333335 0.028125 0.0375
0 0.9560711596385542 0.9128639558232933 0.0234375 0.035416666666666666
0 0.58828125 0.11875 0.0296875 0.05
0 0.6015625 0.20625 0.025 0.04583333333333333
0 0.85625 0.22395833333333334 0.0375 0.04375
0 0.76875 0.08125 0.0296875 0.03333333333333333
0 0.4932000910194175 0.7486498786407767 0.0421875 0.04375
0 0.98828125 0.3125 0.0234375 0.03333333333333333
0 0.49515141752577324 0.03628651202749141 0.025 0.027083333333333334
0 0.50703125 0.017738970588235297 0.0296875 0.022977941176470586
0 0.36218245967741935 0.043918010752688176 0.0234375 0.027083333333333334
1 0.57109375 0.13333333333333333 0.0890625 0.1125
1 0.3203125 0.21041666666666667 0.103125 0.09583333333333334
