0 0.27265625 0.4236111111111111 0.0265625 0.0375
0 0.23828125 0.5770833333333333 0.0265625 0.0375
0 0.24293637948207172 0.85625 0.0265625 0.0375
0 0.19453125 0.8458333333333333 0.0265625 0.0375
0 0.08359375 0.80625 0.0265625 0.0375
0 0.02546510214007782 0.7322511348897536 0.0265625 0.0375
0 0.13515625 0.18958333333333333 0.0265625 0.0375
0 0.21729910714285716 0.17886904761904762 0.0265625 0.0375
0 0.28774919181034486 0.11053340517241379 0.0265625 0.0375
0 0.28388601618705034 0.21836031175059953 0.0265625 0.0375
0 0.3104918204697987 0.3113255033557047 0.0265625 0.0375
0 0.32109375 0.3703125 0.0265625 0.041666666666666664
0 0.5702473958333333 0.8944878472222223 0.0265625 0.0375
0 0.6415326950867052 0.569303949903661 0.0265625 0.0375
0 0.48828125 0.86875 0.0265625 0.0375
0 0.83046875 0.85 0.0234375 0.0375
0 0.8472376840813464 0.8434431977559608 0.0265625 0.0375
0 0.8378626840813463 0.9684431977559608 0.0265625 0.0375
0 0.8539829505610099 0.7498977325853203 0.0265625 0.0375
0 0.828125 0.43645833333333334 0.025 0.03958333333333333
0 0.867859768907563 0.409375 0.025 0.03958333333333333
0 0.587890625 0.06822916666666666 0.0234375 0.029166666666666667
0 0.6693035172064777 0.14890350877192982 0.0265625 0.03333333333333333
0 0.7722545790488432 0.06976221079691516 0.0265625 0.03333333333333333
0 0.71015625 0.6354166666666666 0.0265625 0.03333333333333333
0 0.5907953477443609 0.49476817042606513 0.0265625 0.03333333333333333
0 0.49765625 0.39100877192982453 0.0265625 0.03333333333333333
0 0.013504464285714285 0.25 0.0265625 0.03333333333333333
0 0.25625 0.35625 0.028125 0.0375
0 0.77890625 0.5885416666666666 0.0265625 0.03333333333333333
0 0.9937065972222221 0.7787615740740741 0.0125 0.035416666666666666
0 0.6875 0.5729166666666666 0.025 0.041666666666666664
0 0.58828125 0.11875 0.0296875 0.05
0 0.6015625 0.20625 0.025 0.04583333333333333
0 0.25078125 0.5 0.0359375 0.04583333333333333
0 0.17578125 0.4166666666666667 0.0328125 0.0375
0 0.85625 0.22395833333333334 0.0375 0.04375
0 0.5078741776315789 0.7264665570175438 0.0421875 0.04375
1 0.57109375 0.13333333333333333 0.0890625 0.1125
1 0.3203125 0.21041666666666667 0.103125 0.09583333333333334
