0 0.2739283738938053 0.41908800393313667 0.0265625 0.0375
0 0.23828125 0.5794014084507043 0.0265625 0.0375
0 0.24412778755868544 0.8531592331768388 0.0265625 0.0375
0 0.19453125 0.8458333333333333 0.0265625 0.0375
0 0.08359375 0.80625 0.0265625 0.0375
0 0.02751980633802817 0.7297046165884195 0.0265625 0.0375
0 0.13515625 0.18958333333333333 0.0265625 0.0375
0 0.21171875 0.15267857142857144 0.0265625 0.0375
0 0.29910156250000003 0.10354166666666667 0.0265625 0.0375
0 0.2844031025179856 0.2176708633093525 0.0265625 0.0375
0 0.31287778755868545 0.3080985915492958 0.0265625 0.0375
0 0.36171875 0.26666666666666666 0.0265625 0.041666666666666664
0 0.5768889377934272 0.884712441314554 0.0265625 0.0375
0 0.6440254696531792 0.5665342003853565 0.0265625 0.0375
0 0.48828125 0.86875 0.0265625 0.0375
0 0.68515625 0.8145833333333333 0.0234375 0.0375
0 0.8480441356942496 0.841023842917251 0.0265625 0.0375
0 0.8386691356942496 0.966023842917251 0.0265625 0.0375
0 0.8545877892706872 0.749091280972417 0.0265625 0.0375
0 0.9684895833333333 0.8163194444444444 0.0265625 0.04375
0 0.828125 0.43645833333333334 0.025 0.03958333333333333
0 0.8682221638655463 0.409375 0.025 0.03958333333333333
0 0.63234375 0.16479166666666664 0.0234375 0.035416666666666666
0 0.6713241647465438 0.14074500768049156 0.0265625 0.03333333333333333
0 0.7711459672236504 0.06680591259640103 0.0265625 0.03333333333333333
0 0.7113152875586854 0.6369620500782472 0.0265625 0.03333333333333333
0 0.5902472124413146 0.48834115805946793 0.0265625 0.03333333333333333
0 0.4988152875586854 0.38726525821596247 0.0265625 0.03333333333333333
0 0.0078125 0.515625 0.0140625 0.0375
0 0.015494791666666669 0.23359375 0.0265625 0.03333333333333333
0 0.1671875 0.26875 0.028125 0.0375
0 0.77109375 0.70625 0.0265625 0.03333333333333333
0 0.9909249441964285 0.7743582589285716 0.01815011160714288 0.034579613095238076
0 0.6296875 0.45249999999999996 0.025 0.03416666666666668
0 0.58828125 0.11875 0.0296875 0.05
0 0.6015625 0.20625 0.025 0.04583333333333333
0 0.29140625 0.5791666666666667 0.0359375 0.04583333333333333
0 0.46015625 0.5520833333333334 0.0328125 0.0375
0 0.85625 0.22395833333333334 0.0375 0.04375
0 0.5107113486842105 0.7220531798245614 0.0421875 0.04375
1 0.57109375 0.13333333333333333 0.0890625 0.1125
1 0.3203125 0.21041666666666667 0.103125 0.09583333333333334
