0 0.26484375 0.4354166666666667 0.0265625 0.0375
0 0.23828125 0.5770833333333333 0.0265625 0.0375
0 0.2416266185258964 0.85625 0.0265625 0.0375
0 0.19453125 0.8458333333333333 0.0265625 0.0375
0 0.08359375 0.80625 0.0265625 0.0375
0 0.011469072164948454 0.7748603951890035 0.02293814432989691 0.035889175257732005
0 0.13515625 0.18958333333333333 0.0265625 0.0375
0 0.3072048611111111 0.2467592592592593 0.0265625 0.0416666666666667
0 0.24419791666666665 0.1560666666666667 0.0265625 0.0375
0 0.280929631294964 0.22230215827338132 0.0265625 0.0375
0 0.2656679258241758 0.3621336996336996 0.0265625 0.0375
0 0.5349846724011713 0.9747712298682284 0.0265625 0.0375
0 0.6278665195167286 0.6050960346964065 0.0265625 0.0375
0 0.48828125 0.86875 0.0265625 0.0375
0 0.84296875 0.85625 0.0265625 0.0375
0 0.83359375 0.98125 0.0265625 0.0375
0 0.8497730928308824 0.7541666666666667 0.0265625 0.0375
0 0.828125 0.43645833333333334 0.025 0.03958333333333333
0 0.8657878151260505 0.409375 0.025 0.03958333333333333
0 0.6588068181818182 0.20397727272727273 0.0265625 0.03333333333333333
0 0.7651073042168675 0.09322289156626505 0.0265625 0.03333333333333333
0 0.71015625 0.6354166666666666 0.0265625 0.03333333333333333
0 0.5544523665048544 0.5575647249190939 0.0296875 0.03333333333333333
0 0.47586403145695366 0.41652869757174393 0.0265625 0.03333333333333333
0 0.6515625 0.4975 0.028125 0.0375
0 0.9624479166666667 0.8909027777777777 0.0234375 0.035416666666666666
0 0.58828125 0.11875 0.0296875 0.05
0 0.6015625 0.20625 0.025 0.04583333333333333
0 0.85625 0.22395833333333334 0.0375 0.04375
0 0.8591145833333333 0.1173611111111111 0.0328125 0.037499999999999985
0 0.4941823422330097 0.747340210355987 0.0421875 0.04375
0 0.500316795532646 0.03151847079037801 0.025 0.027083333333333338
0 0.5072679924242424 0.015546085858585856 0.0296875 0.01875
0 0.3639230510752688 0.03728718637992832 0.0234375 0.027083333333333334
1 0.57109375 0.13333333333333333 0.0890625 0.1125
1 0.3203125 0.21041666666666667 0.103125 0.09583333333333334
