0 0.27051555616740086 0.4297448604992658 0.0265625 0.0375
0 0.23828125 0.5770833333333333 0.0265625 0.0375
0 0.2426027141434263 0.85625 0.0265625 0.0375
0 0.19453125 0.8458333333333333 0.0265625 0.0375
0 0.08359375 0.80625 0.0265625 0.0375
0 0.022206347276264592 0.7425705252918288 0.0265625 0.0375
0 0.13515625 0.18958333333333333 0.0265625 0.0375
0 0.2200246710526316 0.18585526315789475 0.0265625 0.041666666666666664
0 0.27060210129310347 0.12136314655172414 0.0265625 0.0375
0 0.28313286870503596 0.21936450839328536 0.0265625 0.0375
0 0.29784500838926176 0.3206935123042506 0.0265625 0.0375
0 0.22604166666666664 0.4784722222222222 0.028125 0.04583333333333333
0 0.5565966473509933 0.9259657836644591 0.0265625 0.0375
0 0.63828125 0.5737121212121212 0.0265625 0.0375
0 0.48828125 0.86875 0.0265625 0.0375
0 0.8460630697755962 0.8469670406732118 0.0265625 0.0375
0 0.8366880697755962 0.9719670406732118 0.0265625 0.0375
0 0.8531019898316969 0.7510723468910706 0.0265625 0.0375
0 0.828125 0.43645833333333334 0.025 0.03958333333333333
0 0.8673319327731093 0.409375 0.025 0.03958333333333333
0 0.6659128289473684 0.16359649122807018 0.0265625 0.03333333333333333
0 0.7738692962724936 0.0740681233933162 0.0265625 0.03333333333333333
0 0.71015625 0.6354166666666666 0.0265625 0.03333333333333333
0 0.5843607954545454 0.5060227272727273 0.0265625 0.03333333333333333
0 0.49680508268482493 0.40428015564202335 0.0265625 0.03333333333333333
0 0.01149671052631579 0.2748684210526316 0.02299342105263158 0.03333333333333336
0 0.37083333333333335 0.4409722222222222 0.028125 0.0375
0 0.78359375 0.41458333333333336 0.0265625 0.03333333333333333
0 0.9873895202020201 0.8145096801346802 0.016035353535353458 0.035416666666666666
0 0.76171875 0.83125 0.0296875 0.041666666666666664
0 0.58828125 0.11875 0.0296875 0.05
0 0.6015625 0.20625 0.025 0.04583333333333333
0 0.15703125 0.3260416666666667 0.0359375 0.04583333333333333
0 0.85625 0.22395833333333334 0.0375 0.04375
0 0.5037417763157894 0.7328947368421053 0.0421875 0.04375
0 0.3328125 0.04114583333333333 0.0234375 0.029166666666666667
0 0.4971130952380952 0.017919973544973544 0.025 0.027083333333333334
0 0.45484375000000005 0.009166666666666667 0.0296875 0.018333333333333333
0 0.52578125 0.0078125 0.0296875 0.015625
1 0.57109375 0.13333333333333333 0.0890625 0.1125
1 0.3203125 0.21041666666666667 0.103125 0.09583333333333334
