0 0.2652842786343612 0.43497613803230545 0.0265625 0.0375
0 0.23828125 0.5770833333333333 0.0265625 0.0375
0 0.24212960657370516 0.85625 0.0265625 0.0375
0 0.19453125 0.8458333333333333 0.0265625 0.0375
0 0.08359375 0.80625 0.0265625 0.0375
0 0.017585724708171206 0.7572024967574579 0.0265625 0.0375
0 0.13515625 0.18958333333333333 0.0265625 0.0375
0 0.24874999999999997 0.19958333333333333 0.0265625 0.041666666666666664
0 0.2542236328125 0.13916015625 0.0265625 0.0375
0 0.28206497302158273 0.22078836930455636 0.0265625 0.0375
0 0.28244210657370517 0.3411188579017264 0.0265625 0.0375
0 0.12589285714285714 0.5267857142857142 0.028125 0.04999999999999994
0 0.5384765625 0.9635127314814814 0.0265625 0.0375
0 0.6339247881355933 0.5891242937853107 0.0265625 0.0375
0 0.48828125 0.86875 0.0265625 0.0375
0 0.8443975718793828 0.8519635343618513 0.0265625 0.0375
0 0.8350225718793828 0.9769635343618513 0.0265625 0.0375
0 0.8518528664095373 0.7527378447872838 0.0265625 0.0375
0 0.828125 0.43645833333333334 0.025 0.03958333333333333
0 0.8665835084033613 0.409375 0.025 0.03958333333333333
0 0.6621178300865801 0.18042929292929294 0.0265625 0.03333333333333333
0 0.7701775853413655 0.08308232931726908 0.0265625 0.03333333333333333
0 0.71015625 0.6354166666666666 0.0265625 0.03333333333333333
0 0.5710579675572519 0.5299618320610687 0.027683683206106834 0.03333333333333333
0 0.48525352626459145 0.40582036316472114 0.0265625 0.03333333333333333
0 0.00546875 0.30520833333333336 0.0109375 0.035416666666666666
0 0.525 0.45625 0.028125 0.0375
0 0.72265625 0.10625 0.0265625 0.03333333333333333
0 0.9762895331325302 0.8525476907630521 0.0234375 0.035416666666666666
0 0.58828125 0.11875 0.0296875 0.05
0 0.6015625 0.20625 0.025 0.04583333333333333
0 0.02578125 0.028125 0.0265625 0.03125
0 0.85625 0.22395833333333334 0.0375 0.04375
0 0.97484375 0.3070833333333333 0.022187500000000072 0.0375
0 0.4978824013157895 0.7420093201754386 0.0421875 0.04375
0 0.5027678571428571 0.02294642857142857 0.025 0.02708333333333333
0 0.2140625 0.2625 0.028125 0.0375
0 0.5168323863636364 0.012357954545454545 0.0296875 0.01875
0 0.3693080357142857 0.019419642857142858 0.0234375 0.02574404761904762
1 0.57109375 0.13333333333333333 0.0890625 0.1125
1 0.3203125 0.21041666666666667 0.103125 0.09583333333333334
