0 0.26622040198237884 0.4340400146842878 0.0265625 0.0375
0 0.23828125 0.5770833333333333 0.0265625 0.0375
0 0.24221426792828687 0.85625 0.0265625 0.0375
0 0.19453125 0.8458333333333333 0.0265625 0.0375
0 0.08359375 0.80625 0.0265625 0.0375
0 0.01841257295719844 0.7545841439688716 0.0265625 0.0375
0 0.13515625 0.18958333333333333 0.0265625 0.0375
0 0.2375 0.18958333333333333 0.0265625 0.041666666666666664
0 0.2567138671875 0.13583984375 0.0265625 0.0375
0 0.2822560701438849 0.2205335731414868 0.0265625 0.0375
0 0.28519360059760956 0.33745019920318725 0.0265625 0.0375
0 0.14375 0.5416666666666666 0.028125 0.05
0 0.541796875 0.9571180555555556 0.0265625 0.0375
0 0.635500529661017 0.5855225988700565 0.0265625 0.0375
0 0.48828125 0.86875 0.0265625 0.0375
0 0.844695608345021 0.8510694249649369 0.0265625 0.0375
0 0.8353206083450211 0.9760694249649369 0.0265625 0.0375
0 0.8520763937587658 0.7524398083216456 0.0265625 0.0375
0 0.828125 0.43645833333333334 0.025 0.03958333333333333
0 0.8667174369747899 0.409375 0.025 0.03958333333333333
0 0.6625777867965368 0.1782828282828283 0.0265625 0.03333333333333333
0 0.7710309989959839 0.08137550200803213 0.0265625 0.03333333333333333
0 0.71015625 0.6354166666666666 0.0265625 0.03333333333333333
0 0.5738967080152672 0.5259064885496183 0.02727814885496187 0.03333333333333333
0 0.48732064688715954 0.40554474708171206 0.0265625 0.03333333333333333
0 0.00546875 0.30520833333333336 0.0109375 0.035416666666666666
0 0.4671875 0.49583333333333335 0.028125 0.0375
0 0.72734375 0.15260416666666668 0.0265625 0.03333333333333333
0 0.9769295933734939 0.8465737951807228 0.0234375 0.035416666666666666
0 0.58828125 0.11875 0.0296875 0.05
0 0.6015625 0.20625 0.025 0.04583333333333333
0 0.03515625 0.08923611111111111 0.0296875 0.03958333333333333
0 0.85625 0.22395833333333334 0.0375 0.04375
0 0.4989309210526316 0.7403782894736842 0.0421875 0.04375
0 0.5017559523809524 0.022046957671957673 0.025 0.027083333333333334
0 0.25052083333333336 0.2388888888888889 0.028125 0.0375
0 0.5184422348484848 0.011821338383838384 0.0296875 0.01875
0 0.37082589285714285 0.016636904761904762 0.0234375 0.024226190476190478
1 0.57109375 0.13333333333333333 0.0890625 0.1125
1 0.3203125 0.21041666666666667 0.103125 0.09583333333333334
