0 0.26484375 0.4354166666666667 0.0265625 0.0375
0 0.23828125 0.5770833333333333 0.0265625 0.0375
0 0.24201008466135457 0.85625 0.0265625 0.0375
0 0.19453125 0.8458333333333333 0.0265625 0.0375
0 0.08359375 0.80625 0.0265625 0.0375
0 0.01641840953307393 0.7608989948119326 0.0265625 0.0375
0 0.13515625 0.18958333333333333 0.0265625 0.0375
0 0.258984375 0.22135416666666666 0.0265625 0.041666666666666664
0 0.2507080078125 0.14384765625 0.0265625 0.0375
0 0.28179518884892085 0.22114808153477217 0.0265625 0.0375
0 0.27855764442231074 0.34629814077025234 0.0265625 0.0375
0 0.0984375 0.5458333333333333 0.028125 0.05
0 0.5337890625 0.9725405092592593 0.0265625 0.0375
0 0.6317002118644067 0.5942090395480226 0.0265625 0.0375
0 0.48828125 0.86875 0.0265625 0.0375
0 0.843976814516129 0.853225806451613 0.0265625 0.0375
0 0.834601814516129 0.978225806451613 0.0265625 0.0375
0 0.8515372983870968 0.7531586021505376 0.0265625 0.0375
0 0.828125 0.43645833333333334 0.025 0.03958333333333333
0 0.8663944327731092 0.409375 0.025 0.03958333333333333
0 0.6614684794372294 0.18345959595959596 0.0265625 0.03333333333333333
0 0.768972766064257 0.08549196787148595 0.0265625 0.03333333333333333
0 0.71015625 0.6354166666666666 0.0265625 0.03333333333333333
0 0.5670503339694657 0.5356870229007633 0.02825620229007626 0.03333333333333328
0 0.48233523832684827 0.4062094682230869 0.0265625 0.03333333333333333
0 0.5697916666666667 0.5402777777777777 0.028125 0.03749999999999994
0 0.7002604166666667 0.08680555555555555 0.0265625 0.03333333333333333
0 0.975360576923077 0.8600961538461539 0.0234375 0.035416666666666666
0 0.58828125 0.11875 0.0296875 0.05
0 0.6015625 0.20625 0.025 0.04583333333333333
0 0.85625 0.22395833333333334 0.0375 0.04375
0 0.9471354166666666 0.2520833333333333 0.0328125 0.041666666666666664
0 0.4964021381578948 0.7443119517543859 0.0421875 0.04375
0 0.5041964285714287 0.02421626984126984 0.025 0.027083333333333334
0 0.1265625 0.27708333333333335 0.028125 0.0375
0 0.5145596590909091 0.013115530303030302 0.0296875 0.01875
0 0.3675453629032258 0.02348790322580645 0.0234375 0.027083333333333334
0 0.11015625 0.013541666666666667 0.0265625 0.027083333333333334
1 0.57109375 0.13333333333333333 0.0890625 0.1125
1 0.3203125 0.21041666666666667 0.103125 0.09583333333333334
