0 0.26484375 0.4354166666666667 0.0265625 0.0375
0 0.23828125 0.5770833333333333 0.0265625 0.0375
0 0.24154693725099602 0.85625 0.0265625 0.0375
0 0.19453125 0.8458333333333333 0.0265625 0.0375
0 0.08359375 0.80625 0.0265625 0.0375
0 0.009149484536082475 0.7800150343642611 0.01829896907216495 0.03382731958762892
0 0.13515625 0.18958333333333333 0.0265625 0.0375
0 0.31546875 0.25125 0.0265625 0.041666666666666664
0 0.24353125000000003 0.1582 0.0265625 0.0375
0 0.2807497751798561 0.22254196642685853 0.0265625 0.0375
0 0.2607228708791209 0.3643315018315018 0.0265625 0.0375
0 0.5352774981698389 0.9751616642264519 0.0265625 0.0375
0 0.6281453299256505 0.605591697645601 0.0265625 0.0375
0 0.48828125 0.86875 0.0265625 0.0375
0 0.84296875 0.85625 0.0265625 0.0375
0 0.83359375 0.98125 0.0265625 0.0375
0 0.8489458869485293 0.7541666666666667 0.0265625 0.0375
0 0.828125 0.43645833333333334 0.025 0.03958333333333333
0 0.8656617647058823 0.409375 0.025 0.03958333333333333
0 0.6551382211538461 0.2108573717948718 0.0265625 0.03333333333333333
0 0.7643040913654618 0.09482931726907631 0.0265625 0.03333333333333333
0 0.71015625 0.6354166666666666 0.0265625 0.03333333333333333
0 0.5520251820388349 0.5646844660194176 0.0296875 0.03333333333333333
0 0.4745395281456954 0.41873620309050774 0.0265625 0.03333333333333333
0 0.70390625 0.5135416666666667 0.028125 0.0375
0 0.9600244728915662 0.9002133534136546 0.0234375 0.035416666666666666
0 0.58828125 0.11875 0.0296875 0.05
0 0.6015625 0.20625 0.025 0.04583333333333333
0 0.85625 0.22395833333333334 0.0375 0.04375
0 0.83046875 0.075 0.0296875 0.03333333333333333
0 0.49375758495145633 0.7479065533980582 0.0421875 0.04375
0 0.498083118556701 0.033580326460481105 0.025 0.027083333333333338
0 0.50703125 0.01645220588235294 0.0296875 0.020404411764705883
0 0.3631703629032258 0.04015456989247312 0.0234375 0.027083333333333334
1 0.57109375 0.13333333333333333 0.0890625 0.1125
1 0.3203125 0.21041666666666667 0.103125 0.09583333333333334
