0 0.26484375 0.4354166666666667 0.0265625 0.0375
0 0.23828125 0.5770833333333333 0.0265625 0.0375
0 0.2419826942231076 0.85625 0.0265625 0.0375
0 0.19453125 0.8458333333333333 0.0265625 0.0375
0 0.08359375 0.80625 0.0265625 0.0375
0 0.016150899805447472 0.7617461089494164 0.0265625 0.0375
0 0.13515625 0.18958333333333333 0.0265625 0.0375
0 0.26276041666666666 0.2236111111111111 0.0265625 0.041666666666666664
0 0.24990234375 0.144921875 0.0265625 0.0375
0 0.2817333633093525 0.22123051558752996 0.0265625 0.0375
0 0.2776674551792829 0.34748505976095617 0.0265625 0.0375
0 0.096875 0.5694444444444444 0.028125 0.05
0 0.5336761072474377 0.973026476329917 0.0265625 0.0375
0 0.6311904131355932 0.5953742937853107 0.0265625 0.0375
0 0.48828125 0.86875 0.0265625 0.0375
0 0.8438803909537167 0.8535150771388499 0.0265625 0.0375
0 0.8345053909537168 0.9785150771388499 0.0265625 0.0375
0 0.8514649807152874 0.7532550257129499 0.0265625 0.0375
0 0.828125 0.43645833333333334 0.025 0.03958333333333333
0 0.8663511029411766 0.409375 0.025 0.03958333333333333
0 0.6613196699134198 0.1841540404040404 0.0265625 0.03333333333333333
0 0.7686966616465863 0.08604417670682732 0.0265625 0.03333333333333333
0 0.71015625 0.6354166666666666 0.0265625 0.03333333333333333
0 0.5661319179389313 0.5369990458015267 0.028387404580152698 0.03333333333333333
0 0.48178290562913906 0.4066639072847682 0.0265625 0.03333333333333333
0 0.609375 0.5375 0.028125 0.0375
0 0.6684895833333333 0.09305555555555554 0.0265625 0.03333333333333333
0 0.9751402243589743 0.8615651709401709 0.0234375 0.035416666666666666
0 0.58828125 0.11875 0.0296875 0.05
0 0.6015625 0.20625 0.025 0.04583333333333333
0 0.85625 0.22395833333333334 0.0375 0.04375
0 0.92578125 0.2833333333333333 0.0328125 0.041666666666666664
0 0.49608047633495145 0.7448093648867313 0.0421875 0.04375
0 0.5045238095238095 0.02450727513227513 0.025 0.027083333333333334
0 0.1125 0.30486111111111114 0.028125 0.0375
0 0.5140388257575758 0.013289141414141415 0.0296875 0.01875
0 0.36728662634408604 0.024473566308243724 0.0234375 0.027083333333333334
0 0.0875 0.044270833333333336 0.028125 0.030208333333333334
1 0.57109375 0.13333333333333333 0.0890625 0.1125
1 0.3203125 0.21041666666666667 0.103125 0.09583333333333334
