0 0.2680375825991189 0.43222283406754775 0.0265625 0.0375
0 0.23828125 0.5770833333333333 0.0265625 0.0375
0 0.2423786105577689 0.85625 0.0265625 0.0375
0 0.19453125 0.8458333333333333 0.0265625 0.0375
0 0.08359375 0.80625 0.0265625 0.0375
0 0.020017631322957197 0.7495014591439689 0.0265625 0.0375
0 0.13515625 0.18958333333333333 0.0265625 0.0375
0 0.22718750000000001 0.18416666666666667 0.0265625 0.041666666666666664
0 0.2615478515625 0.12939453125 0.0265625 0.0375
0 0.282627023381295 0.22003896882494003 0.0265625 0.0375
0 0.2905347360557769 0.33032868525896414 0.0265625 0.0375
0 0.16796875 0.5223958333333333 0.028125 0.04583333333333333
0 0.5482150248344371 0.9445916114790287 0.0265625 0.0375
0 0.63828125 0.5788257575757575 0.0265625 0.0375
0 0.48828125 0.86875 0.0265625 0.0375
0 0.8452741497194951 0.8493338008415148 0.0265625 0.0375
0 0.8358991497194952 0.9743338008415148 0.0265625 0.0375
0 0.8525102997896215 0.7518612669471716 0.0265625 0.0375
0 0.828125 0.43645833333333334 0.025 0.03958333333333333
0 0.8669774159663864 0.409375 0.025 0.03958333333333333
0 0.6636355010121457 0.17346491228070177 0.0265625 0.03333333333333333
0 0.7726876255020081 0.07806224899598393 0.0265625 0.03333333333333333
0 0.71015625 0.6354166666666666 0.0265625 0.03333333333333333
0 0.5792471590909091 0.5179545454545454 0.0265625 0.03333333333333333
0 0.49133329280155646 0.40500972762645915 0.0265625 0.03333333333333333
0 0.0078125 0.2875 0.015625 0.03333333333333333
0 0.4328125 0.4270833333333333 0.028125 0.0375
0 0.75390625 0.25 0.0265625 0.03333333333333333
0 0.980642361111111 0.8334490740740741 0.021006944444444463 0.035416666666666666
0 0.805859375 0.9786458333333333 0.03203125 0.03854166666666667
0 0.58828125 0.11875 0.0296875 0.05
0 0.6015625 0.20625 0.025 0.04583333333333333
0 0.09140625 0.18194444444444444 0.0359375 0.04583333333333333
0 0.85625 0.22395833333333334 0.0375 0.04375
0 0.5009662828947368 0.7372121710526316 0.0421875 0.04375
0 0.4997916666666667 0.020300925925925924 0.025 0.027083333333333334
0 0.3142857142857143 0.11845238095238096 0.028125 0.03750000000000001
0 0.5215672348484849 0.010779671717171717 0.0296875 0.01875
0 0.3737723214285714 0.011235119047619048 0.0234375 0.021279761904761902
1 0.57109375 0.13333333333333333 0.0890625 0.1125
1 0.3203125 0.21041666666666667 0.103125 0.09583333333333334
