0 0.27291897123893805 0.4226769911504425 0.0265625 0.0375
0 0.23828125 0.5772593896713615 0.0265625 0.0375
0 0.2430567781690141 0.8560152582159624 0.0265625 0.0375
0 0.19453125 0.8458333333333333 0.0265625 0.0375
0 0.08359375 0.80625 0.0265625 0.0375
0 0.025913292253521125 0.7311326291079812 0.0265625 0.0375
0 0.13515625 0.18958333333333333 0.0265625 0.0375
0 0.21953125 0.171875 0.0265625 0.0375
0 0.29018049568965515 0.1089978448275862 0.0265625 0.0375
0 0.28399280575539565 0.2182179256594724 0.0265625 0.0375
0 0.3118067781690141 0.3102406103286385 0.0265625 0.0375
0 0.34244791666666663 0.36180555555555555 0.0265625 0.041666666666666664
0 0.5715338908450704 0.8911384976525821 0.0265625 0.0375
0 0.6420475072254336 0.568731936416185 0.0265625 0.0375
0 0.48828125 0.86875 0.0265625 0.0375
0 0.8096354166666666 0.8347222222222223 0.02343749999999991 0.0375
0 0.8474042338709677 0.8429435483870968 0.0265625 0.0375
0 0.8380292338709678 0.9679435483870968 0.0265625 0.0375
0 0.8541078629032258 0.749731182795699 0.0265625 0.0375
0 0.828125 0.43645833333333334 0.025 0.03958333333333333
0 0.8679346113445379 0.409375 0.025 0.03958333333333333
0 0.6127604166666667 0.052777777777777785 0.0234375 0.029166666666666674
0 0.6697472638248848 0.1470526113671275 0.0265625 0.03333333333333333
0 0.7720256266066838 0.06915167095115682 0.0265625 0.03333333333333334
0 0.7102442781690141 0.6355340375586854 0.0265625 0.03333333333333333
0 0.5913182218309859 0.4933392018779343 0.0265625 0.03333333333333333
0 0.4977442781690141 0.38940727699530514 0.0265625 0.03333333333333333
0 0.013857886904761908 0.2467013888888889 0.0265625 0.03333333333333333
0 0.22578125 0.309375 0.028125 0.0375
0 0.76015625 0.6041666666666666 0.0265625 0.03333333333333333
0 0.9932163783482142 0.7774135044642857 0.013567243303571352 0.0352585565476191
0 0.6588541666666667 0.5611111111111111 0.025 0.041666666666666664
0 0.58828125 0.11875 0.0296875 0.05
0 0.6015625 0.20625 0.025 0.04583333333333333
0 0.24453125 0.525 0.0359375 0.04583333333333333
0 0.24421875 0.4579166666666667 0.0328125 0.0375
0 0.85625 0.22395833333333334 0.0375 0.04375
0 0.508460115131579 0.7255550986842105 0.0421875 0.04375
1 0.57109375 0.13333333333333333 0.0890625 0.1125
1 0.3203125 0.21041666666666667 0.103125 0.09583333333333334
