0 0.26484375 0.4354166666666667 0.0265625 0.0375
0 0.23828125 0.5770833333333333 0.0265625 0.0375
0 0.24160171812749004 0.85625 0.0265625 0.0375
0 0.19453125 0.8458333333333333 0.0265625 0.0375
0 0.08359375 0.80625 0.0265625 0.0375
0 0.010744201030927835 0.7764712199312716 0.02148840206185567 0.035244845360824686
0 0.13515625 0.18958333333333333 0.0265625 0.0375
0 0.30703125 0.246875 0.0265625 0.041666666666666664
0 0.24398958333333334 0.15673333333333334 0.0265625 0.0375
0 0.2808734262589928 0.22237709832134292 0.0265625 0.0375
0 0.26412259615384615 0.3628205128205128 0.0265625 0.0375
0 0.53507618045388 0.9748932406051732 0.0265625 0.0375
0 0.6279536477695167 0.6052509293680297 0.0265625 0.0375
0 0.48828125 0.86875 0.0265625 0.0375
0 0.84296875 0.85625 0.0265625 0.0375
0 0.83359375 0.98125 0.0265625 0.0375
0 0.8495145909926471 0.7541666666666667 0.0265625 0.0375
0 0.828125 0.43645833333333334 0.025 0.03958333333333333
0 0.8657484243697479 0.409375 0.025 0.03958333333333333
0 0.6584435096153846 0.2064503205128205 0.0265625 0.03333333333333333
0 0.7648563002008032 0.09372489959839357 0.0265625 0.03333333333333333
0 0.71015625 0.6354166666666666 0.0265625 0.03333333333333333
0 0.5536938713592233 0.559789644012945 0.0296875 0.03333333333333333
0 0.47545012417218546 0.4172185430463576 0.0265625 0.03333333333333333
0 0.6540625 0.48166666666666663 0.028125 0.0375
0 0.9619270833333333 0.8936805555555555 0.0234375 0.035416666666666666
0 0.58828125 0.11875 0.0296875 0.05
0 0.6015625 0.20625 0.025 0.04583333333333333
0 0.85625 0.22395833333333334 0.0375 0.04375
0 0.83359375 0.115625 0.0296875 0.035416666666666666
0 0.49404960558252425 0.7475171925566343 0.0421875 0.04375
0 0.49961877147766326 0.03216280068728523 0.025 0.027083333333333334
0 0.50703125 0.015778186274509803 0.0296875 0.019056372549019606
0 0.36368783602150534 0.03818324372759856 0.0234375 0.027083333333333334
1 0.57109375 0.13333333333333333 0.0890625 0.1125
1 0.3203125 0.21041666666666667 0.103125 0.09583333333333334
