0 0.2722137721238938 0.42518436578171087 0.0265625 0.0375
0 0.23828125 0.5770833333333333 0.0265625 0.0375
0 0.24285669820717132 0.85625 0.0265625 0.0375
0 0.19453125 0.8458333333333333 0.0265625 0.0375
0 0.08359375 0.80625 0.0265625 0.0375
0 0.024686892023346303 0.73471546692607 0.0265625 0.0375
0 0.13515625 0.18958333333333333 0.0265625 0.0375
0 0.22120150862068963 0.17708333333333334 0.0265625 0.0375
0 0.2836543642241379 0.11311961206896551 0.0265625 0.0375
0 0.28370616007194244 0.21860011990407674 0.0265625 0.0375
0 0.30747168624161075 0.3135626398210291 0.0265625 0.0375
0 0.31085069444444446 0.3935185185185185 0.0265625 0.041666666666666664
0 0.5681640625 0.9014322916666667 0.0265625 0.0375
0 0.6406656430635838 0.5702673410404625 0.0265625 0.0375
0 0.48828125 0.86875 0.0265625 0.0375
0 0.8997395833333334 0.867361111111111 0.0234375 0.0375
0 0.8469571791725106 0.8442847124824684 0.0265625 0.0375
0 0.8375821791725105 0.9692847124824684 0.0265625 0.0375
0 0.8537725718793828 0.7501782374941561 0.0265625 0.0375
0 0.828125 0.43645833333333334 0.025 0.03958333333333333
0 0.867733718487395 0.409375 0.025 0.03958333333333333
0 0.6684938006072875 0.1524122807017544 0.0265625 0.03333333333333333
0 0.7726401831619537 0.0707904884318766 0.0265625 0.033333333333333326
0 0.71015625 0.6354166666666666 0.0265625 0.03333333333333333
0 0.5892915883458647 0.49727443609022554 0.0265625 0.03333333333333333
0 0.49765625 0.39451754385964916 0.0265625 0.03333333333333333
0 0.01328125 0.2574596774193549 0.0265625 0.03333333333333336
0 0.290625 0.3729166666666667 0.028125 0.0375
0 0.75859375 0.55 0.0265625 0.03333333333333333
0 0.9930121527777779 0.7889467592592593 0.0125 0.035416666666666666
0 0.7138020833333333 0.6166666666666667 0.0296875 0.041666666666666664
0 0.58828125 0.11875 0.0296875 0.05
0 0.6015625 0.20625 0.025 0.04583333333333333
0 0.23984375 0.45 0.0359375 0.04583333333333333
0 0.103125 0.334375 0.0328125 0.0375
0 0.85625 0.22395833333333334 0.0375 0.04375
0 0.5068873355263157 0.7280016447368421 0.0421875 0.04375
1 0.57109375 0.13333333333333333 0.0890625 0.1125
1 0.3203125 0.21041666666666667 0.103125 0.09583333333333334
