0 0.26484375 0.4354166666666667 0.0265625 0.0375
0 0.23828125 0.5770833333333333 0.0265625 0.0375
0 0.24155440737051795 0.85625 0.0265625 0.0375
0 0.19453125 0.8458333333333333 0.0265625 0.0375
0 0.08359375 0.80625 0.0265625 0.0375
0 0.00936694587628866 0.7795317869415808 0.01873389175257732 0.03402061855670103
0 0.13515625 0.18958333333333333 0.0265625 0.0375
0 0.31328125 0.2520833333333333 0.0265625 0.041666666666666664
0 0.24359375 0.158 0.0265625 0.0375
0 0.2807666366906475 0.22251948441247002 0.0265625 0.0375
0 0.2611864697802198 0.36412545787545786 0.0265625 0.0375
0 0.5352500457540263 0.9751250610053684 0.0265625 0.0375
0 0.6281191914498141 0.605545229244114 0.0265625 0.0375
0 0.48828125 0.86875 0.0265625 0.0375
0 0.84296875 0.85625 0.0265625 0.0375
0 0.83359375 0.98125 0.0265625 0.0375
0 0.8490234375 0.7541666666666667 0.0265625 0.0375
0 0.828125 0.43645833333333334 0.025 0.03958333333333333
0 0.865673581932773 0.409375 0.025 0.03958333333333333
0 0.6555889423076924 0.21025641025641026 0.0265625 0.03333333333333333
0 0.7643793925702811 0.09467871485943775 0.0265625 0.03333333333333333
0 0.71015625 0.6354166666666666 0.0265625 0.03333333333333333
0 0.5522527305825242 0.5640169902912622 0.0296875 0.03333333333333333
0 0.47466370033112587 0.41852924944812364 0.0265625 0.03333333333333333
0 0.696875 0.5166666666666667 0.028125 0.0375
0 0.9603068524096386 0.8993097389558233 0.0234375 0.035416666666666666
0 0.58828125 0.11875 0.0296875 0.05
0 0.6015625 0.20625 0.025 0.04583333333333333
0 0.85625 0.22395833333333334 0.0375 0.04375
0 0.83203125 0.07916666666666666 0.0296875 0.03333333333333333
0 0.49379740594660193 0.7478534587378641 0.0421875 0.04375
0 0.49829252577319594 0.03338702749140894 0.025 0.027083333333333338
0 0.50703125 0.01636029411764706 0.0296875 0.020220588235294115
0 0.3632409274193548 0.039885752688172044 0.0234375 0.027083333333333334
1 0.57109375 0.13333333333333333 0.0890625 0.1125
1 0.3203125 0.21041666666666667 0.103125 0.09583333333333334
