0 0.26484375 0.4354166666666667 0.0265625 0.0375
0 0.23828125 0.5770833333333333 0.0265625 0.0375
0 0.24174863047808764 0.85625 0.0265625 0.0375
0 0.19453125 0.8458333333333333 0.0265625 0.0375
0 0.08359375 0.80625 0.0265625 0.0375
0 0.013864907587548636 0.7689850843060959 0.0265625 0.0375
0 0.13515625 0.18958333333333333 0.0265625 0.0375
0 0.29515625 0.245 0.0265625 0.041666666666666664
0 0.24521874999999999 0.1528 0.0265625 0.0375
0 0.28120503597122304 0.2219349520383693 0.0265625 0.0375
0 0.27117598684210525 0.35778508771929823 0.0265625 0.0375
0 0.0150390625 0.54609375 0.026953125 0.050520833333333334
0 0.534536282942899 0.9741733772571987 0.0265625 0.0375
0 0.6274395910780669 0.6043370508054522 0.0265625 0.0375
0 0.48828125 0.86875 0.0265625 0.0375
0 0.8430564077840111 0.8559870266479663 0.0265625 0.0375
0 0.8336814077840111 0.9809870266479663 0.0265625 0.0375
0 0.8508469933380084 0.7540790088826554 0.0265625 0.0375
0 0.828125 0.43645833333333334 0.025 0.03958333333333333
0 0.8659808298319328 0.409375 0.025 0.03958333333333333
0 0.659966856060606 0.19160353535353536 0.0265625 0.03333333333333333
0 0.7663372238955823 0.09076305220883535 0.0265625 0.03333333333333333
0 0.71015625 0.6354166666666666 0.0265625 0.03333333333333333
0 0.5582836354961832 0.5482108778625955 0.029508587786259532 0.03333333333333333
0 0.4778921771523179 0.4131484547461369 0.0265625 0.03333333333333333
0 0.665625 0.54375 0.028125 0.0375
0 0.58046875 0.022916666666666665 0.0265625 0.03333333333333333
0 0.9671484375 0.8795833333333333 0.0234375 0.035416666666666666
0 0.58828125 0.11875 0.0296875 0.05
0 0.6015625 0.20625 0.025 0.04583333333333333
0 0.85625 0.22395833333333334 0.0375 0.04375
0 0.8888020833333334 0.16354166666666667 0.0328125 0.04375
0 0.49483275182038833 0.7464729975728156 0.0421875 0.04375
0 0.5037371134020618 0.028361254295532646 0.025 0.027083333333333334
0 0.5095880681818181 0.01477272727272727 0.0296875 0.01875
0 0.3650756048387097 0.03289650537634408 0.0234375 0.02708333333333333
1 0.57109375 0.13333333333333333 0.0890625 0.1125
1 0.3203125 0.21041666666666667 0.103125 0.09583333333333334
