0 0.26484375 0.4354166666666667 0.0265625 0.0375
0 0.23828125 0.5770833333333333 0.0265625 0.0375
0 0.2401500249003984 0.85625 0.0265625 0.0375
0 0.19453125 0.8458333333333333 0.0265625 0.0375
0 0.08359375 0.80625 0.0265625 0.0375
0 0.13515625 0.18958333333333333 0.0265625 0.0375
0 0.24453125 0.21875 0.0265625 0.041666666666666664
0 0.21155513743455495 0.1864746945898778 0.0265625 0.0375
0 0.26649070945945946 0.2579954954954955 0.0265625 0.0375
0 0.22234375 0.39666666666666667 0.0265625 0.0375
0 0.53984375 0.98125 0.0265625 0.0375
0 0.6297757583682009 0.6084902370990236 0.0265625 0.0375
0 0.48828125 0.86875 0.0265625 0.0375
0 0.84296875 0.85625 0.0265625 0.0375
0 0.83359375 0.98125 0.0265625 0.0375
0 0.84140625 0.7707107843137255 0.0265625 0.0375
0 0.828125 0.43645833333333334 0.025 0.03958333333333333
0 0.8640625 0.409375 0.025 0.03958333333333333
0 0.6286861287528869 0.2383901077752117 0.0265625 0.03333333333333333
0 0.7387709888059701 0.14284825870646767 0.0265625 0.03333333333333333
0 0.71015625 0.6354166666666666 0.0265625 0.03333333333333333
0 0.5003939075630253 0.6081232492997198 0.0296875 0.03333333333333333
0 0.459234440376569 0.46522838214783824 0.0265625 0.03333333333333333
0 0.58828125 0.11875 0.0296875 0.05
0 0.6015625 0.20625 0.025 0.04583333333333333
0 0.85625 0.22395833333333334 0.0375 0.04375
0 0.4863110588592233 0.7578352548543689 0.0421875 0.04375
0 0.7369904891304347 0.9203351449275362 0.0296875 0.03958333333333333
0 0.20225694444444448 0.8084490740740741 0.025000000000000022 0.03958333333333333
0 0.4823874755381604 0.04952503261578604 0.025 0.027083333333333334
0 0.5093934547244094 0.0281742125984252 0.0296875 0.03125000000000001
0 0.35703125 0.06354166666666666 0.0234375 0.027083333333333334
0 0.778125 0.27708333333333335 0.034375 0.03958333333333333
0 0.9749776785714286 0.033174603174603176 0.023616071428571316 0.03404761904761904
1 0.57109375 0.13333333333333333 0.0890625 0.1125
1 0.3203125 0.21041666666666667 0.103125 0.09583333333333334
