0 0.26484375 0.4354166666666667 0.0265625 0.0375
0 0.23828125 0.5770833333333333 0.0265625 0.0375
0 0.24117094123505978 0.85625 0.0265625 0.0375
0 0.19453125 0.8458333333333333 0.0265625 0.0375
0 0.08359375 0.80625 0.0265625 0.0375
0 0.005855823863636363 0.7985464015151515 0.011711647727272727 0.03230113636363636
0 0.13515625 0.18958333333333333 0.0265625 0.0375
0 0.32161458333333337 0.2247685185185185 0.0265625 0.041666666666666664
0 0.24038541666666666 0.16826666666666668 0.0265625 0.0375
0 0.2768468237704918 0.2305054644808743 0.0265625 0.0375
0 0.24705478556485355 0.3717660390516039 0.0265625 0.0375
0 0.5366592697657394 0.9770040263543192 0.0265625 0.0375
0 0.6294609665427509 0.6079306071871128 0.0265625 0.0375
0 0.48828125 0.86875 0.0265625 0.0375
0 0.84296875 0.85625 0.0265625 0.0375
0 0.83359375 0.98125 0.0265625 0.0375
0 0.8450425091911764 0.7541666666666667 0.0265625 0.0375
0 0.828125 0.43645833333333334 0.025 0.03958333333333333
0 0.8650669642857143 0.409375 0.025 0.03958333333333333
0 0.6430322662601626 0.23113143631436314 0.0265625 0.03333333333333333
0 0.7601959073604061 0.10203045685279188 0.0265625 0.03333333333333333
0 0.71015625 0.6354166666666666 0.0265625 0.03333333333333333
0 0.5346779336734694 0.5858418367346939 0.0296875 0.03333333333333333
0 0.4680027173913044 0.4291213768115942 0.0265625 0.03333333333333333
0 0.8189062500000001 0.40354166666666663 0.028125 0.0375
0 0.9461835488505747 0.9393558429118775 0.0234375 0.035416666666666666
0 0.58828125 0.11875 0.0296875 0.05
0 0.6015625 0.20625 0.025 0.04583333333333333
0 0.85625 0.22395833333333334 0.0375 0.04375
0 0.4917532615291262 0.7505789846278318 0.0421875 0.04375
0 0.946875 0.41770833333333335 0.028125 0.04375
0 0.4875429553264604 0.04330970790378007 0.025 0.027083333333333334
0 0.50703125 0.021078431372549018 0.0296875 0.029656862745098038
0 0.35961861559139785 0.0536850358422939 0.0234375 0.027083333333333327
1 0.57109375 0.13333333333333333 0.0890625 0.1125
1 0.3203125 0.21041666666666667 0.103125 0.09583333333333334
