0 0.26484375 0.4354166666666667 0.0265625 0.0375
0 0.23828125 0.5770833333333333 0.0265625 0.0375
0 0.24069285358565734 0.85625 0.0265625 0.0375
0 0.19453125 0.8458333333333333 0.0265625 0.0375
0 0.08359375 0.80625 0.0265625 0.0375
0 0.00546875 0.8104166666666667 0.0109375 0.03333333333333333
0 0.13515625 0.18958333333333333 0.0265625 0.0375
0 0.3028645833333333 0.21944444444444444 0.0265625 0.041666666666666664
0 0.22925347222222223 0.17349537037037036 0.0265625 0.0375
0 0.26996157786885244 0.24493169398907103 0.0265625 0.0375
0 0.23463541666666665 0.3819444444444445 0.0265625 0.0375
0 0.5384162243777453 0.9793466325036603 0.0265625 0.0375
0 0.6311338289962826 0.6109045848822799 0.0265625 0.0375
0 0.48828125 0.86875 0.0265625 0.0375
0 0.84296875 0.85625 0.0265625 0.0375
0 0.83359375 0.98125 0.0265625 0.0375
0 0.8400792738970588 0.7541666666666667 0.0265625 0.0375
0 0.828125 0.43645833333333334 0.025 0.03958333333333333
0 0.8643106617647058 0.409375 0.025 0.03958333333333333
0 0.6310461172055427 0.2362923402617398 0.0265625 0.03333333333333333
0 0.7549989073426573 0.1120920745920746 0.0265625 0.03333333333333333
0 0.71015625 0.6354166666666666 0.0265625 0.03333333333333333
0 0.5187774122807017 0.6002010233918129 0.0296875 0.03333333333333333
0 0.46189990942028986 0.4464170692431562 0.0265625 0.03333333333333333
0 0.9252338047445254 0.9767715936739659 0.0234375 0.035416666666666666
0 0.58828125 0.11875 0.0296875 0.05
0 0.6015625 0.20625 0.025 0.04583333333333333
0 0.85625 0.22395833333333334 0.0375 0.04375
0 0.4892047178398058 0.7539770428802589 0.0421875 0.04375
0 0.86296875 0.6985416666666667 0.0296875 0.03958333333333333
0 0.15427083333333333 0.9290972222222221 0.025 0.03958333333333333
0 0.1640625 0.928125 0.03125 0.03958333333333333
0 0.48438723091976515 0.04685869210697978 0.025 0.027083333333333334
0 0.5080524114173228 0.024598097112860894 0.0296875 0.03125000000000001
0 0.35703125 0.06354166666666666 0.0234375 0.027083333333333334
0 0.75390625 0.014583333333333334 0.0328125 0.029166666666666667
0 0.9859263392857143 0.016413690476190478 0.021183035714285835 0.024315476190476193
1 0.57109375 0.13333333333333333 0.0890625 0.1125
1 0.3203125 0.21041666666666667 0.103125 0.09583333333333334
