0 0.26484375 0.4354166666666667 0.0265625 0.0375
0 0.23828125 0.5770833333333333 0.0265625 0.0375
0 0.240042953187251 0.85625 0.0265625 0.0375
0 0.19453125 0.8458333333333333 0.0265625 0.0375
0 0.08359375 0.80625 0.0265625 0.0375
0 0.13515625 0.18958333333333333 0.0265625 0.0375
0 0.21640625 0.22291666666666668 0.0265625 0.041666666666666664
0 0.20944453534031413 0.19116492146596858 0.0265625 0.0375
0 0.2638671875 0.26375 0.0265625 0.0375
0 0.2188891267123288 0.39877283105022826 0.0265625 0.0375
0 0.53984375 0.98125 0.0265625 0.0375
0 0.6289324006276151 0.6069909344490935 0.0265625 0.0375
0 0.48828125 0.86875 0.0265625 0.0375
0 0.84296875 0.85625 0.0265625 0.0375
0 0.83359375 0.98125 0.0265625 0.0375
0 0.84140625 0.7759803921568628 0.0265625 0.0375
0 0.828125 0.43645833333333334 0.025 0.03958333333333333
0 0.8640625 0.409375 0.025 0.03958333333333333
0 0.628220626443418 0.23880388760585064 0.0265625 0.03333333333333333
0 0.73671875 0.14895833333333333 0.0265625 0.03333333333333333
0 0.71015625 0.6354166666666666 0.0265625 0.03333333333333333
0 0.49615940126050423 0.6103816526610645 0.0296875 0.03333333333333333
0 0.4589533211297071 0.46860181311018134 0.0265625 0.03333333333333333
0 0.58828125 0.11875 0.0296875 0.05
0 0.6015625 0.20625 0.025 0.04583333333333333
0 0.85625 0.22395833333333334 0.0375 0.04375
0 0.4857402912621359 0.758596278317152 0.0421875 0.04375
0 0.7115767045454546 0.9463068181818183 0.0296875 0.03958333333333333
0 0.21458333333333335 0.7443287037037037 0.025 0.03958333333333333
0 0.4819930283757339 0.05005096216568819 0.025 0.027083333333333334
0 0.5096579724409449 0.028879593175853018 0.0296875 0.03125
0 0.35703125 0.06354166666666666 0.0234375 0.027083333333333334
0 0.80390625 0.31666666666666665 0.034375 0.03958333333333333
0 0.9728180803571428 0.036480654761904756 0.02409598214285715 0.0359672619047619
1 0.57109375 0.13333333333333333 0.0890625 0.1125
1 0.3203125 0.21041666666666667 0.103125 0.09583333333333334
