0 0.26484375 0.4354166666666667 0.0265625 0.0375
0 0.23828125 0.5770833333333333 0.0265625 0.0375
0 0.24044633964143425 0.85625 0.0265625 0.0375
0 0.19453125 0.8458333333333333 0.0265625 0.0375
0 0.08359375 0.80625 0.0265625 0.0375
0 0.13515625 0.18958333333333333 0.0265625 0.0375
0 0.2875 0.20416666666666666 0.0265625 0.041666666666666664
0 0.21974676724137931 0.17636494252873564 0.0265625 0.0375
0 0.26853170955882355 0.2498314950980392 0.0265625 0.03749999999999997
0 0.22896484374999998 0.38539062500000004 0.0265625 0.0375
0 0.5393221540995607 0.9805545387994143 0.0265625 0.0375
0 0.6319963986988848 0.6124380421313507 0.0265625 0.0375
0 0.48828125 0.86875 0.0265625 0.0375
0 0.84296875 0.85625 0.0265625 0.0375
0 0.83359375 0.98125 0.0265625 0.0375
0 0.8375201056985293 0.7541666666666667 0.0265625 0.0375
0 0.828125 0.43645833333333334 0.025 0.03958333333333333
0 0.8640625 0.409375 0.025 0.03958333333333333
0 0.629974379330254 0.2372449961508853 0.0265625 0.03333333333333333
0 0.7539171765734266 0.12074592074592075 0.0265625 0.03333333333333333
0 0.71015625 0.6354166666666666 0.0265625 0.03333333333333333
0 0.5119928728070176 0.6020102339181287 0.0296875 0.03333333333333333
0 0.46001242154811717 0.45589260808926085 0.0265625 0.03333333333333333
0 0.9133316532258065 0.9896841397849463 0.025655241935483807 0.020631720430107473
0 0.58828125 0.11875 0.0296875 0.05
0 0.6015625 0.20625 0.025 0.04583333333333333
0 0.85625 0.22395833333333334 0.0375 0.04375
0 0.487890625 0.7557291666666667 0.0421875 0.04375
0 0.8171274038461538 0.8154647435897435 0.0296875 0.03958333333333333
0 0.175 0.8494212962962963 0.025 0.03958333333333333
0 0.06510416666666666 0.8274305555555556 0.03125 0.03958333333333333
0 0.48347908512720156 0.04806955316373125 0.025 0.027083333333333334
0 0.5086614173228347 0.02622211286089239 0.0296875 0.03125000000000001
0 0.35703125 0.06354166666666666 0.0234375 0.027083333333333334
0 0.75 0.14479166666666668 0.021875 0.03958333333333333
0 0.9809542410714286 0.024025297619047623 0.02228794642857146 0.02873511904761905
1 0.57109375 0.13333333333333333 0.0890625 0.1125
1 0.3203125 0.21041666666666667 0.103125 0.09583333333333334
