0 0.26484375 0.4354166666666667 0.0265625 0.0375
0 0.23828125 0.5770833333333333 0.0265625 0.0375
0 0.24005291334661355 0.85625 0.0265625 0.0375
0 0.19453125 0.8458333333333333 0.0265625 0.0375
0 0.08359375 0.80625 0.0265625 0.0375
0 0.13515625 0.18958333333333333 0.0265625 0.0375
0 0.22421875 0.22291666666666668 0.0265625 0.041666666666666664
0 0.20964087041884816 0.19072862129144852 0.0265625 0.0375
0 0.26412760416666664 0.26319444444444445 0.0265625 0.037500000000000026
0 0.21914597602739727 0.39843036529680365 0.0265625 0.0375
0 0.53984375 0.98125 0.0265625 0.0375
0 0.6290108525104603 0.6071304044630405 0.0265625 0.0375
0 0.48828125 0.86875 0.0265625 0.0375
0 0.84296875 0.85625 0.0265625 0.0375
0 0.83359375 0.98125 0.0265625 0.0375
0 0.84140625 0.7754901960784314 0.0265625 0.0375
0 0.828125 0.43645833333333334 0.025 0.03958333333333333
0 0.8640625 0.409375 0.025 0.03958333333333333
0 0.6282639289838337 0.23876539645881448 0.0265625 0.03333333333333333
0 0.73671875 0.14849537037037036 0.0265625 0.03333333333333332
0 0.71015625 0.6354166666666666 0.0265625 0.03333333333333333
0 0.49655330882352944 0.6101715686274509 0.0296875 0.03333333333333333
0 0.4589794717573222 0.46828800557880057 0.0265625 0.03333333333333333
0 0.58828125 0.11875 0.0296875 0.05
0 0.6015625 0.20625 0.025 0.04583333333333333
0 0.85625 0.22395833333333334 0.0375 0.04375
0 0.48579338592233007 0.7585254854368932 0.0421875 0.04375
0 0.71328125 0.9447916666666667 0.0296875 0.03958333333333333
0 0.21666666666666665 0.7508101851851853 0.025 0.03958333333333333
0 0.4820297211350294 0.05000203848662753 0.025 0.027083333333333334
0 0.5096333661417323 0.028813976377952754 0.0296875 0.03125
0 0.35703125 0.06354166666666666 0.0234375 0.027083333333333334
0 0.796875 0.3177083333333333 0.034375 0.03958333333333333
0 0.9730189732142858 0.03617311507936508 0.024051339285714235 0.03578869047619048
1 0.57109375 0.13333333333333333 0.0890625 0.1125
1 0.3203125 0.21041666666666667 0.103125 0.09583333333333334
