0 0.27092855176211456 0.4293318649045521 0.0265625 0.0375
0 0.23828125 0.5770833333333333 0.0265625 0.0375
0 0.2426400647410359 0.85625 0.0265625 0.0375
0 0.19453125 0.8458333333333333 0.0265625 0.0375
0 0.08359375 0.80625 0.0265625 0.0375
0 0.02257113326848249 0.7414153696498055 0.0265625 0.0375
0 0.13515625 0.18958333333333333 0.0265625 0.0375
0 0.22249177631578948 0.17763157894736842 0.0265625 0.041666666666666664
0 0.27252155172413794 0.12015086206896551 0.0265625 0.0375
0 0.2832171762589928 0.21925209832134293 0.0265625 0.0375
0 0.29926069630872487 0.3196448545861298 0.0265625 0.0375
0 0.24609375 0.46979166666666666 0.028125 0.04583333333333333
0 0.5579935844370861 0.9228614790286975 0.0265625 0.0375
0 0.6383083453757226 0.5728865606936416 0.0265625 0.0375
0 0.48828125 0.86875 0.0265625 0.0375
0 0.846194556451613 0.8465725806451613 0.0265625 0.0375
0 0.836819556451613 0.9715725806451613 0.0265625 0.0375
0 0.8532006048387096 0.7509408602150537 0.0265625 0.0375
0 0.828125 0.43645833333333334 0.025 0.03958333333333333
0 0.8673910189075631 0.409375 0.025 0.03958333333333333
0 0.6662923836032388 0.1619517543859649 0.0265625 0.03333333333333333
0 0.773688544344473 0.07358611825192801 0.0265625 0.03333333333333333
0 0.71015625 0.6354166666666666 0.0265625 0.03333333333333333
0 0.585203242481203 0.5040883458646617 0.0265625 0.03333333333333333
0 0.49765625 0.40405701754385964 0.0265625 0.03333333333333333
0 0.012360197368421052 0.2719078947368421 0.024720394736842104 0.03333333333333333
0 0.3494791666666667 0.4270833333333333 0.028125 0.0375
0 0.78203125 0.4270833333333333 0.0265625 0.03333333333333333
0 0.9885140467171716 0.8113531144781145 0.015206755050505016 0.035416666666666666
0 0.75234375 0.8145833333333333 0.0296875 0.041666666666666664
0 0.58828125 0.11875 0.0296875 0.05
0 0.6015625 0.20625 0.025 0.04583333333333333
0 0.18203125 0.3263888888888889 0.0359375 0.04583333333333333
0 0.85625 0.22395833333333334 0.0375 0.04375
0 0.5042043585526316 0.7321751644736842 0.0421875 0.04375
1 0.57109375 0.13333333333333333 0.0890625 0.1125
1 0.3203125 0.21041666666666667 0.103125 0.09583333333333334
