0 0.26484375 0.4354166666666667 0.0265625 0.0375
0 0.23828125 0.5770833333333333 0.0265625 0.0375
0 0.2410464392430279 0.85625 0.0265625 0.0375
0 0.19453125 0.8458333333333333 0.0265625 0.0375
0 0.08359375 0.80625 0.0265625 0.0375
0 0.005678267045454545 0.8039914772727272 0.01135653409090909 0.03277462121212113
0 0.13515625 0.18958333333333333 0.0265625 0.0375
0 0.312890625 0.22552083333333334 0.0265625 0.041666666666666664
0 0.23934375000000002 0.1716 0.0265625 0.0375
0 0.27505379098360655 0.2342622950819672 0.0265625 0.0375
0 0.2434590742677824 0.3739452580195258 0.0265625 0.0375
0 0.5371168100292826 0.9776140800390434 0.0265625 0.0375
0 0.6298966078066914 0.6087050805452293 0.0265625 0.0375
0 0.48828125 0.86875 0.0265625 0.0375
0 0.84296875 0.85625 0.0265625 0.0375
0 0.83359375 0.98125 0.0265625 0.0375
0 0.84375 0.7541666666666667 0.0265625 0.0375
0 0.828125 0.43645833333333334 0.025 0.03958333333333333
0 0.8648700105042018 0.409375 0.025 0.03958333333333333
0 0.637609375 0.23329166666666667 0.0265625 0.03333333333333333
0 0.7586096129441624 0.10414551607445008 0.0265625 0.03333333333333333
0 0.71015625 0.6354166666666666 0.0265625 0.03333333333333333
0 0.5292124155405405 0.5907798423423424 0.0296875 0.03333333333333333
0 0.4654551630434782 0.432518115942029 0.0265625 0.03333333333333333
0 0.8578125 0.40208333333333335 0.028125 0.0375
0 0.9416936063218391 0.9507303639846743 0.0234375 0.035416666666666666
0 0.58828125 0.11875 0.0296875 0.05
0 0.6015625 0.20625 0.025 0.04583333333333333
0 0.85625 0.22395833333333334 0.0375 0.04375
0 0.49108957827669897 0.751463895631068 0.0421875 0.04375
0 0.9416294642857143 0.5230654761904762 0.0296875 0.039583333333333276
0 0.14495738636363636 0.9792613636363636 0.0203125 0.03125
0 0.48568982387475534 0.045121901500326154 0.025 0.02708333333333333
0 0.5071788877952755 0.022268700787401573 0.0296875 0.03125
0 0.35844254032258066 0.05816532258064517 0.0234375 0.02708333333333334
1 0.57109375 0.13333333333333333 0.0890625 0.1125
1 0.3203125 0.21041666666666667 0.103125 0.09583333333333334
