0 0.26484375 0.4354166666666667 0.0265625 0.0375
0 0.23828125 0.5770833333333333 0.0265625 0.0375
0 0.24016496513944224 0.85625 0.0265625 0.0375
0 0.19453125 0.8458333333333333 0.0265625 0.0375
0 0.08359375 0.80625 0.0265625 0.0375
0 0.13515625 0.18958333333333333 0.0265625 0.0375
0 0.24453125 0.19791666666666666 0.0265625 0.041666666666666664
0 0.21184964005235601 0.18582024432809774 0.02656249999999998 0.0375
0 0.26661739864864864 0.25748873873873873 0.0265625 0.03749999999999997
0 0.22285511363636362 0.3964393939393939 0.0265625 0.0375
0 0.53984375 0.98125 0.0265625 0.0375
0 0.6298934361924686 0.6086994421199442 0.0265625 0.0375
0 0.48828125 0.86875 0.0265625 0.0375
0 0.84296875 0.85625 0.0265625 0.0375
0 0.83359375 0.98125 0.0265625 0.0375
0 0.84140625 0.7699754901960784 0.0265625 0.0375
0 0.828125 0.43645833333333334 0.025 0.03958333333333333
0 0.8640625 0.409375 0.025 0.03958333333333333
0 0.6287510825635103 0.23833237105465743 0.0265625 0.03333333333333333
0 0.739540578358209 0.14172885572139304 0.0265625 0.03333333333333335
0 0.71015625 0.6354166666666666 0.0265625 0.03333333333333333
0 0.500984768907563 0.6078081232492997 0.0296875 0.03333333333333333
0 0.45927366631799166 0.46475767085076714 0.0265625 0.03333333333333333
0 0.58828125 0.11875 0.0296875 0.05
0 0.6015625 0.20625 0.025 0.04583333333333333
0 0.85625 0.22395833333333334 0.0375 0.04375
0 0.4863907008495145 0.7577290655339807 0.0421875 0.04375
0 0.7410665760869566 0.9159873188405797 0.0296875 0.03958333333333333
0 0.19901315789473686 0.8076206140350877 0.025000000000000022 0.03958333333333333
0 0.4824425146771037 0.049451647097195045 0.025 0.027083333333333334
0 0.5093565452755906 0.0280757874015748 0.0296875 0.031249999999999997
0 0.35703125 0.06354166666666666 0.0234375 0.027083333333333334
0 0.790625 0.2552083333333333 0.034375 0.03958333333333333
0 0.9752790178571427 0.03271329365079365 0.023549107142857118 0.03377976190476191
1 0.57109375 0.13333333333333333 0.0890625 0.1125
1 0.3203125 0.21041666666666667 0.103125 0.09583333333333334
