0 0.26484375 0.4354166666666667 0.0265625 0.0375
0 0.23828125 0.5770833333333333 0.0265625 0.0375
0 0.2409144671314741 0.85625 0.0265625 0.0375
0 0.19453125 0.8458333333333333 0.0265625 0.0375
0 0.08359375 0.80625 0.0265625 0.0375
0 0.005490056818181818 0.8097632575757576 0.010980113636363637 0.0332765151515152
0 0.13515625 0.18958333333333333 0.0265625 0.0375
0 0.3103481359649123 0.22266081871345028 0.0265625 0.041666666666666664
0 0.2380828373015873 0.17496693121693122 0.0265625 0.0375
0 0.2731531762295082 0.2382445355191257 0.0265625 0.0375
0 0.23964762029288705 0.376255230125523 0.0265625 0.0375
0 0.5376018027086384 0.9782607369448512 0.0265625 0.0375
0 0.6303583875464683 0.6095260223048327 0.0265625 0.0375
0 0.48828125 0.86875 0.0265625 0.0375
0 0.84296875 0.85625 0.0265625 0.0375
0 0.83359375 0.98125 0.0265625 0.0375
0 0.8423799402573529 0.7541666666666667 0.0265625 0.0375
0 0.828125 0.43645833333333334 0.025 0.03958333333333333
0 0.8646612394957984 0.409375 0.025 0.03958333333333333
0 0.6320095987297922 0.23543591224018476 0.0265625 0.03333333333333333
0 0.7569281408629441 0.10638747884940777 0.0265625 0.03333333333333333
0 0.71015625 0.6354166666666666 0.0265625 0.03333333333333333
0 0.525295608108108 0.5945101351351351 0.0296875 0.03333333333333333
0 0.46391530797101443 0.43745974235104673 0.0265625 0.03333333333333333
0 0.921875 0.3875 0.028125 0.0375
0 0.9363994069343067 0.9618841240875913 0.0234375 0.035416666666666666
0 0.58828125 0.11875 0.0296875 0.05
0 0.6015625 0.20625 0.025 0.04583333333333333
0 0.85625 0.22395833333333334 0.0375 0.04375
0 0.4903860740291262 0.7524019012944984 0.0421875 0.04375
0 0.90546875 0.5822916666666667 0.0296875 0.03958333333333333
0 0.1400799418604651 0.9490067829457364 0.025 0.03958333333333333
0 0.48520364481409006 0.045770140247879974 0.025 0.027083333333333334
0 0.5075049212598425 0.023138123359580053 0.0296875 0.03125
0 0.3571959005376344 0.0629144265232975 0.0234375 0.02708333333333334
1 0.57109375 0.13333333333333333 0.0890625 0.1125
1 0.3203125 0.21041666666666667 0.103125 0.09583333333333334
