0 0.26484375 0.4354166666666667 0.0265625 0.0375
0 0.23828125 0.5770833333333333 0.0265625 0.0375
0 0.24088458665338647 0.85625 0.0265625 0.0375
0 0.19453125 0.8458333333333333 0.0265625 0.0375
0 0.08359375 0.80625 0.0265625 0.0375
0 0.00546875 0.8104166666666667 0.0109375 0.03333333333333333
0 0.13515625 0.18958333333333333 0.0265625 0.0375
0 0.30981657608695656 0.222463768115942 0.0265625 0.041666666666666664
0 0.23689236111111112 0.17476851851851852 0.0265625 0.0375
0 0.27272284836065575 0.239146174863388 0.0265625 0.0375
0 0.23878464958158996 0.3767782426778243 0.0265625 0.0375
0 0.5377116123718888 0.978407149829185 0.0265625 0.0375
0 0.6304629414498141 0.6097118959107807 0.0265625 0.0375
0 0.48828125 0.86875 0.0265625 0.0375
0 0.84296875 0.85625 0.0265625 0.0375
0 0.83359375 0.98125 0.0265625 0.0375
0 0.8420697380514707 0.7541666666666667 0.0265625 0.0375
0 0.828125 0.43645833333333334 0.025 0.03958333333333333
0 0.8646139705882353 0.409375 0.025 0.03958333333333333
0 0.631879691108545 0.2355513856812933 0.0265625 0.03333333333333333
0 0.7565474302030457 0.10689509306260575 0.0265625 0.03333333333333333
0 0.71015625 0.6354166666666666 0.0265625 0.03333333333333333
0 0.5244087837837837 0.5953547297297297 0.0296875 0.03333333333333333
0 0.46364356884057967 0.43866747181964577 0.0265625 0.03333333333333333
0 0.939453125 0.3734375 0.028125 0.0375
0 0.9348939324817518 0.9638914233576642 0.0234375 0.035416666666666666
0 0.58828125 0.11875 0.0296875 0.05
0 0.6015625 0.20625 0.025 0.04583333333333333
0 0.85625 0.22395833333333334 0.0375 0.04375
0 0.49022679004854364 0.7526142799352751 0.0421875 0.04375
0 0.9177455357142857 0.5956845238095239 0.0296875 0.03958333333333333
0 0.14095203488372093 0.9472625968992249 0.025 0.03958333333333333
0 0.48509356653620356 0.045916911285061965 0.025 0.02708333333333333
0 0.5075787401574803 0.023334973753280842 0.0296875 0.03125
0 0.35703125 0.06354166666666666 0.0234375 0.027083333333333334
0 0.9897935267857143 0.010493551587301588 0.020323660714285728 0.02087797619047619
1 0.57109375 0.13333333333333333 0.0890625 0.1125
1 0.3203125 0.21041666666666667 0.103125 0.09583333333333334
