0 0.26657833149779736 0.4336820851688693 0.0265625 0.0375
0 0.23828125 0.5770833333333333 0.0265625 0.0375
0 0.24224663844621513 0.85625 0.0265625 0.0375
0 0.19453125 0.8458333333333333 0.0265625 0.0375
0 0.08359375 0.80625 0.0265625 0.0375
0 0.018728720817120625 0.753583009079118 0.0265625 0.0375
0 0.13515625 0.18958333333333333 0.0265625 0.0375
0 0.2334735576923077 0.1873397435897436 0.0265625 0.041666666666666664
0 0.257666015625 0.1345703125 0.0265625 0.0375
0 0.28232913669064746 0.2204361510791367 0.0265625 0.0375
0 0.2862456424302789 0.33604747675962815 0.0265625 0.0375
0 0.1546875 0.5229166666666667 0.028125 0.05
0 0.54306640625 0.9546730324074074 0.0265625 0.0375
0 0.6361030190677966 0.5841454802259887 0.0265625 0.0375
0 0.48828125 0.86875 0.0265625 0.0375
0 0.8448095634642356 0.8507275596072931 0.0265625 0.0375
0 0.8354345634642357 0.9757275596072931 0.0265625 0.0375
0 0.8521618600981767 0.752325853202431 0.0265625 0.0375
0 0.828125 0.43645833333333334 0.025 0.03958333333333333
0 0.8667686449579832 0.409375 0.025 0.03958333333333333
0 0.6627536525974026 0.1774621212121212 0.0265625 0.03333333333333333
0 0.7713573042168675 0.08072289156626505 0.0265625 0.03333333333333333
0 0.71015625 0.6354166666666666 0.0265625 0.03333333333333333
0 0.574982108778626 0.5243559160305343 0.027123091603053418 0.03333333333333328
0 0.488111016536965 0.40543936446173795 0.0265625 0.03333333333333333
0 0.005796875 0.30272916666666666 0.01159375 0.03512500000000003
0 0.4734375 0.475 0.028125 0.0375
0 0.75703125 0.1625 0.0265625 0.03333333333333333
0 0.9771743222891566 0.8442896586345382 0.0234375 0.035416666666666666
0 0.58828125 0.11875 0.0296875 0.05
0 0.6015625 0.20625 0.025 0.04583333333333333
0 0.0640625 0.096875 0.0296875 0.03958333333333333
0 0.85625 0.22395833333333334 0.0375 0.04375
0 0.4993318256578948 0.7397546600877193 0.0421875 0.04375
0 0.5013690476190475 0.021703042328042328 0.025 0.027083333333333334
0 0.27890625 0.22291666666666668 0.028125 0.0375
0 0.5190577651515151 0.011616161616161616 0.0296875 0.01875
0 0.37140625 0.015572916666666667 0.0234375 0.02364583333333333
1 0.57109375 0.13333333333333333 0.0890625 0.1125
1 0.3203125 0.21041666666666667 0.103125 0.09583333333333334
