0 0.2732508296460177 0.4214970501474926 0.0265625 0.0375
0 0.23828125 0.5779636150234742 0.0265625 0.0375
0 0.2434088908450704 0.8550762910798123 0.0265625 0.0375
0 0.19453125 0.8458333333333333 0.0265625 0.0375
0 0.08359375 0.80625 0.0265625 0.0375
0 0.02644146126760564 0.7306631455399061 0.0265625 0.0375
0 0.13515625 0.18958333333333333 0.0265625 0.0375
0 0.21796875 0.16576086956521738 0.0265625 0.0375
0 0.29325161637931035 0.10705818965517241 0.0265625 0.0375
0 0.2841276978417266 0.2180380695443645 0.0265625 0.0375
0 0.3121588908450704 0.3095363849765258 0.0265625 0.0375
0 0.34661458333333334 0.3576388888888889 0.0265625 0.041666666666666664
0 0.5732944542253521 0.8890258215962441 0.0265625 0.0375
0 0.6426977962427746 0.5680093930635838 0.0265625 0.0375
0 0.48828125 0.86875 0.0265625 0.0375
0 0.77109375 0.8125 0.0234375 0.0375
0 0.8476146125525947 0.842312412342216 0.0265625 0.0375
0 0.8382396125525947 0.967312412342216 0.0265625 0.0375
0 0.854265646914446 0.749520804114072 0.0265625 0.0375
0 0.828125 0.43645833333333334 0.025 0.03958333333333333
0 0.8680291491596639 0.409375 0.025 0.03958333333333333
0 0.606640625 0.10885416666666667 0.0234375 0.035416666666666666
0 0.6702656970046083 0.14497887864823347 0.0265625 0.03333333333333333
0 0.7717364235218509 0.06838046272493574 0.0265625 0.03333333333333333
0 0.7105963908450704 0.6360035211267605 0.0265625 0.03333333333333333
0 0.5909661091549296 0.49169600938967134 0.0265625 0.03333333333333333
0 0.4980963908450704 0.38870305164319247 0.0265625 0.03333333333333333
0 0.014304315476190477 0.24253472222222222 0.0265625 0.03333333333333333
0 0.20338541666666665 0.3090277777777778 0.028124999999999976 0.0375
0 0.77734375 0.6416666666666667 0.0265625 0.03333333333333333
0 0.9924630301339284 0.7764090401785715 0.015073939732142883 0.035035342261904745
0 0.6578125 0.5125 0.025 0.041666666666666664
0 0.58828125 0.11875 0.0296875 0.05
0 0.6015625 0.20625 0.025 0.04583333333333333
0 0.241796875 0.5572916666666666 0.0359375 0.04583333333333333
0 0.29921875 0.475 0.0328125 0.0375
0 0.85625 0.22395833333333334 0.0375 0.04375
0 0.5092002467105263 0.7244037828947368 0.0421875 0.04375
1 0.57109375 0.13333333333333333 0.0890625 0.1125
1 0.3203125 0.21041666666666667 0.103125 0.09583333333333334
