0 0.26484375 0.4354166666666667 0.0265625 0.0375
0 0.23828125 0.5770833333333333 0.0265625 0.0375
0 0.24148468625498007 0.85625 0.0265625 0.0375
0 0.19453125 0.8458333333333333 0.0265625 0.0375
0 0.08359375 0.80625 0.0265625 0.0375
0 0.007337306701030928 0.7840420962199313 0.014674613402061856 0.03221649484536092
0 0.13515625 0.18958333333333333 0.0265625 0.0375
0 0.30546875 0.24340277777777777 0.0265625 0.041666666666666664
0 0.24301041666666667 0.15986666666666668 0.0265625 0.0375
0 0.280609262589928 0.2227293165467626 0.0265625 0.0375
0 0.2568595467032967 0.3660485347985348 0.0265625 0.0375
0 0.5355062683016105 0.975466691068814 0.0265625 0.0375
0 0.6283631505576208 0.6059789343246592 0.0265625 0.0375
0 0.48828125 0.86875 0.0265625 0.0375
0 0.84296875 0.85625 0.0265625 0.0375
0 0.83359375 0.98125 0.0265625 0.0375
0 0.8482996323529411 0.7541666666666667 0.0265625 0.0375
0 0.828125 0.43645833333333334 0.025 0.03958333333333333
0 0.865563287815126 0.409375 0.025 0.03958333333333333
0 0.6513822115384615 0.2158653846153846 0.0265625 0.03333333333333333
0 0.7636765813253013 0.09608433734939759 0.0265625 0.03333333333333333
0 0.71015625 0.6354166666666666 0.0265625 0.03333333333333333
0 0.5501289441747572 0.5702467637540454 0.0296875 0.03333333333333333
0 0.47350475993377483 0.42046081677704195 0.0265625 0.03333333333333333
0 0.68125 0.465625 0.028125 0.0375
0 0.9576713102409637 0.9077434738955823 0.0234375 0.035416666666666666
0 0.58828125 0.11875 0.0296875 0.05
0 0.6015625 0.20625 0.025 0.04583333333333333
0 0.85625 0.22395833333333334 0.0375 0.04375
0 0.8033854166666666 0.06458333333333334 0.029687499999999912 0.03333333333333333
0 0.49342574332524275 0.7483490088996764 0.0421875 0.04375
0 0.496338058419244 0.03519115120274914 0.025 0.027083333333333334
0 0.50703125 0.017218137254901962 0.0296875 0.02193627450980392
0 0.36258232526881723 0.04239471326164875 0.0234375 0.027083333333333338
1 0.57109375 0.13333333333333333 0.0890625 0.1125
1 0.3203125 0.21041666666666667 0.103125 0.09583333333333334
