0 0.26484375 0.4354166666666667 0.0265625 0.0375
0 0.23828125 0.5770833333333333 0.0265625 0.0375
0 0.24126307270916336 0.85625 0.0265625 0.0375
0 0.19453125 0.8458333333333333 0.0265625 0.0375
0 0.08359375 0.80625 0.0265625 0.0375
0 0.005987215909090909 0.7945170454545455 0.011974431818181818 0.031950757575757646
0 0.13515625 0.18958333333333333 0.0265625 0.0375
0 0.31046874999999996 0.23 0.0265625 0.041666666666666664
0 0.24115625000000002 0.1658 0.0265625 0.0375
0 0.27817366803278687 0.22772540983606557 0.0265625 0.0375
0 0.24971561192468622 0.3701534170153417 0.0265625 0.0375
0 0.5363206899707175 0.9765525866276232 0.0265625 0.0375
0 0.6291385920074349 0.6073574969021066 0.0265625 0.0375
0 0.48828125 0.86875 0.0265625 0.0375
0 0.84296875 0.85625 0.0265625 0.0375
0 0.83359375 0.98125 0.0265625 0.0375
0 0.8459989659926471 0.7541666666666667 0.0265625 0.0375
0 0.828125 0.43645833333333334 0.025 0.03958333333333333
0 0.8652127100840336 0.409375 0.025 0.03958333333333333
0 0.6453823678861789 0.22674457994579947 0.0265625 0.03333333333333333
0 0.7613697652284264 0.1004653130287648 0.0265625 0.03333333333333333
0 0.71015625 0.6354166666666666 0.0265625 0.03333333333333333
0 0.5393973214285714 0.5816468253968254 0.0296875 0.03333333333333333
0 0.46982098509933773 0.42660044150110377 0.0265625 0.03333333333333333
0 0.76875 0.3645833333333333 0.028125 0.0375
0 0.9495061063218391 0.9309386973180076 0.0234375 0.035416666666666666
0 0.58828125 0.11875 0.0296875 0.05
0 0.6015625 0.20625 0.025 0.04583333333333333
0 0.85625 0.22395833333333334 0.0375 0.04375
0 0.49224438713592233 0.7499241504854369 0.0421875 0.04375
0 0.965625 0.3996527777777778 0.028125 0.04375
0 0.4901256443298969 0.04092568728522337 0.025 0.027083333333333334
0 0.50703125 0.019944852941176473 0.0296875 0.027389705882352944
0 0.36048891129032257 0.05036962365591398 0.0234375 0.027083333333333334
1 0.57109375 0.13333333333333333 0.0890625 0.1125
1 0.3203125 0.21041666666666667 0.103125 0.09583333333333334
