0 0.26484375 0.4354166666666667 0.0265625 0.0375
0 0.23828125 0.5770833333333333 0.0265625 0.0375
0 0.24055839143426297 0.85625 0.0265625 0.0375
0 0.19453125 0.8458333333333333 0.0265625 0.0375
0 0.08359375 0.80625 0.0265625 0.0375
0 0.13515625 0.18958333333333333 0.0265625 0.0375
0 0.29557291666666663 0.21041666666666667 0.0265625 0.041666666666666664
0 0.22398976293103448 0.1739403735632184 0.0265625 0.0375
0 0.2690487132352941 0.24776348039215684 0.0265625 0.0375
0 0.2316015625 0.38421875 0.0265625 0.0375
0 0.5389103678623719 0.9800054904831624 0.0265625 0.0375
0 0.6316043215613383 0.6117410161090459 0.0265625 0.0375
0 0.48828125 0.86875 0.0265625 0.0375
0 0.84296875 0.85625 0.0265625 0.0375
0 0.83359375 0.98125 0.0265625 0.0375
0 0.8386833639705882 0.7541666666666667 0.0265625 0.0375
0 0.828125 0.43645833333333334 0.025 0.03958333333333333
0 0.8640979516806724 0.409375 0.025 0.03958333333333333
0 0.6304615329099307 0.23681197074672825 0.0265625 0.03333333333333333
0 0.7544088723776224 0.1168123543123543 0.0265625 0.03333333333333333
0 0.71015625 0.6354166666666666 0.0265625 0.03333333333333333
0 0.5150767543859649 0.601187865497076 0.0296875 0.03333333333333333
0 0.4606770833333333 0.45185185185185184 0.0265625 0.03333333333333333
0 0.9186239919354839 0.984643817204301 0.024143145161290215 0.030712365591397863
0 0.58828125 0.11875 0.0296875 0.05
0 0.6015625 0.20625 0.025 0.04583333333333333
0 0.85625 0.22395833333333334 0.0375 0.04375
0 0.4884879399271845 0.754932746763754 0.0421875 0.04375
0 0.839453125 0.7744791666666667 0.0296875 0.03958333333333333
0 0.1375 0.8635416666666667 0.025 0.03958333333333333
0 0.1084375 0.905625 0.031250000000000014 0.03958333333333333
0 0.48389187866927597 0.047519161774298754 0.025 0.027083333333333334
0 0.5083845964566929 0.025483923884514436 0.0296875 0.03125
0 0.35703125 0.06354166666666666 0.0234375 0.027083333333333334
0 0.76484375 0.07708333333333334 0.0296875 0.03333333333333333
0 0.9832142857142857 0.020565476190476186 0.021785714285714165 0.026726190476190473
1 0.57109375 0.13333333333333333 0.0890625 0.1125
1 0.3203125 0.21041666666666667 0.103125 0.09583333333333334
