0 0.27497925884955754 0.4153515240904621 0.0265625 0.0375
0 0.23828125 0.581631455399061 0.0265625 0.0375
0 0.24524281103286386 0.8501858372456964 0.0265625 0.0375
0 0.19453125 0.8458333333333333 0.0265625 0.0375
0 0.08359375 0.80625 0.0265625 0.0375
0 0.029192341549295776 0.7282179186228482 0.0265625 0.0375
0 0.13515625 0.18958333333333333 0.0265625 0.0375
0 0.20015624999999998 0.13041666666666665 0.0265625 0.037499999999999985
0 0.3080078125 0.09826388888888889 0.0265625 0.0375
0 0.2848302607913669 0.21710131894484413 0.0265625 0.0375
0 0.31399281103286386 0.305868544600939 0.0265625 0.0375
0 0.41796875 0.1625 0.0265625 0.041666666666666664
0 0.5824640551643192 0.8780223004694836 0.0265625 0.0375
0 0.6460847182080924 0.5642461464354528 0.0265625 0.0375
0 0.48828125 0.86875 0.0265625 0.0375
0 0.54765625 0.78125 0.0265625 0.0375
0 0.8487103348527348 0.8390252454417951 0.0265625 0.0375
0 0.8393353348527348 0.9640252454417951 0.0265625 0.0375
0 0.8550874386395512 0.7484250818139316 0.0265625 0.0375
0 0.9263020833333334 0.6979166666666666 0.0265625 0.0375
0 0.828125 0.43645833333333334 0.025 0.03958333333333333
0 0.8685215336134453 0.409375 0.025 0.03958333333333333
0 0.70390625 0.16979166666666667 0.0234375 0.035416666666666666
0 0.6729658698156682 0.13417818740399387 0.0265625 0.03333333333333333
0 0.7702301574550129 0.06436375321336761 0.0265625 0.03333333333333333
0 0.7124303110328638 0.6384487480438185 0.0265625 0.03333333333333333
0 0.5891321889671362 0.48313771517996873 0.0265625 0.03333333333333333
0 0.4999303110328638 0.38503521126760565 0.0265625 0.03333333333333333
0 0.11744791666666668 0.5145833333333333 0.0296875 0.0375
0 0.01796875 0.21875 0.0265625 0.03333333333333333
0 0.07239583333333334 0.25833333333333336 0.028125 0.0375
0 0.74296875 0.8004166666666667 0.0265625 0.03333333333333333
0 0.9885393415178572 0.7711774553571428 0.022921316964285766 0.03387276785714282
0 0.5989583333333333 0.2857638888888889 0.025 0.035416666666666666
0 0.58828125 0.11875 0.0296875 0.05
0 0.6015625 0.20625 0.025 0.04583333333333333
0 0.35524553571428574 0.7223214285714286 0.0390625 0.041666666666666664
0 0.67890625 0.6041666666666666 0.028125 0.035416666666666666
0 0.85625 0.22395833333333334 0.0375 0.04375
0 0.5130550986842105 0.7184073464912281 0.0421875 0.04375
