0 0.27446764380530975 0.4171705998033432 0.0265625 0.0375
0 0.23828125 0.5805457746478874 0.0265625 0.0375
0 0.244699970657277 0.8516334115805947 0.0265625 0.0375
0 0.19453125 0.8458333333333333 0.0265625 0.0375
0 0.08359375 0.80625 0.0265625 0.0375
0 0.028378080985915495 0.7289417057902974 0.0265625 0.0375
0 0.13515625 0.18958333333333333 0.0265625 0.0375
0 0.20243844696969698 0.14122474747474748 0.0265625 0.037499999999999985
0 0.303671875 0.10083333333333333 0.0265625 0.0375
0 0.2846223021582734 0.21737859712230218 0.0265625 0.0375
0 0.313449970657277 0.30695422535211264 0.0265625 0.0375
0 0.39140625 0.20694444444444443 0.0265625 0.041666666666666664
0 0.579749853286385 0.8812793427230047 0.0265625 0.0375
0 0.6450821893063583 0.5653600674373797 0.0265625 0.0375
0 0.48828125 0.86875 0.0265625 0.0375
0 0.60234375 0.8 0.0234375 0.0375
0 0.8483860010518933 0.8399982468443198 0.0265625 0.0375
0 0.8390110010518933 0.9649982468443198 0.0265625 0.0375
0 0.8548441882889201 0.7487494156147733 0.0265625 0.0375
0 0.9263020833333334 0.7649305555555556 0.0265625 0.04375
0 0.828125 0.43645833333333334 0.025 0.03958333333333333
0 0.868375787815126 0.409375 0.025 0.03958333333333333
0 0.66796875 0.140625 0.0234375 0.035416666666666666
0 0.6721666186635945 0.1373751920122888 0.0265625 0.03333333333333333
0 0.770676012210797 0.06555269922879177 0.0265625 0.033333333333333326
0 0.711887470657277 0.6377249608763693 0.0265625 0.03333333333333333
0 0.589675029342723 0.48567097026604067 0.0265625 0.03333333333333333
0 0.499387470657277 0.38612089201877936 0.0265625 0.03333333333333333
0 0.06515625 0.48166666666666663 0.0296875 0.0375
0 0.016764322916666668 0.2259765625 0.0265625 0.03333333333333333
0 0.12482638888888889 0.2775462962962963 0.028125 0.0375
0 0.76328125 0.7572916666666667 0.0265625 0.03333333333333333
0 0.9897007533482143 0.7727260044642856 0.02059849330357135 0.03421688988095243
0 0.59453125 0.3645833333333333 0.025 0.035416666666666666
0 0.58828125 0.11875 0.0296875 0.05
0 0.6015625 0.20625 0.025 0.04583333333333333
0 0.30703125 0.6729166666666667 0.0390625 0.041666666666666664
0 0.575 0.6052083333333333 0.028125 0.035416666666666666
0 0.85625 0.22395833333333334 0.0375 0.04375
0 0.5119140625 0.7201822916666667 0.0421875 0.04375
