0 0.27468888274336284 0.41638397246804326 0.0265625 0.0375
0 0.23828125 0.5810152582159624 0.0265625 0.0375
0 0.24493471244131454 0.8510074334898279 0.0265625 0.0375
0 0.19453125 0.8458333333333333 0.0265625 0.0375
0 0.08359375 0.80625 0.0265625 0.0375
0 0.028730193661971833 0.7286287167449139 0.0265625 0.0375
0 0.13515625 0.18958333333333333 0.0265625 0.0375
0 0.20421874999999998 0.13291666666666666 0.02656249999999998 0.0375
0 0.305546875 0.09972222222222223 0.0265625 0.0375
0 0.2847122302158273 0.21725869304556353 0.0265625 0.0375
0 0.3136847124413146 0.30648474178403756 0.0265625 0.0375
0 0.37734375 0.16041666666666668 0.0265625 0.041666666666666664
0 0.5809235622065728 0.8798708920187793 0.0265625 0.0375
0 0.6455157153179191 0.5648783718689788 0.0265625 0.0375
0 0.48828125 0.86875 0.0265625 0.0375
0 0.5747395833333333 0.8083333333333333 0.0265625 0.0375
0 0.8485262535063114 0.8395774894810659 0.0265625 0.0375
0 0.8391512535063115 0.9645774894810659 0.0265625 0.0375
0 0.8549493776297336 0.7486091631603553 0.0265625 0.0375
0 0.93359375 0.7239583333333334 0.0265625 0.0375
0 0.828125 0.43645833333333334 0.025 0.03958333333333333
0 0.8684388130252101 0.409375 0.025 0.03958333333333333
0 0.68828125 0.13645833333333332 0.0234375 0.035416666666666666
0 0.6725122407834101 0.13599270353302612 0.0265625 0.03333333333333335
0 0.7704832101542417 0.06503856041131105 0.0265625 0.033333333333333326
0 0.7121222124413146 0.6380379499217528 0.0265625 0.03333333333333333
0 0.5894402875586854 0.4845755086071987 0.0265625 0.03333333333333333
0 0.4996222124413146 0.3856514084507042 0.0265625 0.03333333333333333
0 0.07265625 0.5322916666666667 0.0296875 0.0375
0 0.01728515625 0.2228515625 0.0265625 0.03333333333333333
0 0.11432291666666668 0.26493055555555556 0.028125 0.03749999999999997
0 0.76875 0.7958333333333333 0.0265625 0.03333333333333333
0 0.9891985212053571 0.7720563616071429 0.021602957589285765 0.03406808035714282
0 0.609375 0.34479166666666666 0.025 0.035416666666666666
0 0.58828125 0.11875 0.0296875 0.05
0 0.6015625 0.20625 0.025 0.04583333333333333
0 0.30859375 0.6791666666666667 0.0390625 0.041666666666666664
0 0.6322916666666667 0.590625 0.028125 0.035416666666666666
0 0.85625 0.22395833333333334 0.0375 0.04375
0 0.5124074835526315 0.7194147478070175 0.0421875 0.04375
