0 0.26484375 0.4354166666666667 0.0265625 0.0375
0 0.23828125 0.5770833333333333 0.0265625 0.0375
0 0.24145480577689243 0.85625 0.0265625 0.0375
0 0.19453125 0.8458333333333333 0.0265625 0.0375
0 0.08359375 0.80625 0.0265625 0.0375
0 0.006467461340206186 0.7859750859106529 0.012934922680412372 0.031443298969072116
0 0.13515625 0.18958333333333333 0.0265625 0.0375
0 0.3060546875 0.24231770833333333 0.0265625 0.041666666666666664
0 0.24276041666666667 0.16066666666666668 0.0265625 0.0375
0 0.2805418165467626 0.22281924460431657 0.0265625 0.0375
0 0.25525300732217576 0.366797419804742 0.0265625 0.0375
0 0.5356160779648609 0.9756131039531478 0.0265625 0.0375
0 0.6284677044609666 0.6061648079306072 0.0265625 0.0375
0 0.48828125 0.86875 0.0265625 0.0375
0 0.84296875 0.85625 0.0265625 0.0375
0 0.83359375 0.98125 0.0265625 0.0375
0 0.8479894301470589 0.7541666666666667 0.0265625 0.0375
0 0.828125 0.43645833333333334 0.025 0.03958333333333333
0 0.865516018907563 0.409375 0.025 0.03958333333333333
0 0.6502731199186992 0.2176151761517615 0.0265625 0.03333333333333333
0 0.7633753765060242 0.09668674698795181 0.0265625 0.03333333333333333
0 0.71015625 0.6354166666666666 0.0265625 0.03333333333333333
0 0.54921875 0.5729166666666666 0.0296875 0.03333333333333333
0 0.47300807119205296 0.42128863134657835 0.0265625 0.03333333333333333
0 0.7046875 0.4583333333333333 0.028125 0.0375
0 0.9565417921686746 0.9113579317269076 0.0234375 0.035416666666666666
0 0.58828125 0.11875 0.0296875 0.05
0 0.6015625 0.20625 0.025 0.04583333333333333
0 0.85625 0.22395833333333334 0.0375 0.04375
0 0.7799479166666667 0.07638888888888888 0.0296875 0.033333333333333326
0 0.4932664593446602 0.7485613875404531 0.0421875 0.04375
0 0.4955004295532646 0.035964347079037805 0.025 0.027083333333333334
0 0.50703125 0.01758578431372549 0.0296875 0.02267156862745098
0 0.3623000672043011 0.043469982078853046 0.0234375 0.027083333333333334
1 0.57109375 0.13333333333333333 0.0890625 0.1125
1 0.3203125 0.21041666666666667 0.103125 0.09583333333333334
