0 0.27018515969162993 0.4300752569750367 0.0265625 0.0375
0 0.23828125 0.5770833333333333 0.0265625 0.0375
0 0.24257283366533863 0.85625 0.0265625 0.0375
0 0.19453125 0.8458333333333333 0.0265625 0.0375
0 0.08359375 0.80625 0.0265625 0.0375
0 0.021914518482490274 0.7434946498054474 0.0265625 0.0375
0 0.13515625 0.18958333333333333 0.0265625 0.0375
0 0.22109375 0.17619047619047618 0.0265625 0.041666666666666664
0 0.26906654094827587 0.12233297413793102 0.0265625 0.037499999999999985
0 0.2830654226618705 0.2194544364508393 0.0265625 0.0375
0 0.2968469870517928 0.3219123505976096 0.0265625 0.0375
0 0.2234375 0.4548611111111111 0.028125 0.04583333333333333
0 0.5554790976821192 0.9284492273730685 0.0265625 0.0375
0 0.63828125 0.5743939393939393 0.0265625 0.0375
0 0.48828125 0.86875 0.0265625 0.0375
0 0.8459578804347826 0.8472826086956522 0.0265625 0.0375
0 0.8365828804347826 0.9722826086956522 0.0265625 0.0375
0 0.8530230978260869 0.7511775362318841 0.0265625 0.0375
0 0.828125 0.43645833333333334 0.025 0.03958333333333333
0 0.8672846638655463 0.409375 0.025 0.03958333333333333
0 0.665609185222672 0.1649122807017544 0.0265625 0.03333333333333333
0 0.77401389781491 0.07445372750642673 0.0265625 0.033333333333333326
0 0.71015625 0.6354166666666666 0.0265625 0.03333333333333333
0 0.5836789772727273 0.5076136363636363 0.0265625 0.03333333333333333
0 0.4960755107003891 0.4043774319066148 0.0265625 0.03333333333333333
0 0.01080592105263158 0.27723684210526317 0.02161184210526316 0.03333333333333336
0 0.375 0.440625 0.028125 0.0375
0 0.76484375 0.375 0.0265625 0.03333333333333333
0 0.9864898989898989 0.8170349326599327 0.016698232323232354 0.035416666666666666
0 0.76796875 0.85625 0.0296875 0.041666666666666664
0 0.58828125 0.11875 0.0296875 0.05
0 0.6015625 0.20625 0.025 0.04583333333333333
0 0.15182291666666667 0.3236111111111111 0.0359375 0.04583333333333333
0 0.85625 0.22395833333333334 0.0375 0.04375
0 0.5033717105263158 0.7334703947368422 0.0421875 0.04375
0 0.344140625 0.06458333333333334 0.0234375 0.029166666666666667
0 0.49747023809523816 0.01823743386243386 0.025 0.027083333333333334
0 0.44140625 0.008333333333333333 0.0296875 0.016666666666666666
0 0.5252604166666667 0.009548611111111112 0.0296875 0.01875
1 0.57109375 0.13333333333333333 0.0890625 0.1125
1 0.3203125 0.21041666666666667 0.103125 0.09583333333333334
