0 0.26484375 0.4354166666666667 0.0265625 0.0375
0 0.23828125 0.5770833333333333 0.0265625 0.0375
0 0.24143737549800798 0.85625 0.0265625 0.0375
0 0.19453125 0.8458333333333333 0.0265625 0.0375
0 0.08359375 0.80625 0.0265625 0.0375
0 0.006235795454545454 0.7868939393939394 0.012471590909090908 0.03128787878787875
0 0.13515625 0.18958333333333333 0.0265625 0.0375
0 0.309375 0.240625 0.0265625 0.041666666666666664
0 0.24261458333333336 0.16113333333333332 0.0265625 0.0375
0 0.2805024730215827 0.2228717026378897 0.0265625 0.0375
0 0.2547496077405858 0.36710251046025105 0.0265625 0.0375
0 0.5356801336017569 0.9756985114690092 0.0265625 0.0375
0 0.6285286942379182 0.6062732342007435 0.0265625 0.0375
0 0.48828125 0.86875 0.0265625 0.0375
0 0.84296875 0.85625 0.0265625 0.0375
0 0.83359375 0.98125 0.0265625 0.0375
0 0.8478084788602942 0.7541666666666667 0.0265625 0.0375
0 0.828125 0.43645833333333334 0.025 0.03958333333333333
0 0.8654884453781513 0.409375 0.025 0.03958333333333333
0 0.6498285060975609 0.2184451219512195 0.0265625 0.03333333333333333
0 0.763199673694779 0.09703815261044177 0.0265625 0.03333333333333333
0 0.71015625 0.6354166666666666 0.0265625 0.03333333333333333
0 0.5483258928571428 0.5737103174603175 0.0296875 0.03333333333333333
0 0.47271833609271524 0.4217715231788079 0.0265625 0.03333333333333333
0 0.7260416666666667 0.46111111111111114 0.028125 0.0375
0 0.955882906626506 0.9134663654618473 0.0234375 0.035416666666666666
0 0.58828125 0.11875 0.0296875 0.05
0 0.6015625 0.20625 0.025 0.04583333333333333
0 0.85625 0.22395833333333334 0.0375 0.04375
0 0.7643229166666667 0.07361111111111111 0.0296875 0.03333333333333334
0 0.4931735436893204 0.7486852750809061 0.0421875 0.04375
0 0.98796875 0.3154166666666667 0.0234375 0.03333333333333333
0 0.49501181271477657 0.036415378006872855 0.025 0.027083333333333334
0 0.50703125 0.017800245098039215 0.0296875 0.02310049019607843
0 0.3621354166666667 0.04409722222222222 0.0234375 0.02708333333333333
1 0.57109375 0.13333333333333333 0.0890625 0.1125
1 0.3203125 0.21041666666666667 0.103125 0.09583333333333334
