0 0.2724211836283186 0.42444690265486723 0.0265625 0.0375
0 0.23828125 0.5770833333333333 0.0265625 0.0375
0 0.24289404880478088 0.85625 0.0265625 0.0375
0 0.19453125 0.8458333333333333 0.0265625 0.0375
0 0.08359375 0.80625 0.0265625 0.0375
0 0.025051678015564204 0.7335603112840466 0.0265625 0.0375
0 0.13515625 0.18958333333333333 0.0265625 0.0375
0 0.21921875000000002 0.18041666666666664 0.0265625 0.0375
0 0.2855738146551724 0.11190732758620689 0.0265625 0.0375
0 0.28379046762589927 0.2184877098321343 0.0265625 0.0375
0 0.3088873741610738 0.31251398210290826 0.0265625 0.0375
0 0.31171875 0.3770833333333333 0.0265625 0.041666666666666664
0 0.569140625 0.8981770833333333 0.0265625 0.0375
0 0.641072073699422 0.5698157514450867 0.0265625 0.0375
0 0.48828125 0.86875 0.0265625 0.0375
0 0.8671875 0.8739583333333333 0.0234375 0.0375
0 0.8470886658485274 0.843890252454418 0.0265625 0.0375
0 0.8377136658485274 0.968890252454418 0.0265625 0.0375
0 0.8538711868863954 0.7500467508181393 0.0265625 0.0375
0 0.828125 0.43645833333333334 0.025 0.03958333333333333
0 0.8677928046218488 0.409375 0.025 0.03958333333333333
0 0.6688733552631578 0.1507675438596491 0.0265625 0.03333333333333333
0 0.7724594312339332 0.07030848329048843 0.0265625 0.03333333333333334
0 0.71015625 0.6354166666666666 0.0265625 0.03333333333333333
0 0.5899964755639098 0.49609962406015035 0.0265625 0.03333333333333333
0 0.49765625 0.39287280701754385 0.0265625 0.03333333333333333
0 0.01328125 0.25342741935483876 0.0265625 0.03333333333333336
0 0.2609375 0.3951388888888889 0.028125 0.0375
0 0.77109375 0.5756944444444444 0.0265625 0.03333333333333333
0 0.993337673611111 0.7841724537037037 0.0125 0.035416666666666666
0 0.682421875 0.6135416666666667 0.02734375 0.0375
0 0.58828125 0.11875 0.0296875 0.05
0 0.6015625 0.20625 0.025 0.04583333333333333
0 0.24921875 0.4666666666666667 0.0359375 0.04583333333333333
0 0.14192708333333331 0.3777777777777778 0.0328125 0.0375
0 0.85625 0.22395833333333334 0.0375 0.04375
0 0.5073499177631579 0.727282072368421 0.0421875 0.04375
1 0.57109375 0.13333333333333333 0.0890625 0.1125
1 0.3203125 0.21041666666666667 0.103125 0.09583333333333334
