0 0.269138904185022 0.43112151248164465 0.0265625 0.0375
0 0.23828125 0.5770833333333333 0.0265625 0.0375
0 0.24247821215139442 0.85625 0.0265625 0.0375
0 0.19453125 0.8458333333333333 0.0265625 0.0375
0 0.08359375 0.80625 0.0265625 0.0375
0 0.020990393968871597 0.7464210440985733 0.0265625 0.0375
0 0.13515625 0.18958333333333333 0.0265625 0.0375
0 0.22390625000000003 0.17791666666666667 0.0265625 0.041666666666666664
0 0.2644775390625 0.12548828125 0.0265625 0.0375
0 0.28285184352517984 0.21973920863309354 0.0265625 0.0375
0 0.2937717878486056 0.32601261620185923 0.0265625 0.0375
0 0.2 0.51875 0.028125 0.04583333333333333
0 0.551940190397351 0.9363134657836645 0.0265625 0.0375
0 0.63828125 0.5765530303030303 0.0265625 0.0375
0 0.48828125 0.86875 0.0265625 0.0375
0 0.8456247808555399 0.8482819074333801 0.0265625 0.0375
0 0.83624978085554 0.9732819074333801 0.0265625 0.0375
0 0.8527732731416549 0.7515106358111266 0.0265625 0.0375
0 0.828125 0.43645833333333334 0.025 0.03958333333333333
0 0.8671349789915966 0.409375 0.025 0.03958333333333333
0 0.6646476467611336 0.16907894736842105 0.0265625 0.03333333333333333
0 0.7736916415662651 0.07605421686746988 0.0265625 0.03333333333333334
0 0.71015625 0.6354166666666666 0.0265625 0.03333333333333333
0 0.5815198863636364 0.5126515151515151 0.0265625 0.03333333333333333
0 0.49376519941634245 0.40468547341115435 0.0265625 0.03333333333333333
0 0.008618421052631579 0.2847368421052632 0.017236842105263158 0.03333333333333333
0 0.4015625 0.46805555555555556 0.028125 0.0375
0 0.77265625 0.3 0.0265625 0.03333333333333333
0 0.9836410984848485 0.8250315656565657 0.01879734848484844 0.035416666666666666
0 0.78203125 0.9229166666666667 0.0328125 0.041666666666666664
0 0.58828125 0.11875 0.0296875 0.05
0 0.6015625 0.20625 0.025 0.04583333333333333
0 0.12421875 0.21927083333333333 0.0359375 0.04583333333333333
0 0.85625 0.22395833333333334 0.0375 0.04375
0 0.5021998355263158 0.7352933114035088 0.0421875 0.04375
0 0.41484375 0.10386904761904762 0.0234375 0.029166666666666667
0 0.4986011904761905 0.01924272486772487 0.025 0.027083333333333334
0 0.36875 0.04375 0.028125 0.0375
0 0.5234611742424242 0.010148358585858585 0.0296875 0.01875
1 0.57109375 0.13333333333333333 0.0890625 0.1125
1 0.3203125 0.21041666666666667 0.103125 0.09583333333333334
