0 0.26484375 0.4354166666666667 0.0265625 0.0375
0 0.23828125 0.5770833333333333 0.0265625 0.0375
0 0.24013508466135458 0.85625 0.0265625 0.0375
0 0.19453125 0.8458333333333333 0.0265625 0.0375
0 0.08359375 0.80625 0.0265625 0.0375
0 0.13515625 0.18958333333333333 0.0265625 0.0375
0 0.23515625 0.20694444444444443 0.0265625 0.041666666666666664
0 0.21126063481675392 0.18712914485165794 0.0265625 0.0375
0 0.26627604166666663 0.25861111111111107 0.0265625 0.03749999999999997
0 0.22183238636363636 0.39689393939393935 0.0265625 0.0375
0 0.53984375 0.98125 0.0265625 0.0375
0 0.6296580805439331 0.6082810320781032 0.0265625 0.0375
0 0.48828125 0.86875 0.0265625 0.0375
0 0.84296875 0.85625 0.0265625 0.0375
0 0.83359375 0.98125 0.0265625 0.0375
0 0.84140625 0.7714460784313726 0.0265625 0.0375
0 0.828125 0.43645833333333334 0.025 0.03958333333333333
0 0.8640625 0.409375 0.025 0.03958333333333333
0 0.6286211749422633 0.23844784449576598 0.0265625 0.03333333333333333
0 0.7380013992537313 0.1439676616915423 0.0265625 0.03333333333333333
0 0.71015625 0.6354166666666666 0.0265625 0.03333333333333333
0 0.4998030462184874 0.60843837535014 0.0296875 0.03333333333333333
0 0.45919521443514644 0.46569909344490934 0.0265625 0.03333333333333333
0 0.58828125 0.11875 0.0296875 0.05
0 0.6015625 0.20625 0.025 0.04583333333333333
0 0.85625 0.22395833333333334 0.0375 0.04375
0 0.48623141686893206 0.7579414441747573 0.0421875 0.04375
0 0.7329144021739131 0.9246829710144927 0.0296875 0.03958333333333333
0 0.20902777777777776 0.8056712962962963 0.025 0.03958333333333333
0 0.4823324363992172 0.049598418134377036 0.025 0.027083333333333334
0 0.5094303641732283 0.028272637795275588 0.0296875 0.031249999999999997
0 0.35703125 0.06354166666666666 0.0234375 0.027083333333333334
0 0.7494791666666667 0.2815972222222222 0.034375 0.039583333333333304
0 0.9746763392857144 0.0336359126984127 0.02368303571428587 0.03431547619047618
1 0.57109375 0.13333333333333333 0.0890625 0.1125
1 0.3203125 0.21041666666666667 0.103125 0.09583333333333334
