0 0.26509154735682816 0.43516886930983845 0.0265625 0.0375
0 0.23828125 0.5770833333333333 0.0265625 0.0375
0 0.2421121762948207 0.85625 0.0265625 0.0375
0 0.19453125 0.8458333333333333 0.0265625 0.0375
0 0.08359375 0.80625 0.0265625 0.0375
0 0.017415491245136187 0.7577415693904022 0.0265625 0.0375
0 0.13515625 0.18958333333333333 0.0265625 0.0375
0 0.24765625 0.20833333333333334 0.0265625 0.041666666666666664
0 0.2537109375 0.13984375 0.0265625 0.0375
0 0.28202562949640286 0.2208408273381295 0.0265625 0.0375
0 0.2818756225099602 0.34187416998671977 0.0265625 0.0375
0 0.12834821428571427 0.5264880952380953 0.028125 0.05
0 0.53779296875 0.9648292824074074 0.0265625 0.0375
0 0.6336003707627118 0.5898658192090396 0.0265625 0.0375
0 0.48828125 0.86875 0.0265625 0.0375
0 0.8443362114305751 0.8521476157082748 0.0265625 0.0375
0 0.8349612114305751 0.9771476157082748 0.0265625 0.0375
0 0.8518068460729312 0.7527992052360916 0.0265625 0.0375
0 0.828125 0.43645833333333334 0.025 0.03958333333333333
0 0.8665559348739496 0.409375 0.025 0.03958333333333333
0 0.6620231331168831 0.1808712121212121 0.0265625 0.03333333333333333
0 0.7700018825301205 0.08343373493975904 0.0265625 0.03333333333333333
0 0.71015625 0.6354166666666666 0.0265625 0.03333333333333333
0 0.5704735209923664 0.5307967557251909 0.027767175572519155 0.033333333333333395
0 0.48482794260700385 0.4058771076523995 0.0265625 0.03333333333333333
0 0.00546875 0.30520833333333336 0.0109375 0.035416666666666666
0 0.53515625 0.471875 0.028125 0.0375
0 0.73359375 0.10902777777777778 0.0265625 0.03333333333333333
0 0.9761577560240964 0.8537776104417671 0.0234375 0.035416666666666666
0 0.58828125 0.11875 0.0296875 0.05
0 0.6015625 0.20625 0.025 0.04583333333333333
0 0.03125 0.019010416666666665 0.0265625 0.03125
0 0.85625 0.22395833333333334 0.0375 0.04375
0 0.969140625 0.2989583333333333 0.02421875 0.0375
0 0.4976665296052632 0.742345120614035 0.0421875 0.04375
0 0.5029761904761905 0.02313161375661376 0.025 0.027083333333333338
0 0.19609375 0.28177083333333336 0.028125 0.0375
0 0.516500946969697 0.012468434343434342 0.0296875 0.01875
0 0.36899553571428567 0.019992559523809524 0.0234375 0.02605654761904762
1 0.57109375 0.13333333333333333 0.0890625 0.1125
1 0.3203125 0.21041666666666667 0.103125 0.09583333333333334
