0 0.27408047566371685 0.418547197640118 0.0265625 0.0375
0 0.23828125 0.5797241784037559 0.0265625 0.0375
0 0.24428917253521126 0.8527288732394367 0.0265625 0.0375
0 0.19453125 0.8458333333333333 0.0265625 0.0375
0 0.08359375 0.80625 0.0265625 0.0375
0 0.0277618838028169 0.7294894366197183 0.0265625 0.0375
0 0.13515625 0.18958333333333333 0.0265625 0.0375
0 0.20859375 0.1431547619047619 0.0265625 0.037499999999999985
0 0.300390625 0.10277777777777779 0.0265625 0.0375
0 0.28446492805755397 0.21758842925659472 0.0265625 0.0375
0 0.31303917253521124 0.3077758215962441 0.0265625 0.0375
0 0.36171875 0.23541666666666666 0.0265625 0.041666666666666664
0 0.5776958626760563 0.8837441314553991 0.0265625 0.0375
0 0.6443235187861271 0.5662030346820809 0.0265625 0.0375
0 0.48828125 0.86875 0.0265625 0.0375
0 0.6609375 0.8260416666666667 0.0234375 0.0375
0 0.848140559256662 0.840734572230014 0.0265625 0.0375
0 0.8387655592566621 0.965734572230014 0.0265625 0.0375
0 0.8546601069424964 0.7489948574100046 0.0265625 0.0375
0 0.94921875 0.7947916666666667 0.0265625 0.04375
0 0.828125 0.43645833333333334 0.025 0.03958333333333333
0 0.8682654936974791 0.409375 0.025 0.03958333333333333
0 0.64375 0.15833333333333333 0.0234375 0.035416666666666666
0 0.6715617799539171 0.13979454685099846 0.0265625 0.03333333333333333
0 0.7710134158097686 0.06645244215938304 0.0265625 0.03333333333333333
0 0.7114766725352113 0.6371772300469484 0.0265625 0.03333333333333333
0 0.5900858274647887 0.4875880281690141 0.0265625 0.03333333333333333
0 0.4989766725352113 0.3869424882629108 0.0265625 0.03333333333333333
0 0.025260416666666667 0.5208333333333334 0.0296875 0.0375
0 0.01585286458333333 0.2314453125 0.0265625 0.03333333333333333
0 0.14375 0.29010416666666666 0.028125 0.0375
0 0.77578125 0.725 0.0265625 0.03333333333333333
0 0.9905796595982143 0.7738978794642857 0.018840680803571354 0.034477306547619095
0 0.621875 0.42083333333333334 0.025 0.035416666666666666
0 0.58828125 0.11875 0.0296875 0.05
0 0.6015625 0.20625 0.025 0.04583333333333333
0 0.27578125 0.6145833333333334 0.0390625 0.041666666666666664
0 0.49375 0.5583333333333333 0.028125 0.035416666666666666
0 0.85625 0.22395833333333334 0.0375 0.04375
0 0.5110505756578948 0.7215254934210527 0.0421875 0.04375
1 0.57109375 0.13333333333333333 0.0890625 0.1125
1 0.3203125 0.21041666666666667 0.103125 0.09583333333333334
