0 0.26484375 0.4354166666666667 0.0265625 0.0375
0 0.23828125 0.5770833333333333 0.0265625 0.0375
0 0.24160669820717132 0.85625 0.0265625 0.0375
0 0.19453125 0.8458333333333333 0.0265625 0.0375
0 0.08359375 0.80625 0.0265625 0.0375
0 0.010889175257731958 0.7761490549828179 0.021778350515463916 0.03537371134020617
0 0.13515625 0.18958333333333333 0.0265625 0.0375
0 0.30859375 0.24791666666666667 0.0265625 0.041666666666666664
0 0.24403125 0.15660000000000002 0.0265625 0.0375
0 0.28088466726618705 0.2223621103117506 0.0265625 0.0375
0 0.2644316620879121 0.36268315018315017 0.0265625 0.0375
0 0.5350578788433382 0.9748688384577843 0.0265625 0.0375
0 0.627936222118959 0.605219950433705 0.0265625 0.0375
0 0.48828125 0.86875 0.0265625 0.0375
0 0.84296875 0.85625 0.0265625 0.0375
0 0.83359375 0.98125 0.0265625 0.0375
0 0.8495662913602942 0.7541666666666667 0.0265625 0.0375
0 0.828125 0.43645833333333334 0.025 0.03958333333333333
0 0.8657563025210084 0.409375 0.025 0.03958333333333333
0 0.6586174242424242 0.20599747474747473 0.0265625 0.03333333333333333
0 0.7649065010040161 0.09362449799196787 0.0265625 0.03333333333333333
0 0.71015625 0.6354166666666666 0.0265625 0.03333333333333333
0 0.5538455703883496 0.5593446601941747 0.0296875 0.03333333333333333
0 0.4755329056291391 0.4170805739514349 0.0265625 0.03333333333333333
0 0.6503125 0.4841666666666667 0.028125 0.0375
0 0.9620312500000001 0.893125 0.0234375 0.035416666666666666
0 0.58828125 0.11875 0.0296875 0.05
0 0.6015625 0.20625 0.025 0.04583333333333333
0 0.85625 0.22395833333333334 0.0375 0.04375
0 0.83671875 0.10729166666666666 0.0296875 0.035416666666666666
0 0.4940761529126213 0.7474817961165049 0.0421875 0.04375
0 0.4997583762886598 0.032033934707903784 0.025 0.027083333333333334
0 0.50703125 0.015716911764705882 0.0296875 0.018933823529411763
0 0.36373487903225804 0.038004032258064514 0.0234375 0.027083333333333334
1 0.57109375 0.13333333333333333 0.0890625 0.1125
1 0.3203125 0.21041666666666667 0.103125 0.09583333333333334
