0 0.26484375 0.4354166666666667 0.0265625 0.0375
0 0.23828125 0.5770833333333333 0.0265625 0.0375
0 0.2414050049800797 0.85625 0.0265625 0.0375
0 0.19453125 0.8458333333333333 0.0265625 0.0375
0 0.08359375 0.80625 0.0265625 0.0375
0 0.0061896306818181816 0.7883096590909091 0.012379261363636363 0.03141098484848482
0 0.13515625 0.18958333333333333 0.0265625 0.0375
0 0.3078125 0.2375 0.0265625 0.041666666666666664
0 0.24234375 0.162 0.0265625 0.0375
0 0.280217725409836 0.22344262295081968 0.0265625 0.0375
0 0.25381472280334727 0.3676691073919107 0.0265625 0.0375
0 0.5357990940702781 0.9758571254270375 0.0265625 0.0375
0 0.6286419609665428 0.6064745972738538 0.0265625 0.0375
0 0.48828125 0.86875 0.0265625 0.0375
0 0.84296875 0.85625 0.0265625 0.0375
0 0.83359375 0.98125 0.0265625 0.0375
0 0.8474724264705882 0.7541666666666667 0.0265625 0.0375
0 0.828125 0.43645833333333334 0.025 0.03958333333333333
0 0.8654372373949579 0.409375 0.025 0.03958333333333333
0 0.6490027947154472 0.21998644986449864 0.0265625 0.03333333333333333
0 0.7628733684738955 0.09769076305220883 0.0265625 0.03333333333333333
0 0.71015625 0.6354166666666666 0.0265625 0.03333333333333333
0 0.5466677295918367 0.5751842403628118 0.0296875 0.03333333333333333
0 0.47218025662251656 0.42266832229580575 0.0265625 0.03333333333333333
0 0.7166666666666667 0.41458333333333336 0.028125 0.0375
0 0.9546592620481927 0.9173820281124497 0.0234375 0.035416666666666666
0 0.58828125 0.11875 0.0296875 0.05
0 0.6015625 0.20625 0.025 0.04583333333333333
0 0.85625 0.22395833333333334 0.0375 0.04375
0 0.78203125 0.041666666666666664 0.0296875 0.03333333333333333
0 0.49300098604368936 0.7489153519417475 0.0421875 0.04375
0 0.98203125 0.31666666666666665 0.0234375 0.03333333333333333
0 0.494104381443299 0.03725300687285223 0.025 0.027083333333333334
0 0.50703125 0.018198529411764704 0.0296875 0.023897058823529414
0 0.3618296370967742 0.04526209677419355 0.0234375 0.027083333333333334
1 0.57109375 0.13333333333333333 0.0890625 0.1125
1 0.3203125 0.21041666666666667 0.103125 0.09583333333333334
