0 0.26484375 0.4354166666666667 0.0265625 0.0375
0 0.23828125 0.5770833333333333 0.0265625 0.0375
0 0.24182333167330677 0.85625 0.0265625 0.0375
0 0.19453125 0.8458333333333333 0.0265625 0.0375
0 0.08359375 0.80625 0.0265625 0.0375
0 0.014594479571984436 0.7666747730220493 0.0265625 0.0375
0 0.13515625 0.18958333333333333 0.0265625 0.0375
0 0.28609375 0.245 0.0265625 0.041666666666666664
0 0.24584375 0.1508 0.0265625 0.0375
0 0.2813736510791367 0.2217101318944844 0.0265625 0.0375
0 0.27323190789473684 0.3544956140350877 0.0265625 0.0375
0 0.039453125 0.5838541666666667 0.028125 0.05
0 0.534261758784773 0.973807345046364 0.0265625 0.0375
0 0.6282243114406779 0.6021539548022599 0.0265625 0.0375
0 0.48828125 0.86875 0.0265625 0.0375
0 0.8433193811360449 0.8551981065918653 0.0265625 0.0375
0 0.8339443811360449 0.9801981065918653 0.0265625 0.0375
0 0.8510442233520337 0.7538160355306218 0.0265625 0.0375
0 0.828125 0.43645833333333334 0.025 0.03958333333333333
0 0.8660990021008403 0.409375 0.025 0.03958333333333333
0 0.660453869047619 0.18819444444444444 0.0265625 0.03333333333333333
0 0.767090235943775 0.0892570281124498 0.0265625 0.03333333333333333
0 0.71015625 0.6354166666666666 0.0265625 0.03333333333333333
0 0.5607884064885497 0.5446326335877862 0.029150763358778597 0.03333333333333328
0 0.4791338990066225 0.41107891832229576 0.0265625 0.03333333333333333
0 0.6588541666666667 0.5625 0.028125 0.0375
0 0.61953125 0.06666666666666667 0.0265625 0.03333333333333333
0 0.9714748475609756 0.8722815040650407 0.0234375 0.035416666666666666
0 0.58828125 0.11875 0.0296875 0.05
0 0.6015625 0.20625 0.025 0.04583333333333333
0 0.85625 0.22395833333333334 0.0375 0.04375
0 0.8950520833333334 0.19895833333333332 0.0328125 0.04375
0 0.49523096177184467 0.7459420509708737 0.0421875 0.04375
0 0.5058311855670103 0.026428264604810996 0.025 0.027083333333333334
0 0.02265625 0.253125 0.0296875 0.03958333333333333
0 0.5110085227272727 0.014299242424242424 0.0296875 0.01875
0 0.36578125 0.030208333333333334 0.0234375 0.027083333333333334
1 0.57109375 0.13333333333333333 0.0890625 0.1125
1 0.3203125 0.21041666666666667 0.103125 0.09583333333333334
