0 0.26765212004405287 0.4326082966226138 0.0265625 0.0375
0 0.23828125 0.5770833333333333 0.0265625 0.0375
0 0.24234375 0.85625 0.0265625 0.0375
0 0.19453125 0.8458333333333333 0.0265625 0.0375
0 0.08359375 0.80625 0.0265625 0.0375
0 0.01967716439688716 0.7505796044098574 0.0265625 0.0375
0 0.13515625 0.18958333333333333 0.0265625 0.0375
0 0.2289981617647059 0.18743872549019608 0.0265625 0.041666666666666664
0 0.2605224609375 0.13076171875 0.0265625 0.0375
0 0.28254833633093523 0.22014388489208633 0.0265625 0.0375
0 0.28940176792828687 0.33183930942895085 0.0265625 0.0375
0 0.166015625 0.5265625 0.028125 0.05
0 0.546875 0.947337962962963 0.0265625 0.0375
0 0.6379104872881356 0.5800141242937854 0.0265625 0.0375
0 0.48828125 0.86875 0.0265625 0.0375
0 0.8451514288218794 0.8497019635343618 0.0265625 0.0375
0 0.8357764288218794 0.9747019635343618 0.0265625 0.0375
0 0.8524182591164096 0.7519839878447873 0.0265625 0.0375
0 0.828125 0.43645833333333334 0.025 0.03958333333333333
0 0.866922268907563 0.409375 0.025 0.03958333333333333
0 0.66328125 0.175 0.0265625 0.03333333333333333
0 0.7723362198795181 0.07876506024096384 0.0265625 0.033333333333333326
0 0.71015625 0.6354166666666666 0.0265625 0.03333333333333333
0 0.5782383110687024 0.5197041984732825 0.026657919847328328 0.033333333333333395
0 0.49048212548638126 0.4051232166018158 0.0265625 0.03333333333333333
0 0.007625 0.28891666666666665 0.01525 0.03350000000000002
0 0.4296875 0.4125 0.028125 0.0375
0 0.75078125 0.23541666666666666 0.0265625 0.03333333333333333
0 0.9795928030303032 0.8363952020202021 0.021780303030302938 0.035416666666666666
0 0.828125 0.9877604166666667 0.028125 0.021354166666666667
0 0.58828125 0.11875 0.0296875 0.05
0 0.6015625 0.20625 0.025 0.04583333333333333
0 0.057343750000000006 0.15958333333333333 0.035937500000000004 0.04583333333333333
0 0.85625 0.22395833333333334 0.0375 0.04375
0 0.5005345394736842 0.7378837719298246 0.0421875 0.04375
0 0.5002083333333334 0.020671296296296292 0.025 0.02708333333333333
0 0.3029017857142857 0.14077380952380952 0.028125 0.0375
0 0.520904356060606 0.011000631313131315 0.0296875 0.01875
0 0.37314732142857143 0.01238095238095238 0.0234375 0.021904761904761906
1 0.57109375 0.13333333333333333 0.0890625 0.1125
1 0.3203125 0.21041666666666667 0.103125 0.09583333333333334
