0 0.27304341814159294 0.4222345132743363 0.0265625 0.0375
0 0.23828125 0.5775234741784038 0.0265625 0.0375
0 0.2431888204225352 0.8556631455399061 0.0265625 0.0375
0 0.19453125 0.8458333333333333 0.0265625 0.0375
0 0.08359375 0.80625 0.0265625 0.0375
0 0.02611135563380282 0.7309565727699531 0.0265625 0.0375
0 0.13515625 0.18958333333333333 0.0265625 0.0375
0 0.21796875 0.16779891304347824 0.0265625 0.0375
0 0.2913321659482758 0.10827047413793103 0.0265625 0.0375
0 0.2840433902877698 0.21815047961630693 0.0265625 0.0375
0 0.3119388204225352 0.30997652582159624 0.0265625 0.0375
0 0.37109375 0.3458333333333333 0.0265625 0.041666666666666664
0 0.5721941021126761 0.8903462441314555 0.0265625 0.0375
0 0.6422913656069364 0.5684609826589596 0.0265625 0.0375
0 0.48828125 0.86875 0.0265625 0.0375
0 0.790625 0.8385416666666666 0.0234375 0.0375
0 0.8474831258765778 0.8427068723702664 0.0265625 0.0375
0 0.8381081258765779 0.9677068723702664 0.0265625 0.0375
0 0.8541670319074333 0.7496522907900888 0.0265625 0.0375
0 0.828125 0.43645833333333334 0.025 0.03958333333333333
0 0.8679700630252102 0.409375 0.025 0.03958333333333333
0 0.62421875 0.06770833333333333 0.0234375 0.035416666666666666
0 0.6699416762672812 0.14627496159754222 0.0265625 0.03333333333333332
0 0.7719171754498715 0.06886246786632391 0.0265625 0.03333333333333334
0 0.7103763204225352 0.6357100938967136 0.0265625 0.03333333333333333
0 0.5911861795774648 0.49272300469483565 0.0265625 0.03333333333333333
0 0.4978763204225352 0.38914319248826296 0.0265625 0.03333333333333333
0 0.014025297619047616 0.2451388888888889 0.0265625 0.03333333333333333
0 0.2078125 0.3302083333333333 0.028125 0.0375
0 0.79140625 0.625 0.0265625 0.03333333333333333
0 0.9929338727678572 0.7770368303571428 0.014132254464285765 0.035174851190476156
0 0.65859375 0.540625 0.025 0.041666666666666664
0 0.58828125 0.11875 0.0296875 0.05
0 0.6015625 0.20625 0.025 0.04583333333333333
0 0.2671875 0.5364583333333334 0.0359375 0.04583333333333333
0 0.26640625 0.44166666666666665 0.0328125 0.0375
0 0.85625 0.22395833333333334 0.0375 0.04375
0 0.5087376644736843 0.7251233552631579 0.0421875 0.04375
1 0.57109375 0.13333333333333333 0.0890625 0.1125
1 0.3203125 0.21041666666666667 0.103125 0.09583333333333334
