0 0.27311255530973455 0.4219886922320551 0.0265625 0.0375
0 0.23828125 0.5776701877934272 0.0265625 0.0375
0 0.24326217723004695 0.8554675273865414 0.0265625 0.0375
0 0.19453125 0.8458333333333333 0.0265625 0.0375
0 0.08359375 0.80625 0.0265625 0.0375
0 0.026221390845070424 0.7308587636932707 0.0265625 0.0375
0 0.13515625 0.18958333333333333 0.0265625 0.0375
0 0.21796875 0.1671195652173913 0.0265625 0.0375
0 0.2919719827586207 0.10786637931034483 0.0265625 0.0375
0 0.2840714928057554 0.21811300959232616 0.0265625 0.0375
0 0.3120121772300469 0.3098298122065728 0.0265625 0.0375
0 0.36796875 0.3458333333333333 0.0265625 0.041666666666666664
0 0.5725608861502347 0.889906103286385 0.0265625 0.0375
0 0.6424268424855492 0.5683104527938343 0.0265625 0.0375
0 0.48828125 0.86875 0.0265625 0.0375
0 0.7799479166666667 0.8402777777777778 0.0234375 0.0375
0 0.8475269547685835 0.8425753856942497 0.0265625 0.0375
0 0.8381519547685835 0.9675753856942497 0.0265625 0.0375
0 0.8541999035764375 0.7496084618980832 0.0265625 0.0375
0 0.828125 0.43645833333333334 0.025 0.03958333333333333
0 0.8679897584033613 0.409375 0.025 0.03958333333333333
0 0.620703125 0.08385416666666666 0.0234375 0.035416666666666666
0 0.6700496831797235 0.14584293394777265 0.0265625 0.03333333333333333
0 0.7718569248071979 0.06870179948586118 0.0265625 0.033333333333333326
0 0.7104496772300469 0.6358079029733958 0.0265625 0.03333333333333333
0 0.5911128227699531 0.4923806729264476 0.0265625 0.03333333333333333
0 0.4979496772300469 0.38899647887323946 0.0265625 0.03333333333333333
0 0.01411830357142857 0.24427083333333333 0.0265625 0.03333333333333333
0 0.20208333333333334 0.3211805555555555 0.02812500000000002 0.0375
0 0.7953125 0.6291666666666667 0.0265625 0.03333333333333333
0 0.9927769252232143 0.7768275669642857 0.014446149553571352 0.035128348214285766
0 0.6692708333333333 0.5194444444444444 0.025 0.04166666666666661
0 0.58828125 0.11875 0.0296875 0.05
0 0.6015625 0.20625 0.025 0.04583333333333333
0 0.26119791666666664 0.5416666666666666 0.0359375 0.04583333333333333
0 0.27578125 0.48125 0.0328125 0.0375
0 0.85625 0.22395833333333334 0.0375 0.04375
0 0.5088918585526316 0.7248834978070176 0.0421875 0.04375
1 0.57109375 0.13333333333333333 0.0890625 0.1125
1 0.3203125 0.21041666666666667 0.103125 0.09583333333333334
