0 0.26484375 0.4354166666666667 0.0265625 0.0375
0 0.23828125 0.5770833333333333 0.0265625 0.0375
0 0.2419926543824701 0.85625 0.0265625 0.0375
0 0.19453125 0.8458333333333333 0.0265625 0.0375
0 0.08359375 0.80625 0.0265625 0.0375
0 0.016248176070038912 0.7614380674448767 0.0265625 0.0375
0 0.13515625 0.18958333333333333 0.0265625 0.0375
0 0.26484375 0.22916666666666666 0.0265625 0.041666666666666664
0 0.2501953125 0.14453125 0.0265625 0.0375
0 0.28175584532374104 0.22120053956834532 0.0265625 0.0375
0 0.27799116035856575 0.3470534528552457 0.0265625 0.0375
0 0.109375 0.5760416666666667 0.028125 0.05
0 0.5336395040263543 0.9729776720351391 0.0265625 0.0375
0 0.6313757944915255 0.5949505649717515 0.0265625 0.0375
0 0.48828125 0.86875 0.0265625 0.0375
0 0.8439154540673212 0.8534098877980365 0.0265625 0.0375
0 0.8345404540673211 0.9784098877980365 0.0265625 0.0375
0 0.851491278050491 0.7532199625993455 0.0265625 0.0375
0 0.828125 0.43645833333333334 0.025 0.03958333333333333
0 0.8663668592436975 0.409375 0.025 0.03958333333333333
0 0.6613737824675325 0.18390151515151515 0.0265625 0.03333333333333333
0 0.7687970632530121 0.0858433734939759 0.0265625 0.03333333333333333
0 0.71015625 0.6354166666666666 0.0265625 0.03333333333333333
0 0.5664658874045803 0.5365219465648855 0.028339694656488577 0.03333333333333333
0 0.48194846854304635 0.40638796909492275 0.0265625 0.03333333333333333
0 0.5953125 0.5333333333333333 0.028125 0.0375
0 0.69296875 0.07291666666666667 0.0265625 0.03333333333333333
0 0.9752203525641026 0.8610309829059829 0.0234375 0.035416666666666666
0 0.58828125 0.11875 0.0296875 0.05
0 0.6015625 0.20625 0.025 0.04583333333333333
0 0.85625 0.22395833333333334 0.0375 0.04375
0 0.9360937500000001 0.26208333333333333 0.0328125 0.0416666666666667
0 0.4961862664473684 0.7446477521929824 0.0421875 0.04375
0 0.5044047619047619 0.024401455026455025 0.025 0.027083333333333334
0 0.1234375 0.3145833333333333 0.028125 0.0375
0 0.5142282196969697 0.0132260101010101 0.0296875 0.01875
0 0.3673807123655914 0.024115143369175626 0.0234375 0.027083333333333334
0 0.08046875 0.013541666666666667 0.0265625 0.027083333333333334
1 0.57109375 0.13333333333333333 0.0890625 0.1125
1 0.3203125 0.21041666666666667 0.103125 0.09583333333333334
