0 0.26484375 0.4354166666666667 0.0265625 0.0375
0 0.23828125 0.5770833333333333 0.0265625 0.0375
0 0.24188807270916332 0.85625 0.0265625 0.0375
0 0.19453125 0.8458333333333333 0.0265625 0.0375
0 0.08359375 0.80625 0.0265625 0.0375
0 0.015226775291828792 0.7646725032425421 0.0265625 0.0375
0 0.13515625 0.18958333333333333 0.0265625 0.0375
0 0.27890625 0.23125 0.0265625 0.041666666666666664
0 0.247119140625 0.1486328125 0.0265625 0.0375
0 0.2815197841726619 0.22151528776978416 0.0265625 0.0375
0 0.27501370614035087 0.35164473684210523 0.0265625 0.0375
0 0.0625 0.5708333333333333 0.028125 0.05
0 0.5340238378477306 0.9734901171303074 0.0265625 0.0375
0 0.6294292902542373 0.5993997175141244 0.0265625 0.0375
0 0.48828125 0.86875 0.0265625 0.0375
0 0.8435472913744742 0.8545143758765779 0.0265625 0.0375
0 0.8341722913744741 0.9795143758765779 0.0265625 0.0375
0 0.8512151560308556 0.7535881252921927 0.0265625 0.0375
0 0.828125 0.43645833333333334 0.025 0.03958333333333333
0 0.866201418067227 0.409375 0.025 0.03958333333333333
0 0.6608056006493507 0.1865530303030303 0.0265625 0.03333333333333333
0 0.7677428463855421 0.08795180722891566 0.0265625 0.03333333333333333
0 0.71015625 0.6354166666666666 0.0265625 0.03333333333333333
0 0.5629592080152672 0.5415314885496183 0.02884064885496187 0.03333333333333333
0 0.4802100579470198 0.4092853200883002 0.0265625 0.03333333333333333
0 0.634375 0.58125 0.028125 0.0375
0 0.63984375 0.06805555555555555 0.0265625 0.033333333333333326
0 0.9743790064102564 0.8666399572649574 0.0234375 0.035416666666666666
0 0.58828125 0.11875 0.0296875 0.05
0 0.6015625 0.20625 0.025 0.04583333333333333
0 0.85625 0.22395833333333334 0.0375 0.04375
0 0.91328125 0.24618055555555554 0.0328125 0.04374999999999997
0 0.4955760770631068 0.7454818972491909 0.0421875 0.04375
0 0.5056547619047619 0.02551256613756614 0.025 0.027083333333333334
0 0.06484375 0.2642361111111111 0.0296875 0.039583333333333366
0 0.5122395833333333 0.013888888888888888 0.0296875 0.01875
0 0.36639280913978495 0.02787858422939068 0.0234375 0.027083333333333338
1 0.57109375 0.13333333333333333 0.0890625 0.1125
1 0.3203125 0.21041666666666667 0.103125 0.09583333333333334
