0 0.27354120575221236 0.42046460176991146 0.0265625 0.0375
0 0.23828125 0.5785798122065728 0.0265625 0.0375
0 0.2437169894366197 0.8542546948356808 0.0265625 0.0375
0 0.19453125 0.8458333333333333 0.0265625 0.0375
0 0.08359375 0.80625 0.0265625 0.0375
0 0.026903609154929575 0.7302523474178404 0.0265625 0.0375
0 0.13515625 0.18958333333333333 0.0265625 0.0375
0 0.21796875 0.16290760869565218 0.0265625 0.0375
0 0.29582031249999996 0.10548611111111111 0.0265625 0.0375
0 0.2842457284172662 0.21788069544364508 0.0265625 0.0375
0 0.3124669894366197 0.3089201877934272 0.0265625 0.0375
0 0.3341145833333333 0.2833333333333333 0.0265625 0.041666666666666664
0 0.5748349471830986 0.8871772300469484 0.0265625 0.0375
0 0.643266799132948 0.5673771676300579 0.0265625 0.0375
0 0.48828125 0.86875 0.0265625 0.0375
0 0.73046875 0.8208333333333333 0.0234375 0.0375
0 0.8477986938990183 0.8417601683029453 0.0265625 0.0375
0 0.8384236938990183 0.9667601683029453 0.0265625 0.0375
0 0.8544037079242637 0.7493367227676484 0.0265625 0.0375
0 0.98671875 0.8489583333333334 0.0265625 0.04375
0 0.828125 0.43645833333333334 0.025 0.03958333333333333
0 0.8681118697478991 0.409375 0.025 0.03958333333333333
0 0.63203125 0.11770833333333333 0.0234375 0.035416666666666666
0 0.6707193260368663 0.14316436251920123 0.0265625 0.03333333333333332
0 0.7714833708226221 0.06770565552699229 0.0265625 0.033333333333333326
0 0.7109044894366197 0.6364143192488263 0.0265625 0.03333333333333333
0 0.5906580105633803 0.49025821596244135 0.0265625 0.03333333333333333
0 0.4984044894366197 0.3880868544600939 0.0265625 0.03333333333333333
0 0.014694940476190476 0.2388888888888889 0.0265625 0.03333333333333333
0 0.1953125 0.26875 0.028125 0.0375
0 0.77734375 0.66875 0.0265625 0.03333333333333333
0 0.9918038504464285 0.7755301339285715 0.016392299107142884 0.03484002976190474
0 0.628125 0.48125 0.025 0.03333333333333333
0 0.58828125 0.11875 0.0296875 0.05
0 0.6015625 0.20625 0.025 0.04583333333333333
0 0.25911458333333337 0.5472222222222223 0.0359375 0.04583333333333339
0 0.36484375 0.5197916666666667 0.0328125 0.0375
0 0.85625 0.22395833333333334 0.0375 0.04375
0 0.5098478618421052 0.7233963815789474 0.0421875 0.04375
1 0.57109375 0.13333333333333333 0.0890625 0.1125
1 0.3203125 0.21041666666666667 0.103125 0.09583333333333334
