0 0.2657248072687225 0.43453560939794417 0.0265625 0.0375
0 0.23828125 0.5770833333333333 0.0265625 0.0375
0 0.24216944721115538 0.85625 0.0265625 0.0375
0 0.19453125 0.8458333333333333 0.0265625 0.0375
0 0.08359375 0.80625 0.0265625 0.0375
0 0.017974829766536964 0.7559703307392996 0.0265625 0.0375
0 0.13515625 0.18958333333333333 0.0265625 0.0375
0 0.246171875 0.19041666666666668 0.0265625 0.041666666666666664
0 0.2553955078125 0.13759765625 0.0265625 0.0375
0 0.2821549010791367 0.22066846522781774 0.0265625 0.0375
0 0.28373692729083666 0.3393924302788845 0.0265625 0.0375
0 0.135 0.5308333333333334 0.028125 0.05
0 0.5400390625 0.9605034722222222 0.0265625 0.0375
0 0.634666313559322 0.5874293785310735 0.0265625 0.0375
0 0.48828125 0.86875 0.0265625 0.0375
0 0.8445378243338009 0.8515427769985975 0.0265625 0.0375
0 0.835162824333801 0.9765427769985975 0.0265625 0.0375
0 0.8519580557503506 0.7525975923328658 0.0265625 0.0375
0 0.828125 0.43645833333333334 0.025 0.03958333333333333
0 0.8666465336134455 0.409375 0.025 0.03958333333333333
0 0.6623342803030303 0.17941919191919192 0.0265625 0.03333333333333333
0 0.7705791917670683 0.08227911646586344 0.0265625 0.033333333333333326
0 0.71015625 0.6354166666666666 0.0265625 0.03333333333333333
0 0.5723938454198473 0.5280534351145039 0.02749284351145036 0.03333333333333333
0 0.48622628891050584 0.4056906614785992 0.0265625 0.03333333333333333
0 0.00546875 0.30520833333333336 0.0109375 0.035416666666666666
0 0.5109375 0.48125 0.028125 0.0375
0 0.73515625 0.13333333333333333 0.0265625 0.03333333333333333
0 0.9765907379518073 0.8497364457831326 0.0234375 0.035416666666666666
0 0.58828125 0.11875 0.0296875 0.05
0 0.6015625 0.20625 0.025 0.04583333333333333
0 0.02578125 0.040625 0.0296875 0.03958333333333333
0 0.85625 0.22395833333333334 0.0375 0.04375
0 0.9921875 0.3125 0.0140625 0.0375
0 0.49837582236842104 0.7412417763157895 0.0421875 0.04375
0 0.5022916666666666 0.022523148148148146 0.025 0.027083333333333334
0 0.24375 0.26458333333333334 0.028125 0.0375
0 0.5175899621212121 0.012105429292929293 0.0296875 0.01875
0 0.37002232142857144 0.01811011904761905 0.0234375 0.025029761904761905
1 0.57109375 0.13333333333333333 0.0890625 0.1125
1 0.3203125 0.21041666666666667 0.103125 0.09583333333333334
