0 0.26484375 0.4354166666666667 0.0265625 0.0375
0 0.23828125 0.5770833333333333 0.0265625 0.0375
0 0.24150709661354583 0.85625 0.0265625 0.0375
0 0.19453125 0.8458333333333333 0.0265625 0.0375
0 0.08359375 0.80625 0.0265625 0.0375
0 0.007989690721649484 0.78259235395189 0.015979381443298968 0.03279639175257738
0 0.13515625 0.18958333333333333 0.0265625 0.0375
0 0.31015625 0.24305555555555555 0.0265625 0.041666666666666664
0 0.24319791666666668 0.15926666666666664 0.0265625 0.0375
0 0.2806598471223022 0.22266187050359712 0.0265625 0.0375
0 0.25825034340659336 0.3654304029304029 0.0265625 0.0375
0 0.5354239110541728 0.9753568814055636 0.0265625 0.0375
0 0.6282847351301115 0.6058395291201982 0.0265625 0.0375
0 0.48828125 0.86875 0.0265625 0.0375
0 0.84296875 0.85625 0.0265625 0.0375
0 0.83359375 0.98125 0.0265625 0.0375
0 0.8485322840073529 0.7541666666666667 0.0265625 0.0375
0 0.828125 0.43645833333333334 0.025 0.03958333333333333
0 0.8655987394957982 0.409375 0.025 0.03958333333333333
0 0.652734375 0.2140625 0.0265625 0.03333333333333333
0 0.7639024849397591 0.09563253012048192 0.0265625 0.03333333333333333
0 0.71015625 0.6354166666666666 0.0265625 0.03333333333333333
0 0.5508115898058252 0.5682443365695793 0.0296875 0.03333333333333333
0 0.47387727649006617 0.41983995584988965 0.0265625 0.03333333333333333
0 0.6890625 0.46458333333333335 0.028125 0.0375
0 0.9585184487951807 0.9050326305220884 0.0234375 0.035416666666666666
0 0.58828125 0.11875 0.0296875 0.05
0 0.6015625 0.20625 0.025 0.04583333333333333
0 0.85625 0.22395833333333334 0.0375 0.04375
0 0.7966145833333333 0.09305555555555554 0.02968750000000009 0.03333333333333333
0 0.4935452063106796 0.7481897249190939 0.0421875 0.04375
0 0.4969662800687285 0.03461125429553265 0.025 0.027083333333333334
0 0.50703125 0.016942401960784316 0.0296875 0.021384803921568628
0 0.3627940188172043 0.04158826164874552 0.0234375 0.02708333333333333
1 0.57109375 0.13333333333333333 0.0890625 0.1125
1 0.3203125 0.21041666666666667 0.103125 0.09583333333333334
