0 0.2717574668141593 0.42680678466076694 0.0265625 0.0375
0 0.23828125 0.5770833333333333 0.0265625 0.0375
0 0.24277452689243026 0.85625 0.0265625 0.0375
0 0.19453125 0.8458333333333333 0.0265625 0.0375
0 0.08359375 0.80625 0.0265625 0.0375
0 0.023884362840466928 0.7372568093385214 0.0265625 0.0375
0 0.13515625 0.18958333333333333 0.0265625 0.0375
0 0.22265625 0.17481060606060606 0.0265625 0.0375
0 0.27943157327586204 0.11578663793103448 0.0265625 0.0375
0 0.28352068345323744 0.2188474220623501 0.0265625 0.0375
0 0.30435717281879193 0.31586968680089483 0.0265625 0.0375
0 0.309375 0.42916666666666664 0.0265625 0.041666666666666664
0 0.5637073863636364 0.9106060606060605 0.0265625 0.0375
0 0.6397714956647399 0.571260838150289 0.0265625 0.0375
0 0.48828125 0.86875 0.0265625 0.0375
0 0.96171875 0.9125 0.0234375 0.0375
0 0.8466679084852735 0.8451525245441796 0.0265625 0.0375
0 0.8372929084852736 0.9701525245441796 0.0265625 0.0375
0 0.8535556188639551 0.7504675081813932 0.0265625 0.0375
0 0.828125 0.43645833333333334 0.025 0.03958333333333333
0 0.8676037289915965 0.409375 0.025 0.03958333333333333
0 0.6676587803643724 0.15603070175438596 0.0265625 0.03333333333333333
0 0.773037837403599 0.07185089974293059 0.0265625 0.03333333333333333
0 0.71015625 0.6354166666666666 0.0265625 0.03333333333333333
0 0.5877408364661654 0.499859022556391 0.0265625 0.03333333333333333
0 0.49765625 0.3981359649122807 0.0265625 0.03333333333333333
0 0.01328125 0.26633064516129035 0.0265625 0.03333333333333333
0 0.303125 0.39791666666666664 0.028125 0.0375
0 0.77109375 0.5041666666666667 0.0265625 0.03333333333333333
0 0.9922960069444444 0.7994502314814814 0.0125 0.035416666666666666
0 0.7234375 0.7072916666666667 0.0296875 0.041666666666666664
0 0.58828125 0.11875 0.0296875 0.05
0 0.6015625 0.20625 0.025 0.04583333333333333
0 0.21953125 0.3729166666666667 0.0359375 0.04583333333333333
0 0.04348958333333334 0.23958333333333334 0.03281250000000001 0.0375
0 0.85625 0.22395833333333334 0.0375 0.04375
0 0.5058696546052632 0.7295847039473684 0.0421875 0.04375
1 0.57109375 0.13333333333333333 0.0890625 0.1125
1 0.3203125 0.21041666666666667 0.103125 0.09583333333333334
