0 0.26484375 0.4354166666666667 0.0265625 0.0375
0 0.23828125 0.5770833333333333 0.0265625 0.0375
0 0.2413676543824701 0.85625 0.0265625 0.0375
0 0.19453125 0.8458333333333333 0.0265625 0.0375
0 0.08359375 0.80625 0.0265625 0.0375
0 0.006136363636363636 0.7899431818181818 0.012272727272727272 0.03155303030303026
0 0.13515625 0.18958333333333333 0.0265625 0.0375
0 0.3130580357142857 0.23898809523809522 0.0265625 0.041666666666666664
0 0.24203125 0.16299999999999998 0.0265625 0.0375
0 0.2796798155737705 0.22456967213114754 0.0265625 0.0375
0 0.25273600941422597 0.36832287308228734 0.0265625 0.0375
0 0.5359363561493412 0.9760401415324549 0.0265625 0.0375
0 0.628772653345725 0.6067069392812887 0.0265625 0.0375
0 0.48828125 0.86875 0.0265625 0.0375
0 0.84296875 0.85625 0.0265625 0.0375
0 0.83359375 0.98125 0.0265625 0.0375
0 0.8470846737132354 0.7541666666666667 0.0265625 0.0375
0 0.828125 0.43645833333333334 0.025 0.03958333333333333
0 0.8653781512605041 0.409375 0.025 0.03958333333333333
0 0.6480500508130081 0.2217649051490515 0.0265625 0.03333333333333333
0 0.7624968624497992 0.09844377510040161 0.0265625 0.03333333333333333
0 0.71015625 0.6354166666666666 0.0265625 0.03333333333333333
0 0.5447544642857143 0.5768849206349207 0.0296875 0.03333333333333333
0 0.47155939569536426 0.42370309050772625 0.0265625 0.03333333333333333
0 0.7609375 0.41458333333333336 0.028125 0.0375
0 0.953277658045977 0.9213840996168583 0.0234375 0.035416666666666666
0 0.58828125 0.11875 0.0296875 0.05
0 0.6015625 0.20625 0.025 0.04583333333333333
0 0.85625 0.22395833333333334 0.0375 0.04375
0 0.7596354166666667 0.04791666666666667 0.0296875 0.03333333333333333
0 0.49280188106796113 0.7491808252427185 0.0421875 0.04375
0 0.9833333333333334 0.3475694444444445 0.028125 0.04375
0 0.4930573453608248 0.03821950171821306 0.025 0.027083333333333334
0 0.50703125 0.01865808823529412 0.0296875 0.024816176470588237
0 0.361476814516129 0.046606182795698926 0.0234375 0.027083333333333334
1 0.57109375 0.13333333333333333 0.0890625 0.1125
1 0.3203125 0.21041666666666667 0.103125 0.09583333333333334
