0 0.2659450715859031 0.4343153450807636 0.0265625 0.0375
0 0.23828125 0.5770833333333333 0.0265625 0.0375
0 0.24218936752988046 0.85625 0.0265625 0.0375
0 0.19453125 0.8458333333333333 0.0265625 0.0375
0 0.08359375 0.80625 0.0265625 0.0375
0 0.018169382295719842 0.7553542477302205 0.0265625 0.0375
0 0.13515625 0.18958333333333333 0.0265625 0.0375
0 0.24359375 0.18791666666666668 0.0265625 0.041666666666666664
0 0.2559814453125 0.13681640625 0.0265625 0.0375
0 0.28219986510791367 0.22060851318944846 0.0265625 0.0375
0 0.2843843376494024 0.3385292164674635 0.0265625 0.0375
0 0.1375 0.5308333333333334 0.028125 0.05
0 0.5408203125 0.9589988425925926 0.0265625 0.0375
0 0.6350370762711864 0.5865819209039548 0.0265625 0.0375
0 0.48828125 0.86875 0.0265625 0.0375
0 0.8446079505610099 0.8513323983169705 0.0265625 0.0375
0 0.8352329505610099 0.9763323983169705 0.0265625 0.0375
0 0.8520106504207574 0.7525274661056568 0.0265625 0.0375
0 0.828125 0.43645833333333334 0.025 0.03958333333333333
0 0.8666780462184874 0.409375 0.025 0.03958333333333333
0 0.6624425054112554 0.17891414141414141 0.0265625 0.03333333333333333
0 0.7707799949799197 0.08187751004016065 0.0265625 0.03333333333333334
0 0.71015625 0.6354166666666666 0.0265625 0.03333333333333333
0 0.5730617843511451 0.5270992366412214 0.027397423664122122 0.03333333333333328
0 0.48671267023346304 0.40562581063553826 0.0265625 0.03333333333333333
0 0.00546875 0.30520833333333336 0.0109375 0.035416666666666666
0 0.484375 0.4791666666666667 0.028125 0.0375
0 0.71953125 0.15208333333333332 0.0265625 0.03333333333333333
0 0.9767413403614459 0.8483308232931727 0.0234375 0.035416666666666666
0 0.58828125 0.11875 0.0296875 0.05
0 0.6015625 0.20625 0.025 0.04583333333333333
0 0.04921875 0.065625 0.0296875 0.03958333333333333
0 0.85625 0.22395833333333334 0.0375 0.04375
0 0.98515625 0.3333333333333333 0.025 0.0375
0 0.4986225328947368 0.7408580043859649 0.0421875 0.04375
0 0.5020535714285714 0.022311507936507935 0.025 0.027083333333333334
0 0.260625 0.29333333333333333 0.028125 0.0375
0 0.51796875 0.011979166666666667 0.0296875 0.01875
0 0.3703794642857143 0.017455357142857144 0.0234375 0.024672619047619047
1 0.57109375 0.13333333333333333 0.0890625 0.1125
1 0.3203125 0.21041666666666667 0.103125 0.09583333333333334
