0 0.26484375 0.4354166666666667 0.0265625 0.0375
0 0.23828125 0.5770833333333333 0.0265625 0.0375
0 0.24127054282868526 0.85625 0.0265625 0.0375
0 0.19453125 0.8458333333333333 0.0265625 0.0375
0 0.08359375 0.80625 0.0265625 0.0375
0 0.005997869318181819 0.794190340909091 0.011995738636363638 0.03192234848484846
0 0.13515625 0.18958333333333333 0.0265625 0.0375
0 0.31140625 0.23249999999999998 0.0265625 0.041666666666666664
0 0.24121874999999998 0.1656 0.0265625 0.0375
0 0.27828125 0.2275 0.0265625 0.0375
0 0.24993135460251045 0.3700226638772664 0.0265625 0.0375
0 0.5362932375549049 0.9765159834065398 0.0265625 0.0375
0 0.6291124535315985 0.6073110285006196 0.0265625 0.0375
0 0.48828125 0.86875 0.0265625 0.0375
0 0.84296875 0.85625 0.0265625 0.0375
0 0.83359375 0.98125 0.0265625 0.0375
0 0.8460765165441175 0.7541666666666667 0.0265625 0.0375
0 0.828125 0.43645833333333334 0.025 0.03958333333333333
0 0.8652245273109245 0.409375 0.025 0.03958333333333333
0 0.6455729166666667 0.2263888888888889 0.0265625 0.03333333333333333
0 0.761464942893401 0.10033840947546531 0.0265625 0.03333333333333333
0 0.71015625 0.6354166666666666 0.0265625 0.03333333333333333
0 0.539779974489796 0.5813066893424036 0.0296875 0.03333333333333333
0 0.4699451572847682 0.42639348785871967 0.0265625 0.03333333333333333
0 0.7625 0.3729166666666667 0.028125 0.0375
0 0.9497755028735633 0.9302562260536399 0.0234375 0.035416666666666666
0 0.58828125 0.11875 0.0296875 0.05
0 0.6015625 0.20625 0.025 0.04583333333333333
0 0.85625 0.22395833333333334 0.0375 0.04375
0 0.49228420813106794 0.7498710558252427 0.0421875 0.04375
0 0.9697916666666666 0.3975694444444445 0.028125 0.04375
0 0.49033505154639173 0.040732388316151204 0.025 0.027083333333333334
0 0.50703125 0.019852941176470587 0.0296875 0.027205882352941177
0 0.3605594758064516 0.0501008064516129 0.0234375 0.027083333333333334
1 0.57109375 0.13333333333333333 0.0890625 0.1125
1 0.3203125 0.21041666666666667 0.103125 0.09583333333333334
