0 0.26933163546255506 0.4309287812041116 0.0265625 0.0375
0 0.23828125 0.5770833333333333 0.0265625 0.0375
0 0.24249564243027888 0.85625 0.0265625 0.0375
0 0.19453125 0.8458333333333333 0.0265625 0.0375
0 0.08359375 0.80625 0.0265625 0.0375
0 0.021160627431906616 0.7458819714656291 0.0265625 0.0375
0 0.13515625 0.18958333333333333 0.0265625 0.0375
0 0.22109375 0.18363095238095237 0.0265625 0.041666666666666664
0 0.2650996767241379 0.12483836206896551 0.0265625 0.0375
0 0.2828911870503597 0.2196867505995204 0.0265625 0.0375
0 0.29433827191235057 0.3252573041168659 0.0265625 0.0375
0 0.20249999999999999 0.5108333333333334 0.028125 0.04583333333333333
0 0.5525920943708609 0.9348647902869758 0.0265625 0.0375
0 0.63828125 0.576155303030303 0.0265625 0.0375
0 0.48828125 0.86875 0.0265625 0.0375
0 0.8456861413043478 0.8480978260869565 0.0265625 0.0375
0 0.8363111413043478 0.9730978260869565 0.0265625 0.0375
0 0.8528192934782609 0.7514492753623189 0.0265625 0.0375
0 0.828125 0.43645833333333334 0.025 0.03958333333333333
0 0.8671625525210084 0.409375 0.025 0.03958333333333333
0 0.6648247722672065 0.1683114035087719 0.0265625 0.03333333333333333
0 0.77386734437751 0.07570281124497992 0.0265625 0.033333333333333326
0 0.71015625 0.6354166666666666 0.0265625 0.03333333333333333
0 0.5819176136363636 0.5117234848484848 0.0265625 0.03333333333333333
0 0.49419078307392994 0.404628728923476 0.0265625 0.03333333333333333
0 0.009021381578947368 0.2833552631578947 0.018042763157894735 0.03333333333333333
0 0.3875 0.46458333333333335 0.028125 0.0375
0 0.7809895833333333 0.31805555555555554 0.0265625 0.03333333333333333
0 0.9841658775252526 0.8235585016835018 0.018410669191919204 0.035416666666666666
0 0.79609375 0.9114583333333334 0.0390625 0.041666666666666664
0 0.58828125 0.11875 0.0296875 0.05
0 0.6015625 0.20625 0.025 0.04583333333333333
0 0.13463541666666667 0.25 0.0359375 0.04583333333333333
0 0.85625 0.22395833333333334 0.0375 0.04375
0 0.5024157072368421 0.7349575109649124 0.0421875 0.04375
0 0.39296875 0.09791666666666667 0.0234375 0.029166666666666667
0 0.4983928571428572 0.019057539682539683 0.025 0.027083333333333334
0 0.37890625 0.05572916666666667 0.028125 0.0375
0 0.5237926136363636 0.010037878787878788 0.0296875 0.01875
1 0.57109375 0.13333333333333333 0.0890625 0.1125
1 0.3203125 0.21041666666666667 0.103125 0.09583333333333334
