0 0.27160536504424776 0.42734759095378566 0.0265625 0.0375
0 0.23828125 0.5770833333333333 0.0265625 0.0375
0 0.24274713645418328 0.85625 0.0265625 0.0375
0 0.19453125 0.8458333333333333 0.0265625 0.0375
0 0.08359375 0.80625 0.0265625 0.0375
0 0.023616853112840463 0.7381039234760052 0.0265625 0.0375
0 0.13515625 0.18958333333333333 0.0265625 0.0375
0 0.22265625 0.17430555555555555 0.0265625 0.040277777777777767
0 0.2780239762931035 0.11667564655172415 0.0265625 0.0375
0 0.2834588579136691 0.2189298561151079 0.0265625 0.0375
0 0.3033190016778523 0.3166387024608501 0.0265625 0.0375
0 0.28046875 0.41041666666666665 0.0265625 0.041666666666666664
0 0.5621448863636364 0.9137310606060606 0.0265625 0.0375
0 0.639473446531792 0.5715920038535646 0.0265625 0.0375
0 0.48828125 0.86875 0.0265625 0.0375
0 0.971875 0.9458333333333333 0.0234375 0.0375
0 0.8465714849228612 0.8454417952314165 0.0265625 0.0375
0 0.8371964849228611 0.9704417952314165 0.0265625 0.0375
0 0.8534833011921459 0.7505639317438055 0.0265625 0.0375
0 0.828125 0.43645833333333334 0.025 0.03958333333333333
0 0.8675603991596639 0.409375 0.025 0.03958333333333333
0 0.6673804402834008 0.15723684210526315 0.0265625 0.03333333333333333
0 0.7731703888174807 0.07220437017994859 0.0265625 0.03333333333333333
0 0.71015625 0.6354166666666666 0.0265625 0.03333333333333333
0 0.5872239191729324 0.5007205513784461 0.0265625 0.03333333333333333
0 0.49765625 0.3993421052631579 0.0265625 0.03333333333333333
0 0.01328125 0.26875 0.0265625 0.03333333333333333
0 0.315625 0.41770833333333335 0.028125 0.0375
0 0.7783854166666667 0.5090277777777777 0.0265625 0.03333333333333333
0 0.9917376893939395 0.802304292929293 0.012831439393939447 0.035416666666666666
0 0.73984375 0.7229166666666667 0.0296875 0.041666666666666664
0 0.58828125 0.11875 0.0296875 0.05
0 0.6015625 0.20625 0.025 0.04583333333333333
0 0.18828125 0.4083333333333333 0.0359375 0.04583333333333333
0 0.01328125 0.24166666666666667 0.0265625 0.029166666666666667
0 0.85625 0.22395833333333334 0.0375 0.04375
0 0.505530427631579 0.7301123903508772 0.0421875 0.04375
1 0.57109375 0.13333333333333333 0.0890625 0.1125
1 0.3203125 0.21041666666666667 0.103125 0.09583333333333334
