0 0.26484375 0.4354166666666667 0.0265625 0.0375
0 0.23828125 0.5770833333333333 0.0265625 0.0375
0 0.2407551045816733 0.85625 0.0265625 0.0375
0 0.19453125 0.8458333333333333 0.0265625 0.0375
0 0.08359375 0.80625 0.0265625 0.0375
0 0.00546875 0.8104166666666667 0.0109375 0.03333333333333333
0 0.13515625 0.18958333333333333 0.0265625 0.0375
0 0.3045758928571428 0.21785714285714286 0.0265625 0.041666666666666664
0 0.23173363095238092 0.17390873015873018 0.0265625 0.0375
0 0.27085809426229507 0.24305327868852458 0.0265625 0.0375
0 0.2359375 0.3802083333333333 0.0265625 0.0375
0 0.5381874542459737 0.9790416056612982 0.0265625 0.0375
0 0.6309160083643123 0.6105173482032219 0.0265625 0.0375
0 0.48828125 0.86875 0.0265625 0.0375
0 0.84296875 0.85625 0.0265625 0.0375
0 0.83359375 0.98125 0.0265625 0.0375
0 0.8407255284926471 0.7541666666666667 0.0265625 0.0375
0 0.828125 0.43645833333333334 0.025 0.03958333333333333
0 0.8644091386554622 0.409375 0.025 0.03958333333333333
0 0.6313167580831409 0.23605177059276367 0.0265625 0.03333333333333333
0 0.7552720716783217 0.1099067599067599 0.0265625 0.03333333333333333
0 0.71015625 0.6354166666666666 0.0265625 0.03333333333333333
0 0.5205658783783784 0.5990146396396396 0.0296875 0.03333333333333333
0 0.4624660326086956 0.4439009661835749 0.0265625 0.03333333333333333
0 0.991796875 0.3645833333333333 0.01640625 0.0375
0 0.9283702098540146 0.9725897201946473 0.0234375 0.035416666666666666
0 0.58828125 0.11875 0.0296875 0.05
0 0.6015625 0.20625 0.025 0.04583333333333333
0 0.85625 0.22395833333333334 0.0375 0.04375
0 0.48953655946601937 0.7535345873786408 0.0421875 0.04375
0 0.88671875 0.6510416666666666 0.0296875 0.03958333333333333
0 0.14519230769230768 0.9310096153846154 0.025 0.03958333333333333
0 0.1853125 0.9579166666666666 0.028125 0.029166666666666667
0 0.4846165606653621 0.04655291911285062 0.025 0.027083333333333334
0 0.5078986220472441 0.024187992125984253 0.0296875 0.03125
0 0.35703125 0.06354166666666666 0.0234375 0.027083333333333334
0 0.9871819196428572 0.01449156746031746 0.020904017857142777 0.02319940476190476
1 0.57109375 0.13333333333333333 0.0890625 0.1125
1 0.3203125 0.21041666666666667 0.103125 0.09583333333333334
