0 0.26484375 0.4354166666666667 0.0265625 0.0375
0 0.23828125 0.5770833333333333 0.0265625 0.0375
0 0.2403019173306773 0.85625 0.0265625 0.0375
0 0.19453125 0.8458333333333333 0.0265625 0.0375
0 0.08359375 0.80625 0.0265625 0.0375
0 0.13515625 0.18958333333333333 0.0265625 0.0375
0 0.275 0.20520833333333333 0.0265625 0.041666666666666664
0 0.21454924738219897 0.1798211169284468 0.0265625 0.0375
0 0.26777871621621624 0.2528434684684685 0.0265625 0.0375
0 0.226123046875 0.3916015625 0.0265625 0.0375
0 0.53984375 0.98125 0.0265625 0.0375
0 0.6309721495815899 0.6106171548117154 0.0265625 0.0375
0 0.48828125 0.86875 0.0265625 0.0375
0 0.84296875 0.85625 0.0265625 0.0375
0 0.83359375 0.98125 0.0265625 0.0375
0 0.8390198863636364 0.7603030303030303 0.0265625 0.0375
0 0.828125 0.43645833333333334 0.025 0.03958333333333333
0 0.8640625 0.409375 0.025 0.03958333333333333
0 0.6293464924942264 0.23780311778290994 0.0265625 0.03333333333333333
0 0.7465951492537314 0.13146766169154228 0.0265625 0.03333333333333333
0 0.71015625 0.6354166666666666 0.0265625 0.03333333333333333
0 0.5064009978991597 0.6049194677871148 0.0296875 0.03333333333333333
0 0.45963323744769874 0.4604428172942817 0.0265625 0.03333333333333333
0 0.58828125 0.11875 0.0296875 0.05
0 0.6015625 0.20625 0.025 0.04583333333333333
0 0.85625 0.22395833333333334 0.0375 0.04375
0 0.48712075242718444 0.7567556634304207 0.0421875 0.04375
0 0.776953125 0.8988839285714286 0.0296875 0.03958333333333333
0 0.20171875 0.8591666666666666 0.025 0.03958333333333333
0 0.48294704011741685 0.048778946510110895 0.025 0.027083333333333334
0 0.5090182086614173 0.027173556430446198 0.0296875 0.03125
0 0.35703125 0.06354166666666666 0.0234375 0.027083333333333334
0 0.7732142857142856 0.22276785714285716 0.034375 0.03958333333333333
0 0.9780412946428573 0.028484623015873015 0.022935267857142883 0.03132440476190476
1 0.57109375 0.13333333333333333 0.0890625 0.1125
1 0.3203125 0.21041666666666667 0.103125 0.09583333333333334
