0 0.26484375 0.4354166666666667 0.0265625 0.0375
0 0.23828125 0.5770833333333333 0.0265625 0.0375
0 0.24053100099601593 0.85625 0.0265625 0.0375
0 0.19453125 0.8458333333333333 0.0265625 0.0375
0 0.08359375 0.80625 0.0265625 0.0375
0 0.13515625 0.18958333333333333 0.0265625 0.0375
0 0.29274553571428574 0.2154761904761905 0.0265625 0.041666666666666664
0 0.22295258620689654 0.1745330459770115 0.0265625 0.0375
0 0.26892233455882353 0.24826899509803918 0.0265625 0.03749999999999997
0 0.23095703125 0.38450520833333335 0.0265625 0.0375
0 0.5390110267203514 0.9801397022938018 0.0265625 0.0375
0 0.6317001626394052 0.6119114002478315 0.0265625 0.0375
0 0.48828125 0.86875 0.0265625 0.0375
0 0.84296875 0.85625 0.0265625 0.0375
0 0.83359375 0.98125 0.0265625 0.0375
0 0.8383990119485294 0.7541666666666667 0.0265625 0.0375
0 0.828125 0.43645833333333334 0.025 0.03958333333333333
0 0.8640625 0.409375 0.025 0.03958333333333333
0 0.6303424509237876 0.23691782140107776 0.0265625 0.03333333333333333
0 0.7542886800699301 0.11777389277389277 0.0265625 0.03333333333333333
0 0.71015625 0.6354166666666666 0.0265625 0.03333333333333333
0 0.5143229166666667 0.601388888888889 0.0296875 0.03333333333333333
0 0.46042798913043476 0.4529589371980676 0.0265625 0.03333333333333333
0 0.9173303091397849 0.9858758960573477 0.02451276881720421 0.028248207885304667
0 0.58828125 0.11875 0.0296875 0.05
0 0.6015625 0.20625 0.025 0.04583333333333333
0 0.85625 0.22395833333333334 0.0375 0.04375
0 0.48834192961165046 0.755127427184466 0.0421875 0.04375
0 0.84109375 0.7985416666666667 0.0296875 0.03958333333333333
0 0.146875 0.8508522727272728 0.025 0.03958333333333333
0 0.06796875 0.8875 0.03125 0.03958333333333333
0 0.48379097358121326 0.04765370189171559 0.025 0.027083333333333334
0 0.5084522637795276 0.025664370078740156 0.0296875 0.031249999999999997
0 0.35703125 0.06354166666666666 0.0234375 0.027083333333333334
0 0.77109375 0.09791666666666667 0.0296875 0.03333333333333333
0 0.9826618303571429 0.021411210317460315 0.021908482142857188 0.027217261904761907
1 0.57109375 0.13333333333333333 0.0890625 0.1125
1 0.3203125 0.21041666666666667 0.103125 0.09583333333333334
