0 0.26988229625550664 0.4303781204111601 0.0265625 0.0375
0 0.23828125 0.5770833333333333 0.0265625 0.0375
0 0.24254544322709162 0.85625 0.0265625 0.0375
0 0.19453125 0.8458333333333333 0.0265625 0.0375
0 0.08359375 0.80625 0.0265625 0.0375
0 0.021647008754863816 0.7443417639429312 0.0265625 0.0375
0 0.13515625 0.18958333333333333 0.0265625 0.0375
0 0.22109375 0.18194444444444444 0.0265625 0.041666666666666664
0 0.26765894396551726 0.1232219827586207 0.0265625 0.03750000000000001
0 0.28300359712230216 0.2195368705035971 0.0265625 0.0375
0 0.29595679780876494 0.3230992695883134 0.0265625 0.0375
0 0.2078125 0.48333333333333334 0.028125 0.04583333333333333
0 0.5544546771523179 0.9307257174392937 0.0265625 0.0375
0 0.63828125 0.5750189393939393 0.0265625 0.0375
0 0.48828125 0.86875 0.0265625 0.0375
0 0.8458614568723704 0.8475718793828891 0.0265625 0.0375
0 0.8364864568723703 0.9725718793828891 0.0265625 0.0375
0 0.8529507801542777 0.7512739597942965 0.0265625 0.0375
0 0.828125 0.43645833333333334 0.025 0.03958333333333333
0 0.8672413340336135 0.409375 0.025 0.03958333333333333
0 0.6653308451417004 0.16611842105263155 0.0265625 0.03333333333333333
0 0.7741464492287917 0.07480719794344473 0.0265625 0.03333333333333333
0 0.71015625 0.6354166666666666 0.0265625 0.03333333333333333
0 0.5830539772727272 0.5090719696969697 0.0265625 0.03333333333333333
0 0.49540673638132293 0.40446660181582356 0.0265625 0.03333333333333333
0 0.010172697368421052 0.2794078947368421 0.020345394736842104 0.033333333333333305
0 0.3890625 0.4375 0.028125 0.0375
0 0.78828125 0.3631944444444445 0.0265625 0.03333333333333333
0 0.9856652462121211 0.8193497474747475 0.017305871212121283 0.035416666666666666
0 0.77265625 0.8625 0.0390625 0.041666666666666664
0 0.58828125 0.11875 0.0296875 0.05
0 0.6015625 0.20625 0.025 0.04583333333333333
0 0.16015625 0.2694444444444445 0.0359375 0.045833333333333365
0 0.85625 0.22395833333333334 0.0375 0.04375
0 0.5030324835526316 0.7339980811403509 0.0421875 0.04375
0 0.36640625 0.09166666666666666 0.0234375 0.029166666666666667
0 0.49779761904761904 0.018528439153439154 0.025 0.027083333333333334
0 0.43314732142857143 0.03764880952380952 0.0296875 0.04375
0 0.5247395833333333 0.00972222222222222 0.0296875 0.01875
1 0.57109375 0.13333333333333333 0.0890625 0.1125
1 0.3203125 0.21041666666666667 0.103125 0.09583333333333334
