0 0.271702157079646 0.42700344149459196 0.0265625 0.0375
0 0.23828125 0.5770833333333333 0.0265625 0.0375
0 0.24276456673306773 0.85625 0.0265625 0.0375
0 0.19453125 0.8458333333333333 0.0265625 0.0375
0 0.08359375 0.80625 0.0265625 0.0375
0 0.02378708657587549 0.737564850843061 0.0265625 0.0375
0 0.13515625 0.18958333333333333 0.0265625 0.0375
0 0.22265625 0.17329545454545456 0.0265625 0.0375
0 0.27891971982758623 0.11610991379310344 0.0265625 0.0375
0 0.2834982014388489 0.21887739808153478 0.0265625 0.0375
0 0.30397965604026844 0.3161493288590604 0.0265625 0.0375
0 0.29921875 0.43333333333333335 0.0265625 0.041666666666666664
0 0.5631392045454546 0.9117424242424242 0.0265625 0.0375
0 0.6396631141618497 0.5713812620423891 0.0265625 0.0375
0 0.48828125 0.86875 0.0265625 0.0375
0 0.9455729166666667 0.9361111111111111 0.0234375 0.0375
0 0.8466328453716689 0.8452577138849929 0.0265625 0.0375
0 0.837257845371669 0.9702577138849929 0.0265625 0.0375
0 0.8535293215287517 0.7505025712949976 0.0265625 0.0375
0 0.828125 0.43645833333333334 0.025 0.03958333333333333
0 0.8675879726890756 0.409375 0.025 0.03958333333333333
0 0.6675575657894737 0.15646929824561404 0.0265625 0.03333333333333333
0 0.7730860379177378 0.07197943444730077 0.0265625 0.03333333333333333
0 0.71015625 0.6354166666666666 0.0265625 0.03333333333333333
0 0.5875528665413534 0.500172305764411 0.0265625 0.03333333333333333
0 0.49765625 0.3985745614035088 0.0265625 0.03333333333333333
0 0.01328125 0.2674059139784946 0.0265625 0.033333333333333305
0 0.308125 0.39291666666666664 0.028125 0.0375
0 0.77265625 0.49583333333333335 0.0265625 0.03333333333333333
0 0.9922092013888889 0.8007233796296297 0.0125 0.035416666666666666
0 0.7346354166666667 0.6972222222222223 0.0296875 0.041666666666666664
0 0.58828125 0.11875 0.0296875 0.05
0 0.6015625 0.20625 0.025 0.04583333333333333
0 0.20182291666666666 0.3923611111111111 0.035937499999999976 0.04583333333333333
0 0.04296875 0.22291666666666668 0.0328125 0.0375
0 0.85625 0.22395833333333334 0.0375 0.04375
0 0.5057462993421052 0.7297765899122807 0.0421875 0.04375
1 0.57109375 0.13333333333333333 0.0890625 0.1125
1 0.3203125 0.21041666666666667 0.103125 0.09583333333333334
