0 0.26484375 0.4354166666666667 0.0265625 0.0375
0 0.23828125 0.5770833333333333 0.0265625 0.0375
0 0.24057831175298805 0.85625 0.0265625 0.0375
0 0.19453125 0.8458333333333333 0.0265625 0.0375
0 0.08359375 0.80625 0.0265625 0.0375
0 0.13515625 0.18958333333333333 0.0265625 0.0375
0 0.29515625 0.21583333333333332 0.0265625 0.041666666666666664
0 0.22474407327586204 0.17350933908045976 0.0265625 0.0375
0 0.269140625 0.24739583333333334 0.0265625 0.0375
0 0.23207031250000001 0.38401041666666663 0.0265625 0.0375
0 0.538837161420205 0.9799078818936066 0.0265625 0.0375
0 0.6315346189591078 0.6116171003717472 0.0265625 0.0375
0 0.48828125 0.86875 0.0265625 0.0375
0 0.84296875 0.85625 0.0265625 0.0375
0 0.83359375 0.98125 0.0265625 0.0375
0 0.8388901654411764 0.7541666666666667 0.0265625 0.0375
0 0.828125 0.43645833333333334 0.025 0.03958333333333333
0 0.8641294642857142 0.409375 0.025 0.03958333333333333
0 0.6305481379907621 0.2367349884526559 0.0265625 0.03333333333333333
0 0.754496284965035 0.11611305361305362 0.0265625 0.03333333333333333
0 0.71015625 0.6354166666666666 0.0265625 0.03333333333333333
0 0.515625 0.6010416666666667 0.0296875 0.03333333333333333
0 0.46085824275362314 0.45104669887278587 0.0265625 0.03333333333333333
0 0.9195648521505376 0.9837477598566308 0.023874327956989204 0.03250448028673839
0 0.58828125 0.11875 0.0296875 0.05
0 0.6015625 0.20625 0.025 0.04583333333333333
0 0.85625 0.22395833333333334 0.0375 0.04375
0 0.4885941292475728 0.7547911610032363 0.0421875 0.04375
0 0.837109375 0.7567708333333333 0.0296875 0.03958333333333333
0 0.13874999999999998 0.876875 0.025 0.03958333333333333
0 0.13645833333333332 0.8850694444444444 0.03125 0.03958333333333333
0 0.48396526418786695 0.04742131441617743 0.025 0.027083333333333334
0 0.5083353838582677 0.02535269028871391 0.0296875 0.03125
0 0.35703125 0.06354166666666666 0.0234375 0.027083333333333334
0 0.747265625 0.09427083333333333 0.0296875 0.03333333333333333
0 0.9836160714285714 0.019950396825396826 0.021696428571428682 0.026369047619047622
1 0.57109375 0.13333333333333333 0.0890625 0.1125
1 0.3203125 0.21041666666666667 0.103125 0.09583333333333334
