0 0.2670463931718062 0.4332140234948605 0.0265625 0.0375
0 0.23828125 0.5770833333333333 0.0265625 0.0375
0 0.242288969123506 0.85625 0.0265625 0.0375
0 0.19453125 0.8458333333333333 0.0265625 0.0375
0 0.08359375 0.80625 0.0265625 0.0375
0 0.019142144941634243 0.752273832684825 0.0265625 0.0375
0 0.13515625 0.18958333333333333 0.0265625 0.0375
0 0.2310202205882353 0.1860906862745098 0.0265625 0.041666666666666664
0 0.2589111328125 0.13291015625 0.0265625 0.0375
0 0.28242468525179854 0.22030875299760191 0.0265625 0.0375
0 0.2876213894422311 0.33421314741035857 0.0265625 0.0375
0 0.1625 0.5322916666666667 0.028125 0.05
0 0.5447265625 0.9514756944444444 0.0265625 0.0375
0 0.6368908898305085 0.5823446327683616 0.0265625 0.0375
0 0.48828125 0.86875 0.0265625 0.0375
0 0.8449585816970547 0.8502805049088359 0.0265625 0.0375
0 0.8355835816970547 0.9752805049088359 0.0265625 0.0375
0 0.852273623772791 0.752176834969612 0.0265625 0.0375
0 0.828125 0.43645833333333334 0.025 0.03958333333333333
0 0.8668356092436975 0.409375 0.025 0.03958333333333333
0 0.6629836309523809 0.1763888888888889 0.0265625 0.03333333333333333
0 0.7717840110441767 0.07986947791164659 0.0265625 0.033333333333333326
0 0.71015625 0.6354166666666666 0.0265625 0.03333333333333333
0 0.5764014790076336 0.5223282442748091 0.026920324427480845 0.03333333333333328
0 0.489144576848249 0.40530155642023347 0.0265625 0.03333333333333333
0 0.00659375 0.29670833333333335 0.0131875 0.034416666666666686
0 0.45625 0.4479166666666667 0.028125 0.0375
0 0.76640625 0.20208333333333334 0.0265625 0.03333333333333333
0 0.9779434974747474 0.8410248316498316 0.022995580808080795 0.035416666666666666
0 0.58828125 0.11875 0.0296875 0.05
0 0.6015625 0.20625 0.025 0.04583333333333333
0 0.06015625 0.134375 0.0296875 0.03958333333333333
0 0.85625 0.22395833333333334 0.0375 0.04375
0 0.4998560855263158 0.7389391447368421 0.0421875 0.04375
0 0.5008630952380952 0.02125330687830688 0.025 0.027083333333333334
0 0.2890625 0.2 0.028125 0.0375
0 0.5198626893939393 0.011347853535353536 0.0296875 0.01875
0 0.37216517857142856 0.01418154761904762 0.0234375 0.02288690476190476
1 0.57109375 0.13333333333333333 0.0890625 0.1125
1 0.3203125 0.21041666666666667 0.103125 0.09583333333333334
