0 0.26484375 0.4354166666666667 0.0265625 0.0375
0 0.23828125 0.5770833333333333 0.0265625 0.0375
0 0.24024962649402387 0.85625 0.0265625 0.0375
0 0.19453125 0.8458333333333333 0.0265625 0.0375
0 0.08359375 0.80625 0.0265625 0.0375
0 0.13515625 0.18958333333333333 0.0265625 0.0375
0 0.26640625 0.20555555555555557 0.0265625 0.041666666666666664
0 0.21351848821989527 0.18211169284467713 0.0265625 0.0375
0 0.26733530405405403 0.25461711711711715 0.0265625 0.037500000000000026
0 0.22509765625 0.3938802083333333 0.0265625 0.0375
0 0.53984375 0.98125 0.0265625 0.0375
0 0.6305602771966528 0.6098849372384938 0.0265625 0.0375
0 0.48828125 0.86875 0.0265625 0.0375
0 0.84296875 0.85625 0.0265625 0.0375
0 0.83359375 0.98125 0.0265625 0.0375
0 0.8408096590909091 0.7650757575757576 0.0265625 0.0375
0 0.828125 0.43645833333333334 0.025 0.03958333333333333
0 0.8640625 0.409375 0.025 0.03958333333333333
0 0.6291191541570439 0.2380051963048499 0.0265625 0.03333333333333333
0 0.7439015858208955 0.13538557213930347 0.0265625 0.03333333333333333
0 0.71015625 0.6354166666666666 0.0265625 0.03333333333333333
0 0.5043329831932774 0.6060224089635855 0.0296875 0.03333333333333333
0 0.45949594665271964 0.4620903068340307 0.0265625 0.03333333333333333
0 0.58828125 0.11875 0.0296875 0.05
0 0.6015625 0.20625 0.025 0.04583333333333333
0 0.85625 0.22395833333333334 0.0375 0.04375
0 0.4868420054611651 0.7571273260517799 0.0421875 0.04375
0 0.76875 0.8973214285714286 0.0296875 0.03958333333333333
0 0.1974702380952381 0.8311011904761905 0.025 0.03958333333333333
0 0.4827544031311154 0.04903579582517938 0.025 0.027083333333333334
0 0.5091473917322834 0.02751804461942257 0.0296875 0.031249999999999997
0 0.35703125 0.06354166666666666 0.0234375 0.027083333333333334
0 0.7671875 0.25104166666666666 0.034375 0.03958333333333333
0 0.9769866071428572 0.03009920634920635 0.023169642857142847 0.032261904761904756
1 0.57109375 0.13333333333333333 0.0890625 0.1125
1 0.3203125 0.21041666666666667 0.103125 0.09583333333333334
