0 0.26484375 0.4354166666666667 0.0265625 0.0375
0 0.23828125 0.5770833333333333 0.0265625 0.0375
0 0.24105141932270918 0.85625 0.0265625 0.0375
0 0.19453125 0.8458333333333333 0.0265625 0.0375
0 0.08359375 0.80625 0.0265625 0.0375
0 0.005685369318181819 0.8037736742424243 0.011370738636363637 0.03275568181818187
0 0.13515625 0.18958333333333333 0.0265625 0.0375
0 0.3137276785714286 0.22738095238095238 0.0265625 0.041666666666666664
0 0.23938541666666668 0.17146666666666668 0.0265625 0.0375
0 0.275125512295082 0.2341120218579235 0.0265625 0.0375
0 0.24360290271966528 0.37385808926080893 0.0265625 0.0375
0 0.5370985084187408 0.9775896778916544 0.0265625 0.0375
0 0.6298791821561338 0.6086741016109046 0.0265625 0.0375
0 0.48828125 0.86875 0.0265625 0.0375
0 0.84296875 0.85625 0.0265625 0.0375
0 0.83359375 0.98125 0.0265625 0.0375
0 0.8438017003676471 0.7541666666666667 0.0265625 0.0375
0 0.828125 0.43645833333333334 0.025 0.03958333333333333
0 0.8648778886554622 0.409375 0.025 0.03958333333333333
0 0.637828125 0.23320833333333332 0.0265625 0.03333333333333333
0 0.7586730647208122 0.10406091370558375 0.0265625 0.03333333333333333
0 0.71015625 0.6354166666666666 0.0265625 0.03333333333333333
0 0.5293602195945946 0.5906390765765767 0.0296875 0.03333333333333333
0 0.4655570652173913 0.4323822463768116 0.0265625 0.03333333333333333
0 0.859375 0.39166666666666666 0.028125 0.0375
0 0.9418732040229886 0.9502753831417625 0.0234375 0.035416666666666666
0 0.58828125 0.11875 0.0296875 0.05
0 0.6015625 0.20625 0.025 0.04583333333333333
0 0.85625 0.22395833333333334 0.0375 0.04375
0 0.49111612560679613 0.7514284991909385 0.0421875 0.04375
0 0.9465401785714287 0.5200892857142858 0.0296875 0.039583333333333394
0 0.14481534090909093 0.9809659090909091 0.0203125 0.03125
0 0.4857081702544031 0.045097439660795824 0.025 0.027083333333333334
0 0.5071665846456692 0.02223589238845144 0.0296875 0.03125
0 0.35848958333333336 0.05798611111111111 0.0234375 0.027083333333333334
1 0.57109375 0.13333333333333333 0.0890625 0.1125
1 0.3203125 0.21041666666666667 0.103125 0.09583333333333334
