0 0.26484375 0.4354166666666667 0.0265625 0.0375
0 0.23828125 0.5770833333333333 0.0265625 0.0375
0 0.24077253486055777 0.85625 0.0265625 0.0375
0 0.19453125 0.8458333333333333 0.0265625 0.0375
0 0.08359375 0.80625 0.0265625 0.0375
0 0.00546875 0.8104166666666667 0.0109375 0.03333333333333333
0 0.13515625 0.18958333333333333 0.0265625 0.0375
0 0.306640625 0.21354166666666666 0.0265625 0.041666666666666664
0 0.2324280753968254 0.1740244708994709 0.0265625 0.0375
0 0.27110911885245903 0.24252732240437158 0.0265625 0.0375
0 0.2363020833333333 0.37972222222222224 0.0265625 0.0375
0 0.5381233986090777 0.9789561981454368 0.0265625 0.0375
0 0.6308550185873606 0.6104089219330855 0.0265625 0.0375
0 0.48828125 0.86875 0.0265625 0.0375
0 0.84296875 0.85625 0.0265625 0.0375
0 0.83359375 0.98125 0.0265625 0.0375
0 0.8409064797794118 0.7541666666666667 0.0265625 0.0375
0 0.828125 0.43645833333333334 0.025 0.03958333333333333
0 0.864436712184874 0.409375 0.025 0.03958333333333333
0 0.6313925375288684 0.23598441108545035 0.0265625 0.03333333333333333
0 0.7553485576923077 0.1092948717948718 0.0265625 0.03333333333333333
0 0.71015625 0.6354166666666666 0.0265625 0.03333333333333333
0 0.5210831925675675 0.5985219594594594 0.0296875 0.03333333333333333
0 0.4626245471014493 0.4431964573268921 0.0265625 0.03333333333333333
0 0.98359375 0.371875 0.028125 0.0375
0 0.9292484032846715 0.971418795620438 0.0234375 0.035416666666666666
0 0.58828125 0.11875 0.0296875 0.05
0 0.6015625 0.20625 0.025 0.04583333333333333
0 0.85625 0.22395833333333334 0.0375 0.04375
0 0.4896294751213592 0.7534106998381878 0.0421875 0.04375
0 0.8731026785714286 0.6388392857142857 0.0296875 0.03958333333333333
0 0.14393028846153846 0.9321314102564102 0.025 0.03958333333333333
0 0.174609375 0.9734375 0.028125 0.029166666666666667
0 0.48468077299412915 0.046467302674494455 0.025 0.02708333333333333
0 0.5078555610236221 0.024073162729658797 0.0296875 0.03125000000000001
0 0.35703125 0.06354166666666666 0.0234375 0.027083333333333334
0 0.9875334821428572 0.013953373015873015 0.02082589285714285 0.02288690476190476
1 0.57109375 0.13333333333333333 0.0890625 0.1125
1 0.3203125 0.21041666666666667 0.103125 0.09583333333333334
