0 0.27575359513274333 0.41259832841691246 0.0265625 0.0375
0 0.23828125 0.583274647887324 0.0265625 0.0375
0 0.2460644072769953 0.8479949139280125 0.0265625 0.0375
0 0.19453125 0.8458333333333333 0.0265625 0.0375
0 0.08359375 0.80625 0.0265625 0.0375
0 0.030424735915492957 0.7271224569640062 0.0265625 0.0375
0 0.13515625 0.18958333333333333 0.0265625 0.0375
0 0.19019097222222223 0.10300925925925926 0.0265625 0.0375
0 0.31460790094339625 0.09390723270440252 0.0265625 0.0375
0 0.28514500899280576 0.216681654676259 0.0265625 0.0375
0 0.3148144072769953 0.30422535211267604 0.0265625 0.0375
0 0.46703124999999995 0.10375 0.0265625 0.0375
0 0.5865720363849765 0.8730927230046948 0.0265625 0.0375
0 0.6476020592485549 0.5625602119460501 0.0265625 0.0375
0 0.48828125 0.86875 0.0265625 0.0375
0 0.42734375 0.7625 0.0265625 0.0375
0 0.8492012184431978 0.8375525946704067 0.0265625 0.0375
0 0.8398262184431978 0.9625525946704067 0.0265625 0.0375
0 0.8554556013323984 0.7479341982234688 0.0265625 0.0375
0 0.8765625 0.6135416666666667 0.0265625 0.0375
0 0.828125 0.43645833333333334 0.025 0.03958333333333333
0 0.8687421218487396 0.409375 0.025 0.03958333333333333
0 0.6734375 0.2 0.0234375 0.03333333333333333
0 0.674175547235023 0.1293394777265745 0.0265625 0.03333333333333333
0 0.72421875 0.12440476190476189 0.0265625 0.03333333333333332
0 0.7695553502570693 0.0625642673521851 0.0265625 0.03333333333333333
0 0.7132519072769953 0.6395442097026603 0.0265625 0.03333333333333333
0 0.5883105927230047 0.47930359937402195 0.0265625 0.03333333333333333
0 0.5007519072769953 0.38339201877934276 0.0265625 0.03333333333333333
0 0.20807291666666666 0.6569444444444444 0.02656249999999998 0.03333333333333333
0 0.014951508620689658 0.21472701149425288 0.0265625 0.03333333333333333
0 0.02890625 0.20260416666666667 0.0265625 0.03333333333333333
0 0.7388020833333333 0.9638888888888889 0.0265625 0.03333333333333333
0 0.6893229166666667 0.9534722222222223 0.0265625 0.03333333333333333
0 0.73125 0.8604166666666667 0.0265625 0.03333333333333333
0 0.9867815290178571 0.7688337053571428 0.026436941964285764 0.03335193452380949
0 0.559375 0.21284722222222224 0.025 0.035416666666666666
0 0.58828125 0.11875 0.0296875 0.05
0 0.6015625 0.20625 0.025 0.04583333333333333
0 0.40546875 0.775 0.0328125 0.0375
0 0.828125 0.7020833333333333 0.028125 0.03333333333333333
0 0.85625 0.22395833333333334 0.0375 0.04375
0 0.5147820723684211 0.7157209429824561 0.0421875 0.04375
