0 0.27461974557522123 0.4166297935103245 0.0265625 0.0375
0 0.23828125 0.580868544600939 0.0265625 0.0375
0 0.2448613556338028 0.8512030516431925 0.0265625 0.0375
0 0.19453125 0.8458333333333333 0.0265625 0.0375
0 0.08359375 0.80625 0.0265625 0.0375
0 0.028620158450704224 0.7287265258215962 0.0265625 0.0375
0 0.13515625 0.18958333333333333 0.0265625 0.0375
0 0.20345982142857144 0.1357142857142857 0.026562500000000024 0.037499999999999985
0 0.30496093750000003 0.10006944444444445 0.0265625 0.0375
0 0.2846841276978417 0.21729616306954436 0.0265625 0.0375
0 0.3136113556338028 0.306631455399061 0.0265625 0.0375
0 0.37838541666666664 0.175 0.0265625 0.041666666666666664
0 0.5805567781690141 0.8803110328638497 0.0265625 0.0375
0 0.6453802384393064 0.565028901734104 0.0265625 0.0375
0 0.48828125 0.86875 0.0265625 0.0375
0 0.58046875 0.8125 0.0265625 0.0375
0 0.8484824246143058 0.8397089761570827 0.0265625 0.0375
0 0.8391074246143058 0.9647089761570827 0.0265625 0.0375
0 0.8549165059607293 0.7486529920523609 0.0265625 0.0375
0 0.93828125 0.7260416666666667 0.0265625 0.04375
0 0.828125 0.43645833333333334 0.025 0.03958333333333333
0 0.8684191176470588 0.409375 0.025 0.03958333333333333
0 0.68359375 0.1357638888888889 0.0234375 0.03541666666666668
0 0.6724042338709677 0.1364247311827957 0.0265625 0.03333333333333333
0 0.7705434607969152 0.06519922879177378 0.0265625 0.03333333333333334
0 0.7120488556338028 0.6379401408450704 0.0265625 0.03333333333333333
0 0.5895136443661972 0.4849178403755869 0.0265625 0.03333333333333333
0 0.4995488556338028 0.38579812206572767 0.0265625 0.03333333333333333
0 0.08765624999999999 0.50625 0.029687499999999988 0.0375
0 0.01712239583333333 0.223828125 0.0265625 0.03333333333333333
0 0.115625 0.25625 0.028125 0.0375
0 0.7518229166666667 0.773611111111111 0.0265625 0.03333333333333333
0 0.98935546875 0.772265625 0.0212890625 0.03411458333333333
0 0.61953125 0.3234375 0.025 0.035416666666666666
0 0.58828125 0.11875 0.0296875 0.05
0 0.6015625 0.20625 0.025 0.04583333333333333
0 0.32890625 0.6770833333333334 0.0390625 0.041666666666666664
0 0.60625 0.6052083333333333 0.028125 0.035416666666666666
0 0.85625 0.22395833333333334 0.0375 0.04375
0 0.5122532894736842 0.7196546052631578 0.0421875 0.04375
