0 0.26484375 0.4354166666666667 0.0265625 0.0375
0 0.23828125 0.5770833333333333 0.0265625 0.0375
0 0.24041147908366534 0.85625 0.0265625 0.0375
0 0.19453125 0.8458333333333333 0.0265625 0.0375
0 0.08359375 0.80625 0.0265625 0.0375
0 0.13515625 0.18958333333333333 0.0265625 0.0375
0 0.28359375 0.19958333333333333 0.0265625 0.041666666666666664
0 0.21842672413793104 0.17711925287356323 0.0265625 0.0375
0 0.26837086397058824 0.25047487745098035 0.0265625 0.03749999999999997
0 0.228271484375 0.3868272569444445 0.0265625 0.0375
0 0.5394502653733528 0.9807253538311371 0.0265625 0.0375
0 0.631835120292887 0.6121513249651325 0.0265625 0.0375
0 0.48828125 0.86875 0.0265625 0.0375
0 0.84296875 0.85625 0.0265625 0.0375
0 0.83359375 0.98125 0.0265625 0.0375
0 0.837158203125 0.7541666666666667 0.0265625 0.0375
0 0.828125 0.43645833333333334 0.025 0.03958333333333333
0 0.8640625 0.409375 0.025 0.03958333333333333
0 0.6298228204387991 0.23737971516551193 0.0265625 0.03333333333333333
0 0.7522388059701492 0.1232587064676617 0.0265625 0.03333333333333333
0 0.71015625 0.6354166666666666 0.0265625 0.03333333333333333
0 0.510733981092437 0.6026085434173669 0.0296875 0.03333333333333333
0 0.45992089435146444 0.45699093444909344 0.0265625 0.03333333333333333
0 0.9116851478494624 0.9912522401433692 0.026125672043010795 0.017495519713261607
0 0.58828125 0.11875 0.0296875 0.05
0 0.6015625 0.20625 0.025 0.04583333333333333
0 0.85625 0.22395833333333334 0.0375 0.04375
0 0.4877047936893204 0.7559769417475728 0.0421875 0.04375
0 0.8144886363636363 0.8428977272727273 0.0296875 0.03958333333333333
0 0.17830882352941177 0.8477328431372549 0.025 0.03958333333333333
0 0.03515625 0.83125 0.03125 0.03958333333333333
0 0.4833506604696673 0.04824078604044357 0.025 0.027083333333333334
0 0.5087475393700787 0.02645177165354331 0.0296875 0.03125000000000001
0 0.35703125 0.06354166666666666 0.0234375 0.027083333333333334
0 0.78046875 0.153125 0.0234375 0.03958333333333333
0 0.9802511160714286 0.025101686507936507 0.022444196428571317 0.029360119047619045
1 0.57109375 0.13333333333333333 0.0890625 0.1125
1 0.3203125 0.21041666666666667 0.103125 0.09583333333333334
