0 0.26484375 0.4354166666666667 0.0265625 0.0375
0 0.23828125 0.5770833333333333 0.0265625 0.0375
0 0.2417361802788845 0.85625 0.0265625 0.0375
0 0.19453125 0.8458333333333333 0.0265625 0.0375
0 0.08359375 0.80625 0.0265625 0.0375
0 0.013743312256809337 0.7693701361867704 0.0265625 0.0375
0 0.13515625 0.18958333333333333 0.0265625 0.0375
0 0.2953125 0.24270833333333333 0.0265625 0.041666666666666664
0 0.24511458333333333 0.15313333333333334 0.0265625 0.0375
0 0.2811769334532374 0.2219724220623501 0.0265625 0.0375
0 0.27083333333333337 0.35833333333333334 0.0265625 0.0375
0 0.01357421875 0.5467447916666667 0.0240234375 0.05182291666666667
0 0.5345820369692533 0.9742343826256711 0.0265625 0.0375
0 0.627483155204461 0.6044144981412639 0.0265625 0.0375
0 0.48828125 0.86875 0.0265625 0.0375
0 0.8430125788920056 0.8561185133239831 0.0265625 0.0375
0 0.8336375788920056 0.9811185133239831 0.0265625 0.0375
0 0.8508141216690042 0.754122837774661 0.0265625 0.0375
0 0.828125 0.43645833333333334 0.025 0.03958333333333333
0 0.8659611344537815 0.409375 0.025 0.03958333333333333
0 0.6598484848484849 0.19286616161616163 0.0265625 0.03333333333333333
0 0.7662117218875502 0.0910140562248996 0.0265625 0.03333333333333333
0 0.71015625 0.6354166666666666 0.0265625 0.03333333333333333
0 0.5578661736641222 0.548807251908397 0.029568225190839747 0.033333333333333395
0 0.4776852235099338 0.41349337748344367 0.0265625 0.03333333333333333
0 0.66796875 0.5197916666666667 0.028125 0.0375
0 0.56953125 0.03125 0.0265625 0.03333333333333333
0 0.9665625 0.880625 0.0234375 0.035416666666666666
0 0.58828125 0.11875 0.0296875 0.05
0 0.6015625 0.20625 0.025 0.04583333333333333
0 0.85625 0.22395833333333334 0.0375 0.04375
0 0.87734375 0.18229166666666666 0.0328125 0.04375
0 0.49476638349514557 0.7465614886731392 0.0421875 0.04375
0 0.5033881013745705 0.028683419243986253 0.025 0.027083333333333334
0 0.5093513257575758 0.014851641414141414 0.0296875 0.01875
0 0.36495799731182793 0.03334453405017922 0.0234375 0.027083333333333338
1 0.57109375 0.13333333333333333 0.0890625 0.1125
1 0.3203125 0.21041666666666667 0.103125 0.09583333333333334
