0 0.26484375 0.4354166666666667 0.0265625 0.0375
0 0.23828125 0.5770833333333333 0.0265625 0.0375
0 0.2406878735059761 0.85625 0.0265625 0.0375
0 0.19453125 0.8458333333333333 0.0265625 0.0375
0 0.08359375 0.80625 0.0265625 0.0375
0 0.00546875 0.8104166666666667 0.0109375 0.03333333333333333
0 0.13515625 0.18958333333333333 0.0265625 0.0375
0 0.30078125 0.22083333333333333 0.0265625 0.041666666666666664
0 0.22905505952380953 0.17346230158730158 0.0265625 0.0375
0 0.2698898565573771 0.24508196721311476 0.0265625 0.0375
0 0.23453125 0.38208333333333333 0.0265625 0.0375
0 0.538434525988287 0.9793710346510492 0.0265625 0.0375
0 0.6311512546468402 0.6109355638166047 0.0265625 0.0375
0 0.48828125 0.86875 0.0265625 0.0375
0 0.84296875 0.85625 0.0265625 0.0375
0 0.83359375 0.98125 0.0265625 0.0375
0 0.8400275735294118 0.7541666666666667 0.0265625 0.0375
0 0.828125 0.43645833333333334 0.025 0.03958333333333333
0 0.8643027836134454 0.409375 0.025 0.03958333333333333
0 0.6310244659353349 0.23631158583525788 0.0265625 0.03333333333333333
0 0.7549770541958042 0.11226689976689977 0.0265625 0.03333333333333333
0 0.71015625 0.6354166666666666 0.0265625 0.03333333333333333
0 0.518640350877193 0.6002375730994152 0.0296875 0.03333333333333333
0 0.4618546195652174 0.4466183574879227 0.0265625 0.03333333333333333
0 0.9249828923357665 0.9771061435523115 0.0234375 0.035416666666666666
0 0.58828125 0.11875 0.0296875 0.05
0 0.6015625 0.20625 0.025 0.04583333333333333
0 0.85625 0.22395833333333334 0.0375 0.04375
0 0.48917817050970874 0.7540124393203883 0.0421875 0.04375
0 0.8673437500000001 0.7002083333333334 0.0296875 0.03958333333333333
0 0.1559375 0.9293750000000001 0.025 0.03958333333333333
0 0.16796875 0.9229166666666667 0.03125 0.03958333333333333
0 0.4843688845401174 0.04688315394651011 0.025 0.027083333333333334
0 0.5080647145669291 0.024630905511811026 0.0296875 0.03125
0 0.35703125 0.06354166666666666 0.0234375 0.027083333333333334
0 0.7544270833333334 0.015972222222222224 0.0338541666666667 0.03194444444444445
0 0.9858258928571427 0.016567460317460318 0.021205357142857116 0.024404761904761908
1 0.57109375 0.13333333333333333 0.0890625 0.1125
1 0.3203125 0.21041666666666667 0.103125 0.09583333333333334
