0 0.26484375 0.4354166666666667 0.0265625 0.0375
0 0.23828125 0.5770833333333333 0.0265625 0.0375
0 0.24035171812749004 0.85625 0.0265625 0.0375
0 0.19453125 0.8458333333333333 0.0265625 0.0375
0 0.08359375 0.80625 0.0265625 0.0375
0 0.13515625 0.18958333333333333 0.0265625 0.0375
0 0.282421875 0.1984375 0.0265625 0.041666666666666664
0 0.21616379310344827 0.17841235632183908 0.0265625 0.0375
0 0.2680951286764706 0.251577818627451 0.0265625 0.0375
0 0.227099609375 0.3894314236111111 0.0265625 0.0375
0 0.5396698846998536 0.9810181795998048 0.0265625 0.0375
0 0.6313644089958159 0.6113145048814504 0.0265625 0.0375
0 0.48828125 0.86875 0.0265625 0.0375
0 0.84296875 0.85625 0.0265625 0.0375
0 0.83359375 0.98125 0.0265625 0.0375
0 0.8373153409090909 0.7557575757575757 0.0265625 0.0375
0 0.828125 0.43645833333333334 0.025 0.03958333333333333
0 0.8640625 0.409375 0.025 0.03958333333333333
0 0.6295630051963048 0.23761066204772904 0.0265625 0.03333333333333333
0 0.749160447761194 0.12773631840796018 0.0265625 0.03333333333333332
0 0.71015625 0.6354166666666666 0.0265625 0.03333333333333333
0 0.5083705357142857 0.6038690476190476 0.0296875 0.03333333333333333
0 0.4597639905857741 0.45887377963737797 0.0265625 0.03333333333333333
0 0.91015625 0.9927083333333333 0.0265625 0.014583333333333334
0 0.58828125 0.11875 0.0296875 0.05
0 0.6015625 0.20625 0.025 0.04583333333333333
0 0.85625 0.22395833333333334 0.0375 0.04375
0 0.4873862257281553 0.7564016990291262 0.0421875 0.04375
0 0.7732812499999999 0.854375 0.0296875 0.03958333333333333
0 0.18823529411764706 0.8565563725490196 0.025 0.03958333333333333
0 0.0236328125 0.7942708333333334 0.0265625 0.03333333333333333
0 0.48313050391389434 0.04853432811480756 0.025 0.027083333333333334
0 0.5088951771653544 0.026845472440944883 0.0296875 0.03125
0 0.35703125 0.06354166666666666 0.0234375 0.027083333333333334
0 0.79375 0.16354166666666667 0.034375 0.03958333333333333
0 0.9790457589285715 0.0269469246031746 0.022712053571428647 0.03043154761904762
1 0.57109375 0.13333333333333333 0.0890625 0.1125
1 0.3203125 0.21041666666666667 0.103125 0.09583333333333334
