0 0.26484375 0.4354166666666667 0.0265625 0.0375
0 0.23828125 0.5770833333333333 0.0265625 0.0375
0 0.24162412848605577 0.85625 0.0265625 0.0375
0 0.19453125 0.8458333333333333 0.0265625 0.0375
0 0.08359375 0.80625 0.0265625 0.0375
0 0.011396585051546391 0.7750214776632303 0.022793170103092782 0.03582474226804114
0 0.13515625 0.18958333333333333 0.0265625 0.0375
0 0.30789930555555556 0.24629629629629632 0.0265625 0.041666666666666664
0 0.24417708333333335 0.15613333333333335 0.0265625 0.0375
0 0.2809240107913669 0.22230965227817745 0.0265625 0.0375
0 0.2655133928571428 0.36220238095238094 0.0265625 0.0375
0 0.5349938232064422 0.9747834309419229 0.0265625 0.0375
0 0.6278752323420075 0.6051115241635687 0.0265625 0.0375
0 0.48828125 0.86875 0.0265625 0.0375
0 0.84296875 0.85625 0.0265625 0.0375
0 0.83359375 0.98125 0.0265625 0.0375
0 0.8497472426470589 0.7541666666666667 0.0265625 0.0375
0 0.828125 0.43645833333333334 0.025 0.03958333333333333
0 0.8657838760504202 0.409375 0.025 0.03958333333333333
0 0.658783143939394 0.20422979797979798 0.0265625 0.03333333333333333
0 0.765082203815261 0.09327309236947791 0.0265625 0.03333333333333333
0 0.71015625 0.6354166666666666 0.0265625 0.03333333333333333
0 0.5543765169902912 0.5577872168284789 0.0296875 0.03333333333333333
0 0.4758226407284768 0.4165976821192053 0.0265625 0.03333333333333333
0 0.65 0.4970833333333333 0.028125 0.0375
0 0.9623958333333332 0.8911805555555555 0.0234375 0.035416666666666666
0 0.58828125 0.11875 0.0296875 0.05
0 0.6015625 0.20625 0.025 0.04583333333333333
0 0.85625 0.22395833333333334 0.0375 0.04375
0 0.85703125 0.1125 0.0328125 0.0375
0 0.4941690685679611 0.7473579085760519 0.0421875 0.04375
0 0.5002469931271477 0.031582903780068734 0.025 0.027083333333333338
0 0.5072206439393939 0.015561868686868685 0.0296875 0.01875
0 0.36389952956989247 0.03737679211469534 0.0234375 0.027083333333333334
1 0.57109375 0.13333333333333333 0.0890625 0.1125
1 0.3203125 0.21041666666666667 0.103125 0.09583333333333334
