0 0.27231056415929206 0.4248402163225172 0.0265625 0.0375
0 0.23828125 0.5770833333333333 0.0265625 0.0375
0 0.24287412848605577 0.85625 0.0265625 0.0375
0 0.19453125 0.8458333333333333 0.0265625 0.0375
0 0.08359375 0.80625 0.0265625 0.0375
0 0.024857125486381325 0.7341763942931259 0.0265625 0.0375
0 0.13515625 0.18958333333333333 0.0265625 0.0375
0 0.22109375 0.178125 0.0265625 0.0375
0 0.28455010775862066 0.11255387931034483 0.0265625 0.0375
0 0.2837455035971223 0.21854766187050362 0.0265625 0.0375
0 0.30813234060402683 0.3130732662192394 0.0265625 0.0375
0 0.31328125 0.4 0.0265625 0.041666666666666664
0 0.5686197916666667 0.8999131944444444 0.0265625 0.0375
0 0.6408553106936417 0.5700565992292871 0.0265625 0.0375
0 0.48828125 0.86875 0.0265625 0.0375
0 0.8825520833333333 0.84375 0.0234375 0.0375
0 0.8470185396213183 0.8441006311360449 0.0265625 0.0375
0 0.8376435396213184 0.9691006311360449 0.0265625 0.0375
0 0.8538185922159889 0.7501168770453484 0.0265625 0.0375
0 0.828125 0.43645833333333334 0.025 0.03958333333333333
0 0.8677612920168067 0.409375 0.025 0.03958333333333333
0 0.6686709261133603 0.15164473684210525 0.0265625 0.03333333333333333
0 0.7725558322622108 0.07056555269922879 0.0265625 0.033333333333333326
0 0.71015625 0.6354166666666666 0.0265625 0.03333333333333333
0 0.5896205357142856 0.49672619047619043 0.0265625 0.03333333333333333
0 0.49765625 0.39375 0.0265625 0.03333333333333333
0 0.01328125 0.25557795698924735 0.0265625 0.03333333333333336
0 0.27864583333333337 0.35694444444444445 0.028125 0.0375
0 0.76640625 0.55625 0.0265625 0.03333333333333333
0 0.9931640625 0.78671875 0.0125 0.035416666666666666
0 0.7002604166666667 0.6270833333333333 0.0296875 0.041666666666666664
0 0.58828125 0.11875 0.0296875 0.05
0 0.6015625 0.20625 0.025 0.04583333333333333
0 0.21796875 0.4791666666666667 0.0359375 0.04583333333333333
0 0.11848958333333333 0.34375 0.0328125 0.0375
0 0.85625 0.22395833333333334 0.0375 0.04375
0 0.5071032072368421 0.7276658442982457 0.0421875 0.04375
1 0.57109375 0.13333333333333333 0.0890625 0.1125
1 0.3203125 0.21041666666666667 0.103125 0.09583333333333334
