0 0.26484375 0.4354166666666667 0.0265625 0.0375
0 0.23828125 0.5770833333333333 0.0265625 0.0375
0 0.240750124501992 0.85625 0.0265625 0.0375
0 0.19453125 0.8458333333333333 0.0265625 0.0375
0 0.08359375 0.80625 0.0265625 0.0375
0 0.00546875 0.8104166666666667 0.0109375 0.03333333333333333
0 0.13515625 0.18958333333333333 0.0265625 0.0375
0 0.3041294642857143 0.21845238095238095 0.0265625 0.041666666666666664
0 0.23153521825396822 0.17387566137566138 0.0265625 0.0375
0 0.27078637295081964 0.24320355191256832 0.0265625 0.0375
0 0.23583333333333334 0.3803472222222222 0.0265625 0.0375
0 0.5382057558565154 0.9790660078086871 0.0265625 0.0375
0 0.6309334340148699 0.6105483271375465 0.0265625 0.0375
0 0.48828125 0.86875 0.0265625 0.0375
0 0.84296875 0.85625 0.0265625 0.0375
0 0.83359375 0.98125 0.0265625 0.0375
0 0.840673828125 0.7541666666666667 0.0265625 0.0375
0 0.828125 0.43645833333333334 0.025 0.03958333333333333
0 0.8644012605042016 0.409375 0.025 0.03958333333333333
0 0.6312951068129331 0.23607101616628173 0.0265625 0.03333333333333333
0 0.7552502185314685 0.11008158508158508 0.0265625 0.03333333333333333
0 0.71015625 0.6354166666666666 0.0265625 0.03333333333333333
0 0.5204180743243243 0.5991554054054054 0.0296875 0.03333333333333333
0 0.46242074275362316 0.4441022544283414 0.0265625 0.03333333333333333
0 0.9939453125 0.3645833333333333 0.012109375 0.0375
0 0.9281192974452555 0.9729242700729926 0.0234375 0.035416666666666666
0 0.58828125 0.11875 0.0296875 0.05
0 0.6015625 0.20625 0.025 0.04583333333333333
0 0.85625 0.22395833333333334 0.0375 0.04375
0 0.4895100121359223 0.7535699838187703 0.0421875 0.04375
0 0.88984375 0.6607638888888889 0.0296875 0.03958333333333333
0 0.14555288461538463 0.9306891025641025 0.025 0.03958333333333333
0 0.1934375 0.9570833333333333 0.02812500000000002 0.029166666666666667
0 0.4845982142857143 0.04657738095238095 0.025 0.027083333333333334
0 0.5079109251968503 0.02422080052493438 0.0296875 0.03125
0 0.35703125 0.06354166666666666 0.0234375 0.027083333333333334
0 0.9870814732142857 0.0146453373015873 0.020926339285714236 0.023288690476190477
1 0.57109375 0.13333333333333333 0.0890625 0.1125
1 0.3203125 0.21041666666666667 0.103125 0.09583333333333334
