0 0.2733199668141593 0.4212512291052114 0.0265625 0.0375
0 0.23828125 0.5781103286384977 0.0265625 0.0375
0 0.24348224765258214 0.8548806729264476 0.0265625 0.0375
0 0.19453125 0.8458333333333333 0.0265625 0.0375
0 0.08359375 0.80625 0.0265625 0.0375
0 0.026551496478873237 0.7305653364632237 0.0265625 0.0375
0 0.13515625 0.18958333333333333 0.0265625 0.0375
0 0.21796875 0.16508152173913043 0.0265625 0.0375
0 0.29389143318965516 0.10665409482758621 0.0265625 0.0375
0 0.2841558003597122 0.21800059952038367 0.0265625 0.0375
0 0.3122322476525822 0.30938967136150236 0.0265625 0.0375
0 0.36484375 0.3347222222222222 0.0265625 0.041666666666666664
0 0.5736612382629108 0.8885856807511737 0.0265625 0.0375
0 0.6428332731213873 0.5678588631984586 0.0265625 0.0375
0 0.48828125 0.86875 0.0265625 0.0375
0 0.75078125 0.83125 0.0234375 0.0375
0 0.8476584414446003 0.8421809256661992 0.0265625 0.0375
0 0.8382834414446003 0.9671809256661992 0.0265625 0.0375
0 0.8542985185834502 0.7494769752220664 0.0265625 0.0375
0 0.990625 0.8847222222222223 0.01875 0.041666666666666664
0 0.828125 0.43645833333333334 0.025 0.03958333333333333
0 0.8680488445378151 0.409375 0.025 0.03958333333333333
0 0.6106770833333333 0.11423611111111112 0.0234375 0.035416666666666666
0 0.6703737039170508 0.1445468509984639 0.0265625 0.03333333333333333
0 0.7716761728791773 0.06821979434447302 0.0265625 0.03333333333333334
0 0.7106697476525822 0.636101330203443 0.0265625 0.03333333333333333
0 0.5908927523474178 0.4913536776212833 0.0265625 0.03333333333333333
0 0.4981697476525822 0.388556338028169 0.0265625 0.03333333333333333
0 0.0125 0.6333333333333333 0.021875 0.0375
0 0.01439732142857143 0.24166666666666667 0.0265625 0.03333333333333333
0 0.1978125 0.3 0.028125 0.0375
0 0.76484375 0.6375 0.0265625 0.03333333333333333
0 0.9923060825892858 0.7761997767857144 0.015387834821428647 0.03498883928571424
0 0.64375 0.5145833333333333 0.025 0.03333333333333333
0 0.58828125 0.11875 0.0296875 0.05
0 0.6015625 0.20625 0.025 0.04583333333333333
0 0.24375 0.5739583333333333 0.0359375 0.04583333333333333
0 0.31796875 0.48333333333333334 0.0328125 0.0375
0 0.85625 0.22395833333333334 0.0375 0.04375
0 0.5093544407894737 0.7241639254385964 0.0421875 0.04375
1 0.57109375 0.13333333333333333 0.0890625 0.1125
1 0.3203125 0.21041666666666667 0.103125 0.09583333333333334
