0 0.27337527654867255 0.42105457227138643 0.0265625 0.0375
0 0.23828125 0.5782276995305164 0.0265625 0.0375
0 0.24354093309859154 0.8547241784037559 0.0265625 0.0375
0 0.19453125 0.8458333333333333 0.0265625 0.0375
0 0.08359375 0.80625 0.0265625 0.0375
0 0.026639524647887325 0.730487089201878 0.0265625 0.0375
0 0.13515625 0.18958333333333333 0.0265625 0.0375
0 0.21796875 0.16453804347826087 0.0265625 0.0375
0 0.294403286637931 0.10633081896551724 0.0265625 0.0375
0 0.2841782823741007 0.21797062350119903 0.0265625 0.0375
0 0.31229093309859157 0.3092723004694836 0.0265625 0.0375
0 0.36015625 0.31875 0.0265625 0.041666666666666664
0 0.5739546654929577 0.8882335680751173 0.0265625 0.0375
0 0.6429416546242774 0.5677384393063584 0.0265625 0.0375
0 0.48828125 0.86875 0.0265625 0.0375
0 0.74140625 0.825 0.0234375 0.0375
0 0.8476935045582048 0.8420757363253857 0.0265625 0.0375
0 0.8383185045582048 0.9670757363253857 0.0265625 0.0375
0 0.8543248159186536 0.7494419121084619 0.0265625 0.0375
0 0.828125 0.43645833333333334 0.025 0.03958333333333333
0 0.8680646008403361 0.409375 0.025 0.03958333333333333
0 0.621875 0.10416666666666667 0.0234375 0.035416666666666666
0 0.6704601094470046 0.14420122887864822 0.0265625 0.03333333333333332
0 0.7716279723650386 0.06809125964010283 0.0265625 0.03333333333333333
0 0.7107284330985915 0.6361795774647887 0.0265625 0.03333333333333333
0 0.5908340669014085 0.4910798122065728 0.0265625 0.03333333333333333
0 0.4982284330985915 0.3884389671361503 0.0265625 0.03333333333333333
0 0.016015625 0.6265625 0.021875 0.0375
0 0.014471726190476191 0.24097222222222223 0.0265625 0.03333333333333333
0 0.200390625 0.29010416666666666 0.028125 0.0375
0 0.76796875 0.65 0.0265625 0.03333333333333333
0 0.9921805245535715 0.7760323660714284 0.015638950892857117 0.03495163690476192
0 0.6479166666666667 0.5131944444444445 0.025 0.03333333333333333
0 0.58828125 0.11875 0.0296875 0.05
0 0.6015625 0.20625 0.025 0.04583333333333333
0 0.24765625 0.5736111111111111 0.0359375 0.04583333333333333
0 0.33046875 0.5020833333333333 0.0328125 0.0375
0 0.85625 0.22395833333333334 0.0375 0.04375
0 0.5094777960526315 0.7239720394736843 0.0421875 0.04375
1 0.57109375 0.13333333333333333 0.0890625 0.1125
1 0.3203125 0.21041666666666667 0.103125 0.09583333333333334
