0 0.26484375 0.4354166666666667 0.0265625 0.0375
0 0.23828125 0.5770833333333333 0.0265625 0.0375
0 0.23990600099601594 0.85625 0.0265625 0.0375
0 0.19453125 0.8458333333333333 0.0265625 0.0375
0 0.08359375 0.80625 0.0265625 0.0375
0 0.13515625 0.18958333333333333 0.0265625 0.0375
0 0.20130208333333335 0.2527777777777778 0.026562500000000024 0.0416666666666667
0 0.20674492801047123 0.19716404886561953 0.026562500000000024 0.0375
0 0.26028645833333336 0.2713888888888889 0.0265625 0.037500000000000026
0 0.21535744863013698 0.4034817351598174 0.0265625 0.0375
0 0.53984375 0.98125 0.0265625 0.0375
0 0.6278536872384938 0.6050732217573223 0.0265625 0.0375
0 0.48828125 0.86875 0.0265625 0.0375
0 0.84296875 0.85625 0.0265625 0.0375
0 0.83359375 0.98125 0.0265625 0.0375
0 0.84140625 0.78125 0.0265625 0.0375
0 0.828125 0.43645833333333334 0.025 0.03958333333333333
0 0.8640625 0.409375 0.025 0.03958333333333333
0 0.6276252165127021 0.23933314087759816 0.0265625 0.03333333333333333
0 0.73671875 0.1553240740740741 0.0265625 0.03333333333333333
0 0.71015625 0.6354166666666666 0.0265625 0.03333333333333333
0 0.49074317226890757 0.6132703081232493 0.0296875 0.03333333333333333
0 0.45859375 0.47291666666666665 0.0265625 0.03333333333333333
0 0.58828125 0.11875 0.0296875 0.05
0 0.6015625 0.20625 0.025 0.04583333333333333
0 0.85625 0.22395833333333334 0.0375 0.04375
0 0.48515625 0.759375 0.0421875 0.04375
0 0.6806525735294118 0.9748161764705883 0.0296875 0.03958333333333333
0 0.1883311170212766 0.7112367021276597 0.025 0.03958333333333333
0 0.4814885029354207 0.05072366275277234 0.025 0.027083333333333334
0 0.5099963090551182 0.029781824146981627 0.0296875 0.03125
0 0.35703125 0.06354166666666666 0.0234375 0.027083333333333334
0 0.7953125 0.4010416666666667 0.034375 0.03958333333333333
0 0.9700558035714286 0.040709325396825397 0.024709821428571387 0.038422619047619046
1 0.57109375 0.13333333333333333 0.0890625 0.1125
1 0.3203125 0.21041666666666667 0.103125 0.09583333333333334
