0 0.26484375 0.4354166666666667 0.0265625 0.0375
0 0.23828125 0.5770833333333333 0.0265625 0.0375
0 0.24028697709163346 0.85625 0.0265625 0.0375
0 0.19453125 0.8458333333333333 0.0265625 0.0375
0 0.08359375 0.80625 0.0265625 0.0375
0 0.13515625 0.18958333333333333 0.0265625 0.0375
0 0.27078125000000003 0.20124999999999998 0.0265625 0.041666666666666664
0 0.21425474476439793 0.18047556719022687 0.0265625 0.0375
0 0.267652027027027 0.2533502252252252 0.0265625 0.03749999999999997
0 0.225830078125 0.3922526041666667 0.0265625 0.0375
0 0.53984375 0.98125 0.0265625 0.0375
0 0.6308544717573221 0.610407949790795 0.0265625 0.0375
0 0.48828125 0.86875 0.0265625 0.0375
0 0.84296875 0.85625 0.0265625 0.0375
0 0.83359375 0.98125 0.0265625 0.0375
0 0.83953125 0.7616666666666667 0.0265625 0.0375
0 0.828125 0.43645833333333334 0.025 0.03958333333333333
0 0.8640625 0.409375 0.025 0.03958333333333333
0 0.6292815386836028 0.23786085450346423 0.0265625 0.03333333333333333
0 0.7458255597014926 0.1325870646766169 0.0265625 0.03333333333333332
0 0.71015625 0.6354166666666666 0.0265625 0.03333333333333333
0 0.5058101365546219 0.605234593837535 0.0296875 0.03333333333333333
0 0.45959401150627616 0.4609135285913528 0.0265625 0.03333333333333333
0 0.58828125 0.11875 0.0296875 0.05
0 0.6015625 0.20625 0.025 0.04583333333333333
0 0.85625 0.22395833333333334 0.0375 0.04375
0 0.4870411104368932 0.7568618527508091 0.0421875 0.04375
0 0.774609375 0.8984375 0.0296875 0.03958333333333333
0 0.2019345238095238 0.8534226190476191 0.025 0.03958333333333333
0 0.48289200097847357 0.04885233202870189 0.025 0.027083333333333334
0 0.5090551181102362 0.02727198162729659 0.0296875 0.03125
0 0.35703125 0.06354166666666666 0.0234375 0.027083333333333334
0 0.7625 0.22145833333333334 0.034375 0.03958333333333333
0 0.9777399553571428 0.02894593253968254 0.023002232142857258 0.0315922619047619
1 0.57109375 0.13333333333333333 0.0890625 0.1125
1 0.3203125 0.21041666666666667 0.103125 0.09583333333333334
