0 0.26886357378854625 0.4313968428781204 0.0265625 0.0375
0 0.23828125 0.5770833333333333 0.0265625 0.0375
0 0.24245331175298804 0.85625 0.0265625 0.0375
0 0.19453125 0.8458333333333333 0.0265625 0.0375
0 0.08359375 0.80625 0.0265625 0.0375
0 0.020747203307393 0.7471911478599222 0.0265625 0.0375
0 0.13515625 0.18958333333333333 0.0265625 0.0375
0 0.22310267857142857 0.18125 0.0265625 0.041666666666666664
0 0.2637451171875 0.12646484375 0.0265625 0.0375
0 0.28279563848920863 0.21981414868105514 0.0265625 0.0375
0 0.2929625249003984 0.32709163346613546 0.0265625 0.0375
0 0.209375 0.5270833333333333 0.028125 0.04583333333333333
0 0.5510088990066225 0.9383830022075055 0.0265625 0.0375
0 0.63828125 0.577121212121212 0.0265625 0.0375
0 0.48828125 0.86875 0.0265625 0.0375
0 0.8455371230715288 0.8485448807854137 0.0265625 0.0375
0 0.8361621230715288 0.9735448807854137 0.0265625 0.0375
0 0.8527075298036465 0.7515982935951379 0.0265625 0.0375
0 0.828125 0.43645833333333334 0.025 0.03958333333333333
0 0.8670955882352942 0.409375 0.025 0.03958333333333333
0 0.6643946103238866 0.17017543859649123 0.0265625 0.03333333333333333
0 0.7734406375502008 0.07655622489959839 0.0265625 0.03333333333333333
0 0.71015625 0.6354166666666666 0.0265625 0.03333333333333333
0 0.5809517045454545 0.5139772727272728 0.0265625 0.03333333333333333
0 0.4931572227626459 0.40476653696498055 0.0265625 0.03333333333333333
0 0.008042763157894737 0.28671052631578947 0.016085526315789474 0.03333333333333333
0 0.4046875 0.4625 0.028125 0.0375
0 0.78359375 0.28541666666666665 0.0265625 0.03333333333333333
0 0.9828914141414142 0.8271359427609428 0.0193497474747474 0.035416666666666666
0 0.79921875 0.9364583333333333 0.0328125 0.041666666666666664
0 0.58828125 0.11875 0.0296875 0.05
0 0.6015625 0.20625 0.025 0.04583333333333333
0 0.09453125 0.2625 0.0359375 0.04583333333333333
0 0.85625 0.22395833333333334 0.0375 0.04375
0 0.5018914473684211 0.7357730263157894 0.0421875 0.04375
0 0.43203125 0.05 0.0234375 0.029166666666666667
0 0.49889880952380955 0.019507275132275133 0.025 0.027083333333333334
0 0.3640625 0.07916666666666666 0.028125 0.0375
0 0.5229876893939394 0.010306186868686869 0.0296875 0.01875
0 0.36551339285714285 0.010416666666666666 0.0234375 0.020833333333333332
1 0.57109375 0.13333333333333333 0.0890625 0.1125
1 0.3203125 0.21041666666666667 0.103125 0.09583333333333334
