0 0.26484375 0.4354166666666667 0.0265625 0.0375
0 0.23828125 0.5770833333333333 0.0265625 0.0375
0 0.24074514442231076 0.85625 0.0265625 0.0375
0 0.19453125 0.8458333333333333 0.0265625 0.0375
0 0.08359375 0.80625 0.0265625 0.0375
0 0.00546875 0.8104166666666667 0.0109375 0.03333333333333333
0 0.13515625 0.18958333333333333 0.0265625 0.0375
0 0.30359375 0.21916666666666668 0.0265625 0.041666666666666664
0 0.23133680555555552 0.17384259259259258 0.0265625 0.0375
0 0.2707146516393443 0.24335382513661202 0.0265625 0.0375
0 0.23572916666666668 0.3804861111111111 0.0265625 0.0375
0 0.5382240574670571 0.9790904099560761 0.0265625 0.0375
0 0.6309508596654275 0.6105793060718712 0.0265625 0.0375
0 0.48828125 0.86875 0.0265625 0.0375
0 0.84296875 0.85625 0.0265625 0.0375
0 0.83359375 0.98125 0.0265625 0.0375
0 0.8406221277573529 0.7541666666666667 0.0265625 0.0375
0 0.828125 0.43645833333333334 0.025 0.03958333333333333
0 0.8643933823529413 0.409375 0.025 0.03958333333333333
0 0.6312734555427252 0.23609026173979986 0.0265625 0.03333333333333333
0 0.7552283653846155 0.11025641025641025 0.0265625 0.03333333333333333
0 0.71015625 0.6354166666666666 0.0265625 0.03333333333333333
0 0.5202702702702703 0.5992961711711712 0.0296875 0.03333333333333333
0 0.4623754528985507 0.4443035426731079 0.0265625 0.03333333333333333
0 0.9943359375 0.3645833333333333 0.011328125 0.0375
0 0.9278683850364964 0.9732588199513382 0.0234375 0.035416666666666666
0 0.58828125 0.11875 0.0296875 0.05
0 0.6015625 0.20625 0.025 0.04583333333333333
0 0.85625 0.22395833333333334 0.0375 0.04375
0 0.4894834648058253 0.7536053802588997 0.0421875 0.04375
0 0.8875 0.6708333333333333 0.0296875 0.03958333333333333
0 0.14591346153846155 0.9303685897435898 0.025 0.03958333333333333
0 0.2015625 0.95625 0.028125 0.029166666666666667
0 0.48457986790606655 0.046601842791911284 0.025 0.027083333333333334
0 0.5079232283464566 0.024253608923884513 0.0296875 0.03125
0 0.35703125 0.06354166666666666 0.0234375 0.027083333333333334
0 0.7190104166666667 0.009375 0.019270833333333303 0.01875
0 0.9869810267857144 0.014799107142857142 0.02094866071428587 0.023377976190476192
1 0.57109375 0.13333333333333333 0.0890625 0.1125
1 0.3203125 0.21041666666666667 0.103125 0.09583333333333334
