0 0.26484375 0.4354166666666667 0.0265625 0.0375
0 0.23828125 0.5770833333333333 0.0265625 0.0375
0 0.2412755229083665 0.85625 0.0265625 0.0375
0 0.19453125 0.8458333333333333 0.0265625 0.0375
0 0.08359375 0.80625 0.0265625 0.0375
0 0.006004971590909091 0.793972537878788 0.012009943181818182 0.031903409090909086
0 0.13515625 0.18958333333333333 0.0265625 0.0375
0 0.312890625 0.23177083333333334 0.0265625 0.041666666666666664
0 0.24126041666666667 0.16546666666666668 0.0265625 0.0375
0 0.2783529713114754 0.22734972677595627 0.0265625 0.0375
0 0.2500751830543933 0.3699354951185495 0.0265625 0.0375
0 0.5362749359443632 0.9764915812591508 0.0265625 0.0375
0 0.6290950278810409 0.607280049566295 0.0265625 0.0375
0 0.48828125 0.86875 0.0265625 0.0375
0 0.84296875 0.85625 0.0265625 0.0375
0 0.83359375 0.98125 0.0265625 0.0375
0 0.8461282169117647 0.7541666666666667 0.0265625 0.0375
0 0.828125 0.43645833333333334 0.025 0.03958333333333333
0 0.8652324054621848 0.409375 0.025 0.03958333333333333
0 0.6456999491869919 0.22615176151761515 0.0265625 0.03333333333333333
0 0.7615283946700508 0.100253807106599 0.0265625 0.03333333333333333
0 0.71015625 0.6354166666666666 0.0265625 0.03333333333333333
0 0.5400350765306122 0.5810799319727892 0.0296875 0.03333333333333333
0 0.47002793874172183 0.4262555187637969 0.0265625 0.03333333333333333
0 0.7625 0.3854166666666667 0.028125 0.0375
0 0.9499551005747126 0.9298012452107279 0.0234375 0.035416666666666666
0 0.58828125 0.11875 0.0296875 0.05
0 0.6015625 0.20625 0.025 0.04583333333333333
0 0.85625 0.22395833333333334 0.0375 0.04375
0 0.4923107554611651 0.7498356593851132 0.0421875 0.04375
0 0.9729166666666667 0.3940972222222222 0.028125 0.04375
0 0.4904746563573883 0.04060352233676976 0.025 0.027083333333333334
0 0.50703125 0.019791666666666666 0.0296875 0.027083333333333334
0 0.3606065188172043 0.04992159498207885 0.0234375 0.027083333333333334
1 0.57109375 0.13333333333333333 0.0890625 0.1125
1 0.3203125 0.21041666666666667 0.103125 0.09583333333333334
