ckz3v9nzv00033867jsekqdcl 0 0.26484375 0.4354166666666667 0.0265625 0.0375
ckz6ru2eb0001386lefk6js4m 0 0.23828125 0.5770833333333333 0.0265625 0.0375
ckz6ru3um0003386l39xwv0yk 0 0.24121078187250994 0.85625 0.0265625 0.0375
ckz6ru5610005386l8uoys4lc 0 0.19453125 0.8458333333333333 0.0265625 0.0375
ckz6ru6of0007386lhf2t4dtw 0 0.08359375 0.80625 0.0265625 0.0375
ckz6ru83f0009386lx7517dwf 0 0.005912642045454546 0.7968039772727273 0.011825284090909091 0.03214962121212122
ckz6ru99l000b386l18xh2byu 0 0.13515625 0.18958333333333333 0.0265625 0.0375
ckz6rub67000d386ld3mx1dyi 0 0.31515624999999997 0.2275 0.0265625 0.041666666666666664
ckz6ruchb000f386lxxpeu5na 0 0.24071875 0.1672 0.0265625 0.0375
ckz6rudsb000h386lkwwvc8dz 0 0.27742059426229504 0.2293032786885246 0.0265625 0.0375
ckz6ruf3e000j386lbyqpxw51 0 0.24820541317991635 0.3710686889818689 0.0265625 0.0375
ckz6rui7o000n386lh32dwmkr 0 0.5365128568814056 0.9768088091752074 0.0265625 0.0375
ckz6ruj49000p386lndk3j9jv 0 0.62932156133829 0.6076827757125155 0.0265625 0.0375
ckz6rup8s000r386lkjotnoh0 0 0.48828125 0.86875 0.0265625 0.0375
ckz6rut1n000v386l8rfix41j 0 0.84296875 0.85625 0.0265625 0.0375
ckz6ruunj000x386l4qiqzsvd 0 0.83359375 0.98125 0.0265625 0.0375
ckz6ruw8w000z386lc52x10qx 0 0.8454561121323529 0.7541666666666667 0.0265625 0.0375
ckz6ruzco0013386lo3nqjmle 0 0.828125 0.43645833333333334 0.025 0.03958333333333333
ckz6rv4et0015386le3rdpw93 0 0.8651299894957983 0.409375 0.025 0.03958333333333333
ckz6rva9o0019386ll7e0plel 0 0.6440485264227642 0.22923441734417344 0.0265625 0.03333333333333333
ckz6rvlfq001d386lt59x4kz2 0 0.760703521573604 0.10135363790186126 0.0265625 0.03333333333333333
ckz6rvnb8001f386l63s6p1ys 0 0.71015625 0.6354166666666666 0.0265625 0.03333333333333333
ckz6rvpuj001h386lhrb15el1 0 0.53671875 0.5840277777777777 0.0296875 0.03333333333333333
ckz6rvrjs001j386lscfviwaz 0 0.4688179347826087 0.42803442028985506 0.0265625 0.03333333333333333
ckz6rvxvs001p386l9u5f2w3s 0 0.8015625 0.41583333333333333 0.028125 0.0375
ckz6rw56s001x386l432ih3l6 0 0.9476203304597701 0.9357159961685824 0.0234375 0.035416666666666666
cl4ssee0s0008356hd15z4qn8 0 0.58828125 0.11875 0.0296875 0.05
cl4ssegqi000c356hwxoota92 0 0.6015625 0.20625 0.025 0.04583333333333333
cl4uq6b5l0003356p4ou3mrfw 0 0.85625 0.22395833333333334 0.0375 0.04375
cl4uqbjp9000b356p2175vvqw 0 0.49196564016990296 0.750295813106796 0.0421875 0.04375
cl4uqf5bj000f356p05tutl57 0 0.978125 0.415625 0.028125 0.04375
cl4ur3vs8000v356pe031p1yo 0 0.48865979381443303 0.042278780068728525 0.025 0.027083333333333334
cl4uru0kq0013356pt4h9yjm1 0 0.50703125 0.020588235294117647 0.0296875 0.028676470588235296
cl4urwkrx0017356pikpviaa9 0 0.35999495967741935 0.0522513440860215 0.0234375 0.027083333333333334
cl53eq6de000f356i3cjd5jif 1 0.57109375 0.13333333333333333 0.0890625 0.1125
cl53eqa7m000l356ivf26125u 1 0.3203125 0.21041666666666667 0.103125 0.09583333333333334
