ckz3v9nzv00033867jsekqdcl 0 0.26484375 0.4354166666666667 0.0265625 0.0375
ckz6ru2eb0001386lefk6js4m 0 0.23828125 0.5770833333333333 0.0265625 0.0375
ckz6ru3um0003386l39xwv0yk 0 0.24088458665338647 0.85625 0.0265625 0.0375
ckz6ru5610005386l8uoys4lc 0 0.19453125 0.8458333333333333 0.0265625 0.0375
ckz6ru6of0007386lhf2t4dtw 0 0.08359375 0.80625 0.0265625 0.0375
ckz6ru83f0009386lx7517dwf 0 0.00546875 0.8104166666666667 0.0109375 0.03333333333333333
ckz6ru99l000b386l18xh2byu 0 0.13515625 0.18958333333333333 0.0265625 0.0375
ckz6rub67000d386ld3mx1dyi 0 0.30981657608695656 0.222463768115942 0.0265625 0.041666666666666664
ckz6ruchb000f386lxxpeu5na 0 0.23689236111111112 0.17476851851851852 0.0265625 0.0375
ckz6rudsb000h386lkwwvc8dz 0 0.27272284836065575 0.239146174863388 0.0265625 0.0375
ckz6ruf3e000j386lbyqpxw51 0 0.23878464958158996 0.3767782426778243 0.0265625 0.0375
ckz6rui7o000n386lh32dwmkr 0 0.5377116123718888 0.978407149829185 0.0265625 0.0375
ckz6ruj49000p386lndk3j9jv 0 0.6304629414498141 0.6097118959107807 0.0265625 0.0375
ckz6rup8s000r386lkjotnoh0 0 0.48828125 0.86875 0.0265625 0.0375
ckz6rut1n000v386l8rfix41j 0 0.84296875 0.85625 0.0265625 0.0375
ckz6ruunj000x386l4qiqzsvd 0 0.83359375 0.98125 0.0265625 0.0375
ckz6ruw8w000z386lc52x10qx 0 0.8420697380514707 0.7541666666666667 0.0265625 0.0375
ckz6ruzco0013386lo3nqjmle 0 0.828125 0.43645833333333334 0.025 0.03958333333333333
ckz6rv4et0015386le3rdpw93 0 0.8646139705882353 0.409375 0.025 0.03958333333333333
ckz6rva9o0019386ll7e0plel 0 0.631879691108545 0.2355513856812933 0.0265625 0.03333333333333333
ckz6rvlfq001d386lt59x4kz2 0 0.7565474302030457 0.10689509306260575 0.0265625 0.03333333333333333
ckz6rvnb8001f386l63s6p1ys 0 0.71015625 0.6354166666666666 0.0265625 0.03333333333333333
ckz6rvpuj001h386lhrb15el1 0 0.5244087837837837 0.5953547297297297 0.0296875 0.03333333333333333
ckz6rvrjs001j386lscfviwaz 0 0.46364356884057967 0.43866747181964577 0.0265625 0.03333333333333333
ckz6rvxvs001p386l9u5f2w3s 0 0.939453125 0.3734375 0.028125 0.0375
ckz6rw56s001x386l432ih3l6 0 0.9348939324817518 0.9638914233576642 0.0234375 0.035416666666666666
cl4ssee0s0008356hd15z4qn8 0 0.58828125 0.11875 0.0296875 0.05
cl4ssegqi000c356hwxoota92 0 0.6015625 0.20625 0.025 0.04583333333333333
cl4uq6b5l0003356p4ou3mrfw 0 0.85625 0.22395833333333334 0.0375 0.04375
cl4uqbjp9000b356p2175vvqw 0 0.49022679004854364 0.7526142799352751 0.0421875 0.04375
cl4uqf5bj000f356p05tutl57 0 0.9177455357142857 0.5956845238095239 0.0296875 0.03958333333333333
cl4uqu10i000j356pw85hd2yi 0 0.14095203488372093 0.9472625968992249 0.025 0.03958333333333333
cl4ur3vs8000v356pe031p1yo 0 0.48509356653620356 0.045916911285061965 0.025 0.02708333333333333
cl4uru0kq0013356pt4h9yjm1 0 0.5075787401574803 0.023334973753280842 0.0296875 0.03125
cl4urwkrx0017356pikpviaa9 0 0.35703125 0.06354166666666666 0.0234375 0.027083333333333334
cl4us8aru001l356p2sc1k1bh 0 0.9897935267857143 0.010493551587301588 0.020323660714285728 0.02087797619047619
cl53eq6de000f356i3cjd5jif 1 0.57109375 0.13333333333333333 0.0890625 0.1125
cl53eqa7m000l356ivf26125u 1 0.3203125 0.21041666666666667 0.103125 0.09583333333333334
