ckz3v9nzv00033867jsekqdcl 0 0.26990982929515417 0.43035058737151244 0.0265625 0.0375
ckz6ru2eb0001386lefk6js4m 0 0.23828125 0.5770833333333333 0.0265625 0.0375
ckz6ru3um0003386l39xwv0yk 0 0.2425479332669323 0.85625 0.0265625 0.0375
ckz6ru5610005386l8uoys4lc 0 0.19453125 0.8458333333333333 0.0265625 0.0375
ckz6ru6of0007386lhf2t4dtw 0 0.08359375 0.80625 0.0265625 0.0375
ckz6ru83f0009386lx7517dwf 0 0.021671327821011676 0.7442647535667963 0.0265625 0.0375
ckz6ru99l000b386l18xh2byu 0 0.13515625 0.18958333333333333 0.0265625 0.0375
ckz6rub67000d386ld3mx1dyi 0 0.22109375 0.18125 0.0265625 0.041666666666666664
ckz6ruchb000f386lxxpeu5na 0 0.2677869073275862 0.12314116379310344 0.0265625 0.0375
ckz6rudsb000h386lkwwvc8dz 0 0.28300921762589926 0.21952937649880097 0.0265625 0.0375
ckz6ruf3e000j386lbyqpxw51 0 0.29603772410358564 0.3229913678618858 0.0265625 0.0375
ckz6rugcj000l386lzjazem8c 0 0.203125 0.4875 0.028125 0.04583333333333333
ckz6rui7o000n386lh32dwmkr 0 0.5545478062913907 0.9305187637969095 0.0265625 0.0375
ckz6ruj49000p386lndk3j9jv 0 0.63828125 0.5749621212121212 0.0265625 0.0375
ckz6rup8s000r386lkjotnoh0 0 0.48828125 0.86875 0.0265625 0.0375
ckz6rut1n000v386l8rfix41j 0 0.8458702226507715 0.8475455820476859 0.0265625 0.0375
ckz6ruunj000x386l4qiqzsvd 0 0.8364952226507715 0.9725455820476859 0.0265625 0.0375
ckz6ruw8w000z386lc52x10qx 0 0.8529573544880785 0.7512651940158953 0.0265625 0.0375
ckz6ruzco0013386lo3nqjmle 0 0.828125 0.43645833333333334 0.025 0.03958333333333333
ckz6rv4et0015386le3rdpw93 0 0.8672452731092436 0.409375 0.025 0.03958333333333333
ckz6rva9o0019386ll7e0plel 0 0.6653561487854251 0.16600877192982458 0.0265625 0.03333333333333333
ckz6rvlfq001d386lt59x4kz2 0 0.774134399100257 0.07477506426735218 0.0265625 0.03333333333333333
ckz6rvnb8001f386l63s6p1ys 0 0.71015625 0.6354166666666666 0.0265625 0.03333333333333333
ckz6rvpuj001h386lhrb15el1 0 0.5831107954545455 0.5089393939393939 0.0265625 0.03333333333333333
ckz6rvrjs001j386lscfviwaz 0 0.4954675340466926 0.404458495460441 0.0265625 0.03333333333333333
ckz6rvvx4001n386lwp0hh90g 0 0.010230263157894737 0.27921052631578946 0.020460526315789474 0.03333333333333333
ckz6rvxvs001p386l9u5f2w3s 0 0.3875 0.42916666666666664 0.028125 0.0375
ckz6rw3in001v386l6bltg9jj 0 0.78828125 0.36666666666666664 0.0265625 0.03333333333333333
ckz6rw56s001x386l432ih3l6 0 0.9857402146464647 0.8191393097643098 0.017250631313131315 0.035416666666666666
cl4sse7t80004356hlgz3o2fx 0 0.77109375 0.8625 0.0359375 0.041666666666666664
cl4ssee0s0008356hd15z4qn8 0 0.58828125 0.11875 0.0296875 0.05
cl4ssegqi000c356hwxoota92 0 0.6015625 0.20625 0.025 0.04583333333333333
cl4sseopo000g356h6ldd8ms6 0 0.15859375 0.2722222222222222 0.0359375 0.0458333333333333
cl4uq6b5l0003356p4ou3mrfw 0 0.85625 0.22395833333333334 0.0375 0.04375
cl4uqbjp9000b356p2175vvqw 0 0.5030633223684211 0.7339501096491229 0.0421875 0.04375
cl4ur3tl4000r356p5yynq6lr 0 0.3640625 0.0921875 0.0234375 0.029166666666666667
cl4ur3vs8000v356pe031p1yo 0 0.4977678571428571 0.018501984126984127 0.025 0.027083333333333334
cl4urtjol000z356puo72ztp3 0 0.43671875 0.036458333333333336 0.0296875 0.04375
cl4uru0kq0013356pt4h9yjm1 0 0.5247869318181818 0.009706439393939392 0.0296875 0.01875
cl53eq6de000f356i3cjd5jif 1 0.57109375 0.13333333333333333 0.0890625 0.1125
cl53eqa7m000l356ivf26125u 1 0.3203125 0.21041666666666667 0.103125 0.09583333333333334
