ckz3v9nzv00033867jsekqdcl 0 0.26484375 0.4354166666666667 0.0265625 0.0375
ckz6ru2eb0001386lefk6js4m 0 0.23828125 0.5770833333333333 0.0265625 0.0375
ckz6ru3um0003386l39xwv0yk 0 0.2419851842629482 0.85625 0.0265625 0.0375
ckz6ru5610005386l8uoys4lc 0 0.19453125 0.8458333333333333 0.0265625 0.0375
ckz6ru6of0007386lhf2t4dtw 0 0.08359375 0.80625 0.0265625 0.0375
ckz6ru83f0009386lx7517dwf 0 0.016175218871595332 0.7616690985732814 0.0265625 0.0375
ckz6ru99l000b386l18xh2byu 0 0.13515625 0.18958333333333333 0.0265625 0.0375
ckz6rub67000d386ld3mx1dyi 0 0.26328125 0.225 0.0265625 0.041666666666666664
ckz6ruchb000f386lxxpeu5na 0 0.2499755859375 0.14482421875 0.0265625 0.0375
ckz6rudsb000h386lkwwvc8dz 0 0.28173898381294965 0.22122302158273383 0.0265625 0.0375
ckz6ruf3e000j386lbyqpxw51 0 0.2777483814741036 0.34737715803452857 0.0265625 0.0375
ckz6rugcj000l386lzjazem8c 0 0.0984375 0.5722222222222223 0.028125 0.05
ckz6rui7o000n386lh32dwmkr 0 0.5336669564421669 0.9730142752562225 0.0265625 0.0375
ckz6ruj49000p386lndk3j9jv 0 0.6312367584745763 0.5952683615819209 0.0265625 0.0375
ckz6rup8s000r386lkjotnoh0 0 0.48828125 0.86875 0.0265625 0.0375
ckz6rut1n000v386l8rfix41j 0 0.8438891567321178 0.8534887798036466 0.0265625 0.0375
ckz6ruunj000x386l4qiqzsvd 0 0.8345141567321178 0.9784887798036466 0.0265625 0.0375
ckz6ruw8w000z386lc52x10qx 0 0.8514715550490883 0.7532462599345489 0.0265625 0.0375
ckz6ruzco0013386lo3nqjmle 0 0.828125 0.43645833333333334 0.025 0.03958333333333333
ckz6rv4et0015386le3rdpw93 0 0.8663550420168067 0.409375 0.025 0.03958333333333333
ckz6rva9o0019386ll7e0plel 0 0.661333198051948 0.18409090909090908 0.0265625 0.03333333333333333
ckz6rvlfq001d386lt59x4kz2 0 0.7687217620481928 0.08599397590361445 0.0265625 0.03333333333333333
ckz6rvnb8001f386l63s6p1ys 0 0.71015625 0.6354166666666666 0.0265625 0.03333333333333333
ckz6rvpuj001h386lhrb15el1 0 0.5662154103053435 0.5368797709923664 0.02837547709923669 0.03333333333333333
ckz6rvrjs001j386lscfviwaz 0 0.4818242963576159 0.40659492273730685 0.0265625 0.03333333333333333
ckz6rvxvs001p386l9u5f2w3s 0 0.6078125 0.5385416666666667 0.028125 0.0375
ckz6rw3in001v386l6bltg9jj 0 0.66953125 0.09375 0.0265625 0.03333333333333333
ckz6rw56s001x386l432ih3l6 0 0.9751602564102564 0.861431623931624 0.0234375 0.035416666666666666
cl4ssee0s0008356hd15z4qn8 0 0.58828125 0.11875 0.0296875 0.05
cl4ssegqi000c356hwxoota92 0 0.6015625 0.20625 0.025 0.04583333333333333
cl4uq6b5l0003356p4ou3mrfw 0 0.85625 0.22395833333333334 0.0375 0.04375
cl4uq7un10007356p14ye3ifb 0 0.92890625 0.2777777777777778 0.0328125 0.0416666666666667
cl4uqbjp9000b356p2175vvqw 0 0.49609375 0.7447916666666666 0.0421875 0.04375
cl4ur3vs8000v356pe031p1yo 0 0.5044940476190476 0.024480820105820103 0.025 0.027083333333333334
cl4urtjol000z356puo72ztp3 0 0.115625 0.30763888888888885 0.028125 0.0375
cl4uru0kq0013356pt4h9yjm1 0 0.5140861742424242 0.013273358585858586 0.0296875 0.01875
cl4urwkrx0017356pikpviaa9 0 0.36731014784946237 0.0243839605734767 0.0234375 0.027083333333333334
cl4urzbou001b356p2c0bz1ci 0 0.08828125 0.042708333333333334 0.0265625 0.027083333333333334
cl53eq6de000f356i3cjd5jif 1 0.57109375 0.13333333333333333 0.0890625 0.1125
cl53eqa7m000l356ivf26125u 1 0.3203125 0.21041666666666667 0.103125 0.09583333333333334
