ckz3v9nzv00033867jsekqdcl 0 0.27166067477876105 0.4271509341199607 0.0265625 0.0375
ckz6ru2eb0001386lefk6js4m 0 0.23828125 0.5770833333333333 0.0265625 0.0375
ckz6ru3um0003386l39xwv0yk 0 0.2427570966135458 0.85625 0.0265625 0.0375
ckz6ru5610005386l8uoys4lc 0 0.19453125 0.8458333333333333 0.0265625 0.0375
ckz6ru6of0007386lhf2t4dtw 0 0.08359375 0.80625 0.0265625 0.0375
ckz6ru83f0009386lx7517dwf 0 0.02371412937743191 0.7377958819714656 0.0265625 0.0375
ckz6ru99l000b386l18xh2byu 0 0.13515625 0.18958333333333333 0.0265625 0.0375
ckz6rub67000d386ld3mx1dyi 0 0.22265625 0.17337962962962963 0.0265625 0.038425925925925926
ckz6ruchb000f386lxxpeu5na 0 0.2785358297413793 0.11635237068965516 0.0265625 0.037499999999999985
ckz6rudsb000h386lkwwvc8dz 0 0.2834813399280576 0.21889988009592326 0.0265625 0.0375
ckz6ruf3e000j386lbyqpxw51 0 0.30369651845637585 0.3163590604026846 0.0265625 0.0375
ckz6rugcj000l386lzjazem8c 0 0.29296875 0.4270833333333333 0.0265625 0.041666666666666664
ckz6rui7o000n386lh32dwmkr 0 0.5627130681818182 0.912594696969697 0.0265625 0.0375
ckz6ruj49000p386lndk3j9jv 0 0.6395818280346821 0.5714715799614644 0.0265625 0.0375
ckz6rup8s000r386lkjotnoh0 0 0.48828125 0.86875 0.0265625 0.0375
ckz6rurv1000t386llsdca8lh 0 0.95234375 0.9541666666666667 0.0234375 0.0375
ckz6rut1n000v386l8rfix41j 0 0.8466065480364657 0.8453366058906031 0.0265625 0.0375
ckz6ruunj000x386l4qiqzsvd 0 0.8372315480364657 0.9703366058906031 0.0265625 0.0375
ckz6ruw8w000z386lc52x10qx 0 0.8535095985273493 0.7505288686302011 0.0265625 0.0375
ckz6ruzco0013386lo3nqjmle 0 0.828125 0.43645833333333334 0.025 0.03958333333333333
ckz6rv4et0015386le3rdpw93 0 0.8675761554621848 0.409375 0.025 0.03958333333333333
ckz6rva9o0019386ll7e0plel 0 0.6674816548582996 0.15679824561403508 0.0265625 0.03333333333333333
ckz6rvlfq001d386lt59x4kz2 0 0.7731221883033419 0.0720758354755784 0.0265625 0.03333333333333333
ckz6rvnb8001f386l63s6p1ys 0 0.71015625 0.6354166666666666 0.0265625 0.03333333333333333
ckz6rvpuj001h386lhrb15el1 0 0.5874118890977444 0.500407268170426 0.0265625 0.03333333333333333
ckz6rvrjs001j386lscfviwaz 0 0.49765625 0.39890350877192987 0.0265625 0.03333333333333333
ckz6rvvx4001n386lwp0hh90g 0 0.01328125 0.2682123655913979 0.0265625 0.03333333333333333
ckz6rvxvs001p386l9u5f2w3s 0 0.3125 0.3958333333333333 0.028125 0.0375
ckz6rw3in001v386l6bltg9jj 0 0.77109375 0.4979166666666667 0.0265625 0.03333333333333333
ckz6rw56s001x386l432ih3l6 0 0.9920375631313132 0.8014625420875421 0.012610479797979935 0.035416666666666666
cl4sse7t80004356hlgz3o2fx 0 0.73984375 0.7104166666666667 0.0296875 0.041666666666666664
cl4ssee0s0008356hd15z4qn8 0 0.58828125 0.11875 0.0296875 0.05
cl4ssegqi000c356hwxoota92 0 0.6015625 0.20625 0.025 0.04583333333333333
cl4sseopo000g356h6ldd8ms6 0 0.197265625 0.39739583333333334 0.0359375 0.04583333333333333
cl4swkq5u0003356p8vuhc7nn 0 0.03359375 0.24166666666666667 0.0328125 0.0375
cl4uq6b5l0003356p4ou3mrfw 0 0.85625 0.22395833333333334 0.0375 0.04375
cl4uqbjp9000b356p2175vvqw 0 0.5056537828947368 0.729920504385965 0.0421875 0.04375
cl53eq6de000f356i3cjd5jif 1 0.57109375 0.13333333333333333 0.0890625 0.1125
cl53eqa7m000l356ivf26125u 1 0.3203125 0.21041666666666667 0.103125 0.09583333333333334
