ckz3v9nzv00033867jsekqdcl 0 0.26484375 0.4354166666666667 0.0265625 0.0375
ckz6ru2eb0001386lefk6js4m 0 0.23828125 0.5770833333333333 0.0265625 0.0375
ckz6ru3um0003386l39xwv0yk 0 0.24184325199203188 0.85625 0.0265625 0.0375
ckz6ru5610005386l8uoys4lc 0 0.19453125 0.8458333333333333 0.0265625 0.0375
ckz6ru6of0007386lhf2t4dtw 0 0.08359375 0.80625 0.0265625 0.0375
ckz6ru83f0009386lx7517dwf 0 0.014789032101167315 0.7660586900129702 0.0265625 0.0375
ckz6ru99l000b386l18xh2byu 0 0.13515625 0.18958333333333333 0.0265625 0.0375
ckz6rub67000d386ld3mx1dyi 0 0.28359375 0.2423611111111111 0.0265625 0.041666666666666664
ckz6ruchb000f386lxxpeu5na 0 0.24601041666666665 0.15026666666666666 0.0265625 0.0375
ckz6rudsb000h386lkwwvc8dz 0 0.28141861510791366 0.22165017985611513 0.0265625 0.0375
ckz6ruf3e000j386lbyqpxw51 0 0.27378015350877194 0.3536184210526316 0.0265625 0.0375
ckz6rugcj000l386lzjazem8c 0 0.04583333333333334 0.548611111111111 0.028125000000000004 0.04999999999999994
ckz6rui7o000n386lh32dwmkr 0 0.5341885523426061 0.9737097364568081 0.0265625 0.0375
ckz6ruj49000p386lndk3j9jv 0 0.6285950741525423 0.6013064971751413 0.0265625 0.0375
ckz6rup8s000r386lkjotnoh0 0 0.48828125 0.86875 0.0265625 0.0375
ckz6rut1n000v386l8rfix41j 0 0.8433895073632538 0.8549877279102385 0.0265625 0.0375
ckz6ruunj000x386l4qiqzsvd 0 0.8340145073632538 0.9799877279102385 0.0265625 0.0375
ckz6ruw8w000z386lc52x10qx 0 0.8510968180224404 0.7537459093034129 0.0265625 0.0375
ckz6ruzco0013386lo3nqjmle 0 0.828125 0.43645833333333334 0.025 0.03958333333333333
ckz6rv4et0015386le3rdpw93 0 0.8661305147058824 0.409375 0.025 0.03958333333333333
ckz6rva9o0019386ll7e0plel 0 0.6605620941558442 0.18768939393939393 0.0265625 0.03333333333333333
ckz6rvlfq001d386lt59x4kz2 0 0.7672910391566264 0.08885542168674698 0.0265625 0.03333333333333333
ckz6rvnb8001f386l63s6p1ys 0 0.71015625 0.6354166666666666 0.0265625 0.03333333333333333
ckz6rvpuj001h386lhrb15el1 0 0.5614563454198473 0.5436784351145039 0.02905534351145036 0.03333333333333333
ckz6rvrjs001j386lscfviwaz 0 0.4794650248344371 0.41052704194260486 0.0265625 0.03333333333333333
ckz6rvxvs001p386l9u5f2w3s 0 0.65 0.5697916666666667 0.028125 0.0375
ckz6rw3in001v386l6bltg9jj 0 0.6184895833333333 0.05138888888888889 0.0265625 0.033333333333333326
ckz6rw56s001x386l432ih3l6 0 0.9726943597560975 0.8702489837398375 0.0234375 0.035416666666666666
cl4ssee0s0008356hd15z4qn8 0 0.58828125 0.11875 0.0296875 0.05
cl4ssegqi000c356hwxoota92 0 0.6015625 0.20625 0.025 0.04583333333333333
cl4uq6b5l0003356p4ou3mrfw 0 0.85625 0.22395833333333334 0.0375 0.04375
cl4uq7un10007356p14ye3ifb 0 0.9125 0.20520833333333333 0.0328125 0.04375
cl4uqbjp9000b356p2175vvqw 0 0.495337151092233 0.745800465210356 0.0421875 0.04375
cl4ur3vs8000v356pe031p1yo 0 0.5061904761904762 0.025988756613756613 0.025 0.027083333333333334
cl4urtjol000z356puo72ztp3 0 0.03359375 0.271875 0.0296875 0.03958333333333333
cl4uru0kq0013356pt4h9yjm1 0 0.5113873106060607 0.014172979797979797 0.0296875 0.01875
cl4urwkrx0017356pikpviaa9 0 0.36596942204301075 0.029491487455197134 0.0234375 0.027083333333333334
cl53eq6de000f356i3cjd5jif 1 0.57109375 0.13333333333333333 0.0890625 0.1125
cl53eqa7m000l356ivf26125u 1 0.3203125 0.21041666666666667 0.103125 0.09583333333333334
