ckz3v9nzv00033867jsekqdcl 0 0.26484375 0.4354166666666667 0.0265625 0.0375
ckz6ru2eb0001386lefk6js4m 0 0.23828125 0.5770833333333333 0.0265625 0.0375
ckz6ru3um0003386l39xwv0yk 0 0.24188309262948207 0.85625 0.0265625 0.0375
ckz6ru5610005386l8uoys4lc 0 0.19453125 0.8458333333333333 0.0265625 0.0375
ckz6ru6of0007386lhf2t4dtw 0 0.08359375 0.80625 0.0265625 0.0375
ckz6ru83f0009386lx7517dwf 0 0.015178137159533072 0.7648265239948119 0.0265625 0.0375
ckz6ru99l000b386l18xh2byu 0 0.13515625 0.18958333333333333 0.0265625 0.0375
ckz6rub67000d386ld3mx1dyi 0 0.2780133928571428 0.2318452380952381 0.0265625 0.041666666666666664
ckz6ruchb000f386lxxpeu5na 0 0.24697265625 0.148828125 0.0265625 0.0375
ckz6rudsb000h386lkwwvc8dz 0 0.28150854316546764 0.2215302757793765 0.0265625 0.0375
ckz6ruf3e000j386lbyqpxw51 0 0.27487664473684215 0.3518640350877193 0.0265625 0.0375
ckz6rugcj000l386lzjazem8c 0 0.0578125 0.5708333333333333 0.028125 0.05
ckz6rui7o000n386lh32dwmkr 0 0.5340421394582723 0.9735145192776964 0.0265625 0.0375
ckz6ruj49000p386lndk3j9jv 0 0.6293365995762712 0.5996115819209039 0.0265625 0.0375
ckz6rup8s000r386lkjotnoh0 0 0.48828125 0.86875 0.0265625 0.0375
ckz6rut1n000v386l8rfix41j 0 0.8435297598176718 0.8545669705469846 0.0265625 0.0375
ckz6ruunj000x386l4qiqzsvd 0 0.8341547598176717 0.9795669705469846 0.0265625 0.0375
ckz6ruw8w000z386lc52x10qx 0 0.8512020073632538 0.7536056568489948 0.0265625 0.0375
ckz6ruzco0013386lo3nqjmle 0 0.828125 0.43645833333333334 0.025 0.03958333333333333
ckz6rv4et0015386le3rdpw93 0 0.8661935399159664 0.409375 0.025 0.03958333333333333
ckz6rva9o0019386ll7e0plel 0 0.6607785443722943 0.18667929292929294 0.0265625 0.03333333333333333
ckz6rvlfq001d386lt59x4kz2 0 0.7676926455823293 0.08805220883534136 0.0265625 0.03333333333333333
ckz6rvnb8001f386l63s6p1ys 0 0.71015625 0.6354166666666666 0.0265625 0.03333333333333333
ckz6rvpuj001h386lhrb15el1 0 0.5627922232824427 0.541770038167939 0.028864503816793886 0.033333333333333395
ckz6rvrjs001j386lscfviwaz 0 0.4801272764900662 0.40942328918322296 0.0265625 0.03333333333333333
ckz6rvxvs001p386l9u5f2w3s 0 0.6348958333333333 0.5819444444444444 0.028125 0.0375
ckz6rw3in001v386l6bltg9jj 0 0.6453125 0.06041666666666667 0.0265625 0.03333333333333333
ckz6rw56s001x386l432ih3l6 0 0.9743389423076924 0.8669070512820514 0.0234375 0.035416666666666666
cl4ssee0s0008356hd15z4qn8 0 0.58828125 0.11875 0.0296875 0.05
cl4ssegqi000c356hwxoota92 0 0.6015625 0.20625 0.025 0.04583333333333333
cl4uq6b5l0003356p4ou3mrfw 0 0.85625 0.22395833333333334 0.0375 0.04375
cl4uq7un10007356p14ye3ifb 0 0.90703125 0.24895833333333334 0.0328125 0.04375
cl4uqbjp9000b356p2175vvqw 0 0.49554952973300975 0.7455172936893203 0.0421875 0.04375
cl4ur3vs8000v356pe031p1yo 0 0.5057142857142857 0.02556547619047619 0.025 0.027083333333333334
cl4urtjol000z356puo72ztp3 0 0.05546875 0.265625 0.0296875 0.03958333333333333
cl4uru0kq0013356pt4h9yjm1 0 0.5121448863636363 0.013920454545454545 0.0296875 0.01875
cl4urwkrx0017356pikpviaa9 0 0.36634576612903225 0.028057795698924734 0.0234375 0.027083333333333334
cl53eq6de000f356i3cjd5jif 1 0.57109375 0.13333333333333333 0.0890625 0.1125
cl53eqa7m000l356ivf26125u 1 0.3203125 0.21041666666666667 0.103125 0.09583333333333334
