ckz3v9nzv00033867jsekqdcl 0 0.26880850770925113 0.43145190895741553 0.0265625 0.0375
ckz6ru2eb0001386lefk6js4m 0 0.23828125 0.5770833333333333 0.0265625 0.0375
ckz6ru3um0003386l39xwv0yk 0 0.24244833167330676 0.85625 0.0265625 0.0375
ckz6ru5610005386l8uoys4lc 0 0.19453125 0.8458333333333333 0.0265625 0.0375
ckz6ru6of0007386lhf2t4dtw 0 0.08359375 0.80625 0.0265625 0.0375
ckz6ru83f0009386lx7517dwf 0 0.02069856517509728 0.7473451686121919 0.0265625 0.0375
ckz6ru99l000b386l18xh2byu 0 0.13515625 0.18958333333333333 0.0265625 0.0375
ckz6rub67000d386ld3mx1dyi 0 0.22243303571428572 0.18333333333333332 0.0265625 0.041666666666666664
ckz6ruchb000f386lxxpeu5na 0 0.2635986328125 0.12666015625 0.0265625 0.0375
ckz6rudsb000h386lkwwvc8dz 0 0.2827843974820144 0.2198291366906475 0.0265625 0.0375
ckz6ruf3e000j386lbyqpxw51 0 0.29280067231075696 0.3273074369189907 0.0265625 0.0375
ckz6rugcj000l386lzjazem8c 0 0.207421875 0.528125 0.028125 0.04583333333333333
ckz6rui7o000n386lh32dwmkr 0 0.5508226407284769 0.9387969094922737 0.0265625 0.0375
ckz6ruj49000p386lndk3j9jv 0 0.63828125 0.5772348484848485 0.0265625 0.0375
ckz6rup8s000r386lkjotnoh0 0 0.48828125 0.86875 0.0265625 0.0375
ckz6rut1n000v386l8rfix41j 0 0.8455195915147264 0.8485974754558204 0.0265625 0.0375
ckz6ruunj000x386l4qiqzsvd 0 0.8361445915147264 0.9735974754558204 0.0265625 0.0375
ckz6ruw8w000z386lc52x10qx 0 0.8526943811360448 0.7516158251519401 0.0265625 0.0375
ckz6ruzco0013386lo3nqjmle 0 0.828125 0.43645833333333334 0.025 0.03958333333333333
ckz6rv4et0015386le3rdpw93 0 0.8670877100840336 0.409375 0.025 0.03958333333333333
ckz6rva9o0019386ll7e0plel 0 0.6643440030364373 0.17039473684210524 0.0265625 0.03333333333333333
ckz6rvlfq001d386lt59x4kz2 0 0.7733904367469879 0.07665662650602409 0.0265625 0.03333333333333333
ckz6rvnb8001f386l63s6p1ys 0 0.71015625 0.6354166666666666 0.0265625 0.03333333333333333
ckz6rvpuj001h386lhrb15el1 0 0.5808380681818182 0.5142424242424243 0.0265625 0.03333333333333333
ckz6rvrjs001j386lscfviwaz 0 0.4930356274319066 0.4047827496757458 0.0265625 0.03333333333333333
ckz6rvvx4001n386lwp0hh90g 0 0.007927631578947368 0.28710526315789475 0.015855263157894737 0.03333333333333333
ckz6rvxvs001p386l9u5f2w3s 0 0.40625 0.46458333333333335 0.028125 0.0375
ckz6rw3in001v386l6bltg9jj 0 0.78046875 0.2840277777777778 0.0265625 0.03333333333333333
ckz6rw56s001x386l432ih3l6 0 0.9827414772727273 0.8275568181818183 0.01946022727272716 0.035416666666666666
cl4sse7t80004356hlgz3o2fx 0 0.80703125 0.94375 0.0328125 0.041666666666666664
cl4ssee0s0008356hd15z4qn8 0 0.58828125 0.11875 0.0296875 0.05
cl4ssegqi000c356hwxoota92 0 0.6015625 0.20625 0.025 0.04583333333333333
cl4sseopo000g356h6ldd8ms6 0 0.09296875 0.24583333333333332 0.0359375 0.04583333333333333
cl4uq6b5l0003356p4ou3mrfw 0 0.85625 0.22395833333333334 0.0375 0.04375
cl4uqbjp9000b356p2175vvqw 0 0.5018297697368421 0.7358689692982456 0.0421875 0.04375
cl4ur3tl4000r356p5yynq6lr 0 0.4359375 0.042708333333333334 0.0234375 0.029166666666666667
cl4ur3vs8000v356pe031p1yo 0 0.4989583333333333 0.019560185185185187 0.025 0.027083333333333334
cl4urtjol000z356puo72ztp3 0 0.35859375 0.08958333333333333 0.028125 0.0375
cl4uru0kq0013356pt4h9yjm1 0 0.5228929924242424 0.010337752525252526 0.0296875 0.01875
cl4urwkrx0017356pikpviaa9 0 0.3659598214285714 0.010416666666666666 0.0234375 0.020833333333333332
cl53eq6de000f356i3cjd5jif 1 0.57109375 0.13333333333333333 0.0890625 0.1125
cl53eqa7m000l356ivf26125u 1 0.3203125 0.21041666666666667 0.103125 0.09583333333333334
