ckz3v9nzv00033867jsekqdcl 0 0.26484375 0.4354166666666667 0.0265625 0.0375
ckz6ru2eb0001386lefk6js4m 0 0.23828125 0.5770833333333333 0.0265625 0.0375
ckz6ru3um0003386l39xwv0yk 0 0.24172871015936254 0.85625 0.0265625 0.0375
ckz6ru5610005386l8uoys4lc 0 0.19453125 0.8458333333333333 0.0265625 0.0375
ckz6ru6of0007386lhf2t4dtw 0 0.08359375 0.80625 0.0265625 0.0375
ckz6ru83f0009386lx7517dwf 0 0.013670355058365757 0.769601167315175 0.0265625 0.0375
ckz6ru99l000b386l18xh2byu 0 0.13515625 0.18958333333333333 0.0265625 0.0375
ckz6rub67000d386ld3mx1dyi 0 0.29765625 0.24583333333333332 0.0265625 0.041666666666666664
ckz6ruchb000f386lxxpeu5na 0 0.24505208333333334 0.15333333333333332 0.0265625 0.0375
ckz6rudsb000h386lkwwvc8dz 0 0.281160071942446 0.22199490407673864 0.0265625 0.0375
ckz6ruf3e000j386lbyqpxw51 0 0.27062774122807015 0.3586622807017544 0.0265625 0.0375
ckz6rugcj000l386lzjazem8c 0 0.014322916666666668 0.5635416666666667 0.023437500000000003 0.052083333333333336
ckz6rui7o000n386lh32dwmkr 0 0.5346094893850659 0.9742709858467545 0.0265625 0.0375
ckz6ruj49000p386lndk3j9jv 0 0.6275092936802974 0.6044609665427509 0.0265625 0.0375
ckz6rup8s000r386lkjotnoh0 0 0.48828125 0.86875 0.0265625 0.0375
ckz6rut1n000v386l8rfix41j 0 0.8429862815568022 0.8561974053295933 0.0265625 0.0375
ckz6ruunj000x386l4qiqzsvd 0 0.8336112815568022 0.9811974053295933 0.0265625 0.0375
ckz6ruw8w000z386lc52x10qx 0 0.8507943986676016 0.7541491351098645 0.0265625 0.0375
ckz6ruzco0013386lo3nqjmle 0 0.828125 0.43645833333333334 0.025 0.03958333333333333
ckz6rv4et0015386le3rdpw93 0 0.8659493172268908 0.409375 0.025 0.03958333333333333
ckz6rva9o0019386ll7e0plel 0 0.6597774621212121 0.19362373737373736 0.0265625 0.03333333333333333
ckz6rvlfq001d386lt59x4kz2 0 0.7661364206827309 0.09116465863453817 0.0265625 0.03333333333333333
ckz6rvnb8001f386l63s6p1ys 0 0.71015625 0.6354166666666666 0.0265625 0.03333333333333333
ckz6rvpuj001h386lhrb15el1 0 0.5576156965648855 0.5491650763358779 0.02960400763358777 0.03333333333333328
ckz6rvrjs001j386lscfviwaz 0 0.4775610513245033 0.4137003311258278 0.0265625 0.03333333333333333
ckz6rvxvs001p386l9u5f2w3s 0 0.671875 0.5145833333333333 0.028125 0.0375
ckz6rw3in001v386l6bltg9jj 0 0.561328125 0.0359375 0.0265625 0.03333333333333333
ckz6rw56s001x386l432ih3l6 0 0.9662109375 0.88125 0.0234375 0.035416666666666666
cl4ssee0s0008356hd15z4qn8 0 0.58828125 0.11875 0.0296875 0.05
cl4ssegqi000c356hwxoota92 0 0.6015625 0.20625 0.025 0.04583333333333333
cl4uq6b5l0003356p4ou3mrfw 0 0.85625 0.22395833333333334 0.0375 0.04375
cl4uq7un10007356p14ye3ifb 0 0.871484375 0.18072916666666666 0.0328125 0.04375
cl4uqbjp9000b356p2175vvqw 0 0.4947265625 0.7466145833333333 0.0421875 0.04375
cl4ur3vs8000v356pe031p1yo 0 0.5031786941580756 0.028876718213058417 0.025 0.027083333333333334
cl4uru0kq0013356pt4h9yjm1 0 0.5092092803030303 0.014898989898989901 0.0296875 0.01875
cl4urwkrx0017356pikpviaa9 0 0.3648874327956989 0.033613351254480284 0.0234375 0.02708333333333333
cl53eq6de000f356i3cjd5jif 1 0.57109375 0.13333333333333333 0.0890625 0.1125
cl53eqa7m000l356ivf26125u 1 0.3203125 0.21041666666666667 0.103125 0.09583333333333334
