ckz3v9nzv00033867jsekqdcl 0 0.27134264380530976 0.42828171091445427 0.0265625 0.0375
ckz6ru2eb0001386lefk6js4m 0 0.23828125 0.5770833333333333 0.0265625 0.0375
ckz6ru3um0003386l39xwv0yk 0 0.24269982569721113 0.85625 0.0265625 0.0375
ckz6ru5610005386l8uoys4lc 0 0.19453125 0.8458333333333333 0.0265625 0.0375
ckz6ru6of0007386lhf2t4dtw 0 0.08359375 0.80625 0.0265625 0.0375
ckz6ru83f0009386lx7517dwf 0 0.023154790856031126 0.7395671206225681 0.0265625 0.0375
ckz6ru99l000b386l18xh2byu 0 0.13515625 0.18958333333333333 0.0265625 0.0375
ckz6rub67000d386ld3mx1dyi 0 0.22154017857142855 0.1793154761904762 0.0265625 0.041666666666666664
ckz6ruchb000f386lxxpeu5na 0 0.2755926724137931 0.11821120689655172 0.0265625 0.0375
ckz6rudsb000h386lkwwvc8dz 0 0.2833520683453238 0.21907224220623503 0.0265625 0.0375
ckz6ruf3e000j386lbyqpxw51 0 0.3015257969798658 0.3179670022371364 0.0265625 0.0375
ckz6rugcj000l386lzjazem8c 0 0.25390625 0.415625 0.0265625 0.035416666666666666
ckz6rui7o000n386lh32dwmkr 0 0.5602286837748345 0.917894591611479 0.0265625 0.0375
ckz6ruj49000p386lndk3j9jv 0 0.6389586343930636 0.5721640173410404 0.0265625 0.0375
ckz6rup8s000r386lkjotnoh0 0 0.48828125 0.86875 0.0265625 0.0375
ckz6rut1n000v386l8rfix41j 0 0.8464049351332399 0.8459414446002804 0.0265625 0.0375
ckz6ruunj000x386l4qiqzsvd 0 0.8370299351332399 0.9709414446002804 0.0265625 0.0375
ckz6ruw8w000z386lc52x10qx 0 0.8533583888499299 0.7507304815334268 0.0265625 0.0375
ckz6ruzco0013386lo3nqjmle 0 0.828125 0.43645833333333334 0.025 0.03958333333333333
ckz6rv4et0015386le3rdpw93 0 0.867485556722689 0.409375 0.025 0.03958333333333333
ckz6rva9o0019386ll7e0plel 0 0.6668996710526316 0.1593201754385965 0.0265625 0.03333333333333333
ckz6rvlfq001d386lt59x4kz2 0 0.7733993412596402 0.07281491002570695 0.0265625 0.03333333333333334
ckz6rvnb8001f386l63s6p1ys 0 0.71015625 0.6354166666666666 0.0265625 0.03333333333333333
ckz6rvpuj001h386lhrb15el1 0 0.5863310620300751 0.5022086466165414 0.0265625 0.03333333333333333
ckz6rvrjs001j386lscfviwaz 0 0.49765625 0.4014254385964912 0.0265625 0.03333333333333333
ckz6rvvx4001n386lwp0hh90g 0 0.01328125 0.26875 0.0265625 0.03333333333333333
ckz6rvxvs001p386l9u5f2w3s 0 0.3078125 0.45416666666666666 0.028125 0.0375
ckz6rw3in001v386l6bltg9jj 0 0.76796875 0.475 0.0265625 0.03333333333333333
ckz6rw56s001x386l432ih3l6 0 0.9903132891414141 0.8063026094276095 0.013880997474747404 0.035416666666666666
cl4sse7t80004356hlgz3o2fx 0 0.753125 0.75 0.0296875 0.041666666666666664
cl4ssee0s0008356hd15z4qn8 0 0.58828125 0.11875 0.0296875 0.05
cl4ssegqi000c356hwxoota92 0 0.6015625 0.20625 0.025 0.04583333333333333
cl4sseopo000g356h6ldd8ms6 0 0.18515625 0.34930555555555554 0.0359375 0.04583333333333333
cl4uq6b5l0003356p4ou3mrfw 0 0.85625 0.22395833333333334 0.0375 0.04375
cl4uqbjp9000b356p2175vvqw 0 0.5049444901315789 0.7310238486842106 0.0421875 0.04375
cl53eq6de000f356i3cjd5jif 1 0.57109375 0.13333333333333333 0.0890625 0.1125
cl53eqa7m000l356ivf26125u 1 0.3203125 0.21041666666666667 0.103125 0.09583333333333334
