ckz3v9nzv00033867jsekqdcl 0 0.26484375 0.4354166666666667 0.0265625 0.0375
ckz6ru2eb0001386lefk6js4m 0 0.23828125 0.5770833333333333 0.0265625 0.0375
ckz6ru3um0003386l39xwv0yk 0 0.24176357071713145 0.85625 0.0265625 0.0375
ckz6ru5610005386l8uoys4lc 0 0.19453125 0.8458333333333333 0.0265625 0.0375
ckz6ru6of0007386lhf2t4dtw 0 0.08359375 0.80625 0.0265625 0.0375
ckz6ru83f0009386lx7517dwf 0 0.014010821984435795 0.7685230220492867 0.0265625 0.0375
ckz6ru99l000b386l18xh2byu 0 0.13515625 0.18958333333333333 0.0265625 0.0375
ckz6rub67000d386ld3mx1dyi 0 0.29609375 0.25 0.0265625 0.041666666666666664
ckz6ruchb000f386lxxpeu5na 0 0.24534375000000003 0.1524 0.0265625 0.0375
ckz6rudsb000h386lkwwvc8dz 0 0.28123875899280576 0.22188998800959234 0.0265625 0.0375
ckz6ruf3e000j386lbyqpxw51 0 0.2715871710526316 0.35712719298245615 0.0265625 0.0375
ckz6rugcj000l386lzjazem8c 0 0.016586538461538465 0.5483974358974358 0.028125 0.05
ckz6rui7o000n386lh32dwmkr 0 0.5344813781112738 0.9741001708150318 0.0265625 0.0375
ckz6ruj49000p386lndk3j9jv 0 0.627387314126394 0.6042441140024783 0.0265625 0.0375
ckz6rup8s000r386lkjotnoh0 0 0.48828125 0.86875 0.0265625 0.0375
ckz6rut1n000v386l8rfix41j 0 0.8431090024544179 0.8558292426367461 0.0265625 0.0375
ckz6ruunj000x386l4qiqzsvd 0 0.833734002454418 0.9808292426367461 0.0265625 0.0375
ckz6ruw8w000z386lc52x10qx 0 0.8508864393408135 0.7540264142122487 0.0265625 0.0375
ckz6ruzco0013386lo3nqjmle 0 0.828125 0.43645833333333334 0.025 0.03958333333333333
ckz6rv4et0015386le3rdpw93 0 0.8660044642857143 0.409375 0.025 0.03958333333333333
ckz6rva9o0019386ll7e0plel 0 0.6601089015151516 0.19008838383838386 0.0265625 0.03333333333333333
ckz6rvlfq001d386lt59x4kz2 0 0.7664878263052209 0.09046184738955823 0.0265625 0.03333333333333333
ckz6rvnb8001f386l63s6p1ys 0 0.71015625 0.6354166666666666 0.0265625 0.03333333333333333
ckz6rvpuj001h386lhrb15el1 0 0.5587845896946565 0.5474952290076336 0.02943702290076331 0.03333333333333333
ckz6rvrjs001j386lscfviwaz 0 0.4781405215231788 0.4127345474613687 0.0265625 0.03333333333333333
ckz6rvxvs001p386l9u5f2w3s 0 0.66484375 0.534375 0.028125 0.0375
ckz6rw3in001v386l6bltg9jj 0 0.58359375 0.05625 0.0265625 0.03333333333333333
ckz6rw56s001x386l432ih3l6 0 0.9678515624999999 0.8783333333333334 0.0234375 0.035416666666666666
cl4ssee0s0008356hd15z4qn8 0 0.58828125 0.11875 0.0296875 0.05
cl4ssegqi000c356hwxoota92 0 0.6015625 0.20625 0.025 0.04583333333333333
cl4uq6b5l0003356p4ou3mrfw 0 0.85625 0.22395833333333334 0.0375 0.04375
cl4uq7un10007356p14ye3ifb 0 0.89609375 0.165625 0.0328125 0.04375
cl4uqbjp9000b356p2175vvqw 0 0.4949123938106796 0.7463668082524272 0.0421875 0.04375
cl4ur3vs8000v356pe031p1yo 0 0.5041559278350516 0.027974656357388317 0.025 0.027083333333333334
cl4uru0kq0013356pt4h9yjm1 0 0.5098721590909091 0.014678030303030302 0.0296875 0.01875
cl4urwkrx0017356pikpviaa9 0 0.36521673387096776 0.03235887096774193 0.0234375 0.027083333333333334
cl53eq6de000f356i3cjd5jif 1 0.57109375 0.13333333333333333 0.0890625 0.1125
cl53eqa7m000l356ivf26125u 1 0.3203125 0.21041666666666667 0.103125 0.09583333333333334
