ckz3v9nzv00033867jsekqdcl 0 0.2754217367256637 0.41377826941986234 0.0265625 0.0375
ckz6ru2eb0001386lefk6js4m 0 0.23828125 0.5825704225352113 0.0265625 0.0375
ckz6ru3um0003386l39xwv0yk 0 0.24571229460093896 0.8489338810641628 0.0265625 0.0375
ckz6ru5610005386l8uoys4lc 0 0.19453125 0.8458333333333333 0.0265625 0.0375
ckz6ru6of0007386lhf2t4dtw 0 0.08359375 0.80625 0.0265625 0.0375
ckz6ru83f0009386lx7517dwf 0 0.02989656690140845 0.7275919405320813 0.0265625 0.0375
ckz6ru99l000b386l18xh2byu 0 0.13515625 0.18958333333333333 0.0265625 0.0375
ckz6rub67000d386ld3mx1dyi 0 0.19435763888888888 0.11412037037037037 0.0265625 0.0375
ckz6ruchb000f386lxxpeu5na 0 0.31177771226415096 0.0957940251572327 0.0265625 0.0375
ckz6rudsb000h386lkwwvc8dz 0 0.2850101169064748 0.2168615107913669 0.0265625 0.0375
ckz6ruf3e000j386lbyqpxw51 0 0.31446229460093894 0.3049295774647887 0.0265625 0.0375
ckz6rugcj000l386lzjazem8c 0 0.43046875 0.11666666666666667 0.0265625 0.041666666666666664
ckz6rui7o000n386lh32dwmkr 0 0.5848114730046948 0.8752053990610328 0.0265625 0.0375
ckz6ruj49000p386lndk3j9jv 0 0.6469517702312139 0.5632827552986512 0.0265625 0.0375
ckz6rup8s000r386lkjotnoh0 0 0.48828125 0.86875 0.0265625 0.0375
ckz6rurv1000t386llsdca8lh 0 0.48515625 0.7604166666666666 0.0265625 0.0375
ckz6rut1n000v386l8rfix41j 0 0.8489908397615709 0.8381837307152875 0.0265625 0.0375
ckz6ruunj000x386l4qiqzsvd 0 0.839615839761571 0.9631837307152875 0.0265625 0.0375
ckz6ruw8w000z386lc52x10qx 0 0.855297817321178 0.7481445769050958 0.0265625 0.0375
ckz6ruxwl0011386lwhdpziws 0 0.88828125 0.6395833333333333 0.0265625 0.0375
ckz6ruzco0013386lo3nqjmle 0 0.828125 0.43645833333333334 0.025 0.03958333333333333
ckz6rv4et0015386le3rdpw93 0 0.8686475840336134 0.409375 0.025 0.03958333333333333
ckz6rv5s20017386lyas5kerj 0 0.6673253676470587 0.18443627450980393 0.0234375 0.03333333333333333
ckz6rva9o0019386ll7e0plel 0 0.6736571140552996 0.1314132104454685 0.0265625 0.03333333333333333
ckz6rvjnr001b386l6bprt2rz 0 0.7421875 0.05625 0.0265625 0.03333333333333333
ckz6rvlfq001d386lt59x4kz2 0 0.7698445533419023 0.06333547557840617 0.0265625 0.03333333333333334
ckz6rvnb8001f386l63s6p1ys 0 0.712899794600939 0.6390747261345854 0.0265625 0.03333333333333333
ckz6rvpuj001h386lhrb15el1 0 0.588662705399061 0.4809467918622848 0.0265625 0.03333333333333333
ckz6rvrjs001j386lscfviwaz 0 0.500399794600939 0.3840962441314554 0.0265625 0.03333333333333333
ckz6rvtvy001l386li54we947 0 0.178125 0.5958333333333333 0.0265625 0.03333333333333333
ckz6rvvx4001n386lwp0hh90g 0 0.01624461206896552 0.21645114942528737 0.0265625 0.03333333333333333
ckz6rvxvs001p386l9u5f2w3s 0 0.07421875 0.20208333333333334 0.0265625 0.03333333333333333
ckz6rw1y9001t386ll8rr5ixq 0 0.65546875 0.975 0.0265625 0.03333333333333333
ckz6rw3in001v386l6bltg9jj 0 0.74140625 0.8375 0.0265625 0.03333333333333333
ckz6rw56s001x386l432ih3l6 0 0.9875348772321428 0.7698381696428572 0.024930245535714234 0.03357514880952384
cl4sse7t80004356hlgz3o2fx 0 0.56953125 0.259375 0.025 0.035416666666666666
cl4ssee0s0008356hd15z4qn8 0 0.58828125 0.11875 0.0296875 0.05
cl4ssegqi000c356hwxoota92 0 0.6015625 0.20625 0.025 0.04583333333333333
cl4sseopo000g356h6ldd8ms6 0 0.38515625 0.7541666666666667 0.0390625 0.041666666666666664
cl4swkq5u0003356p8vuhc7nn 0 0.7744791666666667 0.6149305555555556 0.028125 0.035416666666666666
cl4uq6b5l0003356p4ou3mrfw 0 0.85625 0.22395833333333334 0.0375 0.04375
cl4uqbjp9000b356p2175vvqw 0 0.5140419407894737 0.7168722587719298 0.0421875 0.04375
