ckz3v9nzv00033867jsekqdcl 0 0.26484375 0.4354166666666667 0.0265625 0.0375
ckz6ru2eb0001386lefk6js4m 0 0.23828125 0.5770833333333333 0.0265625 0.0375
ckz6ru3um0003386l39xwv0yk 0 0.24031934760956175 0.85625 0.0265625 0.0375
ckz6ru5610005386l8uoys4lc 0 0.19453125 0.8458333333333333 0.0265625 0.0375
ckz6ru6of0007386lhf2t4dtw 0 0.08359375 0.80625 0.0265625 0.0375
ckz6ru99l000b386l18xh2byu 0 0.13515625 0.18958333333333333 0.0265625 0.0375
ckz6rub67000d386ld3mx1dyi 0 0.272265625 0.20052083333333334 0.0265625 0.041666666666666664
ckz6ruchb000f386lxxpeu5na 0 0.21493803879310347 0.17911278735632183 0.0265625 0.0375
ckz6rudsb000h386lkwwvc8dz 0 0.26792652027027025 0.2522522522522523 0.0265625 0.037500000000000026
ckz6ruf3e000j386lbyqpxw51 0 0.22646484375 0.3908420138888889 0.0265625 0.0375
ckz6rui7o000n386lh32dwmkr 0 0.5397888451683748 0.981176793557833 0.0265625 0.0375
ckz6ruj49000p386lndk3j9jv 0 0.631109440376569 0.6108612273361228 0.0265625 0.0375
ckz6rup8s000r386lkjotnoh0 0 0.48828125 0.86875 0.0265625 0.0375
ckz6rut1n000v386l8rfix41j 0 0.84296875 0.85625 0.0265625 0.0375
ckz6ruunj000x386l4qiqzsvd 0 0.83359375 0.98125 0.0265625 0.0375
ckz6ruw8w000z386lc52x10qx 0 0.8384232954545455 0.7587121212121212 0.0265625 0.0375
ckz6ruzco0013386lo3nqjmle 0 0.828125 0.43645833333333334 0.025 0.03958333333333333
ckz6rv4et0015386le3rdpw93 0 0.8640625 0.409375 0.025 0.03958333333333333
ckz6rva9o0019386ll7e0plel 0 0.6294222719399538 0.23773575827559662 0.0265625 0.03333333333333333
ckz6rvlfq001d386lt59x4kz2 0 0.7474930037313433 0.13016169154228854 0.0265625 0.03333333333333332
ckz6rvnb8001f386l63s6p1ys 0 0.71015625 0.6354166666666666 0.0265625 0.03333333333333333
ckz6rvpuj001h386lhrb15el1 0 0.5070903361344538 0.6045518207282913 0.0296875 0.03333333333333333
ckz6rvrjs001j386lscfviwaz 0 0.4596790010460251 0.4598936541143654 0.0265625 0.03333333333333333
ckz6rw56s001x386l432ih3l6 0 0.91015625 0.9927083333333333 0.0265625 0.014583333333333334
cl4ssee0s0008356hd15z4qn8 0 0.58828125 0.11875 0.0296875 0.05
cl4ssegqi000c356hwxoota92 0 0.6015625 0.20625 0.025 0.04583333333333333
cl4uq6b5l0003356p4ou3mrfw 0 0.85625 0.22395833333333334 0.0375 0.04375
cl4uqbjp9000b356p2175vvqw 0 0.48721366808252425 0.7566317758899677 0.0421875 0.04375
cl4uqf5bj000f356p05tutl57 0 0.7747395833333333 0.8836805555555556 0.0296875 0.03958333333333333
cl4uqu10i000j356pw85hd2yi 0 0.19679687499999998 0.8584375000000001 0.024999999999999977 0.03958333333333333
cl4ur3vs8000v356pe031p1yo 0 0.483011252446184 0.04869333007175473 0.025 0.027083333333333334
cl4uru0kq0013356pt4h9yjm1 0 0.5089751476377953 0.02705872703412073 0.0296875 0.03125
cl4urwkrx0017356pikpviaa9 0 0.35703125 0.06354166666666666 0.0234375 0.027083333333333334
cl4us4ype001h356pnyet3ts9 0 0.7703125 0.21145833333333333 0.034375 0.03958333333333333
cl4us8aru001l356p2sc1k1bh 0 0.9783928571428572 0.02794642857142857 0.022857142857142777 0.031011904761904754
cl53eq6de000f356i3cjd5jif 1 0.57109375 0.13333333333333333 0.0890625 0.1125
cl53eqa7m000l356ivf26125u 1 0.3203125 0.21041666666666667 0.103125 0.09583333333333334
