ckz3v9nzv00033867jsekqdcl 0 0.2706256883259912 0.4296347283406755 0.0265625 0.0375
ckz6ru2eb0001386lefk6js4m 0 0.23828125 0.5770833333333333 0.0265625 0.0375
ckz6ru3um0003386l39xwv0yk 0 0.24261267430278885 0.85625 0.0265625 0.0375
ckz6ru5610005386l8uoys4lc 0 0.19453125 0.8458333333333333 0.0265625 0.0375
ckz6ru6of0007386lhf2t4dtw 0 0.08359375 0.80625 0.0265625 0.0375
ckz6ru83f0009386lx7517dwf 0 0.02230362354085603 0.7422624837872892 0.0265625 0.0375
ckz6ru99l000b386l18xh2byu 0 0.13515625 0.18958333333333333 0.0265625 0.0375
ckz6rub67000d386ld3mx1dyi 0 0.22068256578947368 0.1836622807017544 0.0265625 0.041666666666666664
ckz6ruchb000f386lxxpeu5na 0 0.27111395474137934 0.12103987068965516 0.0265625 0.037499999999999985
ckz6rudsb000h386lkwwvc8dz 0 0.2831553507194245 0.21933453237410072 0.0265625 0.0375
ckz6ruf3e000j386lbyqpxw51 0 0.29822252516778525 0.32041387024608503 0.0265625 0.0375
ckz6rugcj000l386lzjazem8c 0 0.22890625 0.46510416666666665 0.028125 0.04583333333333333
ckz6rui7o000n386lh32dwmkr 0 0.5569691639072848 0.9251379690949227 0.0265625 0.0375
ckz6ruj49000p386lndk3j9jv 0 0.63828125 0.5734848484848485 0.0265625 0.0375
ckz6rup8s000r386lkjotnoh0 0 0.48828125 0.86875 0.0265625 0.0375
ckz6rut1n000v386l8rfix41j 0 0.8460981328892005 0.8468618513323983 0.0265625 0.0375
ckz6ruunj000x386l4qiqzsvd 0 0.8367231328892005 0.9718618513323983 0.0265625 0.0375
ckz6ruw8w000z386lc52x10qx 0 0.8531282871669005 0.751037283777466 0.0265625 0.0375
ckz6ruzco0013386lo3nqjmle 0 0.828125 0.43645833333333334 0.025 0.03958333333333333
ckz6rv4et0015386le3rdpw93 0 0.8673476890756303 0.409375 0.025 0.03958333333333333
ckz6rva9o0019386ll7e0plel 0 0.6660140435222672 0.16315789473684209 0.0265625 0.03333333333333333
ckz6rvlfq001d386lt59x4kz2 0 0.7738210957583547 0.07393958868894601 0.0265625 0.03333333333333333
ckz6rvnb8001f386l63s6p1ys 0 0.71015625 0.6354166666666666 0.0265625 0.03333333333333333
ckz6rvpuj001h386lhrb15el1 0 0.5845880681818182 0.5054924242424242 0.0265625 0.03333333333333333
ckz6rvrjs001j386lscfviwaz 0 0.49704827334630347 0.4042477302204929 0.0265625 0.03333333333333333
ckz6rvvx4001n386lwp0hh90g 0 0.011726973684210527 0.2740789473684211 0.023453947368421053 0.03333333333333336
ckz6rvxvs001p386l9u5f2w3s 0 0.3734375 0.4375 0.028125 0.0375
ckz6rw3in001v386l6bltg9jj 0 0.7703125 0.39791666666666664 0.0265625 0.03333333333333333
ckz6rw56s001x386l432ih3l6 0 0.9876893939393938 0.8136679292929293 0.015814393939393944 0.035416666666666666
cl4sse7t80004356hlgz3o2fx 0 0.75078125 0.825 0.0296875 0.041666666666666664
cl4ssee0s0008356hd15z4qn8 0 0.58828125 0.11875 0.0296875 0.05
cl4ssegqi000c356hwxoota92 0 0.6015625 0.20625 0.025 0.04583333333333333
cl4sseopo000g356h6ldd8ms6 0 0.16015625 0.30625 0.0359375 0.04583333333333333
cl4uq6b5l0003356p4ou3mrfw 0 0.85625 0.22395833333333334 0.0375 0.04375
cl4uqbjp9000b356p2175vvqw 0 0.5038651315789473 0.732702850877193 0.0421875 0.04375
cl4ur3tl4000r356p5yynq6lr 0 0.32890625 0.029583333333333333 0.0234375 0.029166666666666667
cl4ur3vs8000v356pe031p1yo 0 0.49699404761904764 0.01781415343915344 0.025 0.027083333333333334
cl4urtjol000z356puo72ztp3 0 0.46484375 0.0125 0.0296875 0.025
cl53eq6de000f356i3cjd5jif 1 0.57109375 0.13333333333333333 0.0890625 0.1125
cl53eqa7m000l356ivf26125u 1 0.3203125 0.21041666666666667 0.103125 0.09583333333333334
