ckz3v9nzv00033867jsekqdcl 0 0.2742049225663717 0.41810471976401176 0.0265625 0.0375
ckz6ru2eb0001386lefk6js4m 0 0.23828125 0.5799882629107981 0.0265625 0.0375
ckz6ru3um0003386l39xwv0yk 0 0.2444212147887324 0.8523767605633803 0.0265625 0.0375
ckz6ru5610005386l8uoys4lc 0 0.19453125 0.8458333333333333 0.0265625 0.0375
ckz6ru6of0007386lhf2t4dtw 0 0.08359375 0.80625 0.0265625 0.0375
ckz6ru83f0009386lx7517dwf 0 0.027959947183098587 0.7293133802816901 0.0265625 0.0375
ckz6ru99l000b386l18xh2byu 0 0.13515625 0.18958333333333333 0.0265625 0.0375
ckz6rub67000d386ld3mx1dyi 0 0.20693655303030303 0.14002525252525252 0.0265625 0.03750000000000001
ckz6ruchb000f386lxxpeu5na 0 0.3014453125 0.10215277777777777 0.0265625 0.0375
ckz6rudsb000h386lkwwvc8dz 0 0.284515512589928 0.21752098321342925 0.0265625 0.0375
ckz6ruf3e000j386lbyqpxw51 0 0.3131712147887324 0.3075117370892019 0.0265625 0.0375
ckz6rugcj000l386lzjazem8c 0 0.35390625 0.20833333333333334 0.0265625 0.041666666666666664
ckz6rui7o000n386lh32dwmkr 0 0.578356073943662 0.8829518779342723 0.0265625 0.0375
ckz6ruj49000p386lndk3j9jv 0 0.6445673771676301 0.5659320809248556 0.0265625 0.0375
ckz6rup8s000r386lkjotnoh0 0 0.48828125 0.86875 0.0265625 0.0375
ckz6rurv1000t386llsdca8lh 0 0.64609375 0.8083333333333333 0.0234375 0.0375
ckz6rut1n000v386l8rfix41j 0 0.848219451262272 0.8404978962131838 0.0265625 0.0375
ckz6ruunj000x386l4qiqzsvd 0 0.8388444512622721 0.9654978962131838 0.0265625 0.0375
ckz6ruw8w000z386lc52x10qx 0 0.8547192759467042 0.7489159654043946 0.0265625 0.0375
ckz6ruxwl0011386lwhdpziws 0 0.96171875 0.7802083333333333 0.0265625 0.04375
ckz6ruzco0013386lo3nqjmle 0 0.828125 0.43645833333333334 0.025 0.03958333333333333
ckz6rv4et0015386le3rdpw93 0 0.8683009453781512 0.409375 0.025 0.03958333333333333
ckz6rv5s20017386lyas5kerj 0 0.65390625 0.14375 0.0234375 0.035416666666666666
ckz6rva9o0019386ll7e0plel 0 0.6717561923963133 0.1390168970814132 0.0265625 0.03333333333333332
ckz6rvlfq001d386lt59x4kz2 0 0.7709049646529562 0.06616323907455013 0.0265625 0.03333333333333333
ckz6rvnb8001f386l63s6p1ys 0 0.7116087147887324 0.6373532863849766 0.0265625 0.03333333333333333
ckz6rvpuj001h386lhrb15el1 0 0.5899537852112676 0.48697183098591545 0.0265625 0.03333333333333333
ckz6rvrjs001j386lscfviwaz 0 0.4991087147887324 0.38667840375586854 0.0265625 0.03333333333333333
ckz6rvtvy001l386li54we947 0 0.02640625 0.4666666666666667 0.0296875 0.0375
ckz6rvvx4001n386lwp0hh90g 0 0.01614583333333333 0.2296875 0.0265625 0.03333333333333333
ckz6rvxvs001p386l9u5f2w3s 0 0.128125 0.3072916666666667 0.028125 0.0375
ckz6rw3in001v386l6bltg9jj 0 0.76015625 0.7354166666666667 0.0265625 0.03333333333333333
ckz6rw56s001x386l432ih3l6 0 0.9902971540178571 0.7735212053571429 0.019405691964285765 0.03439360119047616
cl4sse7t80004356hlgz3o2fx 0 0.6348958333333333 0.39826388888888886 0.025 0.035416666666666666
cl4ssee0s0008356hd15z4qn8 0 0.58828125 0.11875 0.0296875 0.05
cl4ssegqi000c356hwxoota92 0 0.6015625 0.20625 0.025 0.04583333333333333
cl4sseopo000g356h6ldd8ms6 0 0.2986979166666667 0.6180555555555556 0.0390625 0.041666666666666664
cl4swkq5u0003356p8vuhc7nn 0 0.534375 0.5572916666666666 0.028125 0.035416666666666666
cl4uq6b5l0003356p4ou3mrfw 0 0.85625 0.22395833333333334 0.0375 0.04375
cl4uqbjp9000b356p2175vvqw 0 0.511328125 0.72109375 0.0421875 0.04375
cl53eq6de000f356i3cjd5jif 1 0.57109375 0.13333333333333333 0.0890625 0.1125
cl53eqa7m000l356ivf26125u 1 0.3203125 0.21041666666666667 0.103125 0.09583333333333334
