ckz3v9nzv00033867jsekqdcl 0 0.26715652533039647 0.4331038913362702 0.0265625 0.0375
ckz6ru2eb0001386lefk6js4m 0 0.23828125 0.5770833333333333 0.0265625 0.0375
ckz6ru3um0003386l39xwv0yk 0 0.2422989292828685 0.85625 0.0265625 0.0375
ckz6ru5610005386l8uoys4lc 0 0.19453125 0.8458333333333333 0.0265625 0.0375
ckz6ru6of0007386lhf2t4dtw 0 0.08359375 0.80625 0.0265625 0.0375
ckz6ru83f0009386lx7517dwf 0 0.019239421206225682 0.7519657911802854 0.0265625 0.0375
ckz6ru99l000b386l18xh2byu 0 0.13515625 0.18958333333333333 0.0265625 0.0375
ckz6rub67000d386ld3mx1dyi 0 0.23065257352941176 0.1863357843137255 0.0265625 0.041666666666666664
ckz6ruchb000f386lxxpeu5na 0 0.2592041015625 0.13251953125 0.0265625 0.0375
ckz6rudsb000h386lkwwvc8dz 0 0.28244716726618707 0.22027877697841725 0.0265625 0.0375
ckz6ruf3e000j386lbyqpxw51 0 0.28794509462151396 0.3337815405046481 0.0265625 0.0375
ckz6rugcj000l386lzjazem8c 0 0.16328125 0.5302083333333333 0.028125 0.05
ckz6rui7o000n386lh32dwmkr 0 0.5451171875 0.9507233796296296 0.0265625 0.0375
ckz6ruj49000p386lndk3j9jv 0 0.6370762711864406 0.5819209039548023 0.0265625 0.0375
ckz6rup8s000r386lkjotnoh0 0 0.48828125 0.86875 0.0265625 0.0375
ckz6rut1n000v386l8rfix41j 0 0.8449936448106591 0.8501753155680224 0.0265625 0.0375
ckz6ruunj000x386l4qiqzsvd 0 0.8356186448106591 0.9751753155680224 0.0265625 0.0375
ckz6ruw8w000z386lc52x10qx 0 0.8522999211079944 0.7521417718560074 0.0265625 0.0375
ckz6ruzco0013386lo3nqjmle 0 0.828125 0.43645833333333334 0.025 0.03958333333333333
ckz6rv4et0015386le3rdpw93 0 0.8668513655462184 0.409375 0.025 0.03958333333333333
ckz6rva9o0019386ll7e0plel 0 0.6630377435064936 0.17613636363636365 0.0265625 0.03333333333333333
ckz6rvlfq001d386lt59x4kz2 0 0.7718844126506024 0.07966867469879518 0.0265625 0.03333333333333334
ckz6rvnb8001f386l63s6p1ys 0 0.71015625 0.6354166666666666 0.0265625 0.03333333333333333
ckz6rvpuj001h386lhrb15el1 0 0.5767354484732824 0.521851145038168 0.026872614503816818 0.033333333333333395
ckz6rvrjs001j386lscfviwaz 0 0.4893877675097277 0.405269130998703 0.0265625 0.03333333333333333
ckz6rvvx4001n386lwp0hh90g 0 0.00678125 0.2952916666666667 0.0135625 0.034249999999999996
ckz6rvxvs001p386l9u5f2w3s 0 0.4421875 0.4354166666666667 0.028125 0.0375
ckz6rw3in001v386l6bltg9jj 0 0.7513020833333333 0.20069444444444443 0.0265625 0.03333333333333333
ckz6rw56s001x386l432ih3l6 0 0.9782433712121211 0.8401830808080809 0.02277462121212128 0.035416666666666666
cl4ssee0s0008356hd15z4qn8 0 0.58828125 0.11875 0.0296875 0.05
cl4ssegqi000c356hwxoota92 0 0.6015625 0.20625 0.025 0.04583333333333333
cl4sseopo000g356h6ldd8ms6 0 0.07265625 0.115625 0.0296875 0.03958333333333333
cl4uq6b5l0003356p4ou3mrfw 0 0.85625 0.22395833333333334 0.0375 0.04375
cl4uqbjp9000b356p2175vvqw 0 0.4999794407894737 0.7387472587719298 0.0421875 0.04375
cl4ur3vs8000v356pe031p1yo 0 0.5007440476190477 0.021147486772486776 0.025 0.027083333333333338
cl4urtjol000z356puo72ztp3 0 0.30625 0.18854166666666666 0.028125 0.0375
cl4uru0kq0013356pt4h9yjm1 0 0.5200520833333333 0.01128472222222222 0.0296875 0.01875
cl4urwkrx0017356pikpviaa9 0 0.37234375000000003 0.013854166666666666 0.0234375 0.022708333333333334
cl53eq6de000f356i3cjd5jif 1 0.57109375 0.13333333333333333 0.0890625 0.1125
cl53eqa7m000l356ivf26125u 1 0.3203125 0.21041666666666667 0.103125 0.09583333333333334
