ckz3v9nzv00033867jsekqdcl 0 0.2744538163716814 0.41721976401179944 0.0265625 0.0375
ckz6ru2eb0001386lefk6js4m 0 0.23828125 0.5805164319248827 0.0265625 0.0375
ckz6ru3um0003386l39xwv0yk 0 0.24468529929577465 0.8516725352112676 0.0265625 0.0375
ckz6ru5610005386l8uoys4lc 0 0.19453125 0.8458333333333333 0.0265625 0.0375
ckz6ru6of0007386lhf2t4dtw 0 0.08359375 0.80625 0.0265625 0.0375
ckz6ru83f0009386lx7517dwf 0 0.028356073943661974 0.7289612676056338 0.0265625 0.0375
ckz6ru99l000b386l18xh2byu 0 0.13515625 0.18958333333333333 0.0265625 0.0375
ckz6rub67000d386ld3mx1dyi 0 0.20267518939393941 0.14116161616161615 0.0265625 0.037499999999999985
ckz6ruchb000f386lxxpeu5na 0 0.30355468750000003 0.10090277777777777 0.0265625 0.0375
ckz6rudsb000h386lkwwvc8dz 0 0.28461668165467624 0.2173860911270983 0.0265625 0.0375
ckz6ruf3e000j386lbyqpxw51 0 0.3134352992957746 0.3069835680751174 0.0265625 0.0375
ckz6rugcj000l386lzjazem8c 0 0.38828125 0.20972222222222223 0.0265625 0.041666666666666664
ckz6rui7o000n386lh32dwmkr 0 0.5796764964788732 0.8813673708920188 0.0265625 0.0375
ckz6ruj49000p386lndk3j9jv 0 0.6450550939306359 0.5653901734104047 0.0265625 0.0375
ckz6rup8s000r386lkjotnoh0 0 0.48828125 0.86875 0.0265625 0.0375
ckz6rurv1000t386llsdca8lh 0 0.60859375 0.8041666666666667 0.0234375 0.0375
ckz6rut1n000v386l8rfix41j 0 0.8483772352734922 0.8400245441795231 0.0265625 0.0375
ckz6ruunj000x386l4qiqzsvd 0 0.8390022352734923 0.9650245441795231 0.0265625 0.0375
ckz6ruw8w000z386lc52x10qx 0 0.8548376139551193 0.7487581813931744 0.0265625 0.0375
ckz6ruxwl0011386lwhdpziws 0 0.9252604166666666 0.7663194444444444 0.0265625 0.04375
ckz6ruzco0013386lo3nqjmle 0 0.828125 0.43645833333333334 0.025 0.03958333333333333
ckz6rv4et0015386le3rdpw93 0 0.8683718487394957 0.409375 0.025 0.03958333333333333
ckz6rv5s20017386lyas5kerj 0 0.66609375 0.14104166666666668 0.0234375 0.035416666666666666
ckz6rva9o0019386ll7e0plel 0 0.672145017281106 0.1374615975422427 0.0265625 0.03333333333333333
ckz6rvlfq001d386lt59x4kz2 0 0.7706880623393316 0.06558483290488432 0.0265625 0.03333333333333333
ckz6rvnb8001f386l63s6p1ys 0 0.7118727992957746 0.6377053990610329 0.0265625 0.03333333333333333
ckz6rvpuj001h386lhrb15el1 0 0.5896897007042254 0.48573943661971836 0.0265625 0.03333333333333333
ckz6rvrjs001j386lscfviwaz 0 0.4993727992957746 0.38615023474178406 0.0265625 0.03333333333333333
ckz6rvtvy001l386li54we947 0 0.06171875 0.48333333333333334 0.0296875 0.0375
ckz6rvvx4001n386lwp0hh90g 0 0.016731770833333333 0.226171875 0.0265625 0.03333333333333333
ckz6rvxvs001p386l9u5f2w3s 0 0.12621527777777777 0.2780092592592593 0.028125 0.037500000000000026
ckz6rw3in001v386l6bltg9jj 0 0.76640625 0.75625 0.0265625 0.03333333333333333
ckz6rw56s001x386l432ih3l6 0 0.9897321428571428 0.7727678571428572 0.020535714285714234 0.03422619047619051
cl4sse7t80004356hlgz3o2fx 0 0.5875 0.36354166666666665 0.025 0.035416666666666666
cl4ssee0s0008356hd15z4qn8 0 0.58828125 0.11875 0.0296875 0.05
cl4ssegqi000c356hwxoota92 0 0.6015625 0.20625 0.025 0.04583333333333333
cl4sseopo000g356h6ldd8ms6 0 0.30390625 0.675 0.0390625 0.041666666666666664
cl4swkq5u0003356p8vuhc7nn 0 0.5770833333333333 0.5989583333333334 0.028125 0.035416666666666666
cl4uq6b5l0003356p4ou3mrfw 0 0.85625 0.22395833333333334 0.0375 0.04375
cl4uqbjp9000b356p2175vvqw 0 0.5118832236842106 0.7202302631578947 0.0421875 0.04375
