ckz3v9nzv00033867jsekqdcl 0 0.27531111725663715 0.4141715830875123 0.0265625 0.0375
ckz6ru2eb0001386lefk6js4m 0 0.23828125 0.5823356807511737 0.0265625 0.0375
ckz6ru3um0003386l39xwv0yk 0 0.2455949237089202 0.8492468701095461 0.0265625 0.0375
ckz6ru5610005386l8uoys4lc 0 0.19453125 0.8458333333333333 0.0265625 0.0375
ckz6ru6of0007386lhf2t4dtw 0 0.08359375 0.80625 0.0265625 0.0375
ckz6ru83f0009386lx7517dwf 0 0.029720510563380282 0.727748435054773 0.0265625 0.0375
ckz6ru99l000b386l18xh2byu 0 0.13515625 0.18958333333333333 0.0265625 0.0375
ckz6rub67000d386ld3mx1dyi 0 0.19140625 0.125 0.0265625 0.0375
ckz6ruchb000f386lxxpeu5na 0 0.31083431603773587 0.09642295597484277 0.0265625 0.0375
ckz6rudsb000h386lkwwvc8dz 0 0.28496515287769786 0.2169214628297362 0.0265625 0.0375
ckz6ruf3e000j386lbyqpxw51 0 0.3143449237089202 0.30516431924882625 0.0265625 0.0375
ckz6rugcj000l386lzjazem8c 0 0.4424479166666667 0.13472222222222224 0.0265625 0.04166666666666668
ckz6rui7o000n386lh32dwmkr 0 0.584224618544601 0.8759096244131456 0.0265625 0.0375
ckz6ruj49000p386lndk3j9jv 0 0.6467350072254335 0.5635236030828517 0.0265625 0.0375
ckz6rup8s000r386lkjotnoh0 0 0.48828125 0.86875 0.0265625 0.0375
ckz6rurv1000t386llsdca8lh 0 0.48125 0.8083333333333333 0.0265625 0.0375
ckz6rut1n000v386l8rfix41j 0 0.8489207135343619 0.8383941093969144 0.0265625 0.0375
ckz6ruunj000x386l4qiqzsvd 0 0.8395457135343619 0.9633941093969144 0.0265625 0.0375
ckz6ruw8w000z386lc52x10qx 0 0.8552452226507714 0.7482147031323049 0.0265625 0.0375
ckz6ruxwl0011386lwhdpziws 0 0.898828125 0.6630208333333333 0.0265625 0.0375
ckz6ruzco0013386lo3nqjmle 0 0.828125 0.43645833333333334 0.025 0.03958333333333333
ckz6rv4et0015386le3rdpw93 0 0.8686160714285714 0.409375 0.025 0.03958333333333333
ckz6rv5s20017386lyas5kerj 0 0.66703125 0.17458333333333334 0.0234375 0.03333333333333333
ckz6rva9o0019386ll7e0plel 0 0.6734843029953917 0.13210445468509985 0.0265625 0.03333333333333333
ckz6rvjnr001b386l6bprt2rz 0 0.7658854166666667 0.05902777777777778 0.0265625 0.03333333333333334
ckz6rvlfq001d386lt59x4kz2 0 0.76994095437018 0.06359254498714653 0.0265625 0.03333333333333333
ckz6rvnb8001f386l63s6p1ys 0 0.7127824237089202 0.6389182316118936 0.0265625 0.03333333333333333
ckz6rvpuj001h386lhrb15el1 0 0.5887800762910798 0.4814945226917058 0.0265625 0.03333333333333333
ckz6rvrjs001j386lscfviwaz 0 0.5002824237089202 0.3843309859154929 0.0265625 0.03333333333333333
ckz6rvtvy001l386li54we947 0 0.16796875 0.5625 0.0265625 0.03333333333333333
ckz6rvvx4001n386lwp0hh90g 0 0.016675646551724137 0.2170258620689655 0.0265625 0.03333333333333333
ckz6rvxvs001p386l9u5f2w3s 0 0.07484375 0.20666666666666667 0.0265625 0.03333333333333333
ckz6rw1y9001t386ll8rr5ixq 0 0.646875 0.9902777777777778 0.025 0.019444444444444407
ckz6rw3in001v386l6bltg9jj 0 0.75859375 0.8583333333333333 0.0265625 0.03333333333333333
ckz6rw56s001x386l432ih3l6 0 0.9877859933035715 0.7701729910714284 0.024428013392857117 0.03364955357142859
cl4sse7t80004356hlgz3o2fx 0 0.58125 0.25104166666666666 0.025 0.035416666666666666
cl4ssee0s0008356hd15z4qn8 0 0.58828125 0.11875 0.0296875 0.05
cl4ssegqi000c356hwxoota92 0 0.6015625 0.20625 0.025 0.04583333333333333
cl4sseopo000g356h6ldd8ms6 0 0.35859375 0.7395833333333334 0.0390625 0.041666666666666664
cl4swkq5u0003356p8vuhc7nn 0 0.7625 0.585763888888889 0.028125 0.035416666666666666
cl4uq6b5l0003356p4ou3mrfw 0 0.85625 0.22395833333333334 0.0375 0.04375
cl4uqbjp9000b356p2175vvqw 0 0.5137952302631579 0.7172560307017544 0.0421875 0.04375
