ckz3v9nzv00033867jsekqdcl 0 0.26484375 0.4354166666666667 0.0265625 0.0375
ckz6ru2eb0001386lefk6js4m 0 0.23828125 0.5770833333333333 0.0265625 0.0375
ckz6ru3um0003386l39xwv0yk 0 0.24188060258964145 0.85625 0.0265625 0.0375
ckz6ru5610005386l8uoys4lc 0 0.19453125 0.8458333333333333 0.0265625 0.0375
ckz6ru6of0007386lhf2t4dtw 0 0.08359375 0.80625 0.0265625 0.0375
ckz6ru83f0009386lx7517dwf 0 0.015153818093385212 0.7649035343709468 0.0265625 0.0375
ckz6ru99l000b386l18xh2byu 0 0.13515625 0.18958333333333333 0.0265625 0.0375
ckz6rub67000d386ld3mx1dyi 0 0.27756696428571426 0.23214285714285715 0.0265625 0.041666666666666664
ckz6ruchb000f386lxxpeu5na 0 0.2468994140625 0.14892578125 0.0265625 0.0375
ckz6rudsb000h386lkwwvc8dz 0 0.2815029226618705 0.22153776978417264 0.0265625 0.0375
ckz6ruf3e000j386lbyqpxw51 0 0.2748081140350877 0.3519736842105263 0.0265625 0.0375
ckz6rugcj000l386lzjazem8c 0 0.05546875 0.5708333333333333 0.028125 0.05
ckz6rui7o000n386lh32dwmkr 0 0.5340512902635431 0.9735267203513909 0.0265625 0.0375
ckz6ruj49000p386lndk3j9jv 0 0.6292902542372881 0.5997175141242937 0.0265625 0.0375
ckz6rup8s000r386lkjotnoh0 0 0.48828125 0.86875 0.0265625 0.0375
ckz6rut1n000v386l8rfix41j 0 0.8435209940392706 0.854593267882188 0.0265625 0.0375
ckz6ruunj000x386l4qiqzsvd 0 0.8341459940392706 0.979593267882188 0.0265625 0.0375
ckz6ruw8w000z386lc52x10qx 0 0.8511954330294531 0.7536144226273961 0.0265625 0.0375
ckz6ruzco0013386lo3nqjmle 0 0.828125 0.43645833333333334 0.025 0.03958333333333333
ckz6rv4et0015386le3rdpw93 0 0.8661896008403362 0.409375 0.025 0.03958333333333333
ckz6rva9o0019386ll7e0plel 0 0.6607650162337662 0.18674242424242424 0.0265625 0.03333333333333333
ckz6rvlfq001d386lt59x4kz2 0 0.7676675451807229 0.08810240963855423 0.0265625 0.03333333333333333
ckz6rvnb8001f386l63s6p1ys 0 0.71015625 0.6354166666666666 0.0265625 0.03333333333333333
ckz6rvpuj001h386lhrb15el1 0 0.5627087309160306 0.5418893129770993 0.028876431297709983 0.033333333333333395
ckz6rvrjs001j386lscfviwaz 0 0.4800858857615894 0.40949227373068436 0.0265625 0.03333333333333333
ckz6rvxvs001p386l9u5f2w3s 0 0.63515625 0.5822916666666667 0.028125 0.0375
ckz6rw3in001v386l6bltg9jj 0 0.65078125 0.05416666666666667 0.0265625 0.03333333333333333
ckz6rw56s001x386l432ih3l6 0 0.9743189102564103 0.8670405982905983 0.0234375 0.035416666666666666
cl4ssee0s0008356hd15z4qn8 0 0.58828125 0.11875 0.0296875 0.05
cl4ssegqi000c356hwxoota92 0 0.6015625 0.20625 0.025 0.04583333333333333
cl4uq6b5l0003356p4ou3mrfw 0 0.85625 0.22395833333333334 0.0375 0.04375
cl4uq7un10007356p14ye3ifb 0 0.9044270833333334 0.24479166666666666 0.0328125 0.04375
cl4uqbjp9000b356p2175vvqw 0 0.49553625606796114 0.7455349919093852 0.0421875 0.04375
cl4ur3vs8000v356pe031p1yo 0 0.5057440476190476 0.025591931216931218 0.025 0.027083333333333334
cl4urtjol000z356puo72ztp3 0 0.05286458333333334 0.2690972222222222 0.029687500000000006 0.039583333333333304
cl4uru0kq0013356pt4h9yjm1 0 0.5120975378787879 0.013936237373737373 0.0296875 0.01875
cl4urwkrx0017356pikpviaa9 0 0.3663222446236559 0.02814740143369176 0.0234375 0.027083333333333334
cl53eq6de000f356i3cjd5jif 1 0.57109375 0.13333333333333333 0.0890625 0.1125
cl53eqa7m000l356ivf26125u 1 0.3203125 0.21041666666666667 0.103125 0.09583333333333334
