ckz3v9nzv00033867jsekqdcl 0 0.2671014592511013 0.4331589574155653 0.0265625 0.0375
ckz6ru2eb0001386lefk6js4m 0 0.23828125 0.5770833333333333 0.0265625 0.0375
ckz6ru3um0003386l39xwv0yk 0 0.24229394920318725 0.85625 0.0265625 0.0375
ckz6ru5610005386l8uoys4lc 0 0.19453125 0.8458333333333333 0.0265625 0.0375
ckz6ru6of0007386lhf2t4dtw 0 0.08359375 0.80625 0.0265625 0.0375
ckz6ru83f0009386lx7517dwf 0 0.019190783073929962 0.7521198119325552 0.0265625 0.0375
ckz6ru99l000b386l18xh2byu 0 0.13515625 0.18958333333333333 0.0265625 0.0375
ckz6rub67000d386ld3mx1dyi 0 0.23083639705882356 0.18621323529411762 0.0265625 0.041666666666666664
ckz6ruchb000f386lxxpeu5na 0 0.2590576171875 0.13271484375 0.0265625 0.0375
ckz6rudsb000h386lkwwvc8dz 0 0.2824359262589928 0.2202937649880096 0.0265625 0.0375
ckz6ruf3e000j386lbyqpxw51 0 0.28778324203187255 0.3339973439575033 0.0265625 0.0375
ckz6rugcj000l386lzjazem8c 0 0.16276041666666669 0.5322916666666667 0.028125 0.05
ckz6rui7o000n386lh32dwmkr 0 0.544921875 0.951099537037037 0.0265625 0.0375
ckz6ruj49000p386lndk3j9jv 0 0.6369835805084746 0.5821327683615819 0.0265625 0.0375
ckz6rup8s000r386lkjotnoh0 0 0.48828125 0.86875 0.0265625 0.0375
ckz6rut1n000v386l8rfix41j 0 0.8449761132538569 0.8502279102384291 0.0265625 0.0375
ckz6ruunj000x386l4qiqzsvd 0 0.8356011132538569 0.9752279102384291 0.0265625 0.0375
ckz6ruw8w000z386lc52x10qx 0 0.8522867724403926 0.7521593034128098 0.0265625 0.0375
ckz6ruzco0013386lo3nqjmle 0 0.828125 0.43645833333333334 0.025 0.03958333333333333
ckz6rv4et0015386le3rdpw93 0 0.8668434873949581 0.409375 0.025 0.03958333333333333
ckz6rva9o0019386ll7e0plel 0 0.6630106872294372 0.17626262626262626 0.0265625 0.03333333333333333
ckz6rvlfq001d386lt59x4kz2 0 0.7718342118473895 0.07976907630522088 0.0265625 0.03333333333333334
ckz6rvnb8001f386l63s6p1ys 0 0.71015625 0.6354166666666666 0.0265625 0.03333333333333333
ckz6rvpuj001h386lhrb15el1 0 0.576568463740458 0.5220896946564886 0.02689646946564892 0.033333333333333395
ckz6rvrjs001j386lscfviwaz 0 0.4892661721789883 0.4052853437094682 0.0265625 0.03333333333333333
ckz6rvvx4001n386lwp0hh90g 0 0.006687500000000001 0.296 0.013375000000000001 0.03433333333333331
ckz6rvxvs001p386l9u5f2w3s 0 0.45 0.45 0.028125 0.0375
ckz6rw3in001v386l6bltg9jj 0 0.75546875 0.19791666666666666 0.0265625 0.03333333333333333
ckz6rw56s001x386l432ih3l6 0 0.9780934343434342 0.8406039562289561 0.022885101010100863 0.035416666666666666
cl4ssee0s0008356hd15z4qn8 0 0.58828125 0.11875 0.0296875 0.05
cl4ssegqi000c356hwxoota92 0 0.6015625 0.20625 0.025 0.04583333333333333
cl4sseopo000g356h6ldd8ms6 0 0.061197916666666664 0.12881944444444443 0.029687499999999995 0.03958333333333332
cl4uq6b5l0003356p4ou3mrfw 0 0.85625 0.22395833333333334 0.0375 0.04375
cl4uqbjp9000b356p2175vvqw 0 0.49991776315789477 0.738843201754386 0.0421875 0.04375
cl4ur3vs8000v356pe031p1yo 0 0.5008035714285715 0.021200396825396827 0.025 0.027083333333333334
cl4urtjol000z356puo72ztp3 0 0.29635416666666664 0.19444444444444445 0.028125 0.0375
cl4uru0kq0013356pt4h9yjm1 0 0.5199573863636363 0.011316287878787879 0.0296875 0.01875
cl4urwkrx0017356pikpviaa9 0 0.3722544642857143 0.014017857142857141 0.0234375 0.02279761904761905
cl53eq6de000f356i3cjd5jif 1 0.57109375 0.13333333333333333 0.0890625 0.1125
cl53eqa7m000l356ivf26125u 1 0.3203125 0.21041666666666667 0.103125 0.09583333333333334
