ckz3v9nzv00033867jsekqdcl 0 0.26484375 0.4354166666666667 0.0265625 0.0375
ckz6ru2eb0001386lefk6js4m 0 0.23828125 0.5770833333333333 0.0265625 0.0375
ckz6ru3um0003386l39xwv0yk 0 0.24115102091633464 0.85625 0.0265625 0.0375
ckz6ru5610005386l8uoys4lc 0 0.19453125 0.8458333333333333 0.0265625 0.0375
ckz6ru6of0007386lhf2t4dtw 0 0.08359375 0.80625 0.0265625 0.0375
ckz6ru83f0009386lx7517dwf 0 0.005827414772727272 0.7994176136363637 0.011654829545454545 0.03237689393939398
ckz6ru99l000b386l18xh2byu 0 0.13515625 0.18958333333333333 0.0265625 0.0375
ckz6rub67000d386ld3mx1dyi 0 0.31703125 0.22624999999999998 0.0265625 0.041666666666666664
ckz6ruchb000f386lxxpeu5na 0 0.24021875 0.1688 0.0265625 0.0375
ckz6rudsb000h386lkwwvc8dz 0 0.27655993852459015 0.23110655737704916 0.0265625 0.0375
ckz6ruf3e000j386lbyqpxw51 0 0.24647947175732215 0.3721147140864714 0.0265625 0.0375
ckz6rui7o000n386lh32dwmkr 0 0.5367324762079063 0.977101634943875 0.0265625 0.0375
ckz6ruj49000p386lndk3j9jv 0 0.6295306691449813 0.6080545229244113 0.0265625 0.0375
ckz6rup8s000r386lkjotnoh0 0 0.48828125 0.86875 0.0265625 0.0375
ckz6rut1n000v386l8rfix41j 0 0.84296875 0.85625 0.0265625 0.0375
ckz6ruunj000x386l4qiqzsvd 0 0.83359375 0.98125 0.0265625 0.0375
ckz6ruw8w000z386lc52x10qx 0 0.8448357077205882 0.7541666666666667 0.0265625 0.0375
ckz6ruzco0013386lo3nqjmle 0 0.828125 0.43645833333333334 0.025 0.03958333333333333
ckz6rv4et0015386le3rdpw93 0 0.8650354516806722 0.409375 0.025 0.03958333333333333
ckz6rva9o0019386ll7e0plel 0 0.642203125 0.23154166666666667 0.0265625 0.03333333333333333
ckz6rvlfq001d386lt59x4kz2 0 0.759942100253807 0.10236886632825719 0.0265625 0.03333333333333333
ckz6rvnb8001f386l63s6p1ys 0 0.71015625 0.6354166666666666 0.0265625 0.03333333333333333
ckz6rvpuj001h386lhrb15el1 0 0.5336575255102041 0.586748866213152 0.0296875 0.03333333333333333
ckz6rvrjs001j386lscfviwaz 0 0.46759510869565213 0.4296648550724637 0.0265625 0.03333333333333333
ckz6rvxvs001p386l9u5f2w3s 0 0.8201562499999999 0.41520833333333335 0.028125 0.0375
ckz6rw56s001x386l432ih3l6 0 0.945465158045977 0.941175766283525 0.0234375 0.035416666666666666
cl4ssee0s0008356hd15z4qn8 0 0.58828125 0.11875 0.0296875 0.05
cl4ssegqi000c356hwxoota92 0 0.6015625 0.20625 0.025 0.04583333333333333
cl4uq6b5l0003356p4ou3mrfw 0 0.85625 0.22395833333333334 0.0375 0.04375
cl4uqbjp9000b356p2175vvqw 0 0.4916470722087379 0.7507205703883495 0.0421875 0.04375
cl4uqf5bj000f356p05tutl57 0 0.9455357142857143 0.44389880952380956 0.028125 0.04375
cl4ur3vs8000v356pe031p1yo 0 0.4869845360824742 0.04382517182130584 0.025 0.02708333333333333
cl4uru0kq0013356pt4h9yjm1 0 0.50703125 0.021323529411764703 0.0296875 0.03014705882352941
cl4urwkrx0017356pikpviaa9 0 0.3594304435483871 0.054401881720430104 0.0234375 0.027083333333333327
cl53eq6de000f356i3cjd5jif 1 0.57109375 0.13333333333333333 0.0890625 0.1125
cl53eqa7m000l356ivf26125u 1 0.3203125 0.21041666666666667 0.103125 0.09583333333333334
