ckz3v9nzv00033867jsekqdcl 0 0.26484375 0.4354166666666667 0.0265625 0.0375
ckz6ru2eb0001386lefk6js4m 0 0.23828125 0.5770833333333333 0.0265625 0.0375
ckz6ru3um0003386l39xwv0yk 0 0.24206237549800796 0.85625 0.0265625 0.0375
ckz6ru5610005386l8uoys4lc 0 0.19453125 0.8458333333333333 0.0265625 0.0375
ckz6ru6of0007386lhf2t4dtw 0 0.08359375 0.80625 0.0265625 0.0375
ckz6ru83f0009386lx7517dwf 0 0.016929109922178987 0.7592817769131 0.0265625 0.0375
ckz6ru99l000b386l18xh2byu 0 0.13515625 0.18958333333333333 0.0265625 0.0375
ckz6rub67000d386ld3mx1dyi 0 0.253515625 0.21197916666666666 0.0265625 0.041666666666666664
ckz6ruchb000f386lxxpeu5na 0 0.25224609375 0.141796875 0.0265625 0.0375
ckz6rudsb000h386lkwwvc8dz 0 0.2819132194244604 0.22099070743405275 0.0265625 0.0375
ckz6ruf3e000j386lbyqpxw51 0 0.2802570966135458 0.3440322045152723 0.0265625 0.0375
ckz6rugcj000l386lzjazem8c 0 0.12281249999999999 0.5183333333333333 0.028125 0.05
ckz6rui7o000n386lh32dwmkr 0 0.53583984375 0.9685908564814815 0.0265625 0.0375
ckz6ruj49000p386lndk3j9jv 0 0.6326734639830509 0.5919844632768361 0.0265625 0.0375
ckz6rup8s000r386lkjotnoh0 0 0.48828125 0.86875 0.0265625 0.0375
ckz6rut1n000v386l8rfix41j 0 0.8441608958625526 0.8526735624123422 0.0265625 0.0375
ckz6ruunj000x386l4qiqzsvd 0 0.8347858958625526 0.9776735624123422 0.0265625 0.0375
ckz6ruw8w000z386lc52x10qx 0 0.8516753593969144 0.7529745208041141 0.0265625 0.0375
ckz6ruzco0013386lo3nqjmle 0 0.828125 0.43645833333333334 0.025 0.03958333333333333
ckz6rv4et0015386le3rdpw93 0 0.8664771533613445 0.409375 0.025 0.03958333333333333
ckz6rva9o0019386ll7e0plel 0 0.6617525703463204 0.18213383838383837 0.0265625 0.03333333333333333
ckz6rvlfq001d386lt59x4kz2 0 0.769499874497992 0.08443775100401606 0.0265625 0.03333333333333333
ckz6rvnb8001f386l63s6p1ys 0 0.71015625 0.6354166666666666 0.0265625 0.03333333333333333
ckz6rvpuj001h386lhrb15el1 0 0.5688036736641221 0.533182251908397 0.02800572519083975 0.033333333333333395
ckz6rvrjs001j386lscfviwaz 0 0.4836119892996109 0.4060392347600519 0.0265625 0.03333333333333333
ckz6rvxvs001p386l9u5f2w3s 0 0.5682291666666667 0.5090277777777777 0.028125 0.0375
ckz6rw3in001v386l6bltg9jj 0 0.70703125 0.09583333333333334 0.0265625 0.03333333333333333
ckz6rw56s001x386l432ih3l6 0 0.97578125 0.8572916666666667 0.0234375 0.035416666666666666
cl4ssee0s0008356hd15z4qn8 0 0.58828125 0.11875 0.0296875 0.05
cl4ssegqi000c356hwxoota92 0 0.6015625 0.20625 0.025 0.04583333333333333
cl4uq6b5l0003356p4ou3mrfw 0 0.85625 0.22395833333333334 0.0375 0.04375
cl4uq7un10007356p14ye3ifb 0 0.9453125 0.290625 0.0390625 0.041666666666666664
cl4uqbjp9000b356p2175vvqw 0 0.4970497532894737 0.7433045504385964 0.0421875 0.04375
cl4ur3vs8000v356pe031p1yo 0 0.5035714285714286 0.02366071428571429 0.025 0.027083333333333334
cl4urtjol000z356puo72ztp3 0 0.16041666666666668 0.28541666666666665 0.028125 0.0375
cl4uru0kq0013356pt4h9yjm1 0 0.5155539772727272 0.01278409090909091 0.0296875 0.01875
cl4urwkrx0017356pikpviaa9 0 0.3681026785714286 0.021629464285714287 0.0234375 0.026949404761904765
cl53eq6de000f356i3cjd5jif 1 0.57109375 0.13333333333333333 0.0890625 0.1125
cl53eqa7m000l356ivf26125u 1 0.3203125 0.21041666666666667 0.103125 0.09583333333333334
