ckz3v9nzv00033867jsekqdcl 0 0.26484375 0.4354166666666667 0.0265625 0.0375
ckz6ru2eb0001386lefk6js4m 0 0.23828125 0.5770833333333333 0.0265625 0.0375
ckz6ru3um0003386l39xwv0yk 0 0.2413128735059761 0.85625 0.0265625 0.0375
ckz6ru5610005386l8uoys4lc 0 0.19453125 0.8458333333333333 0.0265625 0.0375
ckz6ru6of0007386lhf2t4dtw 0 0.08359375 0.80625 0.0265625 0.0375
ckz6ru83f0009386lx7517dwf 0 0.006058238636363637 0.7923390151515152 0.012116477272727274 0.03176136363636364
ckz6ru99l000b386l18xh2byu 0 0.13515625 0.18958333333333333 0.0265625 0.0375
ckz6rub67000d386ld3mx1dyi 0 0.31171875 0.23333333333333334 0.0265625 0.041666666666666664
ckz6ruchb000f386lxxpeu5na 0 0.24157291666666664 0.16446666666666668 0.0265625 0.0375
ckz6rudsb000h386lkwwvc8dz 0 0.27889088114754096 0.22622267759562842 0.0265625 0.0375
ckz6ruf3e000j386lbyqpxw51 0 0.2511538964435146 0.36928172942817294 0.0265625 0.0375
ckz6rui7o000n386lh32dwmkr 0 0.5361376738653002 0.9763085651537335 0.0265625 0.0375
ckz6ruj49000p386lndk3j9jv 0 0.6289643355018588 0.60704770755886 0.0265625 0.0375
ckz6rup8s000r386lkjotnoh0 0 0.48828125 0.86875 0.0265625 0.0375
ckz6rut1n000v386l8rfix41j 0 0.84296875 0.85625 0.0265625 0.0375
ckz6ruunj000x386l4qiqzsvd 0 0.83359375 0.98125 0.0265625 0.0375
ckz6ruw8w000z386lc52x10qx 0 0.8465159696691176 0.7541666666666667 0.0265625 0.0375
ckz6ruzco0013386lo3nqjmle 0 0.828125 0.43645833333333334 0.025 0.03958333333333333
ckz6rv4et0015386le3rdpw93 0 0.8652914915966387 0.409375 0.025 0.03958333333333333
ckz6rva9o0019386ll7e0plel 0 0.646652693089431 0.22437330623306234 0.0265625 0.03333333333333333
ckz6rvlfq001d386lt59x4kz2 0 0.7619446536144578 0.09954819277108434 0.0265625 0.03333333333333333
ckz6rvnb8001f386l63s6p1ys 0 0.71015625 0.6354166666666666 0.0265625 0.03333333333333333
ckz6rvpuj001h386lhrb15el1 0 0.5419483418367347 0.5793792517006803 0.0296875 0.03333333333333333
ckz6rvrjs001j386lscfviwaz 0 0.47064879966887413 0.42522075055187636 0.0265625 0.03333333333333333
ckz6rvxvs001p386l9u5f2w3s 0 0.7645833333333333 0.4048611111111111 0.028125 0.0375
ckz6rw56s001x386l432ih3l6 0 0.9513020833333334 0.9263888888888889 0.0234375 0.035416666666666666
cl4ssee0s0008356hd15z4qn8 0 0.58828125 0.11875 0.0296875 0.05
cl4ssegqi000c356hwxoota92 0 0.6015625 0.20625 0.025 0.04583333333333333
cl4uq6b5l0003356p4ou3mrfw 0 0.85625 0.22395833333333334 0.0375 0.04375
cl4uqbjp9000b356p2175vvqw 0 0.4925098604368932 0.7495701860841424 0.0421875 0.04375
cl4uqf5bj000f356p05tutl57 0 0.968359375 0.36875 0.028125 0.04375
cl4ur3vs8000v356pe031p1yo 0 0.49152169243986255 0.03963702749140894 0.025 0.027083333333333338
cl4uru0kq0013356pt4h9yjm1 0 0.50703125 0.019332107843137256 0.0296875 0.02616421568627451
cl4urwkrx0017356pikpviaa9 0 0.36095934139784946 0.04857750896057347 0.0234375 0.027083333333333334
cl53eq6de000f356i3cjd5jif 1 0.57109375 0.13333333333333333 0.0890625 0.1125
cl53eqa7m000l356ivf26125u 1 0.3203125 0.21041666666666667 0.103125 0.09583333333333334
