ckz3v9nzv00033867jsekqdcl 0 0.26484375 0.4354166666666667 0.0265625 0.0375
ckz6ru2eb0001386lefk6js4m 0 0.23828125 0.5770833333333333 0.0265625 0.0375
ckz6ru3um0003386l39xwv0yk 0 0.2408322958167331 0.85625 0.0265625 0.0375
ckz6ru5610005386l8uoys4lc 0 0.19453125 0.8458333333333333 0.0265625 0.0375
ckz6ru6of0007386lhf2t4dtw 0 0.08359375 0.80625 0.0265625 0.0375
ckz6ru83f0009386lx7517dwf 0 0.00546875 0.8104166666666667 0.0109375 0.03333333333333333
ckz6ru99l000b386l18xh2byu 0 0.13515625 0.18958333333333333 0.0265625 0.0375
ckz6rub67000d386ld3mx1dyi 0 0.30859375 0.21458333333333332 0.0265625 0.041666666666666664
ckz6ruchb000f386lxxpeu5na 0 0.23480902777777776 0.1744212962962963 0.0265625 0.0375
ckz6rudsb000h386lkwwvc8dz 0 0.2719697745901639 0.240724043715847 0.0265625 0.0375
ckz6ruf3e000j386lbyqpxw51 0 0.23755208333333333 0.37805555555555553 0.0265625 0.0375
ckz6rui7o000n386lh32dwmkr 0 0.5379037792825769 0.9786633723767691 0.0265625 0.0375
ckz6ruj49000p386lndk3j9jv 0 0.6306459107806692 0.6100371747211896 0.0265625 0.0375
ckz6rup8s000r386lkjotnoh0 0 0.48828125 0.86875 0.0265625 0.0375
ckz6rut1n000v386l8rfix41j 0 0.84296875 0.85625 0.0265625 0.0375
ckz6ruunj000x386l4qiqzsvd 0 0.83359375 0.98125 0.0265625 0.0375
ckz6ruw8w000z386lc52x10qx 0 0.8415268841911765 0.7541666666666667 0.0265625 0.0375
ckz6ruzco0013386lo3nqjmle 0 0.828125 0.43645833333333334 0.025 0.03958333333333333
ckz6rv4et0015386le3rdpw93 0 0.86453125 0.409375 0.025 0.03958333333333333
ckz6rva9o0019386ll7e0plel 0 0.6316523527713626 0.23575346420323323 0.0265625 0.03333333333333333
ckz6rvlfq001d386lt59x4kz2 0 0.7558811865482233 0.1077834179357022 0.0265625 0.03333333333333333
ckz6rvnb8001f386l63s6p1ys 0 0.71015625 0.6354166666666666 0.0265625 0.03333333333333333
ckz6rvpuj001h386lhrb15el1 0 0.5228568412162162 0.5968327702702703 0.0296875 0.03333333333333333
ckz6rvrjs001j386lscfviwaz 0 0.4631680253623188 0.44078099838969403 0.0265625 0.03333333333333333
ckz6rvxvs001p386l9u5f2w3s 0 0.9515625 0.4041666666666667 0.028125 0.0375
ckz6rw56s001x386l432ih3l6 0 0.932259352189781 0.9674041970802919 0.0234375 0.035416666666666666
cl4ssee0s0008356hd15z4qn8 0 0.58828125 0.11875 0.0296875 0.05
cl4ssegqi000c356hwxoota92 0 0.6015625 0.20625 0.025 0.04583333333333333
cl4uq6b5l0003356p4ou3mrfw 0 0.85625 0.22395833333333334 0.0375 0.04375
cl4uqbjp9000b356p2175vvqw 0 0.48994804308252426 0.7529859425566343 0.0421875 0.04375
cl4uqf5bj000f356p05tutl57 0 0.894140625 0.6161458333333333 0.0296875 0.03958333333333333
cl4uqu10i000j356pw85hd2yi 0 0.1419157608695652 0.9418931159420291 0.025 0.03958333333333333
cl4ur3vs8000v356pe031p1yo 0 0.48490092954990216 0.04617376060013046 0.025 0.02708333333333333
cl4uru0kq0013356pt4h9yjm1 0 0.5077079232283465 0.023679461942257216 0.0296875 0.031249999999999997
cl4urwkrx0017356pikpviaa9 0 0.35703125 0.06354166666666666 0.0234375 0.027083333333333334
cl4us8aru001l356p2sc1k1bh 0 0.9887388392857144 0.01210813492063492 0.020558035714285872 0.02181547619047619
cl53eq6de000f356i3cjd5jif 1 0.57109375 0.13333333333333333 0.0890625 0.1125
cl53eqa7m000l356ivf26125u 1 0.3203125 0.21041666666666667 0.103125 0.09583333333333334
