ckz3v9nzv00033867jsekqdcl 0 0.26484375 0.4354166666666667 0.0265625 0.0375
ckz6ru2eb0001386lefk6js4m 0 0.23828125 0.5770833333333333 0.0265625 0.0375
ckz6ru3um0003386l39xwv0yk 0 0.24202253486055775 0.85625 0.0265625 0.0375
ckz6ru5610005386l8uoys4lc 0 0.19453125 0.8458333333333333 0.0265625 0.0375
ckz6ru6of0007386lhf2t4dtw 0 0.08359375 0.80625 0.0265625 0.0375
ckz6ru83f0009386lx7517dwf 0 0.01654000486381323 0.7605139429312581 0.0265625 0.0375
ckz6ru99l000b386l18xh2byu 0 0.13515625 0.18958333333333333 0.0265625 0.0375
ckz6rub67000d386ld3mx1dyi 0 0.25651041666666663 0.21041666666666667 0.0265625 0.041666666666666664
ckz6ruchb000f386lxxpeu5na 0 0.25107421875 0.143359375 0.0265625 0.0375
ckz6rudsb000h386lkwwvc8dz 0 0.2818232913669065 0.22111061151079137 0.0265625 0.0375
ckz6ruf3e000j386lbyqpxw51 0 0.27896227589641437 0.3457586321381142 0.0265625 0.0375
ckz6rugcj000l386lzjazem8c 0 0.112890625 0.5276041666666667 0.028125 0.05
ckz6rui7o000n386lh32dwmkr 0 0.53427734375 0.9716001157407407 0.0265625 0.0375
ckz6ruj49000p386lndk3j9jv 0 0.6319319385593221 0.5936793785310734 0.0265625 0.0375
ckz6rup8s000r386lkjotnoh0 0 0.48828125 0.86875 0.0265625 0.0375
ckz6rut1n000v386l8rfix41j 0 0.8440206434081347 0.8530943197755961 0.0265625 0.0375
ckz6ruunj000x386l4qiqzsvd 0 0.8346456434081346 0.9780943197755961 0.0265625 0.0375
ckz6ruw8w000z386lc52x10qx 0 0.851570170056101 0.753114773258532 0.0265625 0.0375
ckz6ruzco0013386lo3nqjmle 0 0.828125 0.43645833333333334 0.025 0.03958333333333333
ckz6rv4et0015386le3rdpw93 0 0.8664141281512604 0.409375 0.025 0.03958333333333333
ckz6rva9o0019386ll7e0plel 0 0.6615361201298702 0.1831439393939394 0.0265625 0.03333333333333333
ckz6rvlfq001d386lt59x4kz2 0 0.7690982680722891 0.08524096385542168 0.0265625 0.03333333333333333
ckz6rvnb8001f386l63s6p1ys 0 0.71015625 0.6354166666666666 0.0265625 0.03333333333333333
ckz6rvpuj001h386lhrb15el1 0 0.5674677958015267 0.5350906488549618 0.028196564885496222 0.033333333333333395
ckz6rvrjs001j386lscfviwaz 0 0.4826392266536965 0.4061689364461738 0.0265625 0.03333333333333333
ckz6rvxvs001p386l9u5f2w3s 0 0.559375 0.54375 0.028125 0.0375
ckz6rw3in001v386l6bltg9jj 0 0.68828125 0.09375 0.0265625 0.03333333333333333
ckz6rw56s001x386l432ih3l6 0 0.9754607371794872 0.8594284188034188 0.0234375 0.035416666666666666
cl4ssee0s0008356hd15z4qn8 0 0.58828125 0.11875 0.0296875 0.05
cl4ssegqi000c356hwxoota92 0 0.6015625 0.20625 0.025 0.04583333333333333
cl4uq6b5l0003356p4ou3mrfw 0 0.85625 0.22395833333333334 0.0375 0.04375
cl4uq7un10007356p14ye3ifb 0 0.9528645833333333 0.2673611111111111 0.0328125 0.0416666666666667
cl4uqbjp9000b356p2175vvqw 0 0.49655633223684215 0.7440720942982456 0.0421875 0.04375
cl4ur3vs8000v356pe031p1yo 0 0.5040476190476191 0.024083994708994708 0.025 0.027083333333333334
cl4urtjol000z356puo72ztp3 0 0.13854166666666667 0.27569444444444446 0.028125 0.037500000000000026
cl4uru0kq0013356pt4h9yjm1 0 0.5147964015151516 0.013036616161616162 0.0296875 0.01875
cl4urwkrx0017356pikpviaa9 0 0.36766297043010754 0.023039874551971325 0.0234375 0.027083333333333334
cl4urzbou001b356p2c0bz1ci 0 0.12421875 0.011458333333333333 0.0265625 0.022916666666666665
cl53eq6de000f356i3cjd5jif 1 0.57109375 0.13333333333333333 0.0890625 0.1125
cl53eqa7m000l356ivf26125u 1 0.3203125 0.21041666666666667 0.103125 0.09583333333333334
