ckz3v9nzv00033867jsekqdcl 0 0.27376244469026545 0.4196779744346116 0.0265625 0.0375
ckz6ru2eb0001386lefk6js4m 0 0.23828125 0.5790492957746479 0.0265625 0.0375
ckz6ru3um0003386l39xwv0yk 0 0.2439517312206573 0.8536287167449139 0.0265625 0.0375
ckz6ru5610005386l8uoys4lc 0 0.19453125 0.8458333333333333 0.0265625 0.0375
ckz6ru6of0007386lhf2t4dtw 0 0.08359375 0.80625 0.0265625 0.0375
ckz6ru83f0009386lx7517dwf 0 0.027255721830985912 0.7299393583724569 0.0265625 0.0375
ckz6ru99l000b386l18xh2byu 0 0.13515625 0.18958333333333333 0.0265625 0.0375
ckz6rub67000d386ld3mx1dyi 0 0.21796875 0.15386904761904763 0.0265625 0.0375
ckz6ruchb000f386lxxpeu5na 0 0.29769531250000003 0.10437500000000001 0.0265625 0.0375
ckz6rudsb000h386lkwwvc8dz 0 0.2843356564748202 0.21776079136690646 0.0265625 0.0375
ckz6ruf3e000j386lbyqpxw51 0 0.3127017312206573 0.30845070422535215 0.0265625 0.0375
ckz6rugcj000l386lzjazem8c 0 0.38255208333333335 0.2784722222222222 0.0265625 0.04166666666666664
ckz6rui7o000n386lh32dwmkr 0 0.5760086561032864 0.885768779342723 0.0265625 0.0375
ckz6ruj49000p386lndk3j9jv 0 0.6437003251445087 0.5668954720616571 0.0265625 0.0375
ckz6rup8s000r386lkjotnoh0 0 0.48828125 0.86875 0.0265625 0.0375
ckz6rurv1000t386llsdca8lh 0 0.6846354166666667 0.7868055555555556 0.0234375 0.0375
ckz6rut1n000v386l8rfix41j 0 0.8479389463534363 0.8413394109396914 0.0265625 0.0375
ckz6ruunj000x386l4qiqzsvd 0 0.8385639463534362 0.9663394109396914 0.0265625 0.0375
ckz6ruw8w000z386lc52x10qx 0 0.8545088972650772 0.7491964703132304 0.0265625 0.0375
ckz6ruxwl0011386lwhdpziws 0 0.9861979166666666 0.8246527777777778 0.0265625 0.04375
ckz6ruzco0013386lo3nqjmle 0 0.828125 0.43645833333333334 0.025 0.03958333333333333
ckz6rv4et0015386le3rdpw93 0 0.8681748949579833 0.409375 0.025 0.03958333333333333
ckz6rv5s20017386lyas5kerj 0 0.63203125 0.146875 0.0234375 0.035416666666666666
ckz6rva9o0019386ll7e0plel 0 0.671064948156682 0.14178187403993855 0.0265625 0.03333333333333333
ckz6rvlfq001d386lt59x4kz2 0 0.7712905687660668 0.06719151670951157 0.0265625 0.033333333333333326
ckz6rvnb8001f386l63s6p1ys 0 0.7111392312206573 0.6367273082942098 0.0265625 0.03333333333333333
ckz6rvpuj001h386lhrb15el1 0 0.5904232687793427 0.4891627543035994 0.0265625 0.03333333333333333
ckz6rvrjs001j386lscfviwaz 0 0.4986392312206573 0.3876173708920188 0.0265625 0.03333333333333333
ckz6rvtvy001l386li54we947 0 0.0109375 0.578125 0.01875 0.03958333333333333
ckz6rvvx4001n386lwp0hh90g 0 0.015104166666666669 0.2359375 0.0265625 0.03333333333333333
ckz6rvxvs001p386l9u5f2w3s 0 0.178125 0.25729166666666664 0.028125 0.0375
ckz6rw3in001v386l6bltg9jj 0 0.75703125 0.6833333333333333 0.0265625 0.03333333333333333
ckz6rw56s001x386l432ih3l6 0 0.9913016183035716 0.7748604910714285 0.017396763392857117 0.034691220238095254
cl4sse7t80004356hlgz3o2fx 0 0.63671875 0.45729166666666665 0.025 0.03333333333333333
cl4ssee0s0008356hd15z4qn8 0 0.58828125 0.11875 0.0296875 0.05
cl4ssegqi000c356hwxoota92 0 0.6015625 0.20625 0.025 0.04583333333333333
cl4sseopo000g356h6ldd8ms6 0 0.26328125 0.6006944444444444 0.0359375 0.04583333333333333
cl4swkq5u0003356p8vuhc7nn 0 0.41484375 0.5270833333333333 0.0328125 0.0375
cl4uq6b5l0003356p4ou3mrfw 0 0.85625 0.22395833333333334 0.0375 0.04375
cl4uqbjp9000b356p2175vvqw 0 0.5103412828947368 0.7226288377192983 0.0421875 0.04375
cl53eq6de000f356i3cjd5jif 1 0.57109375 0.13333333333333333 0.0890625 0.1125
cl53eqa7m000l356ivf26125u 1 0.3203125 0.21041666666666667 0.103125 0.09583333333333334
