ckz3v9nzv00033867jsekqdcl 0 0.26949683370044053 0.43076358296622613 0.0265625 0.0375
ckz6ru2eb0001386lefk6js4m 0 0.23828125 0.5770833333333333 0.0265625 0.0375
ckz6ru3um0003386l39xwv0yk 0 0.2425105826693227 0.85625 0.0265625 0.0375
ckz6ru5610005386l8uoys4lc 0 0.19453125 0.8458333333333333 0.0265625 0.0375
ckz6ru6of0007386lhf2t4dtw 0 0.08359375 0.80625 0.0265625 0.0375
ckz6ru83f0009386lx7517dwf 0 0.021306541828793775 0.7454199092088197 0.0265625 0.0375
ckz6ru99l000b386l18xh2byu 0 0.13515625 0.18958333333333333 0.0265625 0.0375
ckz6rub67000d386ld3mx1dyi 0 0.22109375 0.18095238095238095 0.0265625 0.041666666666666664
ckz6ruchb000f386lxxpeu5na 0 0.2658674568965517 0.12435344827586207 0.0265625 0.0375
ckz6rudsb000h386lkwwvc8dz 0 0.2829249100719424 0.2196417865707434 0.0265625 0.0375
ckz6ruf3e000j386lbyqpxw51 0 0.2948238296812749 0.3246098937583001 0.0265625 0.0375
ckz6rugcj000l386lzjazem8c 0 0.2 0.5145833333333333 0.028125 0.04583333333333333
ckz6rui7o000n386lh32dwmkr 0 0.553150869205298 0.9336230684326712 0.0265625 0.0375
ckz6ruj49000p386lndk3j9jv 0 0.63828125 0.5758143939393939 0.0265625 0.0375
ckz6rup8s000r386lkjotnoh0 0 0.48828125 0.86875 0.0265625 0.0375
ckz6rut1n000v386l8rfix41j 0 0.8457387359747546 0.8479400420757364 0.0265625 0.0375
ckz6ruunj000x386l4qiqzsvd 0 0.8363637359747547 0.9729400420757364 0.0265625 0.0375
ckz6ruw8w000z386lc52x10qx 0 0.8528587394810658 0.7513966806919121 0.0265625 0.0375
ckz6ruzco0013386lo3nqjmle 0 0.828125 0.43645833333333334 0.025 0.03958333333333333
ckz6rv4et0015386le3rdpw93 0 0.8671861869747899 0.409375 0.025 0.03958333333333333
ckz6rva9o0019386ll7e0plel 0 0.6649765941295547 0.16765350877192983 0.0265625 0.03333333333333333
ckz6rvlfq001d386lt59x4kz2 0 0.7740179467871486 0.07540160642570282 0.0265625 0.03333333333333334
ckz6rvnb8001f386l63s6p1ys 0 0.71015625 0.6354166666666666 0.0265625 0.03333333333333333
ckz6rvpuj001h386lhrb15el1 0 0.5822585227272727 0.5109280303030304 0.0265625 0.03333333333333333
ckz6rvrjs001j386lscfviwaz 0 0.4945555690661479 0.4045800907911803 0.0265625 0.03333333333333333
ckz6rvvx4001n386lwp0hh90g 0 0.009366776315789475 0.28217105263157893 0.01873355263157895 0.033333333333333305
ckz6rvxvs001p386l9u5f2w3s 0 0.403125 0.4734375 0.028125 0.0375
ckz6rw3in001v386l6bltg9jj 0 0.7924479166666666 0.3375 0.026562499999999913 0.03333333333333333
ckz6rw56s001x386l432ih3l6 0 0.9846156881313132 0.8222958754208755 0.018079229797979934 0.035416666666666666
cl4sse7t80004356hlgz3o2fx 0 0.7872395833333334 0.8958333333333334 0.03906250000000009 0.041666666666666664
cl4ssee0s0008356hd15z4qn8 0 0.58828125 0.11875 0.0296875 0.05
cl4ssegqi000c356hwxoota92 0 0.6015625 0.20625 0.025 0.04583333333333333
cl4sseopo000g356h6ldd8ms6 0 0.11744791666666668 0.2638888888888889 0.03593750000000001 0.0458333333333333
cl4uq6b5l0003356p4ou3mrfw 0 0.85625 0.22395833333333334 0.0375 0.04375
cl4uqbjp9000b356p2175vvqw 0 0.502600740131579 0.7346696820175438 0.0421875 0.04375
cl4ur3tl4000r356p5yynq6lr 0 0.39453125 0.08159722222222224 0.0234375 0.029166666666666667
cl4ur3vs8000v356pe031p1yo 0 0.49821428571428567 0.018898809523809523 0.025 0.027083333333333334
cl4urtjol000z356puo72ztp3 0 0.3859375 0.041666666666666664 0.028125 0.0375
cl4uru0kq0013356pt4h9yjm1 0 0.5240767045454546 0.00994318181818182 0.0296875 0.01875
cl53eq6de000f356i3cjd5jif 1 0.57109375 0.13333333333333333 0.0890625 0.1125
cl53eqa7m000l356ivf26125u 1 0.3203125 0.21041666666666667 0.103125 0.09583333333333334
