ckz3v9nzv00033867jsekqdcl 0 0.2689186398678414 0.43134177679882524 0.0265625 0.0375
ckz6ru2eb0001386lefk6js4m 0 0.23828125 0.5770833333333333 0.0265625 0.0375
ckz6ru3um0003386l39xwv0yk 0 0.24245829183266934 0.85625 0.0265625 0.0375
ckz6ru5610005386l8uoys4lc 0 0.19453125 0.8458333333333333 0.0265625 0.0375
ckz6ru6of0007386lhf2t4dtw 0 0.08359375 0.80625 0.0265625 0.0375
ckz6ru83f0009386lx7517dwf 0 0.02079584143968872 0.7470371271076525 0.0265625 0.0375
ckz6ru99l000b386l18xh2byu 0 0.13515625 0.18958333333333333 0.0265625 0.0375
ckz6rub67000d386ld3mx1dyi 0 0.22377232142857145 0.17916666666666667 0.0265625 0.041666666666666664
ckz6ruchb000f386lxxpeu5na 0 0.2638916015625 0.12626953125 0.0265625 0.0375
ckz6rudsb000h386lkwwvc8dz 0 0.2828068794964029 0.21979916067146282 0.0265625 0.0375
ckz6ruf3e000j386lbyqpxw51 0 0.29312437749003983 0.32687583001328024 0.0265625 0.0375
ckz6rugcj000l386lzjazem8c 0 0.20703125 0.5197916666666667 0.028125 0.04583333333333333
ckz6rui7o000n386lh32dwmkr 0 0.5511951572847682 0.9379690949227373 0.0265625 0.0375
ckz6ruj49000p386lndk3j9jv 0 0.63828125 0.5770075757575757 0.0265625 0.0375
ckz6rup8s000r386lkjotnoh0 0 0.48828125 0.86875 0.0265625 0.0375
ckz6rut1n000v386l8rfix41j 0 0.845554654628331 0.848492286115007 0.0265625 0.0375
ckz6ruunj000x386l4qiqzsvd 0 0.836179654628331 0.973492286115007 0.0265625 0.0375
ckz6ruw8w000z386lc52x10qx 0 0.8527206784712483 0.7515807620383357 0.0265625 0.0375
ckz6ruzco0013386lo3nqjmle 0 0.828125 0.43645833333333334 0.025 0.03958333333333333
ckz6rv4et0015386le3rdpw93 0 0.8671034663865547 0.409375 0.025 0.03958333333333333
ckz6rva9o0019386ll7e0plel 0 0.664445217611336 0.1699561403508772 0.0265625 0.03333333333333333
ckz6rvlfq001d386lt59x4kz2 0 0.7734908383534137 0.07645582329317269 0.0265625 0.033333333333333326
ckz6rvnb8001f386l63s6p1ys 0 0.71015625 0.6354166666666666 0.0265625 0.03333333333333333
ckz6rvpuj001h386lhrb15el1 0 0.5810653409090909 0.5137121212121213 0.0265625 0.03333333333333333
ckz6rvrjs001j386lscfviwaz 0 0.49327881809338525 0.4047503242542153 0.0265625 0.03333333333333333
ckz6rvvx4001n386lwp0hh90g 0 0.008157894736842105 0.2863157894736842 0.01631578947368421 0.03333333333333333
ckz6rvxvs001p386l9u5f2w3s 0 0.4036458333333333 0.46944444444444444 0.028124999999999956 0.0375
ckz6rw3in001v386l6bltg9jj 0 0.78671875 0.2916666666666667 0.0265625 0.03333333333333333
ckz6rw56s001x386l432ih3l6 0 0.983041351010101 0.8267150673400674 0.019239267676767646 0.035416666666666666
cl4sse7t80004356hlgz3o2fx 0 0.79140625 0.9291666666666667 0.0328125 0.041666666666666664
cl4ssee0s0008356hd15z4qn8 0 0.58828125 0.11875 0.0296875 0.05
cl4ssegqi000c356hwxoota92 0 0.6015625 0.20625 0.025 0.04583333333333333
cl4sseopo000g356h6ldd8ms6 0 0.10286458333333333 0.2569444444444445 0.03593749999999999 0.045833333333333365
cl4uq6b5l0003356p4ou3mrfw 0 0.85625 0.22395833333333334 0.0375 0.04375
cl4uqbjp9000b356p2175vvqw 0 0.501953125 0.7356770833333334 0.0421875 0.04375
cl4ur3tl4000r356p5yynq6lr 0 0.4184895833333333 0.05972222222222222 0.0234375 0.02916666666666666
cl4ur3vs8000v356pe031p1yo 0 0.4988392857142857 0.01945436507936508 0.025 0.027083333333333334
cl4urtjol000z356puo72ztp3 0 0.3578125 0.06666666666666667 0.028125 0.0375
cl4uru0kq0013356pt4h9yjm1 0 0.5230823863636364 0.010274621212121212 0.0296875 0.01875
cl4urwkrx0017356pikpviaa9 0 0.3650669642857143 0.010416666666666666 0.0234375 0.020833333333333332
cl53eq6de000f356i3cjd5jif 1 0.57109375 0.13333333333333333 0.0890625 0.1125
cl53eqa7m000l356ivf26125u 1 0.3203125 0.21041666666666667 0.103125 0.09583333333333334
