ckz3v9nzv00033867jsekqdcl 0 0.26484375 0.4354166666666667 0.0265625 0.0375
ckz6ru2eb0001386lefk6js4m 0 0.23828125 0.5770833333333333 0.0265625 0.0375
ckz6ru3um0003386l39xwv0yk 0 0.24103647908366535 0.85625 0.0265625 0.0375
ckz6ru5610005386l8uoys4lc 0 0.19453125 0.8458333333333333 0.0265625 0.0375
ckz6ru6of0007386lhf2t4dtw 0 0.08359375 0.80625 0.0265625 0.0375
ckz6ru83f0009386lx7517dwf 0 0.0056640625 0.8044270833333333 0.011328125 0.0328125
ckz6ru99l000b386l18xh2byu 0 0.13515625 0.18958333333333333 0.0265625 0.0375
ckz6rub67000d386ld3mx1dyi 0 0.31169133771929824 0.22086988304093566 0.0265625 0.041666666666666664
ckz6ruchb000f386lxxpeu5na 0 0.23926041666666667 0.17186666666666667 0.0265625 0.0375
ckz6rudsb000h386lkwwvc8dz 0 0.27491034836065575 0.23456284153005463 0.0265625 0.0375
ckz6ruf3e000j386lbyqpxw51 0 0.24317141736401676 0.37411959553695956 0.0265625 0.0375
ckz6rui7o000n386lh32dwmkr 0 0.537153413250366 0.9776628843338213 0.0265625 0.0375
ckz6ruj49000p386lndk3j9jv 0 0.6299314591078067 0.6087670384138786 0.0265625 0.0375
ckz6rup8s000r386lkjotnoh0 0 0.48828125 0.86875 0.0265625 0.0375
ckz6rut1n000v386l8rfix41j 0 0.84296875 0.85625 0.0265625 0.0375
ckz6ruunj000x386l4qiqzsvd 0 0.83359375 0.98125 0.0265625 0.0375
ckz6ruw8w000z386lc52x10qx 0 0.8436465992647058 0.7541666666666667 0.0265625 0.0375
ckz6ruzco0013386lo3nqjmle 0 0.828125 0.43645833333333334 0.025 0.03958333333333333
ckz6rv4et0015386le3rdpw93 0 0.8648542542016807 0.409375 0.025 0.03958333333333333
ckz6rva9o0019386ll7e0plel 0 0.637171875 0.23345833333333335 0.0265625 0.03333333333333333
ckz6rvlfq001d386lt59x4kz2 0 0.7584827093908629 0.10431472081218275 0.0265625 0.03333333333333333
ckz6rvnb8001f386l63s6p1ys 0 0.71015625 0.6354166666666666 0.0265625 0.03333333333333333
ckz6rvpuj001h386lhrb15el1 0 0.5289168074324324 0.5910613738738739 0.0296875 0.03333333333333333
ckz6rvrjs001j386lscfviwaz 0 0.46525135869565215 0.43278985507246376 0.0265625 0.03333333333333333
ckz6rvxvs001p386l9u5f2w3s 0 0.8671875 0.4034722222222222 0.028125 0.0375
ckz6rw56s001x386l432ih3l6 0 0.9413344109195402 0.951640325670498 0.0234375 0.035416666666666666
cl4ssee0s0008356hd15z4qn8 0 0.58828125 0.11875 0.0296875 0.05
cl4ssegqi000c356hwxoota92 0 0.6015625 0.20625 0.025 0.04583333333333333
cl4uq6b5l0003356p4ou3mrfw 0 0.85625 0.22395833333333334 0.0375 0.04375
cl4uqbjp9000b356p2175vvqw 0 0.49103648361650487 0.7515346885113269 0.0421875 0.04375
cl4uqf5bj000f356p05tutl57 0 0.92265625 0.5197916666666667 0.0296875 0.03958333333333333
cl4uqu10i000j356pw85hd2yi 0 0.14524147727272727 0.9758522727272728 0.0203125 0.03125
cl4ur3vs8000v356pe031p1yo 0 0.4856531311154598 0.04517082517938682 0.025 0.02708333333333333
cl4uru0kq0013356pt4h9yjm1 0 0.5072034940944882 0.022334317585301838 0.0296875 0.03125
cl4urwkrx0017356pikpviaa9 0 0.35834845430107526 0.05852374551971327 0.0234375 0.02708333333333334
cl53eq6de000f356i3cjd5jif 1 0.57109375 0.13333333333333333 0.0890625 0.1125
cl53eqa7m000l356ivf26125u 1 0.3203125 0.21041666666666667 0.103125 0.09583333333333334
