ckz3v9nzv00033867jsekqdcl 0 0.2745506084070796 0.4168756145526057 0.0265625 0.0375
ckz6ru2eb0001386lefk6js4m 0 0.23828125 0.5807218309859155 0.0265625 0.0375
ckz6ru3um0003386l39xwv0yk 0 0.2447879988262911 0.8513986697965571 0.0265625 0.0375
ckz6ru5610005386l8uoys4lc 0 0.19453125 0.8458333333333333 0.0265625 0.0375
ckz6ru6of0007386lhf2t4dtw 0 0.08359375 0.80625 0.0265625 0.0375
ckz6ru83f0009386lx7517dwf 0 0.028510123239436618 0.7288243348982786 0.0265625 0.0375
ckz6ru99l000b386l18xh2byu 0 0.13515625 0.18958333333333333 0.0265625 0.0375
ckz6rub67000d386ld3mx1dyi 0 0.20101799242424243 0.14160353535353534 0.0265625 0.0375
ckz6ruchb000f386lxxpeu5na 0 0.304375 0.10041666666666667 0.0265625 0.0375
ckz6rudsb000h386lkwwvc8dz 0 0.2846560251798561 0.21733363309352519 0.0265625 0.0375
ckz6ruf3e000j386lbyqpxw51 0 0.3135379988262911 0.30677816901408456 0.0265625 0.0375
ckz6rugcj000l386lzjazem8c 0 0.3984375 0.19479166666666667 0.0265625 0.041666666666666664
ckz6rui7o000n386lh32dwmkr 0 0.5801899941314554 0.8807511737089201 0.0265625 0.0375
ckz6ruj49000p386lndk3j9jv 0 0.6452447615606937 0.5651794315992293 0.0265625 0.0375
ckz6rup8s000r386lkjotnoh0 0 0.48828125 0.86875 0.0265625 0.0375
ckz6rurv1000t386llsdca8lh 0 0.5859375 0.828125 0.0265625 0.0375
ckz6rut1n000v386l8rfix41j 0 0.8484385957223001 0.8398404628330997 0.0265625 0.0375
ckz6ruunj000x386l4qiqzsvd 0 0.8390635957223 0.9648404628330997 0.0265625 0.0375
ckz6ruw8w000z386lc52x10qx 0 0.8548836342917252 0.7486968209443666 0.0265625 0.0375
ckz6ruxwl0011386lwhdpziws 0 0.94296875 0.759375 0.0265625 0.04375
ckz6ruzco0013386lo3nqjmle 0 0.828125 0.43645833333333334 0.025 0.03958333333333333
ckz6rv4et0015386le3rdpw93 0 0.8683994222689077 0.409375 0.025 0.03958333333333333
ckz6rv5s20017386lyas5kerj 0 0.666015625 0.14427083333333332 0.0234375 0.035416666666666666
ckz6rva9o0019386ll7e0plel 0 0.6722962269585253 0.13685675883256526 0.0265625 0.03333333333333332
ckz6rvlfq001d386lt59x4kz2 0 0.7706037114395887 0.0653598971722365 0.0265625 0.03333333333333333
ckz6rvnb8001f386l63s6p1ys 0 0.7119754988262911 0.6378423317683881 0.0265625 0.03333333333333333
ckz6rvpuj001h386lhrb15el1 0 0.5895870011737089 0.48526017214397493 0.0265625 0.03333333333333333
ckz6rvrjs001j386lscfviwaz 0 0.4994754988262911 0.3859448356807512 0.0265625 0.03333333333333333
ckz6rvtvy001l386li54we947 0 0.0875 0.4875 0.0296875 0.0375
ckz6rvvx4001n386lwp0hh90g 0 0.016959635416666667 0.2248046875 0.0265625 0.03333333333333333
ckz6rvxvs001p386l9u5f2w3s 0 0.128125 0.2604166666666667 0.028125 0.0375
ckz6rw3in001v386l6bltg9jj 0 0.7453125 0.7645833333333333 0.0265625 0.03333333333333333
ckz6rw56s001x386l432ih3l6 0 0.9895124162946429 0.7724748883928572 0.020975167410714236 0.034161086309523844
cl4sse7t80004356hlgz3o2fx 0 0.6203125 0.346875 0.025 0.035416666666666666
cl4ssee0s0008356hd15z4qn8 0 0.58828125 0.11875 0.0296875 0.05
cl4ssegqi000c356hwxoota92 0 0.6015625 0.20625 0.025 0.04583333333333333
cl4sseopo000g356h6ldd8ms6 0 0.325 0.6567708333333333 0.0390625 0.041666666666666664
cl4swkq5u0003356p8vuhc7nn 0 0.59609375 0.5947916666666667 0.028125 0.035416666666666666
cl4uq6b5l0003356p4ou3mrfw 0 0.85625 0.22395833333333334 0.0375 0.04375
cl4uqbjp9000b356p2175vvqw 0 0.5120990953947369 0.7198944627192982 0.0421875 0.04375
