ckz3v9nzv00033867jsekqdcl 0 0.2680651156387665 0.43219530102790016 0.0265625 0.0375
ckz6ru2eb0001386lefk6js4m 0 0.23828125 0.5770833333333333 0.0265625 0.0375
ckz6ru3um0003386l39xwv0yk 0 0.2423811005976096 0.85625 0.0265625 0.0375
ckz6ru5610005386l8uoys4lc 0 0.19453125 0.8458333333333333 0.0265625 0.0375
ckz6ru6of0007386lhf2t4dtw 0 0.08359375 0.80625 0.0265625 0.0375
ckz6ru83f0009386lx7517dwf 0 0.020041950389105057 0.749424448767834 0.0265625 0.0375
ckz6ru99l000b386l18xh2byu 0 0.13515625 0.18958333333333333 0.0265625 0.0375
ckz6rub67000d386ld3mx1dyi 0 0.22703125000000002 0.185 0.0265625 0.041666666666666664
ckz6ruchb000f386lxxpeu5na 0 0.26162109375 0.129296875 0.0265625 0.0375
ckz6rudsb000h386lkwwvc8dz 0 0.28263264388489207 0.22003147482014387 0.0265625 0.0375
ckz6ruf3e000j386lbyqpxw51 0 0.2906156623505976 0.33022078353253653 0.0265625 0.0375
ckz6rugcj000l386lzjazem8c 0 0.16875 0.5229166666666667 0.028125 0.04583333333333333
ckz6rui7o000n386lh32dwmkr 0 0.54830815397351 0.9443846578366446 0.0265625 0.0375
ckz6ruj49000p386lndk3j9jv 0 0.63828125 0.5787689393939394 0.0265625 0.0375
ckz6rup8s000r386lkjotnoh0 0 0.48828125 0.86875 0.0265625 0.0375
ckz6rut1n000v386l8rfix41j 0 0.8452829154978962 0.8493075035063113 0.0265625 0.0375
ckz6ruunj000x386l4qiqzsvd 0 0.8359079154978962 0.9743075035063113 0.0265625 0.0375
ckz6ruw8w000z386lc52x10qx 0 0.8525168741234221 0.7518525011687704 0.0265625 0.0375
ckz6ruzco0013386lo3nqjmle 0 0.828125 0.43645833333333334 0.025 0.03958333333333333
ckz6rv4et0015386le3rdpw93 0 0.8669813550420168 0.409375 0.025 0.03958333333333333
ckz6rva9o0019386ll7e0plel 0 0.6636608046558704 0.17335526315789476 0.0265625 0.03333333333333333
ckz6rvlfq001d386lt59x4kz2 0 0.7727127259036145 0.07801204819277108 0.0265625 0.033333333333333326
ckz6rvnb8001f386l63s6p1ys 0 0.71015625 0.6354166666666666 0.0265625 0.03333333333333333
ckz6rvpuj001h386lhrb15el1 0 0.5793039772727273 0.5178219696969697 0.0265625 0.03333333333333333
ckz6rvrjs001j386lscfviwaz 0 0.49139409046692606 0.40500162127107653 0.0265625 0.03333333333333333
ckz6rvvx4001n386lwp0hh90g 0 0.0078125 0.2875 0.015625 0.03333333333333333
ckz6rvxvs001p386l9u5f2w3s 0 0.43203125 0.42916666666666664 0.028125 0.0375
ckz6rw3in001v386l6bltg9jj 0 0.7533854166666667 0.2520833333333333 0.0265625 0.03333333333333333
ckz6rw56s001x386l432ih3l6 0 0.9807173295454547 0.8332386363636364 0.020951704545454496 0.035416666666666666
cl4sse7t80004356hlgz3o2fx 0 0.80546875 0.9770833333333333 0.0328125 0.041666666666666664
cl4ssee0s0008356hd15z4qn8 0 0.58828125 0.11875 0.0296875 0.05
cl4ssegqi000c356hwxoota92 0 0.6015625 0.20625 0.025 0.04583333333333333
cl4sseopo000g356h6ldd8ms6 0 0.08515625 0.18472222222222223 0.0359375 0.04583333333333333
cl4uq6b5l0003356p4ou3mrfw 0 0.85625 0.22395833333333334 0.0375 0.04375
cl4uqbjp9000b356p2175vvqw 0 0.5009971217105262 0.7371641995614036 0.0421875 0.04375
cl4ur3vs8000v356pe031p1yo 0 0.49976190476190474 0.020274470899470896 0.025 0.027083333333333334
cl4urtjol000z356puo72ztp3 0 0.31540178571428573 0.1169642857142857 0.028125 0.037499999999999985
cl4uru0kq0013356pt4h9yjm1 0 0.5216145833333333 0.010763888888888887 0.0296875 0.01875
cl4urwkrx0017356pikpviaa9 0 0.37381696428571426 0.011153273809523807 0.0234375 0.021235119047619048
cl53eq6de000f356i3cjd5jif 1 0.57109375 0.13333333333333333 0.0890625 0.1125
cl53eqa7m000l356ivf26125u 1 0.3203125 0.21041666666666667 0.103125 0.09583333333333334
