ckz3v9nzv00033867jsekqdcl 0 0.273914546460177 0.41913716814159296 0.0265625 0.0375
ckz6ru2eb0001386lefk6js4m 0 0.23828125 0.5793720657276995 0.0265625 0.0375
ckz6ru3um0003386l39xwv0yk 0 0.2441131161971831 0.8531983568075118 0.0265625 0.0375
ckz6ru5610005386l8uoys4lc 0 0.19453125 0.8458333333333333 0.0265625 0.0375
ckz6ru6of0007386lhf2t4dtw 0 0.08359375 0.80625 0.0265625 0.0375
ckz6ru83f0009386lx7517dwf 0 0.02749779929577465 0.7297241784037559 0.0265625 0.0375
ckz6ru99l000b386l18xh2byu 0 0.13515625 0.18958333333333333 0.0265625 0.0375
ckz6rub67000d386ld3mx1dyi 0 0.21223958333333334 0.15277777777777776 0.026562500000000024 0.0375
ckz6ruchb000f386lxxpeu5na 0 0.29898437499999997 0.10361111111111111 0.0265625 0.0375
ckz6rudsb000h386lkwwvc8dz 0 0.2843974820143885 0.2176783573141487 0.0265625 0.0375
ckz6ruf3e000j386lbyqpxw51 0 0.3128631161971831 0.30812793427230045 0.0265625 0.0375
ckz6rugcj000l386lzjazem8c 0 0.36171875 0.26666666666666666 0.0265625 0.041666666666666664
ckz6rui7o000n386lh32dwmkr 0 0.5768155809859155 0.8848004694835682 0.0265625 0.0375
ckz6ruj49000p386lndk3j9jv 0 0.6439983742774567 0.5665643063583815 0.0265625 0.0375
ckz6rup8s000r386lkjotnoh0 0 0.48828125 0.86875 0.0265625 0.0375
ckz6rurv1000t386llsdca8lh 0 0.6846354166666667 0.8173611111111111 0.0234375 0.0375
ckz6rut1n000v386l8rfix41j 0 0.8480353699158485 0.8410501402524544 0.0265625 0.0375
ckz6ruunj000x386l4qiqzsvd 0 0.8386603699158485 0.9660501402524544 0.0265625 0.0375
ckz6ruw8w000z386lc52x10qx 0 0.8545812149368863 0.7491000467508182 0.0265625 0.0375
ckz6ruxwl0011386lwhdpziws 0 0.96796875 0.8135416666666667 0.0265625 0.04375
ckz6ruzco0013386lo3nqjmle 0 0.828125 0.43645833333333334 0.025 0.03958333333333333
ckz6rv4et0015386le3rdpw93 0 0.868218224789916 0.409375 0.025 0.03958333333333333
ckz6rv5s20017386lyas5kerj 0 0.63328125 0.16437500000000002 0.0234375 0.035416666666666666
ckz6rva9o0019386ll7e0plel 0 0.6713025633640554 0.14083141321044546 0.0265625 0.03333333333333333
ckz6rvlfq001d386lt59x4kz2 0 0.771158017352185 0.06683804627249357 0.0265625 0.033333333333333326
ckz6rvnb8001f386l63s6p1ys 0 0.7113006161971831 0.6369424882629108 0.0265625 0.03333333333333333
ckz6rvpuj001h386lhrb15el1 0 0.5902618838028169 0.48840962441314556 0.0265625 0.03333333333333333
ckz6rvrjs001j386lscfviwaz 0 0.4988006161971831 0.3872946009389671 0.0265625 0.03333333333333333
ckz6rvtvy001l386li54we947 0 0.009375 0.521875 0.015625 0.03958333333333333
ckz6rvvx4001n386lwp0hh90g 0 0.015462239583333332 0.2337890625 0.0265625 0.03333333333333333
ckz6rvxvs001p386l9u5f2w3s 0 0.166015625 0.26614583333333336 0.028125 0.0375
ckz6rw3in001v386l6bltg9jj 0 0.76640625 0.7052083333333333 0.0265625 0.03333333333333333
ckz6rw56s001x386l432ih3l6 0 0.9909563337053571 0.7744001116071428 0.018087332589285764 0.034588913690476154
cl4sse7t80004356hlgz3o2fx 0 0.6296875 0.45229166666666665 0.025 0.033749999999999974
cl4ssee0s0008356hd15z4qn8 0 0.58828125 0.11875 0.0296875 0.05
cl4ssegqi000c356hwxoota92 0 0.6015625 0.20625 0.025 0.04583333333333333
cl4sseopo000g356h6ldd8ms6 0 0.28828125 0.5770833333333333 0.0359375 0.04583333333333333
cl4swkq5u0003356p8vuhc7nn 0 0.45546875 0.5541666666666667 0.0328125 0.0375
cl4uq6b5l0003356p4ou3mrfw 0 0.85625 0.22395833333333334 0.0375 0.04375
cl4uqbjp9000b356p2175vvqw 0 0.5106805098684211 0.7221011513157894 0.0421875 0.04375
cl53eq6de000f356i3cjd5jif 1 0.57109375 0.13333333333333333 0.0890625 0.1125
cl53eqa7m000l356ivf26125u 1 0.3203125 0.21041666666666667 0.103125 0.09583333333333334
