ckz3v9nzv00033867jsekqdcl 0 0.26999242841409693 0.4302679882525698 0.0265625 0.0375
ckz6ru2eb0001386lefk6js4m 0 0.23828125 0.5770833333333333 0.0265625 0.0375
ckz6ru3um0003386l39xwv0yk 0 0.24255540338645418 0.85625 0.0265625 0.0375
ckz6ru5610005386l8uoys4lc 0 0.19453125 0.8458333333333333 0.0265625 0.0375
ckz6ru6of0007386lhf2t4dtw 0 0.08359375 0.80625 0.0265625 0.0375
ckz6ru83f0009386lx7517dwf 0 0.021744285019455255 0.7440337224383917 0.0265625 0.0375
ckz6ru99l000b386l18xh2byu 0 0.13515625 0.18958333333333333 0.0265625 0.0375
ckz6rub67000d386ld3mx1dyi 0 0.22109375 0.17916666666666667 0.0265625 0.041666666666666664
ckz6ruchb000f386lxxpeu5na 0 0.2681707974137931 0.12289870689655172 0.0265625 0.0375
ckz6rudsb000h386lkwwvc8dz 0 0.28302607913669064 0.21950689448441246 0.0265625 0.0375
ckz6ruf3e000j386lbyqpxw51 0 0.2962805029880478 0.32266766268260294 0.0265625 0.0375
ckz6rugcj000l386lzjazem8c 0 0.19739583333333335 0.4791666666666667 0.02812500000000002 0.04583333333333333
ckz6rui7o000n386lh32dwmkr 0 0.5548271937086093 0.9298979028697573 0.0265625 0.0375
ckz6ruj49000p386lndk3j9jv 0 0.63828125 0.5747916666666666 0.0265625 0.0375
ckz6rup8s000r386lkjotnoh0 0 0.48828125 0.86875 0.0265625 0.0375
ckz6rut1n000v386l8rfix41j 0 0.8458965199859747 0.8474666900420758 0.0265625 0.0375
ckz6ruunj000x386l4qiqzsvd 0 0.8365215199859748 0.9724666900420758 0.0265625 0.0375
ckz6ruw8w000z386lc52x10qx 0 0.852977077489481 0.7512388966806919 0.0265625 0.0375
ckz6ruzco0013386lo3nqjmle 0 0.828125 0.43645833333333334 0.025 0.03958333333333333
ckz6rv4et0015386le3rdpw93 0 0.8672570903361345 0.409375 0.025 0.03958333333333333
ckz6rva9o0019386ll7e0plel 0 0.6654320597165991 0.1656798245614035 0.0265625 0.03333333333333333
ckz6rvlfq001d386lt59x4kz2 0 0.7740982487146529 0.07467866323907456 0.0265625 0.03333333333333334
ckz6rvnb8001f386l63s6p1ys 0 0.71015625 0.6354166666666666 0.0265625 0.03333333333333333
ckz6rvpuj001h386lhrb15el1 0 0.58328125 0.5085416666666667 0.0265625 0.03333333333333333
ckz6rvrjs001j386lscfviwaz 0 0.4956499270428016 0.40443417639429313 0.0265625 0.03333333333333333
ckz6rvvx4001n386lwp0hh90g 0 0.010402960526315789 0.27861842105263157 0.020805921052631578 0.03333333333333333
ckz6rvxvs001p386l9u5f2w3s 0 0.3848958333333333 0.4340277777777778 0.028125 0.0375
ckz6rw3in001v386l6bltg9jj 0 0.7921875 0.3770833333333333 0.0265625 0.03333333333333333
ckz6rw56s001x386l432ih3l6 0 0.985965119949495 0.8185079966329967 0.017084911616161592 0.035416666666666666
cl4sse7t80004356hlgz3o2fx 0 0.75625 0.8635416666666667 0.0296875 0.041666666666666664
cl4ssee0s0008356hd15z4qn8 0 0.58828125 0.11875 0.0296875 0.05
cl4ssegqi000c356hwxoota92 0 0.6015625 0.20625 0.025 0.04583333333333333
cl4sseopo000g356h6ldd8ms6 0 0.1515625 0.2833333333333333 0.0359375 0.04583333333333333
cl4uq6b5l0003356p4ou3mrfw 0 0.85625 0.22395833333333334 0.0375 0.04375
cl4uqbjp9000b356p2175vvqw 0 0.5031558388157895 0.7338061951754385 0.0421875 0.04375
cl4ur3tl4000r356p5yynq6lr 0 0.35703125 0.09375 0.0234375 0.029166666666666667
cl4ur3vs8000v356pe031p1yo 0 0.49767857142857147 0.01842261904761905 0.025 0.027083333333333334
cl4urtjol000z356puo72ztp3 0 0.43828125 0.0275 0.0296875 0.029166666666666667
cl4uru0kq0013356pt4h9yjm1 0 0.5249289772727272 0.00965909090909091 0.0296875 0.01875
cl53eq6de000f356i3cjd5jif 1 0.57109375 0.13333333333333333 0.0890625 0.1125
cl53eqa7m000l356ivf26125u 1 0.3203125 0.21041666666666667 0.103125 0.09583333333333334
