ckz3v9nzv00033867jsekqdcl 0 0.2757259402654867 0.412696656833825 0.0265625 0.0375
ckz6ru2eb0001386lefk6js4m 0 0.23828125 0.5832159624413146 0.0265625 0.0375
ckz6ru3um0003386l39xwv0yk 0 0.2460350645539906 0.8480731611893584 0.0265625 0.0375
ckz6ru5610005386l8uoys4lc 0 0.19453125 0.8458333333333333 0.0265625 0.0375
ckz6ru6of0007386lhf2t4dtw 0 0.08359375 0.80625 0.0265625 0.0375
ckz6ru83f0009386lx7517dwf 0 0.03038072183098591 0.7271615805946792 0.0265625 0.0375
ckz6ru99l000b386l18xh2byu 0 0.13515625 0.18958333333333333 0.0265625 0.0375
ckz6rub67000d386ld3mx1dyi 0 0.19053819444444448 0.10393518518518517 0.026562500000000024 0.0375
ckz6ruchb000f386lxxpeu5na 0 0.31437205188679246 0.09406446540880503 0.0265625 0.0375
ckz6rudsb000h386lkwwvc8dz 0 0.2851337679856115 0.21669664268585132 0.0265625 0.0375
ckz6ruf3e000j386lbyqpxw51 0 0.3147850645539906 0.30428403755868544 0.0265625 0.0375
ckz6rugcj000l386lzjazem8c 0 0.46453125 0.10541666666666667 0.0265625 0.0375
ckz6rui7o000n386lh32dwmkr 0 0.5864253227699531 0.8732687793427231 0.0265625 0.0375
ckz6ruj49000p386lndk3j9jv 0 0.6475478684971099 0.5626204238921002 0.0265625 0.0375
ckz6rup8s000r386lkjotnoh0 0 0.48828125 0.86875 0.0265625 0.0375
ckz6rurv1000t386llsdca8lh 0 0.4265625 0.7510416666666667 0.0265625 0.0375
ckz6rut1n000v386l8rfix41j 0 0.8491836868863955 0.8376051893408134 0.0265625 0.0375
ckz6ruunj000x386l4qiqzsvd 0 0.8398086868863954 0.9626051893408134 0.0265625 0.0375
ckz6ruw8w000z386lc52x10qx 0 0.8554424526647967 0.7479517297802711 0.0265625 0.0375
ckz6ruxwl0011386lwhdpziws 0 0.87734375 0.6208333333333333 0.0265625 0.0375
ckz6ruzco0013386lo3nqjmle 0 0.828125 0.43645833333333334 0.025 0.03958333333333333
ckz6rv4et0015386le3rdpw93 0 0.868734243697479 0.409375 0.025 0.03958333333333333
ckz6rv5s20017386lyas5kerj 0 0.67265625 0.19583333333333333 0.0234375 0.03333333333333333
ckz6rva9o0019386ll7e0plel 0 0.6741323444700461 0.12951228878648233 0.0265625 0.03333333333333332
ckz6rvjnr001b386l6bprt2rz 0 0.72421875 0.11964285714285715 0.0265625 0.03333333333333333
ckz6rvlfq001d386lt59x4kz2 0 0.7695794505141389 0.06262853470437019 0.0265625 0.03333333333333333
ckz6rvnb8001f386l63s6p1ys 0 0.7132225645539906 0.6395050860719874 0.0265625 0.03333333333333333
ckz6rvpuj001h386lhrb15el1 0 0.5883399354460094 0.47944053208137716 0.0265625 0.03333333333333333
ckz6rvrjs001j386lscfviwaz 0 0.5007225645539906 0.38345070422535216 0.0265625 0.03333333333333333
ckz6rvtvy001l386li54we947 0 0.20598958333333334 0.6479166666666667 0.026562500000000024 0.03333333333333333
ckz6rvvx4001n386lwp0hh90g 0 0.01505926724137931 0.21487068965517242 0.0265625 0.03333333333333333
ckz6rvxvs001p386l9u5f2w3s 0 0.03046875 0.20520833333333333 0.0265625 0.03333333333333333
ckz6rvzvz001r386lcw1fqa7h 0 0.7450520833333333 0.9645833333333333 0.0265625 0.03333333333333333
ckz6rw1y9001t386ll8rr5ixq 0 0.6859375 0.95625 0.0265625 0.03333333333333333
ckz6rw3in001v386l6bltg9jj 0 0.73359375 0.8583333333333333 0.0265625 0.03333333333333333
ckz6rw56s001x386l432ih3l6 0 0.9868443080357142 0.7689174107142857 0.026311383928571352 0.03337053571428576
cl4sse7t80004356hlgz3o2fx 0 0.5612847222222223 0.21238425925925924 0.025 0.035416666666666666
cl4ssee0s0008356hd15z4qn8 0 0.58828125 0.11875 0.0296875 0.05
cl4ssegqi000c356hwxoota92 0 0.6015625 0.20625 0.025 0.04583333333333333
cl4sseopo000g356h6ldd8ms6 0 0.39921875 0.778125 0.0328125 0.035416666666666666
cl4swkq5u0003356p8vuhc7nn 0 0.815625 0.7083333333333334 0.028125 0.03333333333333333
cl4uq6b5l0003356p4ou3mrfw 0 0.85625 0.22395833333333334 0.0375 0.04375
cl4uqbjp9000b356p2175vvqw 0 0.5147203947368422 0.7158168859649123 0.0421875 0.04375
