ckz3v9nzv00033867jsekqdcl 0 0.26484375 0.4354166666666667 0.0265625 0.0375
ckz6ru2eb0001386lefk6js4m 0 0.23828125 0.5770833333333333 0.0265625 0.0375
ckz6ru3um0003386l39xwv0yk 0 0.2412132719123506 0.85625 0.0265625 0.0375
ckz6ru5610005386l8uoys4lc 0 0.19453125 0.8458333333333333 0.0265625 0.0375
ckz6ru6of0007386lhf2t4dtw 0 0.08359375 0.80625 0.0265625 0.0375
ckz6ru83f0009386lx7517dwf 0 0.005916193181818181 0.7966950757575757 0.011832386363636363 0.03214015151515153
ckz6ru99l000b386l18xh2byu 0 0.13515625 0.18958333333333333 0.0265625 0.0375
ckz6rub67000d386ld3mx1dyi 0 0.31546875 0.22791666666666668 0.0265625 0.041666666666666664
ckz6ruchb000f386lxxpeu5na 0 0.2407395833333333 0.16713333333333333 0.0265625 0.0375
ckz6rudsb000h386lkwwvc8dz 0 0.2774564549180328 0.22922814207650272 0.0265625 0.0375
ckz6ruf3e000j386lbyqpxw51 0 0.24827732740585776 0.3710251046025104 0.0265625 0.0375
ckz6rui7o000n386lh32dwmkr 0 0.5365037060761347 0.9767966081015129 0.0265625 0.0375
ckz6ruj49000p386lndk3j9jv 0 0.6293128485130112 0.6076672862453532 0.0265625 0.0375
ckz6rup8s000r386lkjotnoh0 0 0.48828125 0.86875 0.0265625 0.0375
ckz6rut1n000v386l8rfix41j 0 0.84296875 0.85625 0.0265625 0.0375
ckz6ruunj000x386l4qiqzsvd 0 0.83359375 0.98125 0.0265625 0.0375
ckz6ruw8w000z386lc52x10qx 0 0.8454819623161764 0.7541666666666667 0.0265625 0.0375
ckz6ruzco0013386lo3nqjmle 0 0.828125 0.43645833333333334 0.025 0.03958333333333333
ckz6rv4et0015386le3rdpw93 0 0.8651339285714286 0.409375 0.025 0.03958333333333333
ckz6rva9o0019386ll7e0plel 0 0.6441120426829269 0.22911585365853657 0.0265625 0.03333333333333333
ckz6rvlfq001d386lt59x4kz2 0 0.7607352474619289 0.10131133671742809 0.0265625 0.03333333333333333
ckz6rvnb8001f386l63s6p1ys 0 0.71015625 0.6354166666666666 0.0265625 0.03333333333333333
ckz6rvpuj001h386lhrb15el1 0 0.5368463010204081 0.5839143990929705 0.0296875 0.03333333333333333
ckz6rvrjs001j386lscfviwaz 0 0.4688688858695652 0.42796648550724636 0.0265625 0.03333333333333333
ckz6rvxvs001p386l9u5f2w3s 0 0.803125 0.41291666666666665 0.028125 0.0375
ckz6rw56s001x386l432ih3l6 0 0.9477101293103448 0.9354885057471265 0.0234375 0.035416666666666666
cl4ssee0s0008356hd15z4qn8 0 0.58828125 0.11875 0.0296875 0.05
cl4ssegqi000c356hwxoota92 0 0.6015625 0.20625 0.025 0.04583333333333333
cl4uq6b5l0003356p4ou3mrfw 0 0.85625 0.22395833333333334 0.0375 0.04375
cl4uqbjp9000b356p2175vvqw 0 0.49197891383495146 0.7502781148867314 0.0421875 0.04375
cl4uqf5bj000f356p05tutl57 0 0.9755208333333334 0.41701388888888885 0.028125 0.04375
cl4ur3vs8000v356pe031p1yo 0 0.4887295962199313 0.0422143470790378 0.025 0.027083333333333334
cl4uru0kq0013356pt4h9yjm1 0 0.50703125 0.020557598039215686 0.0296875 0.02861519607843137
cl4urwkrx0017356pikpviaa9 0 0.36001848118279567 0.05216173835125448 0.0234375 0.027083333333333334
cl53eq6de000f356i3cjd5jif 1 0.57109375 0.13333333333333333 0.0890625 0.1125
cl53eqa7m000l356ivf26125u 1 0.3203125 0.21041666666666667 0.103125 0.09583333333333334
