ckz3v9nzv00033867jsekqdcl 0 0.2753525995575221 0.41402409046214356 0.0265625 0.0375
ckz6ru2eb0001386lefk6js4m 0 0.23828125 0.5824237089201877 0.0265625 0.0375
ckz6ru3um0003386l39xwv0yk 0 0.24563893779342724 0.8491294992175273 0.0265625 0.0375
ckz6ru5610005386l8uoys4lc 0 0.19453125 0.8458333333333333 0.0265625 0.0375
ckz6ru6of0007386lhf2t4dtw 0 0.08359375 0.80625 0.0265625 0.0375
ckz6ru83f0009386lx7517dwf 0 0.029786531690140845 0.7276897496087638 0.0265625 0.0375
ckz6ru99l000b386l18xh2byu 0 0.13515625 0.18958333333333333 0.0265625 0.0375
ckz6rub67000d386ld3mx1dyi 0 0.1927455357142857 0.12053571428571429 0.0265625 0.03750000000000001
ckz6ruchb000f386lxxpeu5na 0 0.3111880896226415 0.096187106918239 0.0265625 0.0375
ckz6rudsb000h386lkwwvc8dz 0 0.28498201438848925 0.21689898081534773 0.0265625 0.0375
ckz6ruf3e000j386lbyqpxw51 0 0.31438893779342725 0.3050762910798122 0.0265625 0.0375
ckz6rugcj000l386lzjazem8c 0 0.438671875 0.12760416666666666 0.0265625 0.041666666666666664
ckz6rui7o000n386lh32dwmkr 0 0.5844446889671362 0.8756455399061033 0.0265625 0.0375
ckz6ruj49000p386lndk3j9jv 0 0.6468162933526012 0.5634332851637766 0.0265625 0.0375
ckz6rup8s000r386lkjotnoh0 0 0.48828125 0.86875 0.0265625 0.0375
ckz6rurv1000t386llsdca8lh 0 0.48046875 0.7972222222222223 0.0265625 0.0375
ckz6rut1n000v386l8rfix41j 0 0.8489470108695653 0.8383152173913043 0.0265625 0.0375
ckz6ruunj000x386l4qiqzsvd 0 0.8395720108695652 0.9633152173913043 0.0265625 0.0375
ckz6ruw8w000z386lc52x10qx 0 0.8552649456521738 0.7481884057971014 0.0265625 0.0375
ckz6ruxwl0011386lwhdpziws 0 0.90703125 0.6520833333333333 0.0265625 0.0375
ckz6ruzco0013386lo3nqjmle 0 0.828125 0.43645833333333334 0.025 0.03958333333333333
ckz6rv4et0015386le3rdpw93 0 0.8686278886554621 0.409375 0.025 0.03958333333333333
ckz6rv5s20017386lyas5kerj 0 0.6642187500000001 0.17958333333333334 0.0234375 0.03333333333333333
ckz6rva9o0019386ll7e0plel 0 0.6735491071428571 0.1318452380952381 0.0265625 0.03333333333333335
ckz6rvjnr001b386l6bprt2rz 0 0.76015625 0.058333333333333334 0.0265625 0.03333333333333333
ckz6rvlfq001d386lt59x4kz2 0 0.7699048039845758 0.06349614395886889 0.0265625 0.03333333333333333
ckz6rvnb8001f386l63s6p1ys 0 0.7128264377934272 0.6389769170579029 0.0265625 0.03333333333333333
ckz6rvpuj001h386lhrb15el1 0 0.5887360622065728 0.48128912363067294 0.0265625 0.03333333333333333
ckz6rvrjs001j386lscfviwaz 0 0.5003264377934272 0.3842429577464789 0.0265625 0.03333333333333333
ckz6rvtvy001l386li54we947 0 0.17640625000000001 0.5712499999999999 0.0265625 0.03333333333333333
ckz6rvvx4001n386lwp0hh90g 0 0.016514008620689656 0.2168103448275862 0.0265625 0.03333333333333333
ckz6rvxvs001p386l9u5f2w3s 0 0.07203125 0.20791666666666667 0.0265625 0.03333333333333333
ckz6rw1y9001t386ll8rr5ixq 0 0.64765625 0.9833333333333333 0.0265625 0.03333333333333333
ckz6rw3in001v386l6bltg9jj 0 0.75390625 0.8583333333333333 0.0265625 0.03333333333333333
ckz6rw56s001x386l432ih3l6 0 0.9876918247767857 0.7700474330357143 0.024616350446428646 0.03362165178571423
cl4sse7t80004356hlgz3o2fx 0 0.577734375 0.25104166666666666 0.025 0.035416666666666666
cl4ssee0s0008356hd15z4qn8 0 0.58828125 0.11875 0.0296875 0.05
cl4ssegqi000c356hwxoota92 0 0.6015625 0.20625 0.025 0.04583333333333333
cl4sseopo000g356h6ldd8ms6 0 0.37578125 0.73125 0.0390625 0.041666666666666664
cl4swkq5u0003356p8vuhc7nn 0 0.7631249999999999 0.6018749999999999 0.028125 0.035416666666666666
cl4uq6b5l0003356p4ou3mrfw 0 0.85625 0.22395833333333334 0.0375 0.04375
cl4uqbjp9000b356p2175vvqw 0 0.5138877467105263 0.7171121162280703 0.0421875 0.04375
