ckz3v9nzv00033867jsekqdcl 0 0.26721159140969164 0.433048825256975 0.0265625 0.0375
ckz6ru2eb0001386lefk6js4m 0 0.23828125 0.5770833333333333 0.0265625 0.0375
ckz6ru3um0003386l39xwv0yk 0 0.2423039093625498 0.85625 0.0265625 0.0375
ckz6ru5610005386l8uoys4lc 0 0.19453125 0.8458333333333333 0.0265625 0.0375
ckz6ru6of0007386lhf2t4dtw 0 0.08359375 0.80625 0.0265625 0.0375
ckz6ru83f0009386lx7517dwf 0 0.0192880593385214 0.7518117704280155 0.0265625 0.0375
ckz6ru99l000b386l18xh2byu 0 0.13515625 0.18958333333333333 0.0265625 0.0375
ckz6rub67000d386ld3mx1dyi 0 0.23046875 0.18645833333333334 0.0265625 0.041666666666666664
ckz6ruchb000f386lxxpeu5na 0 0.2593505859375 0.13232421875 0.0265625 0.0375
ckz6rudsb000h386lkwwvc8dz 0 0.2824584082733813 0.22026378896882495 0.0265625 0.0375
ckz6ruf3e000j386lbyqpxw51 0 0.2881069472111554 0.3335657370517928 0.0265625 0.0375
ckz6rugcj000l386lzjazem8c 0 0.16380208333333332 0.528125 0.028125 0.05
ckz6rui7o000n386lh32dwmkr 0 0.5453125 0.9503472222222222 0.0265625 0.0375
ckz6ruj49000p386lndk3j9jv 0 0.6371689618644067 0.5817090395480226 0.0265625 0.0375
ckz6rup8s000r386lkjotnoh0 0 0.48828125 0.86875 0.0265625 0.0375
ckz6rut1n000v386l8rfix41j 0 0.8450111763674615 0.8501227208976158 0.0265625 0.0375
ckz6ruunj000x386l4qiqzsvd 0 0.8356361763674615 0.9751227208976158 0.0265625 0.0375
ckz6ruw8w000z386lc52x10qx 0 0.8523130697755962 0.7521242402992052 0.0265625 0.0375
ckz6ruzco0013386lo3nqjmle 0 0.828125 0.43645833333333334 0.025 0.03958333333333333
ckz6rv4et0015386le3rdpw93 0 0.8668592436974789 0.409375 0.025 0.03958333333333333
ckz6rva9o0019386ll7e0plel 0 0.6630647997835497 0.176010101010101 0.0265625 0.03333333333333333
ckz6rvlfq001d386lt59x4kz2 0 0.7719346134538153 0.07956827309236948 0.0265625 0.03333333333333334
ckz6rvnb8001f386l63s6p1ys 0 0.71015625 0.6354166666666666 0.0265625 0.03333333333333333
ckz6rvpuj001h386lhrb15el1 0 0.5769024332061068 0.5216125954198474 0.0268487595419848 0.033333333333333395
ckz6rvrjs001j386lscfviwaz 0 0.48950936284046687 0.40525291828793775 0.0265625 0.03333333333333333
ckz6rvvx4001n386lwp0hh90g 0 0.006875000000000001 0.2945833333333333 0.013750000000000002 0.03416666666666668
ckz6rvxvs001p386l9u5f2w3s 0 0.4421875 0.42986111111111114 0.028125 0.0375
ckz6rw3in001v386l6bltg9jj 0 0.7434895833333333 0.2048611111111111 0.0265625 0.03333333333333333
ckz6rw56s001x386l432ih3l6 0 0.9783933080808079 0.8397622053872055 0.02266414141414135 0.035416666666666666
cl4ssee0s0008356hd15z4qn8 0 0.58828125 0.11875 0.0296875 0.05
cl4ssegqi000c356hwxoota92 0 0.6015625 0.20625 0.025 0.04583333333333333
cl4sseopo000g356h6ldd8ms6 0 0.07734375 0.121875 0.0296875 0.03958333333333333
cl4uq6b5l0003356p4ou3mrfw 0 0.85625 0.22395833333333334 0.0375 0.04375
cl4uqbjp9000b356p2175vvqw 0 0.5000411184210527 0.7386513157894736 0.0421875 0.04375
cl4ur3vs8000v356pe031p1yo 0 0.5006845238095238 0.02109457671957672 0.025 0.027083333333333338
cl4urtjol000z356puo72ztp3 0 0.3104166666666667 0.1826388888888889 0.028125 0.0375
cl4uru0kq0013356pt4h9yjm1 0 0.5201467803030303 0.011253156565656567 0.0296875 0.01875
cl4urwkrx0017356pikpviaa9 0 0.3724330357142857 0.01369047619047619 0.0234375 0.02261904761904762
cl53eq6de000f356i3cjd5jif 1 0.57109375 0.13333333333333333 0.0890625 0.1125
cl53eqa7m000l356ivf26125u 1 0.3203125 0.21041666666666667 0.103125 0.09583333333333334
