ckz3v9nzv00033867jsekqdcl 0 0.27312638274336287 0.42193952802359885 0.0265625 0.0375
ckz6ru2eb0001386lefk6js4m 0 0.23828125 0.5776995305164319 0.0265625 0.0375
ckz6ru3um0003386l39xwv0yk 0 0.2432768485915493 0.8554284037558685 0.0265625 0.0375
ckz6ru5610005386l8uoys4lc 0 0.19453125 0.8458333333333333 0.0265625 0.0375
ckz6ru6of0007386lhf2t4dtw 0 0.08359375 0.80625 0.0265625 0.0375
ckz6ru83f0009386lx7517dwf 0 0.026243397887323945 0.7308392018779343 0.0265625 0.0375
ckz6ru99l000b386l18xh2byu 0 0.13515625 0.18958333333333333 0.0265625 0.0375
ckz6rub67000d386ld3mx1dyi 0 0.21796875 0.1669836956521739 0.0265625 0.0375
ckz6ruchb000f386lxxpeu5na 0 0.2920999461206896 0.10778556034482759 0.0265625 0.0375
ckz6rudsb000h386lkwwvc8dz 0 0.28407711330935254 0.21810551558752997 0.0265625 0.0375
ckz6ruf3e000j386lbyqpxw51 0 0.3120268485915493 0.30980046948356804 0.0265625 0.0375
ckz6rugcj000l386lzjazem8c 0 0.36171875 0.3458333333333333 0.0265625 0.041666666666666664
ckz6rui7o000n386lh32dwmkr 0 0.5726342429577465 0.8898180751173709 0.0265625 0.0375
ckz6ruj49000p386lndk3j9jv 0 0.6424539378612717 0.5682803468208093 0.0265625 0.0375
ckz6rup8s000r386lkjotnoh0 0 0.48828125 0.86875 0.0265625 0.0375
ckz6rurv1000t386llsdca8lh 0 0.77734375 0.8375 0.0234375 0.0375
ckz6rut1n000v386l8rfix41j 0 0.8475357205469847 0.8425490883590463 0.0265625 0.0375
ckz6ruunj000x386l4qiqzsvd 0 0.8381607205469846 0.9675490883590463 0.0265625 0.0375
ckz6ruw8w000z386lc52x10qx 0 0.8542064779102384 0.7495996961196821 0.0265625 0.0375
ckz6ruzco0013386lo3nqjmle 0 0.828125 0.43645833333333334 0.025 0.03958333333333333
ckz6rv4et0015386le3rdpw93 0 0.8679936974789916 0.409375 0.025 0.03958333333333333
ckz6rv5s20017386lyas5kerj 0 0.61953125 0.084375 0.0234375 0.035416666666666666
ckz6rva9o0019386ll7e0plel 0 0.670071284562212 0.14575652841781875 0.0265625 0.03333333333333333
ckz6rvlfq001d386lt59x4kz2 0 0.7718448746786633 0.06866966580976865 0.0265625 0.03333333333333333
ckz6rvnb8001f386l63s6p1ys 0 0.7104643485915493 0.6358274647887324 0.0265625 0.03333333333333333
ckz6rvpuj001h386lhrb15el1 0 0.5910981514084507 0.4923122065727699 0.0265625 0.03333333333333333
ckz6rvrjs001j386lscfviwaz 0 0.4979643485915493 0.38896713615023476 0.0265625 0.03333333333333333
ckz6rvvx4001n386lwp0hh90g 0 0.014136904761904762 0.24409722222222224 0.0265625 0.03333333333333333
ckz6rvxvs001p386l9u5f2w3s 0 0.20416666666666666 0.3194444444444445 0.028124999999999976 0.0375
ckz6rw3in001v386l6bltg9jj 0 0.79609375 0.6291666666666667 0.0265625 0.03333333333333333
ckz6rw56s001x386l432ih3l6 0 0.9927455357142858 0.7767857142857143 0.014508928571428648 0.03511904761904757
cl4sse7t80004356hlgz3o2fx 0 0.6697916666666667 0.513888888888889 0.025 0.04166666666666673
cl4ssee0s0008356hd15z4qn8 0 0.58828125 0.11875 0.0296875 0.05
cl4ssegqi000c356hwxoota92 0 0.6015625 0.20625 0.025 0.04583333333333333
cl4sseopo000g356h6ldd8ms6 0 0.25911458333333337 0.5416666666666666 0.0359375 0.04583333333333333
cl4swkq5u0003356p8vuhc7nn 0 0.280078125 0.4786458333333333 0.0328125 0.0375
cl4uq6b5l0003356p4ou3mrfw 0 0.85625 0.22395833333333334 0.0375 0.04375
cl4uqbjp9000b356p2175vvqw 0 0.5089226973684211 0.7248355263157895 0.0421875 0.04375
cl53eq6de000f356i3cjd5jif 1 0.57109375 0.13333333333333333 0.0890625 0.1125
cl53eqa7m000l356ivf26125u 1 0.3203125 0.21041666666666667 0.103125 0.09583333333333334
