ckz3v9nzv00033867jsekqdcl 0 0.2752419800884956 0.41441740412979355 0.0265625 0.0375
ckz6ru2eb0001386lefk6js4m 0 0.23828125 0.5821889671361503 0.0265625 0.0375
ckz6ru3um0003386l39xwv0yk 0 0.24552156690140844 0.8494424882629108 0.0265625 0.0375
ckz6ru5610005386l8uoys4lc 0 0.19453125 0.8458333333333333 0.0265625 0.0375
ckz6ru6of0007386lhf2t4dtw 0 0.08359375 0.80625 0.0265625 0.0375
ckz6ru83f0009386lx7517dwf 0 0.029610475352112677 0.7278462441314554 0.0265625 0.0375
ckz6ru99l000b386l18xh2byu 0 0.13515625 0.18958333333333333 0.0265625 0.0375
ckz6rub67000d386ld3mx1dyi 0 0.19282670454545453 0.12547348484848486 0.0265625 0.03750000000000001
ckz6ruchb000f386lxxpeu5na 0 0.3102446933962264 0.09681603773584906 0.0265625 0.0375
ckz6rudsb000h386lkwwvc8dz 0 0.28493705035971223 0.216958932853717 0.0265625 0.0375
ckz6ruf3e000j386lbyqpxw51 0 0.31427156690140845 0.30531103286384975 0.0265625 0.0375
ckz6rugcj000l386lzjazem8c 0 0.43359375 0.14895833333333333 0.0265625 0.041666666666666664
ckz6rui7o000n386lh32dwmkr 0 0.5838578345070423 0.876349765258216 0.0265625 0.0375
ckz6ruj49000p386lndk3j9jv 0 0.6465995303468208 0.5636741329479769 0.0265625 0.0375
ckz6rup8s000r386lkjotnoh0 0 0.48828125 0.86875 0.0265625 0.0375
ckz6rurv1000t386llsdca8lh 0 0.4986979166666667 0.7972222222222223 0.0265625 0.0375
ckz6rut1n000v386l8rfix41j 0 0.8488768846423562 0.8385255960729313 0.0265625 0.0375
ckz6ruunj000x386l4qiqzsvd 0 0.8395018846423563 0.9635255960729313 0.0265625 0.0375
ckz6ruw8w000z386lc52x10qx 0 0.8552123509817673 0.7482585320243105 0.0265625 0.0375
ckz6ruxwl0011386lwhdpziws 0 0.88546875 0.6845833333333334 0.0265625 0.0375
ckz6ruzco0013386lo3nqjmle 0 0.828125 0.43645833333333334 0.025 0.03958333333333333
ckz6rv4et0015386le3rdpw93 0 0.8685963760504201 0.409375 0.025 0.03958333333333333
ckz6rv5s20017386lyas5kerj 0 0.6794270833333333 0.17222222222222222 0.0234375 0.03333333333333333
ckz6rva9o0019386ll7e0plel 0 0.6733762960829492 0.13253648233486942 0.0265625 0.03333333333333333
ckz6rvjnr001b386l6bprt2rz 0 0.76953125 0.05625 0.0265625 0.03333333333333333
ckz6rvlfq001d386lt59x4kz2 0 0.7700012050128534 0.06375321336760925 0.0265625 0.033333333333333326
ckz6rvnb8001f386l63s6p1ys 0 0.7127090669014085 0.6388204225352113 0.0265625 0.03333333333333333
ckz6rvpuj001h386lhrb15el1 0 0.5888534330985915 0.4818368544600939 0.0265625 0.03333333333333333
ckz6rvrjs001j386lscfviwaz 0 0.5002090669014085 0.3844776995305164 0.0265625 0.03333333333333333
ckz6rvtvy001l386li54we947 0 0.15703125 0.575 0.0265625 0.03333333333333333
ckz6rvvx4001n386lwp0hh90g 0 0.016945043103448278 0.21738505747126435 0.0265625 0.03333333333333333
ckz6rvxvs001p386l9u5f2w3s 0 0.0796875 0.21458333333333332 0.0265625 0.03333333333333333
ckz6rw3in001v386l6bltg9jj 0 0.7575520833333333 0.8354166666666667 0.0265625 0.03333333333333333
ckz6rw56s001x386l432ih3l6 0 0.9879429408482142 0.7703822544642857 0.024114118303571352 0.0336960565476191
cl4sse7t80004356hlgz3o2fx 0 0.5828125 0.271875 0.025 0.035416666666666666
cl4ssee0s0008356hd15z4qn8 0 0.58828125 0.11875 0.0296875 0.05
cl4ssegqi000c356hwxoota92 0 0.6015625 0.20625 0.025 0.04583333333333333
cl4sseopo000g356h6ldd8ms6 0 0.33984375 0.7541666666666667 0.0390625 0.041666666666666664
cl4swkq5u0003356p8vuhc7nn 0 0.759375 0.6072916666666667 0.028125 0.035416666666666666
cl4uq6b5l0003356p4ou3mrfw 0 0.85625 0.22395833333333334 0.0375 0.04375
cl4uqbjp9000b356p2175vvqw 0 0.5136410361842105 0.7174958881578948 0.0421875 0.04375
