ckz3v9nzv00033867jsekqdcl 0 0.26484375 0.4354166666666667 0.0265625 0.0375
ckz6ru2eb0001386lefk6js4m 0 0.23828125 0.5770833333333333 0.0265625 0.0375
ckz6ru3um0003386l39xwv0yk 0 0.2408148655378486 0.85625 0.0265625 0.0375
ckz6ru5610005386l8uoys4lc 0 0.19453125 0.8458333333333333 0.0265625 0.0375
ckz6ru6of0007386lhf2t4dtw 0 0.08359375 0.80625 0.0265625 0.0375
ckz6ru83f0009386lx7517dwf 0 0.00546875 0.8104166666666667 0.0109375 0.03333333333333333
ckz6ru99l000b386l18xh2byu 0 0.13515625 0.18958333333333333 0.0265625 0.0375
ckz6rub67000d386ld3mx1dyi 0 0.3072544642857143 0.21607142857142855 0.0265625 0.041666666666666664
ckz6ruchb000f386lxxpeu5na 0 0.23411458333333335 0.17430555555555557 0.0265625 0.0375
ckz6rudsb000h386lkwwvc8dz 0 0.27171875 0.24125 0.0265625 0.0375
ckz6ruf3e000j386lbyqpxw51 0 0.23718750000000002 0.37854166666666667 0.0265625 0.0375
ckz6rui7o000n386lh32dwmkr 0 0.537967834919473 0.9787487798926305 0.0265625 0.0375
ckz6ruj49000p386lndk3j9jv 0 0.6307069005576208 0.6101456009913259 0.0265625 0.0375
ckz6rup8s000r386lkjotnoh0 0 0.48828125 0.86875 0.0265625 0.0375
ckz6rut1n000v386l8rfix41j 0 0.84296875 0.85625 0.0265625 0.0375
ckz6ruunj000x386l4qiqzsvd 0 0.83359375 0.98125 0.0265625 0.0375
ckz6ruw8w000z386lc52x10qx 0 0.8413459329044117 0.7541666666666667 0.0265625 0.0375
ckz6ruzco0013386lo3nqjmle 0 0.828125 0.43645833333333334 0.025 0.03958333333333333
ckz6rv4et0015386le3rdpw93 0 0.8645036764705882 0.409375 0.025 0.03958333333333333
ckz6rva9o0019386ll7e0plel 0 0.6315765733256351 0.23582082371054655 0.0265625 0.03333333333333333
ckz6rvlfq001d386lt59x4kz2 0 0.7556591053299492 0.10807952622673435 0.0265625 0.03333333333333333
ckz6rvnb8001f386l63s6p1ys 0 0.71015625 0.6354166666666666 0.0265625 0.03333333333333333
ckz6rvpuj001h386lhrb15el1 0 0.522339527027027 0.5973254504504504 0.0296875 0.03333333333333333
ckz6rvrjs001j386lscfviwaz 0 0.4630095108695652 0.4414855072463768 0.0265625 0.03333333333333333
ckz6rvxvs001p386l9u5f2w3s 0 0.9703125 0.40625 0.028125 0.0375
ckz6rw56s001x386l432ih3l6 0 0.9313811587591241 0.9685751216545012 0.0234375 0.035416666666666666
cl4ssee0s0008356hd15z4qn8 0 0.58828125 0.11875 0.0296875 0.05
cl4ssegqi000c356hwxoota92 0 0.6015625 0.20625 0.025 0.04583333333333333
cl4uq6b5l0003356p4ou3mrfw 0 0.85625 0.22395833333333334 0.0375 0.04375
cl4uqbjp9000b356p2175vvqw 0 0.48985512742718446 0.7531098300970874 0.0421875 0.04375
cl4uqf5bj000f356p05tutl57 0 0.90859375 0.6302083333333334 0.0296875 0.03958333333333333
cl4uqu10i000j356pw85hd2yi 0 0.14144021739130436 0.936820652173913 0.025 0.03958333333333333
cl4ur3vs8000v356pe031p1yo 0 0.4848367172211351 0.04625937703848663 0.025 0.027083333333333338
cl4uru0kq0013356pt4h9yjm1 0 0.5077509842519685 0.023794291338582678 0.0296875 0.03125
cl4urwkrx0017356pikpviaa9 0 0.35703125 0.06354166666666666 0.0234375 0.027083333333333334
cl4us8aru001l356p2sc1k1bh 0 0.9883872767857141 0.012646329365079366 0.0206361607142858 0.02212797619047619
cl53eq6de000f356i3cjd5jif 1 0.57109375 0.13333333333333333 0.0890625 0.1125
cl53eqa7m000l356ivf26125u 1 0.3203125 0.21041666666666667 0.103125 0.09583333333333334
