ckz3v9nzv00033867jsekqdcl 0 0.274260232300885 0.41790806293018684 0.0265625 0.0375
ckz6ru2eb0001386lefk6js4m 0 0.23828125 0.5801056338028169 0.0265625 0.0375
ckz6ru3um0003386l39xwv0yk 0 0.2444799002347418 0.8522202660406886 0.0265625 0.0375
ckz6ru5610005386l8uoys4lc 0 0.19453125 0.8458333333333333 0.0265625 0.0375
ckz6ru6of0007386lhf2t4dtw 0 0.08359375 0.80625 0.0265625 0.0375
ckz6ru83f0009386lx7517dwf 0 0.028047975352112675 0.7292351330203443 0.0265625 0.0375
ckz6ru99l000b386l18xh2byu 0 0.13515625 0.18958333333333333 0.0265625 0.0375
ckz6rub67000d386ld3mx1dyi 0 0.20598958333333334 0.14027777777777778 0.026562500000000024 0.037499999999999985
ckz6ruchb000f386lxxpeu5na 0 0.30191406249999997 0.101875 0.0265625 0.0375
ckz6rudsb000h386lkwwvc8dz 0 0.28453799460431656 0.2174910071942446 0.0265625 0.0375
ckz6ruf3e000j386lbyqpxw51 0 0.3132299002347418 0.3073943661971831 0.0265625 0.0375
ckz6rugcj000l386lzjazem8c 0 0.35390625 0.19722222222222224 0.0265625 0.041666666666666664
ckz6rui7o000n386lh32dwmkr 0 0.578649501173709 0.882599765258216 0.0265625 0.0375
ckz6ruj49000p386lndk3j9jv 0 0.6446757586705203 0.5658116570327553 0.0265625 0.0375
ckz6rup8s000r386lkjotnoh0 0 0.48828125 0.86875 0.0265625 0.0375
ckz6rurv1000t386llsdca8lh 0 0.62421875 0.8020833333333334 0.0234375 0.0375
ckz6rut1n000v386l8rfix41j 0 0.8482545143758765 0.8403927068723702 0.0265625 0.0375
ckz6ruunj000x386l4qiqzsvd 0 0.8388795143758765 0.9653927068723702 0.0265625 0.0375
ckz6ruw8w000z386lc52x10qx 0 0.8547455732819074 0.7488809022907901 0.0265625 0.0375
ckz6ruxwl0011386lwhdpziws 0 0.9575520833333334 0.759375 0.0265625 0.04375
ckz6ruzco0013386lo3nqjmle 0 0.828125 0.43645833333333334 0.025 0.03958333333333333
ckz6rv4et0015386le3rdpw93 0 0.8683167016806722 0.409375 0.025 0.03958333333333333
ckz6rv5s20017386lyas5kerj 0 0.65078125 0.14409722222222224 0.0234375 0.03541666666666668
ckz6rva9o0019386ll7e0plel 0 0.6718425979262672 0.13867127496159753 0.0265625 0.03333333333333333
ckz6rvlfq001d386lt59x4kz2 0 0.7708567641388175 0.06603470437017994 0.0265625 0.03333333333333333
ckz6rvnb8001f386l63s6p1ys 0 0.7116674002347418 0.6374315336463224 0.0265625 0.03333333333333333
ckz6rvpuj001h386lhrb15el1 0 0.5898950997652582 0.486697965571205 0.0265625 0.03333333333333333
ckz6rvrjs001j386lscfviwaz 0 0.4991674002347418 0.38656103286384974 0.0265625 0.03333333333333333
ckz6rvtvy001l386li54we947 0 0.03359375 0.45625 0.0296875 0.0375
ckz6rvvx4001n386lwp0hh90g 0 0.016276041666666668 0.22890625 0.0265625 0.03333333333333333
ckz6rvxvs001p386l9u5f2w3s 0 0.12687500000000002 0.3016666666666667 0.028125 0.0375
ckz6rw3in001v386l6bltg9jj 0 0.77890625 0.7416666666666667 0.0265625 0.03333333333333333
ckz6rw56s001x386l432ih3l6 0 0.9901715959821429 0.7733537946428571 0.019656808035714235 0.03435639880952384
cl4sse7t80004356hlgz3o2fx 0 0.64140625 0.37916666666666665 0.025 0.035416666666666666
cl4ssee0s0008356hd15z4qn8 0 0.58828125 0.11875 0.0296875 0.05
cl4ssegqi000c356hwxoota92 0 0.6015625 0.20625 0.025 0.04583333333333333
cl4sseopo000g356h6ldd8ms6 0 0.31328125 0.625 0.0390625 0.041666666666666664
cl4swkq5u0003356p8vuhc7nn 0 0.5506249999999999 0.5722916666666666 0.028125 0.035416666666666666
cl4uq6b5l0003356p4ou3mrfw 0 0.85625 0.22395833333333334 0.0375 0.04375
cl4uqbjp9000b356p2175vvqw 0 0.5114514802631579 0.7209018640350877 0.0421875 0.04375
