ckz3v9nzv00033867jsekqdcl 0 0.27456443584070794 0.4168264503441495 0.0265625 0.0375
ckz6ru2eb0001386lefk6js4m 0 0.23828125 0.5807511737089202 0.0265625 0.0375
ckz6ru3um0003386l39xwv0yk 0 0.24480267018779345 0.8513595461658842 0.0265625 0.0375
ckz6ru5610005386l8uoys4lc 0 0.19453125 0.8458333333333333 0.0265625 0.0375
ckz6ru6of0007386lhf2t4dtw 0 0.08359375 0.80625 0.0265625 0.0375
ckz6ru83f0009386lx7517dwf 0 0.02853213028169014 0.7288047730829421 0.0265625 0.0375
ckz6ru99l000b386l18xh2byu 0 0.13515625 0.18958333333333333 0.0265625 0.0375
ckz6rub67000d386ld3mx1dyi 0 0.20078125 0.14166666666666666 0.0265625 0.0375
ckz6ruchb000f386lxxpeu5na 0 0.3044921875 0.10034722222222221 0.0265625 0.0375
ckz6rudsb000h386lkwwvc8dz 0 0.28466164568345326 0.217326139088729 0.0265625 0.0375
ckz6ruf3e000j386lbyqpxw51 0 0.3135526701877934 0.3067488262910798 0.0265625 0.0375
ckz6rugcj000l386lzjazem8c 0 0.39140625 0.1875 0.0265625 0.041666666666666664
ckz6rui7o000n386lh32dwmkr 0 0.5802633509389671 0.8806631455399061 0.0265625 0.0375
ckz6ruj49000p386lndk3j9jv 0 0.6452718569364162 0.5651493256262042 0.0265625 0.0375
ckz6rup8s000r386lkjotnoh0 0 0.48828125 0.86875 0.0265625 0.0375
ckz6rurv1000t386llsdca8lh 0 0.57734375 0.8291666666666667 0.0265625 0.0375
ckz6rut1n000v386l8rfix41j 0 0.8484473615007012 0.8398141654978962 0.0265625 0.0375
ckz6ruunj000x386l4qiqzsvd 0 0.8390723615007012 0.9648141654978962 0.0265625 0.0375
ckz6ruw8w000z386lc52x10qx 0 0.8548902086255259 0.7486880551659654 0.0265625 0.0375
ckz6ruxwl0011386lwhdpziws 0 0.94140625 0.7510416666666667 0.0265625 0.04375
ckz6ruzco0013386lo3nqjmle 0 0.828125 0.43645833333333334 0.025 0.03958333333333333
ckz6rv4et0015386le3rdpw93 0 0.8684033613445378 0.409375 0.025 0.03958333333333333
ckz6rv5s20017386lyas5kerj 0 0.66875 0.14375 0.0234375 0.035416666666666666
ckz6rva9o0019386ll7e0plel 0 0.6723178283410138 0.13677035330261136 0.0265625 0.03333333333333332
ckz6rvlfq001d386lt59x4kz2 0 0.7705916613110539 0.06532776349614396 0.0265625 0.033333333333333326
ckz6rvnb8001f386l63s6p1ys 0 0.7119901701877934 0.6378618935837246 0.0265625 0.03333333333333333
ckz6rvpuj001h386lhrb15el1 0 0.5895723298122066 0.48519170579029736 0.0265625 0.03333333333333333
ckz6rvrjs001j386lscfviwaz 0 0.4994901701877934 0.38591549295774646 0.0265625 0.03333333333333333
ckz6rvtvy001l386li54we947 0 0.091796875 0.49375 0.0296875 0.0375
ckz6rvvx4001n386lwp0hh90g 0 0.0169921875 0.224609375 0.0265625 0.03333333333333333
ckz6rvxvs001p386l9u5f2w3s 0 0.12562500000000001 0.25958333333333333 0.028125 0.0375
ckz6rw3in001v386l6bltg9jj 0 0.74296875 0.76875 0.0265625 0.03333333333333333
ckz6rw56s001x386l432ih3l6 0 0.9894810267857143 0.7724330357142857 0.021037946428571354 0.034151785714285766
cl4sse7t80004356hlgz3o2fx 0 0.62109375 0.340625 0.025 0.035416666666666666
cl4ssee0s0008356hd15z4qn8 0 0.58828125 0.11875 0.0296875 0.05
cl4ssegqi000c356hwxoota92 0 0.6015625 0.20625 0.025 0.04583333333333333
cl4sseopo000g356h6ldd8ms6 0 0.32890625 0.6541666666666667 0.0390625 0.041666666666666664
cl4swkq5u0003356p8vuhc7nn 0 0.595703125 0.5875 0.028125 0.035416666666666666
cl4uq6b5l0003356p4ou3mrfw 0 0.85625 0.22395833333333334 0.0375 0.04375
cl4uqbjp9000b356p2175vvqw 0 0.5121299342105263 0.7198464912280702 0.0421875 0.04375
