ckz3v9nzv00033867jsekqdcl 0 0.27291897123893805 0.4226769911504425 0.0265625 0.0375
ckz6ru2eb0001386lefk6js4m 0 0.23828125 0.5772593896713615 0.0265625 0.0375
ckz6ru3um0003386l39xwv0yk 0 0.2430567781690141 0.8560152582159624 0.0265625 0.0375
ckz6ru5610005386l8uoys4lc 0 0.19453125 0.8458333333333333 0.0265625 0.0375
ckz6ru6of0007386lhf2t4dtw 0 0.08359375 0.80625 0.0265625 0.0375
ckz6ru83f0009386lx7517dwf 0 0.025913292253521125 0.7311326291079812 0.0265625 0.0375
ckz6ru99l000b386l18xh2byu 0 0.13515625 0.18958333333333333 0.0265625 0.0375
ckz6rub67000d386ld3mx1dyi 0 0.21953125 0.171875 0.0265625 0.0375
ckz6ruchb000f386lxxpeu5na 0 0.29018049568965515 0.1089978448275862 0.0265625 0.0375
ckz6rudsb000h386lkwwvc8dz 0 0.28399280575539565 0.2182179256594724 0.0265625 0.0375
ckz6ruf3e000j386lbyqpxw51 0 0.3118067781690141 0.3102406103286385 0.0265625 0.0375
ckz6rugcj000l386lzjazem8c 0 0.34244791666666663 0.36180555555555555 0.0265625 0.041666666666666664
ckz6rui7o000n386lh32dwmkr 0 0.5715338908450704 0.8911384976525821 0.0265625 0.0375
ckz6ruj49000p386lndk3j9jv 0 0.6420475072254336 0.568731936416185 0.0265625 0.0375
ckz6rup8s000r386lkjotnoh0 0 0.48828125 0.86875 0.0265625 0.0375
ckz6rurv1000t386llsdca8lh 0 0.8096354166666666 0.8347222222222223 0.02343749999999991 0.0375
ckz6rut1n000v386l8rfix41j 0 0.8474042338709677 0.8429435483870968 0.0265625 0.0375
ckz6ruunj000x386l4qiqzsvd 0 0.8380292338709678 0.9679435483870968 0.0265625 0.0375
ckz6ruw8w000z386lc52x10qx 0 0.8541078629032258 0.749731182795699 0.0265625 0.0375
ckz6ruzco0013386lo3nqjmle 0 0.828125 0.43645833333333334 0.025 0.03958333333333333
ckz6rv4et0015386le3rdpw93 0 0.8679346113445379 0.409375 0.025 0.03958333333333333
ckz6rv5s20017386lyas5kerj 0 0.6127604166666667 0.052777777777777785 0.0234375 0.029166666666666674
ckz6rva9o0019386ll7e0plel 0 0.6697472638248848 0.1470526113671275 0.0265625 0.03333333333333333
ckz6rvlfq001d386lt59x4kz2 0 0.7720256266066838 0.06915167095115682 0.0265625 0.03333333333333334
ckz6rvnb8001f386l63s6p1ys 0 0.7102442781690141 0.6355340375586854 0.0265625 0.03333333333333333
ckz6rvpuj001h386lhrb15el1 0 0.5913182218309859 0.4933392018779343 0.0265625 0.03333333333333333
ckz6rvrjs001j386lscfviwaz 0 0.4977442781690141 0.38940727699530514 0.0265625 0.03333333333333333
ckz6rvvx4001n386lwp0hh90g 0 0.013857886904761908 0.2467013888888889 0.0265625 0.03333333333333333
ckz6rvxvs001p386l9u5f2w3s 0 0.22578125 0.309375 0.028125 0.0375
ckz6rw3in001v386l6bltg9jj 0 0.76015625 0.6041666666666666 0.0265625 0.03333333333333333
ckz6rw56s001x386l432ih3l6 0 0.9932163783482142 0.7774135044642857 0.013567243303571352 0.0352585565476191
cl4sse7t80004356hlgz3o2fx 0 0.6588541666666667 0.5611111111111111 0.025 0.041666666666666664
cl4ssee0s0008356hd15z4qn8 0 0.58828125 0.11875 0.0296875 0.05
cl4ssegqi000c356hwxoota92 0 0.6015625 0.20625 0.025 0.04583333333333333
cl4sseopo000g356h6ldd8ms6 0 0.24453125 0.525 0.0359375 0.04583333333333333
cl4swkq5u0003356p8vuhc7nn 0 0.24421875 0.4579166666666667 0.0328125 0.0375
cl4uq6b5l0003356p4ou3mrfw 0 0.85625 0.22395833333333334 0.0375 0.04375
cl4uqbjp9000b356p2175vvqw 0 0.508460115131579 0.7255550986842105 0.0421875 0.04375
cl53eq6de000f356i3cjd5jif 1 0.57109375 0.13333333333333333 0.0890625 0.1125
cl53eqa7m000l356ivf26125u 1 0.3203125 0.21041666666666667 0.103125 0.09583333333333334
