ckz3v9nzv00033867jsekqdcl 0 0.2711905420353983 0.42882251720747294 0.0265625 0.0375
ckz6ru2eb0001386lefk6js4m 0 0.23828125 0.5770833333333333 0.0265625 0.0375
ckz6ru3um0003386l39xwv0yk 0 0.24267243525896415 0.85625 0.0265625 0.0375
ckz6ru5610005386l8uoys4lc 0 0.19453125 0.8458333333333333 0.0265625 0.0375
ckz6ru6of0007386lhf2t4dtw 0 0.08359375 0.80625 0.0265625 0.0375
ckz6ru83f0009386lx7517dwf 0 0.022887281128404668 0.740414234760052 0.0265625 0.0375
ckz6ru99l000b386l18xh2byu 0 0.13515625 0.18958333333333333 0.0265625 0.0375
ckz6rub67000d386ld3mx1dyi 0 0.2203125 0.18177083333333333 0.0265625 0.041666666666666664
ckz6ruchb000f386lxxpeu5na 0 0.2741850754310345 0.11910021551724137 0.0265625 0.0375
ckz6rudsb000h386lkwwvc8dz 0 0.28329024280575543 0.21915467625899282 0.0265625 0.0375
ckz6ruf3e000j386lbyqpxw51 0 0.3004876258389262 0.3187360178970918 0.0265625 0.0375
ckz6rugcj000l386lzjazem8c 0 0.26692708333333337 0.4552083333333333 0.0265625 0.035416666666666666
ckz6rui7o000n386lh32dwmkr 0 0.5592042632450331 0.9201710816777042 0.0265625 0.0375
ckz6ruj49000p386lndk3j9jv 0 0.6386605852601156 0.572495183044316 0.0265625 0.0375
ckz6rup8s000r386lkjotnoh0 0 0.48828125 0.86875 0.0265625 0.0375
ckz6rut1n000v386l8rfix41j 0 0.8463085115708274 0.8462307152875176 0.0265625 0.0375
ckz6ruunj000x386l4qiqzsvd 0 0.8369335115708274 0.9712307152875176 0.0265625 0.0375
ckz6ruw8w000z386lc52x10qx 0 0.8532860711781206 0.7508269050958393 0.0265625 0.0375
ckz6ruzco0013386lo3nqjmle 0 0.828125 0.43645833333333334 0.025 0.03958333333333333
ckz6rv4et0015386le3rdpw93 0 0.8674422268907562 0.409375 0.025 0.03958333333333333
ckz6rva9o0019386ll7e0plel 0 0.6666213309716599 0.16052631578947368 0.0265625 0.03333333333333333
ckz6rvlfq001d386lt59x4kz2 0 0.7735318926735218 0.07316838046272493 0.0265625 0.033333333333333326
ckz6rvnb8001f386l63s6p1ys 0 0.71015625 0.6354166666666666 0.0265625 0.03333333333333333
ckz6rvpuj001h386lhrb15el1 0 0.5858141447368421 0.5030701754385966 0.0265625 0.03333333333333333
ckz6rvrjs001j386lscfviwaz 0 0.49765625 0.40263157894736845 0.0265625 0.03333333333333333
ckz6rvvx4001n386lwp0hh90g 0 0.013108552631578948 0.26934210526315794 0.026217105263157896 0.03333333333333336
ckz6rvxvs001p386l9u5f2w3s 0 0.3328125 0.4402777777777778 0.028125 0.0375
ckz6rw3in001v386l6bltg9jj 0 0.75234375 0.4479166666666667 0.0265625 0.03333333333333333
ckz6rw56s001x386l432ih3l6 0 0.9894886363636364 0.8086174242424242 0.014488636363636332 0.035416666666666666
cl4sse7t80004356hlgz3o2fx 0 0.75 0.775 0.0296875 0.041666666666666664
cl4ssee0s0008356hd15z4qn8 0 0.58828125 0.11875 0.0296875 0.05
cl4ssegqi000c356hwxoota92 0 0.6015625 0.20625 0.025 0.04583333333333333
cl4sseopo000g356h6ldd8ms6 0 0.15859375 0.3423611111111111 0.0359375 0.04583333333333333
cl4uq6b5l0003356p4ou3mrfw 0 0.85625 0.22395833333333334 0.0375 0.04375
cl4uqbjp9000b356p2175vvqw 0 0.5046052631578948 0.7315515350877193 0.0421875 0.04375
cl53eq6de000f356i3cjd5jif 1 0.57109375 0.13333333333333333 0.0890625 0.1125
cl53eqa7m000l356ivf26125u 1 0.3203125 0.21041666666666667 0.103125 0.09583333333333334
