ckz3v9nzv00033867jsekqdcl 0 0.274522953539823 0.4169739429695182 0.0265625 0.0375
ckz6ru2eb0001386lefk6js4m 0 0.23828125 0.5806631455399062 0.0265625 0.0375
ckz6ru3um0003386l39xwv0yk 0 0.2447586561032864 0.851476917057903 0.0265625 0.0375
ckz6ru5610005386l8uoys4lc 0 0.19453125 0.8458333333333333 0.0265625 0.0375
ckz6ru6of0007386lhf2t4dtw 0 0.08359375 0.80625 0.0265625 0.0375
ckz6ru83f0009386lx7517dwf 0 0.028466109154929576 0.7288634585289515 0.0265625 0.0375
ckz6ru99l000b386l18xh2byu 0 0.13515625 0.18958333333333333 0.0265625 0.0375
ckz6rub67000d386ld3mx1dyi 0 0.2014914772727273 0.14147727272727273 0.026562500000000024 0.0375
ckz6ruchb000f386lxxpeu5na 0 0.304140625 0.10055555555555555 0.0265625 0.0375
ckz6rudsb000h386lkwwvc8dz 0 0.28464478417266187 0.2173486211031175 0.0265625 0.0375
ckz6ruf3e000j386lbyqpxw51 0 0.3135086561032864 0.30683685446009384 0.0265625 0.0375
ckz6rugcj000l386lzjazem8c 0 0.402734375 0.20260416666666667 0.0265625 0.041666666666666664
ckz6rui7o000n386lh32dwmkr 0 0.580043280516432 0.8809272300469484 0.0265625 0.0375
ckz6ruj49000p386lndk3j9jv 0 0.6451905708092486 0.5652396435452793 0.0265625 0.0375
ckz6rup8s000r386lkjotnoh0 0 0.48828125 0.86875 0.0265625 0.0375
ckz6rurv1000t386llsdca8lh 0 0.59609375 0.8166666666666667 0.0265625 0.0375
ckz6rut1n000v386l8rfix41j 0 0.8484210641654979 0.8398930575035063 0.0265625 0.0375
ckz6ruunj000x386l4qiqzsvd 0 0.8390460641654979 0.9648930575035063 0.0265625 0.0375
ckz6ruw8w000z386lc52x10qx 0 0.8548704856241235 0.7487143525011688 0.0265625 0.0375
ckz6ruxwl0011386lwhdpziws 0 0.93046875 0.759375 0.0265625 0.04375
ckz6ruzco0013386lo3nqjmle 0 0.828125 0.43645833333333334 0.025 0.03958333333333333
ckz6rv4et0015386le3rdpw93 0 0.8683915441176471 0.409375 0.025 0.03958333333333333
ckz6rv5s20017386lyas5kerj 0 0.6642187500000001 0.14395833333333333 0.0234375 0.03541666666666665
ckz6rva9o0019386ll7e0plel 0 0.6722530241935484 0.13702956989247314 0.0265625 0.03333333333333335
ckz6rvlfq001d386lt59x4kz2 0 0.7706278116966581 0.0654241645244216 0.0265625 0.03333333333333334
ckz6rvnb8001f386l63s6p1ys 0 0.7119461561032864 0.6378032081377152 0.0265625 0.03333333333333333
ckz6rvpuj001h386lhrb15el1 0 0.5896163438967136 0.4853971048513302 0.0265625 0.03333333333333333
ckz6rvrjs001j386lscfviwaz 0 0.4994461561032864 0.38600352112676056 0.0265625 0.03333333333333333
ckz6rvtvy001l386li54we947 0 0.07890625 0.475 0.0296875 0.0375
ckz6rvvx4001n386lwp0hh90g 0 0.01689453125 0.2251953125 0.0265625 0.03333333333333333
ckz6rvxvs001p386l9u5f2w3s 0 0.12625 0.2670833333333333 0.028125 0.03749999999999997
ckz6rw3in001v386l6bltg9jj 0 0.75 0.7572916666666667 0.0265625 0.03333333333333333
ckz6rw56s001x386l432ih3l6 0 0.9895751953125 0.77255859375 0.020849609375 0.0341796875
cl4sse7t80004356hlgz3o2fx 0 0.615625 0.36770833333333336 0.025 0.035416666666666666
cl4ssee0s0008356hd15z4qn8 0 0.58828125 0.11875 0.0296875 0.05
cl4ssegqi000c356hwxoota92 0 0.6015625 0.20625 0.025 0.04583333333333333
cl4sseopo000g356h6ldd8ms6 0 0.3171875 0.6619791666666667 0.0390625 0.041666666666666664
cl4swkq5u0003356p8vuhc7nn 0 0.596875 0.609375 0.028125 0.035416666666666666
cl4uq6b5l0003356p4ou3mrfw 0 0.85625 0.22395833333333334 0.0375 0.04375
cl4uqbjp9000b356p2175vvqw 0 0.5120374177631579 0.7199904057017543 0.0421875 0.04375
