ckz3v9nzv00033867jsekqdcl 0 0.26484375 0.4354166666666667 0.0265625 0.0375
ckz6ru2eb0001386lefk6js4m 0 0.23828125 0.5770833333333333 0.0265625 0.0375
ckz6ru3um0003386l39xwv0yk 0 0.24042641932270917 0.85625 0.0265625 0.0375
ckz6ru5610005386l8uoys4lc 0 0.19453125 0.8458333333333333 0.0265625 0.0375
ckz6ru6of0007386lhf2t4dtw 0 0.08359375 0.80625 0.0265625 0.0375
ckz6ru99l000b386l18xh2byu 0 0.13515625 0.18958333333333333 0.0265625 0.0375
ckz6rub67000d386ld3mx1dyi 0 0.28501420454545456 0.20265151515151514 0.0265625 0.041666666666666664
ckz6ruchb000f386lxxpeu5na 0 0.21899245689655172 0.17679597701149424 0.0265625 0.0375
ckz6rudsb000h386lkwwvc8dz 0 0.26843979779411764 0.25019914215686273 0.0265625 0.0375
ckz6ruf3e000j386lbyqpxw51 0 0.228564453125 0.3861762152777778 0.0265625 0.0375
ckz6rui7o000n386lh32dwmkr 0 0.5393953605417277 0.9806521473889702 0.0265625 0.0375
ckz6ruj49000p386lndk3j9jv 0 0.6319527981171549 0.612360529986053 0.0265625 0.0375
ckz6rup8s000r386lkjotnoh0 0 0.48828125 0.86875 0.0265625 0.0375
ckz6rut1n000v386l8rfix41j 0 0.84296875 0.85625 0.0265625 0.0375
ckz6ruunj000x386l4qiqzsvd 0 0.83359375 0.98125 0.0265625 0.0375
ckz6ruw8w000z386lc52x10qx 0 0.8373133042279411 0.7541666666666667 0.0265625 0.0375
ckz6ruzco0013386lo3nqjmle 0 0.828125 0.43645833333333334 0.025 0.03958333333333333
ckz6rv4et0015386le3rdpw93 0 0.8640625 0.409375 0.025 0.03958333333333333
ckz6rva9o0019386ll7e0plel 0 0.6298877742494227 0.23732197844495767 0.0265625 0.03333333333333333
ckz6rvlfq001d386lt59x4kz2 0 0.7530083955223881 0.12213930348258707 0.0265625 0.03333333333333335
ckz6rvnb8001f386l63s6p1ys 0 0.71015625 0.6354166666666666 0.0265625 0.03333333333333333
ckz6rvpuj001h386lhrb15el1 0 0.5113248424369747 0.6022934173669469 0.0296875 0.03333333333333333
ckz6rvrjs001j386lscfviwaz 0 0.459960120292887 0.45652022315202234 0.0265625 0.03333333333333333
ckz6rw56s001x386l432ih3l6 0 0.9123907930107528 0.9905801971326166 0.025924059139784995 0.018839605734767062
cl4ssee0s0008356hd15z4qn8 0 0.58828125 0.11875 0.0296875 0.05
cl4ssegqi000c356hwxoota92 0 0.6015625 0.20625 0.025 0.04583333333333333
cl4uq6b5l0003356p4ou3mrfw 0 0.85625 0.22395833333333334 0.0375 0.04375
cl4uqbjp9000b356p2175vvqw 0 0.48778443567961166 0.7558707524271845 0.0421875 0.04375
cl4uqf5bj000f356p05tutl57 0 0.8174715909090908 0.8338068181818182 0.0296875 0.03958333333333333
cl4uqu10i000j356pw85hd2yi 0 0.17582720588235295 0.8455269607843138 0.025 0.03958333333333333
cl4uqxtok000n356p228e7wni 0 0.0640625 0.809375 0.03125 0.03958333333333333
cl4ur3vs8000v356pe031p1yo 0 0.4834056996086106 0.048167400521852574 0.025 0.027083333333333334
cl4uru0kq0013356pt4h9yjm1 0 0.5087106299212598 0.026353346456692916 0.0296875 0.03125000000000001
cl4urwkrx0017356pikpviaa9 0 0.35703125 0.06354166666666666 0.0234375 0.027083333333333334
cl4us4ype001h356pnyet3ts9 0 0.76640625 0.16145833333333334 0.021875 0.03958333333333333
cl4us8aru001l356p2sc1k1bh 0 0.9805524553571427 0.024640376984126983 0.02237723214285712 0.029092261904761905
cl53eq6de000f356i3cjd5jif 1 0.57109375 0.13333333333333333 0.0890625 0.1125
cl53eqa7m000l356ivf26125u 1 0.3203125 0.21041666666666667 0.103125 0.09583333333333334
