ckz3v9nzv00033867jsekqdcl 0 0.2713011615044248 0.428429203539823 0.0265625 0.0375
ckz6ru2eb0001386lefk6js4m 0 0.23828125 0.5770833333333333 0.0265625 0.0375
ckz6ru3um0003386l39xwv0yk 0 0.24269235557768926 0.85625 0.0265625 0.0375
ckz6ru5610005386l8uoys4lc 0 0.19453125 0.8458333333333333 0.0265625 0.0375
ckz6ru6of0007386lhf2t4dtw 0 0.08359375 0.80625 0.0265625 0.0375
ckz6ru83f0009386lx7517dwf 0 0.023081833657587546 0.7397981517509727 0.0265625 0.0375
ckz6ru99l000b386l18xh2byu 0 0.13515625 0.18958333333333333 0.0265625 0.0375
ckz6rub67000d386ld3mx1dyi 0 0.22120535714285716 0.17998511904761905 0.0265625 0.041666666666666664
ckz6ruchb000f386lxxpeu5na 0 0.2752087823275862 0.11845366379310344 0.0265625 0.0375
ckz6rudsb000h386lkwwvc8dz 0 0.2833352068345324 0.2190947242206235 0.0265625 0.0375
ckz6ruf3e000j386lbyqpxw51 0 0.30124265939597317 0.31817673378076067 0.0265625 0.0375
ckz6rugcj000l386lzjazem8c 0 0.249609375 0.428125 0.0265625 0.035416666666666666
ckz6rui7o000n386lh32dwmkr 0 0.5599492963576159 0.9185154525386313 0.0265625 0.0375
ckz6ruj49000p386lndk3j9jv 0 0.6388773482658959 0.5722543352601156 0.0265625 0.0375
ckz6rup8s000r386lkjotnoh0 0 0.48828125 0.86875 0.0265625 0.0375
ckz6rut1n000v386l8rfix41j 0 0.8463786377980365 0.8460203366058906 0.0265625 0.0375
ckz6ruunj000x386l4qiqzsvd 0 0.8370036377980364 0.9710203366058906 0.0265625 0.0375
ckz6ruw8w000z386lc52x10qx 0 0.8533386658485274 0.7507567788686302 0.0265625 0.0375
ckz6ruzco0013386lo3nqjmle 0 0.828125 0.43645833333333334 0.025 0.03958333333333333
ckz6rv4et0015386le3rdpw93 0 0.8674737394957983 0.409375 0.025 0.03958333333333333
ckz6rva9o0019386ll7e0plel 0 0.6668237601214575 0.15964912280701754 0.0265625 0.03333333333333333
ckz6rvlfq001d386lt59x4kz2 0 0.7734354916452443 0.07291131105398457 0.0265625 0.03333333333333333
ckz6rvnb8001f386l63s6p1ys 0 0.71015625 0.6354166666666666 0.0265625 0.03333333333333333
ckz6rvpuj001h386lhrb15el1 0 0.5861900845864662 0.5024436090225565 0.0265625 0.03333333333333333
ckz6rvrjs001j386lscfviwaz 0 0.49765625 0.40175438596491225 0.0265625 0.03333333333333333
ckz6rvvx4001n386lwp0hh90g 0 0.01328125 0.26875 0.0265625 0.03333333333333333
ckz6rvxvs001p386l9u5f2w3s 0 0.32421875 0.45677083333333335 0.028125 0.0375
ckz6rw3in001v386l6bltg9jj 0 0.78828125 0.47708333333333336 0.0265625 0.03333333333333333
ckz6rw56s001x386l432ih3l6 0 0.9900883838383837 0.8069339225589226 0.014046717171717127 0.035416666666666666
cl4sse7t80004356hlgz3o2fx 0 0.75890625 0.7508333333333332 0.0296875 0.041666666666666664
cl4ssee0s0008356hd15z4qn8 0 0.58828125 0.11875 0.0296875 0.05
cl4ssegqi000c356hwxoota92 0 0.6015625 0.20625 0.025 0.04583333333333333
cl4sseopo000g356h6ldd8ms6 0 0.17682291666666666 0.35694444444444445 0.0359375 0.04583333333333333
cl4uq6b5l0003356p4ou3mrfw 0 0.85625 0.22395833333333334 0.0375 0.04375
cl4uqbjp9000b356p2175vvqw 0 0.5048519736842105 0.7311677631578948 0.0421875 0.04375
cl53eq6de000f356i3cjd5jif 1 0.57109375 0.13333333333333333 0.0890625 0.1125
cl53eqa7m000l356ivf26125u 1 0.3203125 0.21041666666666667 0.103125 0.09583333333333334
