ckz3v9nzv00033867jsekqdcl 0 0.27565680309734514 0.41294247787610616 0.0265625 0.0375
ckz6ru2eb0001386lefk6js4m 0 0.23828125 0.5830692488262911 0.0265625 0.0375
ckz6ru3um0003386l39xwv0yk 0 0.24596170774647885 0.848268779342723 0.0265625 0.0375
ckz6ru5610005386l8uoys4lc 0 0.19453125 0.8458333333333333 0.0265625 0.0375
ckz6ru6of0007386lhf2t4dtw 0 0.08359375 0.80625 0.0265625 0.0375
ckz6ru83f0009386lx7517dwf 0 0.030270686619718313 0.7272593896713615 0.0265625 0.0375
ckz6ru99l000b386l18xh2byu 0 0.13515625 0.18958333333333333 0.0265625 0.0375
ckz6rub67000d386ld3mx1dyi 0 0.19140625 0.10625 0.0265625 0.0375
ckz6ruchb000f386lxxpeu5na 0 0.313782429245283 0.09445754716981132 0.0265625 0.0375
ckz6rudsb000h386lkwwvc8dz 0 0.2851056654676259 0.21673411270983214 0.0265625 0.0375
ckz6ruf3e000j386lbyqpxw51 0 0.31471170774647883 0.30443075117370894 0.0265625 0.0375
ckz6rugcj000l386lzjazem8c 0 0.45828125000000003 0.10958333333333334 0.0265625 0.0375
ckz6rui7o000n386lh32dwmkr 0 0.5860585387323944 0.8737089201877934 0.0265625 0.0375
ckz6ruj49000p386lndk3j9jv 0 0.6474123916184971 0.5627709537572254 0.0265625 0.0375
ckz6rup8s000r386lkjotnoh0 0 0.48828125 0.86875 0.0265625 0.0375
ckz6rurv1000t386llsdca8lh 0 0.43828125 0.7375 0.0265625 0.0375
ckz6rut1n000v386l8rfix41j 0 0.84913985799439 0.8377366760168302 0.0265625 0.0375
ckz6ruunj000x386l4qiqzsvd 0 0.8397648579943899 0.9627366760168302 0.0265625 0.0375
ckz6ruw8w000z386lc52x10qx 0 0.8554095809957925 0.7479955586722767 0.0265625 0.0375
ckz6ruxwl0011386lwhdpziws 0 0.86796875 0.6395833333333333 0.0265625 0.0375
ckz6ruzco0013386lo3nqjmle 0 0.828125 0.43645833333333334 0.025 0.03958333333333333
ckz6rv4et0015386le3rdpw93 0 0.8687145483193277 0.409375 0.025 0.03958333333333333
ckz6rv5s20017386lyas5kerj 0 0.6765625 0.19192708333333333 0.0234375 0.03333333333333333
ckz6rva9o0019386ll7e0plel 0 0.6740243375576036 0.12994431643625193 0.0265625 0.03333333333333335
ckz6rvjnr001b386l6bprt2rz 0 0.7294270833333333 0.11666666666666667 0.0265625 0.03333333333333333
ckz6rvlfq001d386lt59x4kz2 0 0.7696397011568124 0.0627892030848329 0.0265625 0.03333333333333333
ckz6rvnb8001f386l63s6p1ys 0 0.7131492077464789 0.6394072769953052 0.0265625 0.03333333333333333
ckz6rvpuj001h386lhrb15el1 0 0.5884132922535211 0.47978286384976526 0.0265625 0.03333333333333333
ckz6rvrjs001j386lscfviwaz 0 0.5006492077464789 0.3835974178403756 0.0265625 0.03333333333333333
ckz6rvtvy001l386li54we947 0 0.20078125 0.625 0.0265625 0.03333333333333333
ckz6rvvx4001n386lwp0hh90g 0 0.015328663793103447 0.21522988505747126 0.0265625 0.03333333333333333
ckz6rvxvs001p386l9u5f2w3s 0 0.0359375 0.20885416666666667 0.0265625 0.03333333333333333
ckz6rvzvz001r386lcw1fqa7h 0 0.750390625 0.9739583333333334 0.0265625 0.03333333333333333
ckz6rw1y9001t386ll8rr5ixq 0 0.66953125 0.961111111111111 0.0265625 0.03333333333333333
ckz6rw3in001v386l6bltg9jj 0 0.73359375 0.8541666666666666 0.0265625 0.03333333333333333
ckz6rw56s001x386l432ih3l6 0 0.9870012555803571 0.7691266741071429 0.025997488839285765 0.03341703869047616
cl4sse7t80004356hlgz3o2fx 0 0.5630208333333333 0.2170138888888889 0.025 0.035416666666666666
cl4ssee0s0008356hd15z4qn8 0 0.58828125 0.11875 0.0296875 0.05
cl4ssegqi000c356hwxoota92 0 0.6015625 0.20625 0.025 0.04583333333333333
cl4sseopo000g356h6ldd8ms6 0 0.38046875 0.7802083333333333 0.0328125 0.035416666666666666
cl4swkq5u0003356p8vuhc7nn 0 0.81953125 0.6739583333333333 0.028125 0.03333333333333333
cl4uq6b5l0003356p4ou3mrfw 0 0.85625 0.22395833333333334 0.0375 0.04375
cl4uqbjp9000b356p2175vvqw 0 0.5145662006578948 0.7160567434210526 0.0421875 0.04375
