ckz3v9nzv00033867jsekqdcl 0 0.26484375 0.4354166666666667 0.0265625 0.0375
ckz6ru2eb0001386lefk6js4m 0 0.23828125 0.5770833333333333 0.0265625 0.0375
ckz6ru3um0003386l39xwv0yk 0 0.24175361055776895 0.85625 0.0265625 0.0375
ckz6ru5610005386l8uoys4lc 0 0.19453125 0.8458333333333333 0.0265625 0.0375
ckz6ru6of0007386lhf2t4dtw 0 0.08359375 0.80625 0.0265625 0.0375
ckz6ru83f0009386lx7517dwf 0 0.013913545719844355 0.7688310635538261 0.0265625 0.0375
ckz6ru99l000b386l18xh2byu 0 0.13515625 0.18958333333333333 0.0265625 0.0375
ckz6rub67000d386ld3mx1dyi 0 0.29546875 0.24666666666666667 0.0265625 0.041666666666666664
ckz6ruchb000f386lxxpeu5na 0 0.24526041666666668 0.15266666666666667 0.0265625 0.0375
ckz6rudsb000h386lkwwvc8dz 0 0.2812162769784173 0.22191996402877698 0.0265625 0.0375
ckz6ruf3e000j386lbyqpxw51 0 0.27131304824561403 0.35756578947368417 0.0265625 0.0375
ckz6rugcj000l386lzjazem8c 0 0.015625 0.5458333333333333 0.028125 0.05
ckz6rui7o000n386lh32dwmkr 0 0.5345179813323573 0.9741489751098097 0.0265625 0.0375
ckz6ruj49000p386lndk3j9jv 0 0.6274221654275093 0.6043060718711276 0.0265625 0.0375
ckz6rup8s000r386lkjotnoh0 0 0.48828125 0.86875 0.0265625 0.0375
ckz6rut1n000v386l8rfix41j 0 0.8430739393408135 0.8559344319775596 0.0265625 0.0375
ckz6ruunj000x386l4qiqzsvd 0 0.8336989393408135 0.9809344319775596 0.0265625 0.0375
ckz6ruw8w000z386lc52x10qx 0 0.8508601420056101 0.7540614773258533 0.0265625 0.0375
ckz6ruzco0013386lo3nqjmle 0 0.828125 0.43645833333333334 0.025 0.03958333333333333
ckz6rv4et0015386le3rdpw93 0 0.8659887079831933 0.409375 0.025 0.03958333333333333
ckz6rva9o0019386ll7e0plel 0 0.6600142045454546 0.19109848484848485 0.0265625 0.03333333333333333
ckz6rvlfq001d386lt59x4kz2 0 0.7663874246987952 0.09066265060240965 0.0265625 0.03333333333333333
ckz6rvnb8001f386l63s6p1ys 0 0.71015625 0.6354166666666666 0.0265625 0.03333333333333333
ckz6rvpuj001h386lhrb15el1 0 0.5584506202290076 0.5479723282442748 0.02948473282442752 0.03333333333333333
ckz6rvrjs001j386lscfviwaz 0 0.4779749586092715 0.4130104856512141 0.0265625 0.03333333333333333
ckz6rvxvs001p386l9u5f2w3s 0 0.663671875 0.5395833333333333 0.028125 0.0375
ckz6rw3in001v386l6bltg9jj 0 0.58671875 0.026041666666666668 0.0265625 0.03333333333333333
ckz6rw56s001x386l432ih3l6 0 0.9673828125 0.8791666666666667 0.0234375 0.035416666666666666
cl4ssee0s0008356hd15z4qn8 0 0.58828125 0.11875 0.0296875 0.05
cl4ssegqi000c356hwxoota92 0 0.6015625 0.20625 0.025 0.04583333333333333
cl4uq6b5l0003356p4ou3mrfw 0 0.85625 0.22395833333333334 0.0375 0.04375
cl4uq7un10007356p14ye3ifb 0 0.89234375 0.160625 0.0328125 0.04375
cl4uqbjp9000b356p2175vvqw 0 0.4948592991504855 0.746437601132686 0.0421875 0.04375
cl4ur3vs8000v356pe031p1yo 0 0.5038767182130585 0.028232388316151203 0.025 0.027083333333333334
cl4uru0kq0013356pt4h9yjm1 0 0.5096827651515151 0.014741161616161617 0.0296875 0.01875
cl4urwkrx0017356pikpviaa9 0 0.36512264784946236 0.03271729390681003 0.0234375 0.027083333333333334
cl53eq6de000f356i3cjd5jif 1 0.57109375 0.13333333333333333 0.0890625 0.1125
cl53eqa7m000l356ivf26125u 1 0.3203125 0.21041666666666667 0.103125 0.09583333333333334
