ckz3v9nzv00033867jsekqdcl 0 0.2741634402654867 0.41825221238938054 0.0265625 0.0375
ckz6ru2eb0001386lefk6js4m 0 0.23828125 0.579900234741784 0.0265625 0.0375
ckz6ru3um0003386l39xwv0yk 0 0.24437720070422536 0.8524941314553991 0.0265625 0.0375
ckz6ru5610005386l8uoys4lc 0 0.19453125 0.8458333333333333 0.0265625 0.0375
ckz6ru6of0007386lhf2t4dtw 0 0.08359375 0.80625 0.0265625 0.0375
ckz6ru83f0009386lx7517dwf 0 0.027893926056338024 0.7293720657276995 0.0265625 0.0375
ckz6ru99l000b386l18xh2byu 0 0.13515625 0.18958333333333333 0.0265625 0.0375
ckz6rub67000d386ld3mx1dyi 0 0.20764678030303033 0.1398358585858586 0.026562500000000024 0.0375
ckz6ruchb000f386lxxpeu5na 0 0.30109375 0.10236111111111111 0.0265625 0.0375
ckz6rudsb000h386lkwwvc8dz 0 0.2844986510791367 0.21754346522781773 0.0265625 0.0375
ckz6ruf3e000j386lbyqpxw51 0 0.31312720070422534 0.3075997652582159 0.0265625 0.0375
ckz6rugcj000l386lzjazem8c 0 0.35546875 0.22291666666666668 0.0265625 0.041666666666666664
ckz6rui7o000n386lh32dwmkr 0 0.5781360035211268 0.8832159624413145 0.0265625 0.0375
ckz6ruj49000p386lndk3j9jv 0 0.6444860910404624 0.5660223988439307 0.0265625 0.0375
ckz6rup8s000r386lkjotnoh0 0 0.48828125 0.86875 0.0265625 0.0375
ckz6rurv1000t386llsdca8lh 0 0.64609375 0.8208333333333333 0.0234375 0.0375
ckz6rut1n000v386l8rfix41j 0 0.8481931539270688 0.8405767882187938 0.0265625 0.0375
ckz6ruunj000x386l4qiqzsvd 0 0.8388181539270688 0.9655767882187938 0.0265625 0.0375
ckz6ruw8w000z386lc52x10qx 0 0.8546995529453015 0.748942262739598 0.0265625 0.0375
ckz6ruxwl0011386lwhdpziws 0 0.9671875 0.7927083333333333 0.0265625 0.04375
ckz6ruzco0013386lo3nqjmle 0 0.828125 0.43645833333333334 0.025 0.03958333333333333
ckz6rv4et0015386le3rdpw93 0 0.8682891281512605 0.409375 0.025 0.03958333333333333
ckz6rv5s20017386lyas5kerj 0 0.65703125 0.146875 0.0234375 0.035416666666666666
ckz6rva9o0019386ll7e0plel 0 0.671691388248848 0.13927611367127496 0.0265625 0.03333333333333335
ckz6rvlfq001d386lt59x4kz2 0 0.7709411150385603 0.06625964010282775 0.0265625 0.033333333333333326
ckz6rvnb8001f386l63s6p1ys 0 0.7115647007042254 0.6372946009389672 0.0265625 0.03333333333333333
ckz6rvpuj001h386lhrb15el1 0 0.5899977992957746 0.48717723004694835 0.0265625 0.03333333333333333
ckz6rvrjs001j386lscfviwaz 0 0.4990647007042254 0.3867664319248826 0.0265625 0.03333333333333333
ckz6rvtvy001l386li54we947 0 0.02734375 0.48541666666666666 0.0296875 0.0375
ckz6rvvx4001n386lwp0hh90g 0 0.01604817708333333 0.2302734375 0.0265625 0.03333333333333333
ckz6rvxvs001p386l9u5f2w3s 0 0.13307291666666668 0.3079861111111111 0.028125 0.0375
ckz6rw3in001v386l6bltg9jj 0 0.75390625 0.71875 0.0265625 0.03333333333333333
ckz6rw56s001x386l432ih3l6 0 0.9903913225446429 0.7736467633928572 0.019217354910714236 0.03442150297619051
cl4sse7t80004356hlgz3o2fx 0 0.63671875 0.409375 0.025 0.035416666666666666
cl4ssee0s0008356hd15z4qn8 0 0.58828125 0.11875 0.0296875 0.05
cl4ssegqi000c356hwxoota92 0 0.6015625 0.20625 0.025 0.04583333333333333
cl4sseopo000g356h6ldd8ms6 0 0.28828125 0.6270833333333333 0.0390625 0.041666666666666664
cl4swkq5u0003356p8vuhc7nn 0 0.5203125 0.5760416666666667 0.028125 0.035416666666666666
cl4uq6b5l0003356p4ou3mrfw 0 0.85625 0.22395833333333334 0.0375 0.04375
cl4uqbjp9000b356p2175vvqw 0 0.5112356085526316 0.7212376644736842 0.0421875 0.04375
cl53eq6de000f356i3cjd5jif 1 0.57109375 0.13333333333333333 0.0890625 0.1125
cl53eqa7m000l356ivf26125u 1 0.3203125 0.21041666666666667 0.103125 0.09583333333333334
