ckz3v9nzv00033867jsekqdcl 0 0.2724903207964602 0.424201081612586 0.0265625 0.0375
ckz6ru2eb0001386lefk6js4m 0 0.23828125 0.5770833333333333 0.0265625 0.0375
ckz6ru3um0003386l39xwv0yk 0 0.24290649900398406 0.85625 0.0265625 0.0375
ckz6ru5610005386l8uoys4lc 0 0.19453125 0.8458333333333333 0.0265625 0.0375
ckz6ru6of0007386lhf2t4dtw 0 0.08359375 0.80625 0.0265625 0.0375
ckz6ru83f0009386lx7517dwf 0 0.025173273346303503 0.7331752594033722 0.0265625 0.0375
ckz6ru99l000b386l18xh2byu 0 0.13515625 0.18958333333333333 0.0265625 0.0375
ckz6rub67000d386ld3mx1dyi 0 0.21901041666666665 0.17847222222222223 0.0265625 0.0375
ckz6ruchb000f386lxxpeu5na 0 0.28621363146551726 0.11150323275862069 0.0265625 0.0375
ckz6rudsb000h386lkwwvc8dz 0 0.2838185701438849 0.21845023980815348 0.0265625 0.0375
ckz6ruf3e000j386lbyqpxw51 0 0.30935927013422815 0.31216442953020135 0.0265625 0.0375
ckz6rugcj000l386lzjazem8c 0 0.32135416666666666 0.38645833333333335 0.0265625 0.041666666666666664
ckz6rui7o000n386lh32dwmkr 0 0.5694661458333333 0.8970920138888889 0.0265625 0.0375
ckz6ruj49000p386lndk3j9jv 0 0.6412075505780347 0.5696652215799615 0.0265625 0.0375
ckz6rup8s000r386lkjotnoh0 0 0.48828125 0.86875 0.0265625 0.0375
ckz6rurv1000t386llsdca8lh 0 0.8658854166666666 0.8333333333333334 0.0234375 0.0375
ckz6rut1n000v386l8rfix41j 0 0.847132494740533 0.8437587657784011 0.0265625 0.0375
ckz6ruunj000x386l4qiqzsvd 0 0.8377574947405331 0.9687587657784011 0.0265625 0.0375
ckz6ruw8w000z386lc52x10qx 0 0.8539040585553996 0.7500029219261337 0.0265625 0.0375
ckz6ruzco0013386lo3nqjmle 0 0.828125 0.43645833333333334 0.025 0.03958333333333333
ckz6rv4et0015386le3rdpw93 0 0.8678125 0.409375 0.025 0.03958333333333333
ckz6rv5s20017386lyas5kerj 0 0.5934895833333333 0.05555555555555555 0.0234375 0.02916666666666666
ckz6rva9o0019386ll7e0plel 0 0.6689998734817814 0.15021929824561403 0.0265625 0.03333333333333333
ckz6rvlfq001d386lt59x4kz2 0 0.7723991805912596 0.0701478149100257 0.0265625 0.033333333333333326
ckz6rvnb8001f386l63s6p1ys 0 0.71015625 0.6354166666666666 0.0265625 0.03333333333333333
ckz6rvpuj001h386lhrb15el1 0 0.5902314379699248 0.4957080200501253 0.0265625 0.03333333333333333
ckz6rvrjs001j386lscfviwaz 0 0.49765625 0.3923245614035088 0.0265625 0.03333333333333333
ckz6rvvx4001n386lwp0hh90g 0 0.01328125 0.2520833333333333 0.0265625 0.03333333333333333
ckz6rvxvs001p386l9u5f2w3s 0 0.240625 0.37916666666666665 0.028125 0.0375
ckz6rw3in001v386l6bltg9jj 0 0.76796875 0.575 0.0265625 0.03333333333333333
ckz6rw56s001x386l432ih3l6 0 0.9934461805555556 0.7825810185185186 0.0125 0.035416666666666666
cl4sse7t80004356hlgz3o2fx 0 0.690625 0.601388888888889 0.025 0.03333333333333333
cl4ssee0s0008356hd15z4qn8 0 0.58828125 0.11875 0.0296875 0.05
cl4ssegqi000c356hwxoota92 0 0.6015625 0.20625 0.025 0.04583333333333333
cl4sseopo000g356h6ldd8ms6 0 0.25655048076923076 0.48653846153846153 0.0359375 0.04583333333333333
cl4swkq5u0003356p8vuhc7nn 0 0.16328125 0.3875 0.0328125 0.0375
cl4uq6b5l0003356p4ou3mrfw 0 0.85625 0.22395833333333334 0.0375 0.04375
cl4uqbjp9000b356p2175vvqw 0 0.5075041118421052 0.7270422149122807 0.0421875 0.04375
cl53eq6de000f356i3cjd5jif 1 0.57109375 0.13333333333333333 0.0890625 0.1125
cl53eqa7m000l356ivf26125u 1 0.3203125 0.21041666666666667 0.103125 0.09583333333333334
