ckz3v9nzv00033867jsekqdcl 0 0.26828537995594715 0.4319750367107195 0.0265625 0.0375
ckz6ru2eb0001386lefk6js4m 0 0.23828125 0.5770833333333333 0.0265625 0.0375
ckz6ru3um0003386l39xwv0yk 0 0.24240102091633467 0.85625 0.0265625 0.0375
ckz6ru5610005386l8uoys4lc 0 0.19453125 0.8458333333333333 0.0265625 0.0375
ckz6ru6of0007386lhf2t4dtw 0 0.08359375 0.80625 0.0265625 0.0375
ckz6ru83f0009386lx7517dwf 0 0.020236502918287935 0.7488083657587549 0.0265625 0.0375
ckz6ru99l000b386l18xh2byu 0 0.13515625 0.18958333333333333 0.0265625 0.0375
ckz6rub67000d386ld3mx1dyi 0 0.22578125 0.19166666666666668 0.0265625 0.041666666666666664
ckz6ruchb000f386lxxpeu5na 0 0.26220703125 0.128515625 0.0265625 0.0375
ckz6rudsb000h386lkwwvc8dz 0 0.2826776079136691 0.21997152278177456 0.0265625 0.0375
ckz6ruf3e000j386lbyqpxw51 0 0.29126307270916335 0.3293575697211155 0.0265625 0.0375
ckz6rugcj000l386lzjazem8c 0 0.16979166666666667 0.5361111111111111 0.028125 0.045833333333333275
ckz6rui7o000n386lh32dwmkr 0 0.5490531870860927 0.9427290286975718 0.0265625 0.0375
ckz6ruj49000p386lndk3j9jv 0 0.63828125 0.5783143939393939 0.0265625 0.0375
ckz6rup8s000r386lkjotnoh0 0 0.48828125 0.86875 0.0265625 0.0375
ckz6rut1n000v386l8rfix41j 0 0.8453530417251052 0.8490971248246845 0.0265625 0.0375
ckz6ruunj000x386l4qiqzsvd 0 0.8359780417251053 0.9740971248246845 0.0265625 0.0375
ckz6ruw8w000z386lc52x10qx 0 0.8525694687938289 0.7517823749415614 0.0265625 0.0375
ckz6ruzco0013386lo3nqjmle 0 0.828125 0.43645833333333334 0.025 0.03958333333333333
ckz6rv4et0015386le3rdpw93 0 0.8670128676470588 0.409375 0.025 0.03958333333333333
ckz6rva9o0019386ll7e0plel 0 0.663863233805668 0.1724780701754386 0.0265625 0.03333333333333333
ckz6rvlfq001d386lt59x4kz2 0 0.7729135291164659 0.07761044176706827 0.0265625 0.03333333333333333
ckz6rvnb8001f386l63s6p1ys 0 0.71015625 0.6354166666666666 0.0265625 0.03333333333333333
ckz6rvpuj001h386lhrb15el1 0 0.5797585227272728 0.5167613636363637 0.0265625 0.033333333333333395
ckz6rvrjs001j386lscfviwaz 0 0.49188047178988326 0.40493677042801557 0.0265625 0.03333333333333333
ckz6rvvx4001n386lwp0hh90g 0 0.0078125 0.2875 0.015625 0.03333333333333333
ckz6rvxvs001p386l9u5f2w3s 0 0.4203125 0.4375 0.028125 0.0375
ckz6rw3in001v386l6bltg9jj 0 0.77109375 0.25625 0.0265625 0.03333333333333333
ckz6rw56s001x386l432ih3l6 0 0.9813170770202021 0.8315551346801348 0.02050978535353547 0.035416666666666666
cl4sse7t80004356hlgz3o2fx 0 0.821875 0.96875 0.0328125 0.041666666666666664
cl4ssee0s0008356hd15z4qn8 0 0.58828125 0.11875 0.0296875 0.05
cl4ssegqi000c356hwxoota92 0 0.6015625 0.20625 0.025 0.04583333333333333
cl4sseopo000g356h6ldd8ms6 0 0.07213541666666666 0.20833333333333334 0.0359375 0.04583333333333333
cl4uq6b5l0003356p4ou3mrfw 0 0.85625 0.22395833333333334 0.0375 0.04375
cl4uqbjp9000b356p2175vvqw 0 0.5012438322368421 0.736780427631579 0.0421875 0.04375
cl4ur3vs8000v356pe031p1yo 0 0.49952380952380954 0.02006283068783069 0.025 0.027083333333333334
cl4urtjol000z356puo72ztp3 0 0.32048611111111114 0.09513888888888888 0.028125 0.0375
cl4uru0kq0013356pt4h9yjm1 0 0.5219933712121212 0.010637626262626262 0.0296875 0.01875
cl4urwkrx0017356pikpviaa9 0 0.37417410714285715 0.010498511904761905 0.0234375 0.020877976190476193
cl53eq6de000f356i3cjd5jif 1 0.57109375 0.13333333333333333 0.0890625 0.1125
cl53eqa7m000l356ivf26125u 1 0.3203125 0.21041666666666667 0.103125 0.09583333333333334
