ckz3v9nzv00033867jsekqdcl 0 0.26509154735682816 0.43516886930983845 0.0265625 0.0375
ckz6ru2eb0001386lefk6js4m 0 0.23828125 0.5770833333333333 0.0265625 0.0375
ckz6ru3um0003386l39xwv0yk 0 0.2421121762948207 0.85625 0.0265625 0.0375
ckz6ru5610005386l8uoys4lc 0 0.19453125 0.8458333333333333 0.0265625 0.0375
ckz6ru6of0007386lhf2t4dtw 0 0.08359375 0.80625 0.0265625 0.0375
ckz6ru83f0009386lx7517dwf 0 0.017415491245136187 0.7577415693904022 0.0265625 0.0375
ckz6ru99l000b386l18xh2byu 0 0.13515625 0.18958333333333333 0.0265625 0.0375
ckz6rub67000d386ld3mx1dyi 0 0.24765625 0.20833333333333334 0.0265625 0.041666666666666664
ckz6ruchb000f386lxxpeu5na 0 0.2537109375 0.13984375 0.0265625 0.0375
ckz6rudsb000h386lkwwvc8dz 0 0.28202562949640286 0.2208408273381295 0.0265625 0.0375
ckz6ruf3e000j386lbyqpxw51 0 0.2818756225099602 0.34187416998671977 0.0265625 0.0375
ckz6rugcj000l386lzjazem8c 0 0.12834821428571427 0.5264880952380953 0.028125 0.05
ckz6rui7o000n386lh32dwmkr 0 0.53779296875 0.9648292824074074 0.0265625 0.0375
ckz6ruj49000p386lndk3j9jv 0 0.6336003707627118 0.5898658192090396 0.0265625 0.0375
ckz6rup8s000r386lkjotnoh0 0 0.48828125 0.86875 0.0265625 0.0375
ckz6rut1n000v386l8rfix41j 0 0.8443362114305751 0.8521476157082748 0.0265625 0.0375
ckz6ruunj000x386l4qiqzsvd 0 0.8349612114305751 0.9771476157082748 0.0265625 0.0375
ckz6ruw8w000z386lc52x10qx 0 0.8518068460729312 0.7527992052360916 0.0265625 0.0375
ckz6ruzco0013386lo3nqjmle 0 0.828125 0.43645833333333334 0.025 0.03958333333333333
ckz6rv4et0015386le3rdpw93 0 0.8665559348739496 0.409375 0.025 0.03958333333333333
ckz6rva9o0019386ll7e0plel 0 0.6620231331168831 0.1808712121212121 0.0265625 0.03333333333333333
ckz6rvlfq001d386lt59x4kz2 0 0.7700018825301205 0.08343373493975904 0.0265625 0.03333333333333333
ckz6rvnb8001f386l63s6p1ys 0 0.71015625 0.6354166666666666 0.0265625 0.03333333333333333
ckz6rvpuj001h386lhrb15el1 0 0.5704735209923664 0.5307967557251909 0.027767175572519155 0.033333333333333395
ckz6rvrjs001j386lscfviwaz 0 0.48482794260700385 0.4058771076523995 0.0265625 0.03333333333333333
ckz6rvvx4001n386lwp0hh90g 0 0.00546875 0.30520833333333336 0.0109375 0.035416666666666666
ckz6rvxvs001p386l9u5f2w3s 0 0.53515625 0.471875 0.028125 0.0375
ckz6rw3in001v386l6bltg9jj 0 0.73359375 0.10902777777777778 0.0265625 0.03333333333333333
ckz6rw56s001x386l432ih3l6 0 0.9761577560240964 0.8537776104417671 0.0234375 0.035416666666666666
cl4ssee0s0008356hd15z4qn8 0 0.58828125 0.11875 0.0296875 0.05
cl4ssegqi000c356hwxoota92 0 0.6015625 0.20625 0.025 0.04583333333333333
cl4sseopo000g356h6ldd8ms6 0 0.03125 0.019010416666666665 0.0265625 0.03125
cl4uq6b5l0003356p4ou3mrfw 0 0.85625 0.22395833333333334 0.0375 0.04375
cl4uq7un10007356p14ye3ifb 0 0.969140625 0.2989583333333333 0.02421875 0.0375
cl4uqbjp9000b356p2175vvqw 0 0.4976665296052632 0.742345120614035 0.0421875 0.04375
cl4ur3vs8000v356pe031p1yo 0 0.5029761904761905 0.02313161375661376 0.025 0.027083333333333338
cl4urtjol000z356puo72ztp3 0 0.19609375 0.28177083333333336 0.028125 0.0375
cl4uru0kq0013356pt4h9yjm1 0 0.516500946969697 0.012468434343434342 0.0296875 0.01875
cl4urwkrx0017356pikpviaa9 0 0.36899553571428567 0.019992559523809524 0.0234375 0.02605654761904762
cl53eq6de000f356i3cjd5jif 1 0.57109375 0.13333333333333333 0.0890625 0.1125
cl53eqa7m000l356ivf26125u 1 0.3203125 0.21041666666666667 0.103125 0.09583333333333334
