ckz3v9nzv00033867jsekqdcl 0 0.26484375 0.4354166666666667 0.0265625 0.0375
ckz6ru2eb0001386lefk6js4m 0 0.23828125 0.5770833333333333 0.0265625 0.0375
ckz6ru3um0003386l39xwv0yk 0 0.24102402888446214 0.85625 0.0265625 0.0375
ckz6ru5610005386l8uoys4lc 0 0.19453125 0.8458333333333333 0.0265625 0.0375
ckz6ru6of0007386lhf2t4dtw 0 0.08359375 0.80625 0.0265625 0.0375
ckz6ru83f0009386lx7517dwf 0 0.0056463068181818185 0.8049715909090909 0.011292613636363637 0.03285984848484844
ckz6ru99l000b386l18xh2byu 0 0.13515625 0.18958333333333333 0.0265625 0.0375
ckz6rub67000d386ld3mx1dyi 0 0.31155427631578947 0.22105263157894736 0.0265625 0.041666666666666664
ckz6ruchb000f386lxxpeu5na 0 0.23915625000000001 0.17220000000000002 0.0265625 0.0375
ckz6rudsb000h386lkwwvc8dz 0 0.2747310450819672 0.23493852459016393 0.0265625 0.0375
ckz6ruf3e000j386lbyqpxw51 0 0.24281184623430963 0.3743375174337517 0.0265625 0.0375
ckz6rui7o000n386lh32dwmkr 0 0.5371991672767203 0.9777238897022937 0.0265625 0.0375
ckz6ruj49000p386lndk3j9jv 0 0.6299750232342007 0.6088444857496902 0.0265625 0.0375
ckz6rup8s000r386lkjotnoh0 0 0.48828125 0.86875 0.0265625 0.0375
ckz6rut1n000v386l8rfix41j 0 0.84296875 0.85625 0.0265625 0.0375
ckz6ruunj000x386l4qiqzsvd 0 0.83359375 0.98125 0.0265625 0.0375
ckz6ruw8w000z386lc52x10qx 0 0.8435173483455882 0.7541666666666667 0.0265625 0.0375
ckz6ruzco0013386lo3nqjmle 0 0.828125 0.43645833333333334 0.025 0.03958333333333333
ckz6rv4et0015386le3rdpw93 0 0.8648345588235294 0.409375 0.025 0.03958333333333333
ckz6rva9o0019386ll7e0plel 0 0.636625 0.23366666666666666 0.0265625 0.03333333333333333
ckz6rvlfq001d386lt59x4kz2 0 0.7583240799492386 0.10452622673434855 0.0265625 0.03333333333333333
ckz6rvnb8001f386l63s6p1ys 0 0.71015625 0.6354166666666666 0.0265625 0.03333333333333333
ckz6rvpuj001h386lhrb15el1 0 0.5285472972972973 0.5914132882882883 0.0296875 0.03333333333333333
ckz6rvrjs001j386lscfviwaz 0 0.46499660326086956 0.4331295289855072 0.0265625 0.03333333333333333
ckz6rvxvs001p386l9u5f2w3s 0 0.870703125 0.3802083333333333 0.028125 0.0375
ckz6rw56s001x386l432ih3l6 0 0.9408854166666666 0.9527777777777777 0.0234375 0.035416666666666666
cl4ssee0s0008356hd15z4qn8 0 0.58828125 0.11875 0.0296875 0.05
cl4ssegqi000c356hwxoota92 0 0.6015625 0.20625 0.025 0.04583333333333333
cl4uq6b5l0003356p4ou3mrfw 0 0.85625 0.22395833333333334 0.0375 0.04375
cl4uqbjp9000b356p2175vvqw 0 0.4909701152912621 0.7516231796116505 0.0421875 0.04375
cl4uqf5bj000f356p05tutl57 0 0.9275390625 0.5315104166666667 0.0296875 0.03958333333333333
cl4uqu10i000j356pw85hd2yi 0 0.1455965909090909 0.9715909090909091 0.0203125 0.03125
cl4ur3vs8000v356pe031p1yo 0 0.4856072651663405 0.04523197977821266 0.025 0.027083333333333338
cl4uru0kq0013356pt4h9yjm1 0 0.507234251968504 0.022416338582677168 0.0296875 0.03125000000000001
cl4urwkrx0017356pikpviaa9 0 0.3582308467741936 0.0589717741935484 0.0234375 0.02708333333333334
cl53eq6de000f356i3cjd5jif 1 0.57109375 0.13333333333333333 0.0890625 0.1125
cl53eqa7m000l356ivf26125u 1 0.3203125 0.21041666666666667 0.103125 0.09583333333333334
