ckz3v9nzv00033867jsekqdcl 0 0.26484375 0.4354166666666667 0.0265625 0.0375
ckz6ru2eb0001386lefk6js4m 0 0.23828125 0.5770833333333333 0.0265625 0.0375
ckz6ru3um0003386l39xwv0yk 0 0.24196775398406375 0.85625 0.0265625 0.0375
ckz6ru5610005386l8uoys4lc 0 0.19453125 0.8458333333333333 0.0265625 0.0375
ckz6ru6of0007386lhf2t4dtw 0 0.08359375 0.80625 0.0265625 0.0375
ckz6ru83f0009386lx7517dwf 0 0.016004985408560313 0.7622081712062256 0.0265625 0.0375
ckz6ru99l000b386l18xh2byu 0 0.13515625 0.18958333333333333 0.0265625 0.0375
ckz6rub67000d386ld3mx1dyi 0 0.26421875 0.22916666666666666 0.0265625 0.041666666666666664
ckz6ruchb000f386lxxpeu5na 0 0.249462890625 0.1455078125 0.0265625 0.0375
ckz6rudsb000h386lkwwvc8dz 0 0.2816996402877698 0.22127547961630695 0.0265625 0.0375
ckz6ruf3e000j386lbyqpxw51 0 0.2772066885964912 0.3481359649122807 0.0265625 0.0375
ckz6rugcj000l386lzjazem8c 0 0.08671875 0.5635416666666667 0.028125 0.05
ckz6rui7o000n386lh32dwmkr 0 0.5337310120790629 0.9730996827720839 0.0265625 0.0375
ckz6ruj49000p386lndk3j9jv 0 0.6309123411016949 0.5960098870056497 0.0265625 0.0375
ckz6rup8s000r386lkjotnoh0 0 0.48828125 0.86875 0.0265625 0.0375
ckz6rut1n000v386l8rfix41j 0 0.84382779628331 0.8536728611500701 0.0265625 0.0375
ckz6ruunj000x386l4qiqzsvd 0 0.8344527962833099 0.9786728611500701 0.0265625 0.0375
ckz6ruw8w000z386lc52x10qx 0 0.8514255347124825 0.7533076203833567 0.0265625 0.0375
ckz6ruzco0013386lo3nqjmle 0 0.828125 0.43645833333333334 0.025 0.03958333333333333
ckz6rv4et0015386le3rdpw93 0 0.866327468487395 0.409375 0.025 0.03958333333333333
ckz6rva9o0019386ll7e0plel 0 0.661238501082251 0.1845328282828283 0.0265625 0.03333333333333333
ckz6rvlfq001d386lt59x4kz2 0 0.7685460592369477 0.08634538152610442 0.0265625 0.03333333333333333
ckz6rvnb8001f386l63s6p1ys 0 0.71015625 0.6354166666666666 0.0265625 0.03333333333333333
ckz6rvpuj001h386lhrb15el1 0 0.5656309637404581 0.5377146946564885 0.028458969465648833 0.03333333333333328
ckz6rvrjs001j386lscfviwaz 0 0.48153456125827815 0.4070778145695364 0.0265625 0.03333333333333333
ckz6rvxvs001p386l9u5f2w3s 0 0.6078125 0.5258333333333333 0.028125 0.03749999999999994
ckz6rw3in001v386l6bltg9jj 0 0.673046875 0.08020833333333334 0.0265625 0.03333333333333333
ckz6rw56s001x386l432ih3l6 0 0.9750200320512821 0.8623664529914531 0.0234375 0.035416666666666666
cl4ssee0s0008356hd15z4qn8 0 0.58828125 0.11875 0.0296875 0.05
cl4ssegqi000c356hwxoota92 0 0.6015625 0.20625 0.025 0.04583333333333333
cl4uq6b5l0003356p4ou3mrfw 0 0.85625 0.22395833333333334 0.0375 0.04375
cl4uq7un10007356p14ye3ifb 0 0.9184895833333334 0.25069444444444444 0.0328125 0.0416666666666667
cl4uqbjp9000b356p2175vvqw 0 0.4960008343446602 0.7449155542071197 0.0421875 0.04375
cl4ur3vs8000v356pe031p1yo 0 0.504702380952381 0.024666005291005287 0.025 0.02708333333333333
cl4urtjol000z356puo72ztp3 0 0.10171875 0.288125 0.029687499999999988 0.03958333333333333
cl4uru0kq0013356pt4h9yjm1 0 0.5137547348484849 0.013383838383838383 0.0296875 0.01875
cl4urwkrx0017356pikpviaa9 0 0.36714549731182794 0.025011200716845875 0.0234375 0.02708333333333333
cl4urzbou001b356p2c0bz1ci 0 0.0796875 0.0625 0.0296875 0.03333333333333333
cl53eq6de000f356i3cjd5jif 1 0.57109375 0.13333333333333333 0.0890625 0.1125
cl53eqa7m000l356ivf26125u 1 0.3203125 0.21041666666666667 0.103125 0.09583333333333334
