ckz3v9nzv00033867jsekqdcl 0 0.27514518805309734 0.41476155358898725 0.0265625 0.0375
ckz6ru2eb0001386lefk6js4m 0 0.23828125 0.5819835680751173 0.0265625 0.0375
ckz6ru3um0003386l39xwv0yk 0 0.245418867370892 0.8497163536776213 0.0265625 0.0375
ckz6ru5610005386l8uoys4lc 0 0.19453125 0.8458333333333333 0.0265625 0.0375
ckz6ru6of0007386lhf2t4dtw 0 0.08359375 0.80625 0.0265625 0.0375
ckz6ru83f0009386lx7517dwf 0 0.029456426056338025 0.7279831768388106 0.0265625 0.0375
ckz6ru99l000b386l18xh2byu 0 0.13515625 0.18958333333333333 0.0265625 0.0375
ckz6rub67000d386ld3mx1dyi 0 0.19481534090909092 0.12613636363636363 0.0265625 0.0375
ckz6ruchb000f386lxxpeu5na 0 0.3094192216981132 0.09736635220125786 0.0265625 0.0375
ckz6rudsb000h386lkwwvc8dz 0 0.28489770683453236 0.21701139088729018 0.0265625 0.0375
ckz6ruf3e000j386lbyqpxw51 0 0.314168867370892 0.3055164319248826 0.0265625 0.0375
ckz6rugcj000l386lzjazem8c 0 0.41015625 0.13125 0.0265625 0.041666666666666664
ckz6rui7o000n386lh32dwmkr 0 0.5833443368544601 0.8769659624413145 0.0265625 0.0375
ckz6ruj49000p386lndk3j9jv 0 0.6464098627167629 0.5638848747591522 0.0265625 0.0375
ckz6rup8s000r386lkjotnoh0 0 0.48828125 0.86875 0.0265625 0.0375
ckz6rurv1000t386llsdca8lh 0 0.51953125 0.78125 0.0265625 0.0375
ckz6rut1n000v386l8rfix41j 0 0.8488155241935484 0.8387096774193548 0.0265625 0.0375
ckz6ruunj000x386l4qiqzsvd 0 0.8394405241935484 0.9637096774193548 0.0265625 0.0375
ckz6ruw8w000z386lc52x10qx 0 0.8551663306451612 0.7483198924731183 0.0265625 0.0375
ckz6ruxwl0011386lwhdpziws 0 0.89453125 0.703125 0.0265625 0.0375
ckz6ruzco0013386lo3nqjmle 0 0.828125 0.43645833333333334 0.025 0.03958333333333333
ckz6rv4et0015386le3rdpw93 0 0.8685688025210083 0.409375 0.025 0.03958333333333333
ckz6rv5s20017386lyas5kerj 0 0.6893229166666667 0.17430555555555557 0.0234375 0.03333333333333333
ckz6rva9o0019386ll7e0plel 0 0.67322508640553 0.13314132104454685 0.0265625 0.03333333333333333
ckz6rvlfq001d386lt59x4kz2 0 0.7700855559125964 0.06397814910025708 0.0265625 0.03333333333333334
ckz6rvnb8001f386l63s6p1ys 0 0.712606367370892 0.638683489827856 0.0265625 0.03333333333333333
ckz6rvpuj001h386lhrb15el1 0 0.588956132629108 0.48231611893583726 0.0265625 0.03333333333333333
ckz6rvrjs001j386lscfviwaz 0 0.500106367370892 0.38468309859154926 0.0265625 0.03333333333333333
ckz6rvtvy001l386li54we947 0 0.14984375 0.5549999999999999 0.028437500000000004 0.03583333333333331
ckz6rvvx4001n386lwp0hh90g 0 0.017322198275862066 0.21788793103448276 0.0265625 0.03333333333333333
ckz6rvxvs001p386l9u5f2w3s 0 0.07265625 0.23125 0.0265625 0.03333333333333333
ckz6rw3in001v386l6bltg9jj 0 0.746484375 0.8171875 0.0265625 0.03333333333333333
ckz6rw56s001x386l432ih3l6 0 0.9881626674107142 0.7706752232142856 0.023674665178571353 0.03376116071428577
cl4sse7t80004356hlgz3o2fx 0 0.5694196428571429 0.29122023809523806 0.025 0.035416666666666666
cl4ssee0s0008356hd15z4qn8 0 0.58828125 0.11875 0.0296875 0.05
cl4ssegqi000c356hwxoota92 0 0.6015625 0.20625 0.025 0.04583333333333333
cl4sseopo000g356h6ldd8ms6 0 0.33984375 0.7291666666666666 0.0390625 0.041666666666666664
cl4swkq5u0003356p8vuhc7nn 0 0.73828125 0.5822916666666667 0.028125 0.035416666666666666
cl4uq6b5l0003356p4ou3mrfw 0 0.85625 0.22395833333333334 0.0375 0.04375
cl4uqbjp9000b356p2175vvqw 0 0.5134251644736842 0.7178316885964912 0.0421875 0.04375
