ckz3v9nzv00033867jsekqdcl 0 0.26729419052863435 0.4329662261380323 0.0265625 0.0375
ckz6ru2eb0001386lefk6js4m 0 0.23828125 0.5770833333333333 0.0265625 0.0375
ckz6ru3um0003386l39xwv0yk 0 0.2423113794820717 0.85625 0.0265625 0.0375
ckz6ru5610005386l8uoys4lc 0 0.19453125 0.8458333333333333 0.0265625 0.0375
ckz6ru6of0007386lhf2t4dtw 0 0.08359375 0.80625 0.0265625 0.0375
ckz6ru83f0009386lx7517dwf 0 0.01936101653696498 0.7515807392996109 0.0265625 0.0375
ckz6ru99l000b386l18xh2byu 0 0.13515625 0.18958333333333333 0.0265625 0.0375
ckz6rub67000d386ld3mx1dyi 0 0.23019301470588233 0.1866421568627451 0.0265625 0.041666666666666664
ckz6ruchb000f386lxxpeu5na 0 0.2595703125 0.13203125 0.0265625 0.0375
ckz6rudsb000h386lkwwvc8dz 0 0.2824752697841727 0.22024130695443647 0.0265625 0.0375
ckz6ruf3e000j386lbyqpxw51 0 0.2883497260956175 0.33324203187251 0.0265625 0.0375
ckz6rugcj000l386lzjazem8c 0 0.16302083333333334 0.5305555555555556 0.028125 0.05000000000000006
ckz6rui7o000n386lh32dwmkr 0 0.54560546875 0.9497829861111111 0.0265625 0.0375
ckz6ruj49000p386lndk3j9jv 0 0.637307997881356 0.581391242937853 0.0265625 0.0375
ckz6rup8s000r386lkjotnoh0 0 0.48828125 0.86875 0.0265625 0.0375
ckz6rut1n000v386l8rfix41j 0 0.8450374737026648 0.8500438288920056 0.0265625 0.0375
ckz6ruunj000x386l4qiqzsvd 0 0.8356624737026648 0.9750438288920056 0.0265625 0.0375
ckz6ruw8w000z386lc52x10qx 0 0.8523327927769986 0.7520979429640018 0.0265625 0.0375
ckz6ruzco0013386lo3nqjmle 0 0.828125 0.43645833333333334 0.025 0.03958333333333333
ckz6rv4et0015386le3rdpw93 0 0.8668710609243698 0.409375 0.025 0.03958333333333333
ckz6rva9o0019386ll7e0plel 0 0.6631053841991342 0.17582070707070707 0.0265625 0.03333333333333333
ckz6rvlfq001d386lt59x4kz2 0 0.7720099146586346 0.07941767068273092 0.0265625 0.033333333333333326
ckz6rvnb8001f386l63s6p1ys 0 0.71015625 0.6354166666666666 0.0265625 0.03333333333333333
ckz6rvpuj001h386lhrb15el1 0 0.5771529103053435 0.5212547709923664 0.02681297709923669 0.03333333333333333
ckz6rvrjs001j386lscfviwaz 0 0.4896917558365759 0.4052285992217899 0.0265625 0.03333333333333333
ckz6rvvx4001n386lwp0hh90g 0 0.007015625 0.2935208333333333 0.01403125 0.03404166666666667
ckz6rvxvs001p386l9u5f2w3s 0 0.4400390625 0.41119791666666666 0.028125 0.0375
ckz6rw3in001v386l6bltg9jj 0 0.7328125 0.21458333333333332 0.0265625 0.03333333333333333
ckz6rw56s001x386l432ih3l6 0 0.9786182133838384 0.8391308922558923 0.022498421717171625 0.035416666666666666
cl4ssee0s0008356hd15z4qn8 0 0.58828125 0.11875 0.0296875 0.05
cl4ssegqi000c356hwxoota92 0 0.6015625 0.20625 0.025 0.04583333333333333
cl4sseopo000g356h6ldd8ms6 0 0.08359375 0.134375 0.0296875 0.03958333333333333
cl4uq6b5l0003356p4ou3mrfw 0 0.85625 0.22395833333333334 0.0375 0.04375
cl4uqbjp9000b356p2175vvqw 0 0.5001336348684211 0.7385074013157895 0.0421875 0.04375
cl4ur3vs8000v356pe031p1yo 0 0.5005952380952381 0.021015211640211643 0.025 0.027083333333333338
cl4urtjol000z356puo72ztp3 0 0.30520833333333336 0.1736111111111111 0.028125 0.0375
cl4uru0kq0013356pt4h9yjm1 0 0.5202888257575757 0.011205808080808082 0.0296875 0.01875
cl4urwkrx0017356pikpviaa9 0 0.3725669642857143 0.013444940476190475 0.0234375 0.02248511904761905
cl53eq6de000f356i3cjd5jif 1 0.57109375 0.13333333333333333 0.0890625 0.1125
cl53eqa7m000l356ivf26125u 1 0.3203125 0.21041666666666667 0.103125 0.09583333333333334
