ckz3v9nzv00033867jsekqdcl 0 0.27526963495575224 0.414319075712881 0.0265625 0.0375
ckz6ru2eb0001386lefk6js4m 0 0.23828125 0.5822476525821596 0.0265625 0.0375
ckz6ru3um0003386l39xwv0yk 0 0.24555090962441314 0.8493642410015649 0.0265625 0.0375
ckz6ru5610005386l8uoys4lc 0 0.19453125 0.8458333333333333 0.0265625 0.0375
ckz6ru6of0007386lhf2t4dtw 0 0.08359375 0.80625 0.0265625 0.0375
ckz6ru83f0009386lx7517dwf 0 0.02965448943661972 0.7278071205007826 0.0265625 0.0375
ckz6ru99l000b386l18xh2byu 0 0.13515625 0.18958333333333333 0.0265625 0.0375
ckz6rub67000d386ld3mx1dyi 0 0.1922585227272727 0.12528409090909093 0.02656249999999998 0.03750000000000001
ckz6ruchb000f386lxxpeu5na 0 0.3104805424528302 0.09665880503144654 0.0265625 0.0375
ckz6rudsb000h386lkwwvc8dz 0 0.28494829136690647 0.21694394484412471 0.0265625 0.0375
ckz6ruf3e000j386lbyqpxw51 0 0.31430090962441315 0.3052523474178404 0.0265625 0.0375
ckz6rugcj000l386lzjazem8c 0 0.4388020833333333 0.14444444444444443 0.0265625 0.04166666666666665
ckz6rui7o000n386lh32dwmkr 0 0.5840045481220657 0.8761737089201878 0.0265625 0.0375
ckz6ruj49000p386lndk3j9jv 0 0.6466537210982659 0.5636139210019269 0.0265625 0.0375
ckz6rup8s000r386lkjotnoh0 0 0.48828125 0.86875 0.0265625 0.0375
ckz6rurv1000t386llsdca8lh 0 0.49296875 0.8083333333333333 0.0265625 0.0375
ckz6rut1n000v386l8rfix41j 0 0.8488944161991585 0.8384730014025246 0.0265625 0.0375
ckz6ruunj000x386l4qiqzsvd 0 0.8395194161991585 0.9634730014025246 0.0265625 0.0375
ckz6ruw8w000z386lc52x10qx 0 0.8552254996493689 0.7482410004675082 0.0265625 0.0375
ckz6ruxwl0011386lwhdpziws 0 0.88359375 0.68125 0.0265625 0.0375
ckz6ruzco0013386lo3nqjmle 0 0.828125 0.43645833333333334 0.025 0.03958333333333333
ckz6rv4et0015386le3rdpw93 0 0.8686042542016807 0.409375 0.025 0.03958333333333333
ckz6rv5s20017386lyas5kerj 0 0.66796875 0.17083333333333334 0.0234375 0.03333333333333333
ckz6rva9o0019386ll7e0plel 0 0.6734194988479263 0.1323636712749616 0.0265625 0.03333333333333333
ckz6rvjnr001b386l6bprt2rz 0 0.77109375 0.058333333333333334 0.0265625 0.03333333333333333
ckz6rvlfq001d386lt59x4kz2 0 0.7699771047557841 0.06368894601542417 0.0265625 0.03333333333333334
ckz6rvnb8001f386l63s6p1ys 0 0.7127384096244131 0.6388595461658841 0.0265625 0.03333333333333333
ckz6rvpuj001h386lhrb15el1 0 0.5888240903755869 0.4816999217527387 0.0265625 0.03333333333333333
ckz6rvrjs001j386lscfviwaz 0 0.5002384096244131 0.38441901408450707 0.0265625 0.03333333333333333
ckz6rvtvy001l386li54we947 0 0.16140625 0.5700000000000001 0.0265625 0.03333333333333333
ckz6rvvx4001n386lwp0hh90g 0 0.01683728448275862 0.21724137931034485 0.0265625 0.03333333333333333
ckz6rvxvs001p386l9u5f2w3s 0 0.07890625 0.21041666666666667 0.0265625 0.03333333333333333
ckz6rw1y9001t386ll8rr5ixq 0 0.647265625 0.9927083333333333 0.02578125 0.014583333333333334
ckz6rw3in001v386l6bltg9jj 0 0.75859375 0.8447916666666667 0.0265625 0.03333333333333333
ckz6rw56s001x386l432ih3l6 0 0.9878801618303571 0.7702985491071428 0.024239676339285764 0.033677455357142824
cl4sse7t80004356hlgz3o2fx 0 0.5890625 0.2635416666666667 0.025 0.035416666666666666
cl4ssee0s0008356hd15z4qn8 0 0.58828125 0.11875 0.0296875 0.05
cl4ssegqi000c356hwxoota92 0 0.6015625 0.20625 0.025 0.04583333333333333
cl4sseopo000g356h6ldd8ms6 0 0.3484375 0.7520833333333333 0.0390625 0.041666666666666664
cl4swkq5u0003356p8vuhc7nn 0 0.7572916666666667 0.592013888888889 0.028125 0.035416666666666666
cl4uq6b5l0003356p4ou3mrfw 0 0.85625 0.22395833333333334 0.0375 0.04375
cl4uqbjp9000b356p2175vvqw 0 0.5137027138157895 0.7173999451754386 0.0421875 0.04375
