ckz3v9nzv00033867jsekqdcl 0 0.2695794328193833 0.4306809838472834 0.0265625 0.0375
ckz6ru2eb0001386lefk6js4m 0 0.23828125 0.5770833333333333 0.0265625 0.0375
ckz6ru3um0003386l39xwv0yk 0 0.24251805278884464 0.85625 0.0265625 0.0375
ckz6ru5610005386l8uoys4lc 0 0.19453125 0.8458333333333333 0.0265625 0.0375
ckz6ru6of0007386lhf2t4dtw 0 0.08359375 0.80625 0.0265625 0.0375
ckz6ru83f0009386lx7517dwf 0 0.021379499027237354 0.745188878080415 0.0265625 0.0375
ckz6ru99l000b386l18xh2byu 0 0.13515625 0.18958333333333333 0.0265625 0.0375
ckz6rub67000d386ld3mx1dyi 0 0.22109375 0.17961309523809524 0.0265625 0.041666666666666664
ckz6ruchb000f386lxxpeu5na 0 0.26625134698275865 0.12411099137931035 0.0265625 0.0375
ckz6rudsb000h386lkwwvc8dz 0 0.2829417715827338 0.21961930455635492 0.0265625 0.0375
ckz6ruf3e000j386lbyqpxw51 0 0.2950666085657371 0.32428618857901725 0.0265625 0.0375
ckz6rugcj000l386lzjazem8c 0 0.1921875 0.5083333333333333 0.028125 0.04583333333333333
ckz6rui7o000n386lh32dwmkr 0 0.5534302566225165 0.9330022075055188 0.0265625 0.0375
ckz6ruj49000p386lndk3j9jv 0 0.63828125 0.5756439393939394 0.0265625 0.0375
ckz6rup8s000r386lkjotnoh0 0 0.48828125 0.86875 0.0265625 0.0375
ckz6rut1n000v386l8rfix41j 0 0.8457650333099579 0.8478611500701263 0.0265625 0.0375
ckz6ruunj000x386l4qiqzsvd 0 0.8363900333099579 0.9728611500701263 0.0265625 0.0375
ckz6ruw8w000z386lc52x10qx 0 0.8528784624824685 0.7513703833567088 0.0265625 0.0375
ckz6ruzco0013386lo3nqjmle 0 0.828125 0.43645833333333334 0.025 0.03958333333333333
ckz6rv4et0015386le3rdpw93 0 0.8671980042016807 0.409375 0.025 0.03958333333333333
ckz6rva9o0019386ll7e0plel 0 0.6650525050607288 0.16732456140350876 0.0265625 0.03333333333333333
ckz6rvlfq001d386lt59x4kz2 0 0.7740932479919679 0.07525100401606426 0.0265625 0.033333333333333326
ckz6rvnb8001f386l63s6p1ys 0 0.71015625 0.6354166666666666 0.0265625 0.03333333333333333
ckz6rvpuj001h386lhrb15el1 0 0.5824289772727272 0.510530303030303 0.0265625 0.03333333333333333
ckz6rvrjs001j386lscfviwaz 0 0.49473796206225684 0.40455577172503243 0.0265625 0.03333333333333333
ckz6rvvx4001n386lwp0hh90g 0 0.009539473684210525 0.28157894736842104 0.01907894736842105 0.03333333333333333
ckz6rvxvs001p386l9u5f2w3s 0 0.4078125 0.475 0.028125 0.0375
ckz6rw3in001v386l6bltg9jj 0 0.78671875 0.33958333333333335 0.0265625 0.03333333333333333
ckz6rw56s001x386l432ih3l6 0 0.9848405934343434 0.8216645622895623 0.017913510101010034 0.035416666666666666
cl4sse7t80004356hlgz3o2fx 0 0.790625 0.884375 0.0390625 0.041666666666666664
cl4ssee0s0008356hd15z4qn8 0 0.58828125 0.11875 0.0296875 0.05
cl4ssegqi000c356hwxoota92 0 0.6015625 0.20625 0.025 0.04583333333333333
cl4sseopo000g356h6ldd8ms6 0 0.121484375 0.2760416666666667 0.0359375 0.04583333333333333
cl4uq6b5l0003356p4ou3mrfw 0 0.85625 0.22395833333333334 0.0375 0.04375
cl4uqbjp9000b356p2175vvqw 0 0.5026932565789474 0.7345257675438597 0.0421875 0.04375
cl4ur3tl4000r356p5yynq6lr 0 0.38515625 0.07013888888888889 0.0234375 0.02916666666666666
cl4ur3vs8000v356pe031p1yo 0 0.49812500000000004 0.018819444444444444 0.025 0.027083333333333334
cl4urtjol000z356puo72ztp3 0 0.39296875 0.036458333333333336 0.0296875 0.04375
cl4uru0kq0013356pt4h9yjm1 0 0.52421875 0.009895833333333333 0.0296875 0.01875
cl53eq6de000f356i3cjd5jif 1 0.57109375 0.13333333333333333 0.0890625 0.1125
cl53eqa7m000l356ivf26125u 1 0.3203125 0.21041666666666667 0.103125 0.09583333333333334
