ckz3v9nzv00033867jsekqdcl 0 0.26484375 0.4354166666666667 0.0265625 0.0375
ckz6ru2eb0001386lefk6js4m 0 0.23828125 0.5770833333333333 0.0265625 0.0375
ckz6ru3um0003386l39xwv0yk 0 0.24090450697211155 0.85625 0.0265625 0.0375
ckz6ru5610005386l8uoys4lc 0 0.19453125 0.8458333333333333 0.0265625 0.0375
ckz6ru6of0007386lhf2t4dtw 0 0.08359375 0.80625 0.0265625 0.0375
ckz6ru83f0009386lx7517dwf 0 0.005475852272727273 0.8101988636363636 0.010951704545454546 0.033314393939393956
ckz6ru99l000b386l18xh2byu 0 0.13515625 0.18958333333333333 0.0265625 0.0375
ckz6rub67000d386ld3mx1dyi 0 0.31023848684210525 0.22280701754385965 0.0265625 0.041666666666666664
ckz6ruchb000f386lxxpeu5na 0 0.2376860119047619 0.17490079365079364 0.0265625 0.0375
ckz6rudsb000h386lkwwvc8dz 0 0.2730097336065574 0.2385450819672131 0.0265625 0.0375
ckz6ruf3e000j386lbyqpxw51 0 0.23935996338912133 0.37642956764295676 0.0265625 0.0375
ckz6rui7o000n386lh32dwmkr 0 0.5376384059297219 0.9783095412396291 0.0265625 0.0375
ckz6ruj49000p386lndk3j9jv 0 0.6303932388475836 0.609587980173482 0.0265625 0.0375
ckz6rup8s000r386lkjotnoh0 0 0.48828125 0.86875 0.0265625 0.0375
ckz6rut1n000v386l8rfix41j 0 0.84296875 0.85625 0.0265625 0.0375
ckz6ruunj000x386l4qiqzsvd 0 0.83359375 0.98125 0.0265625 0.0375
ckz6ruw8w000z386lc52x10qx 0 0.8422765395220588 0.7541666666666667 0.0265625 0.0375
ckz6ruzco0013386lo3nqjmle 0 0.828125 0.43645833333333334 0.025 0.03958333333333333
ckz6rv4et0015386le3rdpw93 0 0.8646454831932774 0.409375 0.025 0.03958333333333333
ckz6rva9o0019386ll7e0plel 0 0.6319662961893765 0.23547440338722095 0.0265625 0.03333333333333333
ckz6rvlfq001d386lt59x4kz2 0 0.7568012373096447 0.10655668358714045 0.0265625 0.03333333333333333
ckz6rvnb8001f386l63s6p1ys 0 0.71015625 0.6354166666666666 0.0265625 0.03333333333333333
ckz6rvpuj001h386lhrb15el1 0 0.525 0.5947916666666667 0.0296875 0.03333333333333333
ckz6rvrjs001j386lscfviwaz 0 0.4638247282608695 0.4378623188405797 0.0265625 0.03333333333333333
ckz6rvxvs001p386l9u5f2w3s 0 0.9296875 0.38125 0.028125 0.0375
ckz6rw56s001x386l432ih3l6 0 0.9358975821167883 0.9625532238442822 0.0234375 0.035416666666666666
cl4ssee0s0008356hd15z4qn8 0 0.58828125 0.11875 0.0296875 0.05
cl4ssegqi000c356hwxoota92 0 0.6015625 0.20625 0.025 0.04583333333333333
cl4uq6b5l0003356p4ou3mrfw 0 0.85625 0.22395833333333334 0.0375 0.04375
cl4uqbjp9000b356p2175vvqw 0 0.49033297936893205 0.7524726941747573 0.0421875 0.04375
cl4uqf5bj000f356p05tutl57 0 0.909375 0.59375 0.0296875 0.03958333333333333
cl4uqu10i000j356pw85hd2yi 0 0.1403706395348837 0.9484253875968992 0.025 0.03958333333333333
cl4ur3vs8000v356pe031p1yo 0 0.48516695205479454 0.04581906392694064 0.025 0.027083333333333334
cl4uru0kq0013356pt4h9yjm1 0 0.5075295275590551 0.023203740157480317 0.0296875 0.03125
cl4urwkrx0017356pikpviaa9 0 0.357101814516129 0.0632728494623656 0.0234375 0.02708333333333334
cl53eq6de000f356i3cjd5jif 1 0.57109375 0.13333333333333333 0.0890625 0.1125
cl53eqa7m000l356ivf26125u 1 0.3203125 0.21041666666666667 0.103125 0.09583333333333334
