ckz3v9nzv00033867jsekqdcl 0 0.26484375 0.4354166666666667 0.0265625 0.0375
ckz6ru2eb0001386lefk6js4m 0 0.23828125 0.5770833333333333 0.0265625 0.0375
ckz6ru3um0003386l39xwv0yk 0 0.24166894920318724 0.85625 0.0265625 0.0375
ckz6ru5610005386l8uoys4lc 0 0.19453125 0.8458333333333333 0.0265625 0.0375
ckz6ru6of0007386lhf2t4dtw 0 0.08359375 0.80625 0.0265625 0.0375
ckz6ru83f0009386lx7517dwf 0 0.012701353092783505 0.7721219931271477 0.02540270618556701 0.03698453608247417
ckz6ru99l000b386l18xh2byu 0 0.13515625 0.18958333333333333 0.0265625 0.0375
ckz6rub67000d386ld3mx1dyi 0 0.30703125 0.25625 0.0265625 0.041666666666666664
ckz6ruchb000f386lxxpeu5na 0 0.2445520833333333 0.1549333333333333 0.0265625 0.0375
ckz6rudsb000h386lkwwvc8dz 0 0.2810251798561151 0.22217476019184654 0.0265625 0.0375
ckz6ruf3e000j386lbyqpxw51 0 0.26829498626373627 0.3609661172161172 0.0265625 0.0375
ckz6rui7o000n386lh32dwmkr 0 0.5348291087115666 0.9745638116154222 0.0265625 0.0375
ckz6ruj49000p386lndk3j9jv 0 0.6277184014869889 0.6048327137546469 0.0265625 0.0375
ckz6rup8s000r386lkjotnoh0 0 0.48828125 0.86875 0.0265625 0.0375
ckz6rut1n000v386l8rfix41j 0 0.84296875 0.85625 0.0265625 0.0375
ckz6ruunj000x386l4qiqzsvd 0 0.83359375 0.98125 0.0265625 0.0375
ckz6ruw8w000z386lc52x10qx 0 0.8502125459558825 0.7541666666666667 0.0265625 0.0375
ckz6ruzco0013386lo3nqjmle 0 0.828125 0.43645833333333334 0.025 0.03958333333333333
ckz6rv4et0015386le3rdpw93 0 0.8658547794117647 0.409375 0.025 0.03958333333333333
ckz6rva9o0019386ll7e0plel 0 0.6592092803030303 0.19968434343434344 0.0265625 0.03333333333333333
ckz6rvlfq001d386lt59x4kz2 0 0.7655340110441766 0.09236947791164658 0.0265625 0.03333333333333333
ckz6rvnb8001f386l63s6p1ys 0 0.71015625 0.6354166666666666 0.0265625 0.03333333333333333
ckz6rvpuj001h386lhrb15el1 0 0.5557418082524272 0.5537823624595469 0.0296875 0.03333333333333333
ckz6rvrjs001j386lscfviwaz 0 0.4765676738410596 0.4153559602649006 0.0265625 0.03333333333333333
ckz6rvxvs001p386l9u5f2w3s 0 0.6609375 0.5055555555555555 0.028125 0.0375
ckz6rw3in001v386l6bltg9jj 0 0.53359375 0.014930555555555555 0.0203125 0.027083333333333334
ckz6rw56s001x386l432ih3l6 0 0.9633984375000001 0.88625 0.0234375 0.035416666666666666
cl4ssee0s0008356hd15z4qn8 0 0.58828125 0.11875 0.0296875 0.05
cl4ssegqi000c356hwxoota92 0 0.6015625 0.20625 0.025 0.04583333333333333
cl4uq6b5l0003356p4ou3mrfw 0 0.85625 0.22395833333333334 0.0375 0.04375
cl4uq7un10007356p14ye3ifb 0 0.854296875 0.14947916666666666 0.0328125 0.0375
cl4uqbjp9000b356p2175vvqw 0 0.49440799453883494 0.7470393406148867 0.0421875 0.04375
cl4ur3vs8000v356pe031p1yo 0 0.5015034364261168 0.03042310996563574 0.025 0.027083333333333334
cl4uru0kq0013356pt4h9yjm1 0 0.5080729166666667 0.015277777777777776 0.0296875 0.01875
cl4urwkrx0017356pikpviaa9 0 0.36432291666666666 0.03576388888888889 0.0234375 0.02708333333333333
cl53eq6de000f356i3cjd5jif 1 0.57109375 0.13333333333333333 0.0890625 0.1125
cl53eqa7m000l356ivf26125u 1 0.3203125 0.21041666666666667 0.103125 0.09583333333333334
