ckz3v9nzv00033867jsekqdcl 0 0.26484375 0.4354166666666667 0.0265625 0.0375
ckz6ru2eb0001386lefk6js4m 0 0.23828125 0.5770833333333333 0.0265625 0.0375
ckz6ru3um0003386l39xwv0yk 0 0.24158677788844624 0.85625 0.0265625 0.0375
ckz6ru5610005386l8uoys4lc 0 0.19453125 0.8458333333333333 0.0265625 0.0375
ckz6ru6of0007386lhf2t4dtw 0 0.08359375 0.80625 0.0265625 0.0375
ckz6ru83f0009386lx7517dwf 0 0.010309278350515464 0.7774377147766323 0.020618556701030927 0.03485824742268046
ckz6ru99l000b386l18xh2byu 0 0.13515625 0.18958333333333333 0.0265625 0.0375
ckz6rub67000d386ld3mx1dyi 0 0.30279017857142854 0.24583333333333332 0.0265625 0.041666666666666664
ckz6ruchb000f386lxxpeu5na 0 0.24386458333333333 0.15713333333333335 0.0265625 0.0375
ckz6rudsb000h386lkwwvc8dz 0 0.28083970323741003 0.2224220623501199 0.0265625 0.0375
ckz6ruf3e000j386lbyqpxw51 0 0.26319539835164835 0.3632326007326007 0.0265625 0.0375
ckz6rui7o000n386lh32dwmkr 0 0.5351310852855051 0.9749664470473401 0.0265625 0.0375
ckz6ruj49000p386lndk3j9jv 0 0.6280059247211895 0.6053438661710037 0.0265625 0.0375
ckz6rup8s000r386lkjotnoh0 0 0.48828125 0.86875 0.0265625 0.0375
ckz6rut1n000v386l8rfix41j 0 0.84296875 0.85625 0.0265625 0.0375
ckz6ruunj000x386l4qiqzsvd 0 0.83359375 0.98125 0.0265625 0.0375
ckz6ruw8w000z386lc52x10qx 0 0.8493594898897058 0.7541666666666667 0.0265625 0.0375
ckz6ruzco0013386lo3nqjmle 0 0.828125 0.43645833333333334 0.025 0.03958333333333333
ckz6rv4et0015386le3rdpw93 0 0.8657247899159664 0.409375 0.025 0.03958333333333333
ckz6rva9o0019386ll7e0plel 0 0.6575420673076924 0.20765224358974357 0.0265625 0.03333333333333333
ckz6rvlfq001d386lt59x4kz2 0 0.7647056977911647 0.09402610441767069 0.0265625 0.03333333333333333
ckz6rvnb8001f386l63s6p1ys 0 0.71015625 0.6354166666666666 0.0265625 0.03333333333333333
ckz6rvpuj001h386lhrb15el1 0 0.5532387742718446 0.5611245954692556 0.0296875 0.03333333333333333
ckz6rvrjs001j386lscfviwaz 0 0.4752017798013245 0.4176324503311258 0.0265625 0.03333333333333333
ckz6rvxvs001p386l9u5f2w3s 0 0.68125 0.5041666666666667 0.028125 0.0375
ckz6rw56s001x386l432ih3l6 0 0.9615304969879517 0.8953940763052209 0.0234375 0.035416666666666666
cl4ssee0s0008356hd15z4qn8 0 0.58828125 0.11875 0.0296875 0.05
cl4ssegqi000c356hwxoota92 0 0.6015625 0.20625 0.025 0.04583333333333333
cl4uq6b5l0003356p4ou3mrfw 0 0.85625 0.22395833333333334 0.0375 0.04375
cl4uq7un10007356p14ye3ifb 0 0.81640625 0.11770833333333333 0.0296875 0.035416666666666666
cl4uqbjp9000b356p2175vvqw 0 0.493969963592233 0.7476233818770227 0.0421875 0.04375
cl4ur3vs8000v356pe031p1yo 0 0.4991999570446735 0.032549398625429556 0.025 0.027083333333333334
cl4uru0kq0013356pt4h9yjm1 0 0.50703125 0.01596200980392157 0.0296875 0.019424019607843138
cl4urwkrx0017356pikpviaa9 0 0.3635467069892473 0.03872087813620072 0.0234375 0.027083333333333334
cl53eq6de000f356i3cjd5jif 1 0.57109375 0.13333333333333333 0.0890625 0.1125
cl53eqa7m000l356ivf26125u 1 0.3203125 0.21041666666666667 0.103125 0.09583333333333334
