ckz3v9nzv00033867jsekqdcl 0 0.27461974557522123 0.4166297935103245 0.0265625 0.0375
ckz6ru2eb0001386lefk6js4m 0 0.23828125 0.580868544600939 0.0265625 0.0375
ckz6ru3um0003386l39xwv0yk 0 0.2448613556338028 0.8512030516431925 0.0265625 0.0375
ckz6ru5610005386l8uoys4lc 0 0.19453125 0.8458333333333333 0.0265625 0.0375
ckz6ru6of0007386lhf2t4dtw 0 0.08359375 0.80625 0.0265625 0.0375
ckz6ru83f0009386lx7517dwf 0 0.028620158450704224 0.7287265258215962 0.0265625 0.0375
ckz6ru99l000b386l18xh2byu 0 0.13515625 0.18958333333333333 0.0265625 0.0375
ckz6rub67000d386ld3mx1dyi 0 0.20345982142857144 0.1357142857142857 0.026562500000000024 0.037499999999999985
ckz6ruchb000f386lxxpeu5na 0 0.30496093750000003 0.10006944444444445 0.0265625 0.0375
ckz6rudsb000h386lkwwvc8dz 0 0.2846841276978417 0.21729616306954436 0.0265625 0.0375
ckz6ruf3e000j386lbyqpxw51 0 0.3136113556338028 0.306631455399061 0.0265625 0.0375
ckz6rugcj000l386lzjazem8c 0 0.37838541666666664 0.175 0.0265625 0.041666666666666664
ckz6rui7o000n386lh32dwmkr 0 0.5805567781690141 0.8803110328638497 0.0265625 0.0375
ckz6ruj49000p386lndk3j9jv 0 0.6453802384393064 0.565028901734104 0.0265625 0.0375
ckz6rup8s000r386lkjotnoh0 0 0.48828125 0.86875 0.0265625 0.0375
ckz6rurv1000t386llsdca8lh 0 0.58046875 0.8125 0.0265625 0.0375
ckz6rut1n000v386l8rfix41j 0 0.8484824246143058 0.8397089761570827 0.0265625 0.0375
ckz6ruunj000x386l4qiqzsvd 0 0.8391074246143058 0.9647089761570827 0.0265625 0.0375
ckz6ruw8w000z386lc52x10qx 0 0.8549165059607293 0.7486529920523609 0.0265625 0.0375
ckz6ruxwl0011386lwhdpziws 0 0.93828125 0.7260416666666667 0.0265625 0.04375
ckz6ruzco0013386lo3nqjmle 0 0.828125 0.43645833333333334 0.025 0.03958333333333333
ckz6rv4et0015386le3rdpw93 0 0.8684191176470588 0.409375 0.025 0.03958333333333333
ckz6rv5s20017386lyas5kerj 0 0.68359375 0.1357638888888889 0.0234375 0.03541666666666668
ckz6rva9o0019386ll7e0plel 0 0.6724042338709677 0.1364247311827957 0.0265625 0.03333333333333333
ckz6rvlfq001d386lt59x4kz2 0 0.7705434607969152 0.06519922879177378 0.0265625 0.03333333333333334
ckz6rvnb8001f386l63s6p1ys 0 0.7120488556338028 0.6379401408450704 0.0265625 0.03333333333333333
ckz6rvpuj001h386lhrb15el1 0 0.5895136443661972 0.4849178403755869 0.0265625 0.03333333333333333
ckz6rvrjs001j386lscfviwaz 0 0.4995488556338028 0.38579812206572767 0.0265625 0.03333333333333333
ckz6rvtvy001l386li54we947 0 0.08765624999999999 0.50625 0.029687499999999988 0.0375
ckz6rvvx4001n386lwp0hh90g 0 0.01712239583333333 0.223828125 0.0265625 0.03333333333333333
ckz6rvxvs001p386l9u5f2w3s 0 0.115625 0.25625 0.028125 0.0375
ckz6rw3in001v386l6bltg9jj 0 0.7518229166666667 0.773611111111111 0.0265625 0.03333333333333333
ckz6rw56s001x386l432ih3l6 0 0.98935546875 0.772265625 0.0212890625 0.03411458333333333
cl4sse7t80004356hlgz3o2fx 0 0.61953125 0.3234375 0.025 0.035416666666666666
cl4ssee0s0008356hd15z4qn8 0 0.58828125 0.11875 0.0296875 0.05
cl4ssegqi000c356hwxoota92 0 0.6015625 0.20625 0.025 0.04583333333333333
cl4sseopo000g356h6ldd8ms6 0 0.32890625 0.6770833333333334 0.0390625 0.041666666666666664
cl4swkq5u0003356p8vuhc7nn 0 0.60625 0.6052083333333333 0.028125 0.035416666666666666
cl4uq6b5l0003356p4ou3mrfw 0 0.85625 0.22395833333333334 0.0375 0.04375
cl4uqbjp9000b356p2175vvqw 0 0.5122532894736842 0.7196546052631578 0.0421875 0.04375
