ckz3v9nzv00033867jsekqdcl 0 0.26484375 0.4354166666666667 0.0265625 0.0375
ckz6ru2eb0001386lefk6js4m 0 0.23828125 0.5770833333333333 0.0265625 0.0375
ckz6ru3um0003386l39xwv0yk 0 0.24071277390438248 0.85625 0.0265625 0.0375
ckz6ru5610005386l8uoys4lc 0 0.19453125 0.8458333333333333 0.0265625 0.0375
ckz6ru6of0007386lhf2t4dtw 0 0.08359375 0.80625 0.0265625 0.0375
ckz6ru83f0009386lx7517dwf 0 0.00546875 0.8104166666666667 0.0109375 0.03333333333333333
ckz6ru99l000b386l18xh2byu 0 0.13515625 0.18958333333333333 0.0265625 0.0375
ckz6rub67000d386ld3mx1dyi 0 0.30515625 0.21520833333333333 0.0265625 0.041666666666666664
ckz6ruchb000f386lxxpeu5na 0 0.23004712301587302 0.17362764550264548 0.0265625 0.0375
ckz6rudsb000h386lkwwvc8dz 0 0.2702484631147541 0.24433060109289617 0.0265625 0.0375
ckz6ruf3e000j386lbyqpxw51 0 0.23505208333333333 0.3813888888888889 0.0265625 0.0375
ckz6rui7o000n386lh32dwmkr 0 0.5383430179355784 0.9792490239141044 0.0265625 0.0375
ckz6ruj49000p386lndk3j9jv 0 0.6310641263940521 0.6107806691449814 0.0265625 0.0375
ckz6rup8s000r386lkjotnoh0 0 0.48828125 0.86875 0.0265625 0.0375
ckz6rut1n000v386l8rfix41j 0 0.84296875 0.85625 0.0265625 0.0375
ckz6ruunj000x386l4qiqzsvd 0 0.83359375 0.98125 0.0265625 0.0375
ckz6ruw8w000z386lc52x10qx 0 0.8402860753676471 0.7541666666666667 0.0265625 0.0375
ckz6ruzco0013386lo3nqjmle 0 0.828125 0.43645833333333334 0.025 0.03958333333333333
ckz6rv4et0015386le3rdpw93 0 0.8643421743697479 0.409375 0.025 0.03958333333333333
ckz6rva9o0019386ll7e0plel 0 0.6311327222863741 0.23621535796766743 0.0265625 0.03333333333333333
ckz6rvlfq001d386lt59x4kz2 0 0.7550863199300699 0.11139277389277388 0.0265625 0.03333333333333333
ckz6rvnb8001f386l63s6p1ys 0 0.71015625 0.6354166666666666 0.0265625 0.03333333333333333
ckz6rvpuj001h386lhrb15el1 0 0.5193256578947368 0.6000548245614036 0.0296875 0.03333333333333333
ckz6rvrjs001j386lscfviwaz 0 0.4620810688405797 0.44561191626409014 0.0265625 0.03333333333333333
ckz6rvxvs001p386l9u5f2w3s 0 0.9955729166666668 0.37638888888888894 0.008854166666666607 0.026388888888888868
ckz6rw56s001x386l432ih3l6 0 0.9262374543795622 0.9754333941605839 0.0234375 0.035416666666666666
cl4ssee0s0008356hd15z4qn8 0 0.58828125 0.11875 0.0296875 0.05
cl4ssegqi000c356hwxoota92 0 0.6015625 0.20625 0.025 0.04583333333333333
cl4uq6b5l0003356p4ou3mrfw 0 0.85625 0.22395833333333334 0.0375 0.04375
cl4uqbjp9000b356p2175vvqw 0 0.4893109071601942 0.7538354571197411 0.0421875 0.04375
cl4uqf5bj000f356p05tutl57 0 0.85859375 0.6755208333333333 0.0296875 0.03958333333333333
cl4uqu10i000j356pw85hd2yi 0 0.14825721153846155 0.9282852564102565 0.025 0.03958333333333333
cl4uqxtok000n356p228e7wni 0 0.165625 0.9614583333333333 0.03125 0.03958333333333333
cl4ur3vs8000v356pe031p1yo 0 0.48446061643835614 0.04676084474885845 0.025 0.027083333333333338
cl4uru0kq0013356pt4h9yjm1 0 0.5080031988188976 0.02446686351706037 0.0296875 0.03125000000000001
cl4urwkrx0017356pikpviaa9 0 0.35703125 0.06354166666666666 0.0234375 0.027083333333333334
cl4us4ype001h356pnyet3ts9 0 0.7474999999999999 0.017708333333333333 0.03125 0.035416666666666666
cl4us8aru001l356p2sc1k1bh 0 0.986328125 0.01579861111111111 0.02109375 0.023958333333333328
cl53eq6de000f356i3cjd5jif 1 0.57109375 0.13333333333333333 0.0890625 0.1125
cl53eqa7m000l356ivf26125u 1 0.3203125 0.21041666666666667 0.103125 0.09583333333333334
