ckz3v9nzv00033867jsekqdcl 0 0.26484375 0.4354166666666667 0.0265625 0.0375
ckz6ru2eb0001386lefk6js4m 0 0.23828125 0.5770833333333333 0.0265625 0.0375
ckz6ru3um0003386l39xwv0yk 0 0.24094185756972114 0.85625 0.0265625 0.0375
ckz6ru5610005386l8uoys4lc 0 0.19453125 0.8458333333333333 0.0265625 0.0375
ckz6ru6of0007386lhf2t4dtw 0 0.08359375 0.80625 0.0265625 0.0375
ckz6ru83f0009386lx7517dwf 0 0.0055291193181818184 0.8085653409090909 0.011058238636363637 0.03317234848484851
ckz6ru99l000b386l18xh2byu 0 0.13515625 0.18958333333333333 0.0265625 0.0375
ckz6rub67000d386ld3mx1dyi 0 0.3106496710526316 0.22225877192982457 0.0265625 0.041666666666666664
ckz6ruchb000f386lxxpeu5na 0 0.23846875 0.1744 0.0265625 0.0375
ckz6rudsb000h386lkwwvc8dz 0 0.27354764344262295 0.23741803278688522 0.0265625 0.0375
ckz6ruf3e000j386lbyqpxw51 0 0.24043867677824265 0.3757758019525802 0.0265625 0.0375
ckz6rui7o000n386lh32dwmkr 0 0.5375011438506588 0.9781265251342117 0.0265625 0.0375
ckz6ruj49000p386lndk3j9jv 0 0.6302625464684015 0.6093556381660471 0.0265625 0.0375
ckz6rup8s000r386lkjotnoh0 0 0.48828125 0.86875 0.0265625 0.0375
ckz6rut1n000v386l8rfix41j 0 0.84296875 0.85625 0.0265625 0.0375
ckz6ruunj000x386l4qiqzsvd 0 0.83359375 0.98125 0.0265625 0.0375
ckz6ruw8w000z386lc52x10qx 0 0.8426642922794118 0.7541666666666667 0.0265625 0.0375
ckz6ruzco0013386lo3nqjmle 0 0.828125 0.43645833333333334 0.025 0.03958333333333333
ckz6rv4et0015386le3rdpw93 0 0.8647045693277311 0.409375 0.025 0.03958333333333333
ckz6rva9o0019386ll7e0plel 0 0.633015625 0.23504166666666665 0.0265625 0.03333333333333333
ckz6rvlfq001d386lt59x4kz2 0 0.7572771256345178 0.10592216582064298 0.0265625 0.03333333333333333
ckz6rvnb8001f386l63s6p1ys 0 0.71015625 0.6354166666666666 0.0265625 0.03333333333333333
ckz6rvpuj001h386lhrb15el1 0 0.5261085304054054 0.5937359234234234 0.0296875 0.03333333333333333
ckz6rvrjs001j386lscfviwaz 0 0.4641644021739131 0.43635265700483095 0.0265625 0.03333333333333333
ckz6rvxvs001p386l9u5f2w3s 0 0.9 0.4270833333333333 0.028125 0.0375
ckz6rw56s001x386l432ih3l6 0 0.9377794251824817 0.960044099756691 0.0234375 0.035416666666666666
cl4ssee0s0008356hd15z4qn8 0 0.58828125 0.11875 0.0296875 0.05
cl4ssegqi000c356hwxoota92 0 0.6015625 0.20625 0.025 0.04583333333333333
cl4uq6b5l0003356p4ou3mrfw 0 0.85625 0.22395833333333334 0.0375 0.04375
cl4uqbjp9000b356p2175vvqw 0 0.4905320843446602 0.7522072208737864 0.0421875 0.04375
cl4uqf5bj000f356p05tutl57 0 0.9236328125 0.5768229166666666 0.0296875 0.03958333333333333
cl4uqu10i000j356pw85hd2yi 0 0.13928052325581394 0.9506056201550387 0.025 0.03958333333333333
cl4ur3vs8000v356pe031p1yo 0 0.4853045499021526 0.045635600130463146 0.025 0.027083333333333334
cl4uru0kq0013356pt4h9yjm1 0 0.5074372539370079 0.02295767716535433 0.0296875 0.03125
cl4urwkrx0017356pikpviaa9 0 0.3574546370967742 0.061928763440860214 0.0234375 0.027083333333333334
cl53eq6de000f356i3cjd5jif 1 0.57109375 0.13333333333333333 0.0890625 0.1125
cl53eqa7m000l356ivf26125u 1 0.3203125 0.21041666666666667 0.103125 0.09583333333333334
