ckz3v9nzv00033867jsekqdcl 0 0.27504839601769915 0.41510570304818095 0.0265625 0.0375
ckz6ru2eb0001386lefk6js4m 0 0.23828125 0.5817781690140845 0.0265625 0.0375
ckz6ru3um0003386l39xwv0yk 0 0.2453161678403756 0.8499902190923317 0.0265625 0.0375
ckz6ru5610005386l8uoys4lc 0 0.19453125 0.8458333333333333 0.0265625 0.0375
ckz6ru6of0007386lhf2t4dtw 0 0.08359375 0.80625 0.0265625 0.0375
ckz6ru83f0009386lx7517dwf 0 0.02930237676056338 0.7281201095461659 0.0265625 0.0375
ckz6ru99l000b386l18xh2byu 0 0.13515625 0.18958333333333333 0.0265625 0.0375
ckz6rub67000d386ld3mx1dyi 0 0.1968039772727273 0.12679924242424243 0.026562500000000024 0.037499999999999985
ckz6ruchb000f386lxxpeu5na 0 0.30859375 0.09791666666666667 0.0265625 0.0375
ckz6rudsb000h386lkwwvc8dz 0 0.28485836330935255 0.2170638489208633 0.0265625 0.0375
ckz6ruf3e000j386lbyqpxw51 0 0.3140661678403756 0.3057218309859155 0.0265625 0.0375
ckz6rugcj000l386lzjazem8c 0 0.42109375 0.15416666666666667 0.0265625 0.041666666666666664
ckz6rui7o000n386lh32dwmkr 0 0.582830839201878 0.8775821596244132 0.0265625 0.0375
ckz6ruj49000p386lndk3j9jv 0 0.6462201950867053 0.5640956165703276 0.0265625 0.0375
ckz6rup8s000r386lkjotnoh0 0 0.48828125 0.86875 0.0265625 0.0375
ckz6rurv1000t386llsdca8lh 0 0.53515625 0.7854166666666667 0.0265625 0.0375
ckz6rut1n000v386l8rfix41j 0 0.8487541637447406 0.8388937587657783 0.0265625 0.0375
ckz6ruunj000x386l4qiqzsvd 0 0.8393791637447405 0.9638937587657783 0.0265625 0.0375
ckz6ruw8w000z386lc52x10qx 0 0.8551203103085554 0.748381252921926 0.0265625 0.0375
ckz6ruxwl0011386lwhdpziws 0 0.92421875 0.68125 0.0265625 0.0375
ckz6ruzco0013386lo3nqjmle 0 0.828125 0.43645833333333334 0.025 0.03958333333333333
ckz6rv4et0015386le3rdpw93 0 0.8685412289915966 0.409375 0.025 0.03958333333333333
ckz6rv5s20017386lyas5kerj 0 0.69765625 0.171875 0.0234375 0.035416666666666666
ckz6rva9o0019386ll7e0plel 0 0.6730738767281106 0.13374615975422427 0.0265625 0.03333333333333332
ckz6rvlfq001d386lt59x4kz2 0 0.7701699068123393 0.06420308483290489 0.0265625 0.03333333333333334
ckz6rvnb8001f386l63s6p1ys 0 0.7125036678403756 0.6385465571205008 0.0265625 0.03333333333333333
ckz6rvpuj001h386lhrb15el1 0 0.5890588321596244 0.4827953834115806 0.0265625 0.03333333333333333
ckz6rvrjs001j386lscfviwaz 0 0.5000036678403756 0.38488849765258215 0.0265625 0.03333333333333333
ckz6rvtvy001l386li54we947 0 0.11953125 0.5416666666666666 0.0296875 0.0375
ckz6rvvx4001n386lwp0hh90g 0 0.017699353448275862 0.21839080459770116 0.0265625 0.03333333333333333
ckz6rvxvs001p386l9u5f2w3s 0 0.076171875 0.24895833333333334 0.028125 0.0375
ckz6rw3in001v386l6bltg9jj 0 0.74140625 0.8020833333333334 0.0265625 0.03333333333333333
ckz6rw56s001x386l432ih3l6 0 0.9883823939732143 0.7709681919642857 0.023235212053571354 0.03382626488095243
cl4sse7t80004356hlgz3o2fx 0 0.5953125 0.2864583333333333 0.025 0.035416666666666666
cl4ssee0s0008356hd15z4qn8 0 0.58828125 0.11875 0.0296875 0.05
cl4ssegqi000c356hwxoota92 0 0.6015625 0.20625 0.025 0.04583333333333333
cl4sseopo000g356h6ldd8ms6 0 0.3541294642857143 0.7297619047619047 0.0390625 0.041666666666666664
cl4swkq5u0003356p8vuhc7nn 0 0.7015625 0.5947916666666667 0.028125 0.035416666666666666
cl4uq6b5l0003356p4ou3mrfw 0 0.85625 0.22395833333333334 0.0375 0.04375
cl4uqbjp9000b356p2175vvqw 0 0.5132092927631579 0.7181674890350876 0.0421875 0.04375
