ckz3v9nzv00033867jsekqdcl 0 0.2737900995575221 0.41957964601769915 0.0265625 0.0375
ckz6ru2eb0001386lefk6js4m 0 0.23828125 0.5791079812206573 0.0265625 0.0375
ckz6ru3um0003386l39xwv0yk 0 0.24398107394366195 0.8535504694835682 0.0265625 0.0375
ckz6ru5610005386l8uoys4lc 0 0.19453125 0.8458333333333333 0.0265625 0.0375
ckz6ru6of0007386lhf2t4dtw 0 0.08359375 0.80625 0.0265625 0.0375
ckz6ru83f0009386lx7517dwf 0 0.027299735915492958 0.729900234741784 0.0265625 0.0375
ckz6ru99l000b386l18xh2byu 0 0.13515625 0.18958333333333333 0.0265625 0.0375
ckz6rub67000d386ld3mx1dyi 0 0.21692708333333335 0.1536706349206349 0.0265625 0.0375
ckz6ruchb000f386lxxpeu5na 0 0.29792968750000004 0.10423611111111111 0.0265625 0.0375
ckz6rudsb000h386lkwwvc8dz 0 0.28434689748201436 0.21774580335731417 0.0265625 0.0375
ckz6ruf3e000j386lbyqpxw51 0 0.31273107394366195 0.30839201877934275 0.0265625 0.0375
ckz6rugcj000l386lzjazem8c 0 0.38359375 0.27291666666666664 0.0265625 0.041666666666666664
ckz6rui7o000n386lh32dwmkr 0 0.5761553697183099 0.8855927230046948 0.0265625 0.0375
ckz6ruj49000p386lndk3j9jv 0 0.6437545158959537 0.5668352601156069 0.0265625 0.0375
ckz6rup8s000r386lkjotnoh0 0 0.48828125 0.86875 0.0265625 0.0375
ckz6rurv1000t386llsdca8lh 0 0.69453125 0.796875 0.0234375 0.0375
ckz6rut1n000v386l8rfix41j 0 0.8479564779102384 0.8412868162692847 0.0265625 0.0375
ckz6ruunj000x386l4qiqzsvd 0 0.8385814779102384 0.9662868162692847 0.0265625 0.0375
ckz6ruw8w000z386lc52x10qx 0 0.8545220459326789 0.7491789387564282 0.0265625 0.0375
ckz6ruxwl0011386lwhdpziws 0 0.984375 0.81875 0.0265625 0.04375
ckz6ruzco0013386lo3nqjmle 0 0.828125 0.43645833333333334 0.025 0.03958333333333333
ckz6rv4et0015386le3rdpw93 0 0.8681827731092436 0.409375 0.025 0.03958333333333333
ckz6rv5s20017386lyas5kerj 0 0.62953125 0.15104166666666666 0.0234375 0.035416666666666666
ckz6rva9o0019386ll7e0plel 0 0.671108150921659 0.14160906298003073 0.0265625 0.03333333333333333
ckz6rvlfq001d386lt59x4kz2 0 0.7712664685089974 0.06712724935732647 0.0265625 0.033333333333333326
ckz6rvnb8001f386l63s6p1ys 0 0.711168573943662 0.6367664319248827 0.0265625 0.03333333333333333
ckz6rvpuj001h386lhrb15el1 0 0.590393926056338 0.48902582159624414 0.0265625 0.03333333333333333
ckz6rvrjs001j386lscfviwaz 0 0.498668573943662 0.3875586854460094 0.0265625 0.03333333333333333
ckz6rvtvy001l386li54we947 0 0.0171875 0.56875 0.025 0.0375
ckz6rvvx4001n386lwp0hh90g 0 0.015169270833333331 0.235546875 0.0265625 0.03333333333333333
ckz6rvxvs001p386l9u5f2w3s 0 0.17604166666666668 0.2565972222222222 0.028125 0.03749999999999997
ckz6rw3in001v386l6bltg9jj 0 0.75703125 0.6854166666666667 0.0265625 0.03333333333333333
ckz6rw56s001x386l432ih3l6 0 0.9912388392857142 0.7747767857142857 0.017522321428571352 0.0346726190476191
cl4sse7t80004356hlgz3o2fx 0 0.6302083333333333 0.4583333333333333 0.025 0.03333333333333333
cl4ssee0s0008356hd15z4qn8 0 0.58828125 0.11875 0.0296875 0.05
cl4ssegqi000c356hwxoota92 0 0.6015625 0.20625 0.025 0.04583333333333333
cl4sseopo000g356h6ldd8ms6 0 0.26640625 0.60625 0.0359375 0.04583333333333333
cl4swkq5u0003356p8vuhc7nn 0 0.4171875 0.5385416666666667 0.0328125 0.0375
cl4uq6b5l0003356p4ou3mrfw 0 0.85625 0.22395833333333334 0.0375 0.04375
cl4uqbjp9000b356p2175vvqw 0 0.5104029605263157 0.7225328947368421 0.0421875 0.04375
cl53eq6de000f356i3cjd5jif 1 0.57109375 0.13333333333333333 0.0890625 0.1125
cl53eqa7m000l356ivf26125u 1 0.3203125 0.21041666666666667 0.103125 0.09583333333333334
