ckz3v9nzv00033867jsekqdcl 0 0.26484375 0.4354166666666667 0.0265625 0.0375
ckz6ru2eb0001386lefk6js4m 0 0.23828125 0.5770833333333333 0.0265625 0.0375
ckz6ru3um0003386l39xwv0yk 0 0.24207482569721117 0.85625 0.0265625 0.0375
ckz6ru5610005386l8uoys4lc 0 0.19453125 0.8458333333333333 0.0265625 0.0375
ckz6ru6of0007386lhf2t4dtw 0 0.08359375 0.80625 0.0265625 0.0375
ckz6ru83f0009386lx7517dwf 0 0.017050705252918286 0.7588967250324254 0.0265625 0.0375
ckz6ru99l000b386l18xh2byu 0 0.13515625 0.18958333333333333 0.0265625 0.0375
ckz6rub67000d386ld3mx1dyi 0 0.2514914772727273 0.20852272727272728 0.0265625 0.041666666666666664
ckz6ruchb000f386lxxpeu5na 0 0.2526123046875 0.14130859375 0.0265625 0.0375
ckz6rudsb000h386lkwwvc8dz 0 0.28194132194244603 0.22095323741007195 0.0265625 0.0375
ckz6ruf3e000j386lbyqpxw51 0 0.28066172808764944 0.3434926958831341 0.0265625 0.0375
ckz6rugcj000l386lzjazem8c 0 0.11484375 0.525 0.028125 0.05
ckz6rui7o000n386lh32dwmkr 0 0.536328125 0.967650462962963 0.0265625 0.0375
ckz6ruj49000p386lndk3j9jv 0 0.6329051906779661 0.591454802259887 0.0265625 0.0375
ckz6rup8s000r386lkjotnoh0 0 0.48828125 0.86875 0.0265625 0.0375
ckz6rut1n000v386l8rfix41j 0 0.8442047247545583 0.8525420757363253 0.0265625 0.0375
ckz6ruunj000x386l4qiqzsvd 0 0.8348297247545583 0.9775420757363253 0.0265625 0.0375
ckz6ruw8w000z386lc52x10qx 0 0.8517082310659185 0.7529306919121085 0.0265625 0.0375
ckz6ruzco0013386lo3nqjmle 0 0.828125 0.43645833333333334 0.025 0.03958333333333333
ckz6rv4et0015386le3rdpw93 0 0.8664968487394958 0.409375 0.025 0.03958333333333333
ckz6rva9o0019386ll7e0plel 0 0.661820211038961 0.1818181818181818 0.0265625 0.03333333333333333
ckz6rvlfq001d386lt59x4kz2 0 0.7696253765060241 0.08418674698795181 0.0265625 0.03333333333333333
ckz6rvnb8001f386l63s6p1ys 0 0.71015625 0.6354166666666666 0.0265625 0.03333333333333333
ckz6rvpuj001h386lhrb15el1 0 0.5692211354961831 0.5325858778625955 0.02794608778625953 0.03333333333333333
ckz6rvrjs001j386lscfviwaz 0 0.48391597762645916 0.4059987029831388 0.0265625 0.03333333333333333
ckz6rvxvs001p386l9u5f2w3s 0 0.54609375 0.5083333333333333 0.028125 0.0375
ckz6rw3in001v386l6bltg9jj 0 0.7059895833333333 0.10347222222222222 0.0265625 0.03333333333333333
ckz6rw56s001x386l432ih3l6 0 0.9758753765060242 0.8564131526104417 0.0234375 0.035416666666666666
cl4ssee0s0008356hd15z4qn8 0 0.58828125 0.11875 0.0296875 0.05
cl4ssegqi000c356hwxoota92 0 0.6015625 0.20625 0.025 0.04583333333333333
cl4uq6b5l0003356p4ou3mrfw 0 0.85625 0.22395833333333334 0.0375 0.04375
cl4uq7un10007356p14ye3ifb 0 0.9658854166666666 0.27361111111111114 0.0390625 0.0416666666666667
cl4uqbjp9000b356p2175vvqw 0 0.49720394736842105 0.7430646929824561 0.0421875 0.04375
cl4ur3vs8000v356pe031p1yo 0 0.5034226190476191 0.023528439153439155 0.025 0.027083333333333334
cl4urtjol000z356puo72ztp3 0 0.1640625 0.26291666666666663 0.028125 0.03749999999999997
cl4uru0kq0013356pt4h9yjm1 0 0.5157907196969698 0.012705176767676766 0.0296875 0.01875
cl4urwkrx0017356pikpviaa9 0 0.36832589285714284 0.021220238095238098 0.0234375 0.026726190476190476
cl53eq6de000f356i3cjd5jif 1 0.57109375 0.13333333333333333 0.0890625 0.1125
cl53eqa7m000l356ivf26125u 1 0.3203125 0.21041666666666667 0.103125 0.09583333333333334
