ckz3v9nzv00033867jsekqdcl 0 0.2659175385462555 0.43434287812041117 0.0265625 0.0375
ckz6ru2eb0001386lefk6js4m 0 0.23828125 0.5770833333333333 0.0265625 0.0375
ckz6ru3um0003386l39xwv0yk 0 0.24218687749003984 0.85625 0.0265625 0.0375
ckz6ru5610005386l8uoys4lc 0 0.19453125 0.8458333333333333 0.0265625 0.0375
ckz6ru6of0007386lhf2t4dtw 0 0.08359375 0.80625 0.0265625 0.0375
ckz6ru83f0009386lx7517dwf 0 0.018145063229571982 0.7554312581063554 0.0265625 0.0375
ckz6ru99l000b386l18xh2byu 0 0.13515625 0.18958333333333333 0.0265625 0.0375
ckz6rub67000d386ld3mx1dyi 0 0.24453125 0.1875 0.0265625 0.041666666666666664
ckz6ruchb000f386lxxpeu5na 0 0.255908203125 0.1369140625 0.0265625 0.0375
ckz6rudsb000h386lkwwvc8dz 0 0.2821942446043165 0.2206160071942446 0.0265625 0.0375
ckz6ruf3e000j386lbyqpxw51 0 0.28430341135458165 0.33863711819389114 0.0265625 0.0375
ckz6rugcj000l386lzjazem8c 0 0.13671875 0.5314583333333334 0.028125 0.05000000000000006
ckz6rui7o000n386lh32dwmkr 0 0.54072265625 0.9591869212962963 0.0265625 0.0375
ckz6ruj49000p386lndk3j9jv 0 0.6349907309322034 0.5866878531073446 0.0265625 0.0375
ckz6rup8s000r386lkjotnoh0 0 0.48828125 0.86875 0.0265625 0.0375
ckz6rut1n000v386l8rfix41j 0 0.8445991847826088 0.8513586956521739 0.0265625 0.0375
ckz6ruunj000x386l4qiqzsvd 0 0.8352241847826087 0.9763586956521739 0.0265625 0.0375
ckz6ruw8w000z386lc52x10qx 0 0.8520040760869565 0.7525362318840579 0.0265625 0.0375
ckz6ruzco0013386lo3nqjmle 0 0.828125 0.43645833333333334 0.025 0.03958333333333333
ckz6rv4et0015386le3rdpw93 0 0.8666741071428572 0.409375 0.025 0.03958333333333333
ckz6rva9o0019386ll7e0plel 0 0.6624289772727272 0.17897727272727273 0.0265625 0.03333333333333333
ckz6rvlfq001d386lt59x4kz2 0 0.7707548945783133 0.0819277108433735 0.0265625 0.03333333333333333
ckz6rvnb8001f386l63s6p1ys 0 0.71015625 0.6354166666666666 0.0265625 0.03333333333333333
ckz6rvpuj001h386lhrb15el1 0 0.5729782919847328 0.5272185114503817 0.02740935114503813 0.03333333333333333
ckz6rvrjs001j386lscfviwaz 0 0.4866518725680934 0.40563391699092083 0.0265625 0.03333333333333333
ckz6rvvx4001n386lwp0hh90g 0 0.00546875 0.30520833333333336 0.0109375 0.035416666666666666
ckz6rvxvs001p386l9u5f2w3s 0 0.4880208333333333 0.475 0.028125 0.0375
ckz6rw3in001v386l6bltg9jj 0 0.71875 0.14895833333333333 0.0265625 0.03333333333333333
ckz6rw56s001x386l432ih3l6 0 0.976722515060241 0.8485065261044177 0.0234375 0.035416666666666666
cl4ssee0s0008356hd15z4qn8 0 0.58828125 0.11875 0.0296875 0.05
cl4ssegqi000c356hwxoota92 0 0.6015625 0.20625 0.025 0.04583333333333333
cl4sseopo000g356h6ldd8ms6 0 0.04869791666666666 0.06076388888888888 0.029687499999999995 0.039583333333333325
cl4uq6b5l0003356p4ou3mrfw 0 0.85625 0.22395833333333334 0.0375 0.04375
cl4uq7un10007356p14ye3ifb 0 0.9859375 0.33125 0.025 0.0375
cl4uqbjp9000b356p2175vvqw 0 0.4985916940789473 0.7409059758771931 0.0421875 0.04375
cl4ur3vs8000v356pe031p1yo 0 0.5020833333333333 0.022337962962962962 0.025 0.027083333333333334
cl4urtjol000z356puo72ztp3 0 0.25968749999999996 0.29624999999999996 0.028125 0.0375
cl4uru0kq0013356pt4h9yjm1 0 0.5179214015151515 0.011994949494949496 0.0296875 0.01875
cl4urwkrx0017356pikpviaa9 0 0.37033482142857144 0.01753720238095238 0.0234375 0.024717261904761905
cl53eq6de000f356i3cjd5jif 1 0.57109375 0.13333333333333333 0.0890625 0.1125
cl53eqa7m000l356ivf26125u 1 0.3203125 0.21041666666666667 0.103125 0.09583333333333334
