ckz3v9nzv00033867jsekqdcl 0 0.2749377765486726 0.4154990167158309 0.0265625 0.0375
ckz6ru2eb0001386lefk6js4m 0 0.23828125 0.5815434272300469 0.0265625 0.0375
ckz6ru3um0003386l39xwv0yk 0 0.2451987969483568 0.8503032081377152 0.0265625 0.0375
ckz6ru5610005386l8uoys4lc 0 0.19453125 0.8458333333333333 0.0265625 0.0375
ckz6ru6of0007386lhf2t4dtw 0 0.08359375 0.80625 0.0265625 0.0375
ckz6ru83f0009386lx7517dwf 0 0.029126320422535212 0.7282766040688576 0.0265625 0.0375
ckz6ru99l000b386l18xh2byu 0 0.13515625 0.18958333333333333 0.0265625 0.0375
ckz6rub67000d386ld3mx1dyi 0 0.20390625 0.13541666666666666 0.0265625 0.0375
ckz6ruchb000f386lxxpeu5na 0 0.30765625 0.09847222222222222 0.0265625 0.0375
ckz6rudsb000h386lkwwvc8dz 0 0.28481339928057553 0.21712380095923262 0.0265625 0.0375
ckz6ruf3e000j386lbyqpxw51 0 0.3139487969483568 0.3059565727699531 0.0265625 0.0375
ckz6rugcj000l386lzjazem8c 0 0.4203125 0.1640625 0.0265625 0.041666666666666664
ckz6rui7o000n386lh32dwmkr 0 0.582243984741784 0.8782863849765259 0.0265625 0.0375
ckz6ruj49000p386lndk3j9jv 0 0.6460034320809249 0.5643364643545279 0.0265625 0.0375
ckz6rup8s000r386lkjotnoh0 0 0.48828125 0.86875 0.0265625 0.0375
ckz6rurv1000t386llsdca8lh 0 0.546875 0.7958333333333333 0.0265625 0.0375
ckz6rut1n000v386l8rfix41j 0 0.8486840375175315 0.8391041374474053 0.0265625 0.0375
ckz6ruunj000x386l4qiqzsvd 0 0.8393090375175316 0.9641041374474053 0.0265625 0.0375
ckz6ruw8w000z386lc52x10qx 0 0.8550677156381485 0.7484513791491351 0.0265625 0.0375
ckz6ruxwl0011386lwhdpziws 0 0.9143229166666667 0.7194444444444444 0.0265625 0.0375
ckz6ruzco0013386lo3nqjmle 0 0.828125 0.43645833333333334 0.025 0.03958333333333333
ckz6rv4et0015386le3rdpw93 0 0.8685097163865546 0.409375 0.025 0.03958333333333333
ckz6rv5s20017386lyas5kerj 0 0.70078125 0.1625 0.0234375 0.035416666666666666
ckz6rva9o0019386ll7e0plel 0 0.6729010656682027 0.1344374039938556 0.0265625 0.03333333333333333
ckz6rvlfq001d386lt59x4kz2 0 0.770266307840617 0.06446015424164524 0.0265625 0.033333333333333326
ckz6rvnb8001f386l63s6p1ys 0 0.7123862969483568 0.6383900625978091 0.0265625 0.03333333333333333
ckz6rvpuj001h386lhrb15el1 0 0.5891762030516432 0.4833431142410015 0.0265625 0.03333333333333333
ckz6rvrjs001j386lscfviwaz 0 0.4998862969483568 0.38512323943661975 0.0265625 0.03333333333333333
ckz6rvtvy001l386li54we947 0 0.10703125 0.515625 0.0296875 0.0375
ckz6rvvx4001n386lwp0hh90g 0 0.01787109375 0.2193359375 0.0265625 0.03333333333333333
ckz6rvxvs001p386l9u5f2w3s 0 0.07552083333333334 0.2677083333333333 0.028125 0.0375
ckz6rw3in001v386l6bltg9jj 0 0.73984375 0.8020833333333334 0.0265625 0.03333333333333333
ckz6rw56s001x386l432ih3l6 0 0.9886335100446428 0.7713030133928572 0.022732979910714234 0.03390066964285718
cl4sse7t80004356hlgz3o2fx 0 0.60546875 0.30833333333333335 0.025 0.035416666666666666
cl4ssee0s0008356hd15z4qn8 0 0.58828125 0.11875 0.0296875 0.05
cl4ssegqi000c356hwxoota92 0 0.6015625 0.20625 0.025 0.04583333333333333
cl4sseopo000g356h6ldd8ms6 0 0.35703125 0.7125 0.0390625 0.041666666666666664
cl4swkq5u0003356p8vuhc7nn 0 0.6703125 0.6114583333333333 0.028125 0.035416666666666666
cl4uq6b5l0003356p4ou3mrfw 0 0.85625 0.22395833333333334 0.0375 0.04375
cl4uqbjp9000b356p2175vvqw 0 0.5129625822368421 0.7185512609649123 0.0421875 0.04375
