ckz3v9nzv00033867jsekqdcl 0 0.27576742256637166 0.4125491642084562 0.0265625 0.0375
ckz6ru2eb0001386lefk6js4m 0 0.23828125 0.5833039906103287 0.0265625 0.0375
ckz6ru3um0003386l39xwv0yk 0 0.24607907863849765 0.8479557902973396 0.0265625 0.0375
ckz6ru5610005386l8uoys4lc 0 0.19453125 0.8458333333333333 0.0265625 0.0375
ckz6ru6of0007386lhf2t4dtw 0 0.08359375 0.80625 0.0265625 0.0375
ckz6ru83f0009386lx7517dwf 0 0.030446742957746475 0.7271028951486698 0.0265625 0.0375
ckz6ru99l000b386l18xh2byu 0 0.13515625 0.18958333333333333 0.0265625 0.0375
ckz6rub67000d386ld3mx1dyi 0 0.19001736111111112 0.10254629629629629 0.0265625 0.0375
ckz6ruchb000f386lxxpeu5na 0 0.31472582547169814 0.09382861635220126 0.0265625 0.0375
ckz6rudsb000h386lkwwvc8dz 0 0.2851506294964029 0.2166741606714628 0.0265625 0.0375
ckz6ruf3e000j386lbyqpxw51 0 0.31482907863849763 0.30419600938967134 0.0265625 0.0375
ckz6rugcj000l386lzjazem8c 0 0.46828125 0.10291666666666667 0.0265625 0.0375
ckz6rui7o000n386lh32dwmkr 0 0.5866453931924883 0.8730046948356808 0.0265625 0.0375
ckz6ruj49000p386lndk3j9jv 0 0.6476291546242774 0.562530105973025 0.0265625 0.0375
ckz6rup8s000r386lkjotnoh0 0 0.48828125 0.86875 0.0265625 0.0375
ckz6rurv1000t386llsdca8lh 0 0.42578125 0.7666666666666667 0.0265625 0.0375
ckz6rut1n000v386l8rfix41j 0 0.8492099842215989 0.8375262973352035 0.0265625 0.0375
ckz6ruunj000x386l4qiqzsvd 0 0.8398349842215989 0.9625262973352035 0.0265625 0.0375
ckz6ruw8w000z386lc52x10qx 0 0.8554621756661991 0.7479254324450678 0.0265625 0.0375
ckz6ruxwl0011386lwhdpziws 0 0.876171875 0.6098958333333333 0.0265625 0.0375
ckz6ruzco0013386lo3nqjmle 0 0.828125 0.43645833333333334 0.025 0.03958333333333333
ckz6rv4et0015386le3rdpw93 0 0.8687460609243697 0.409375 0.025 0.03958333333333333
ckz6rv5s20017386lyas5kerj 0 0.673828125 0.20208333333333334 0.0234375 0.03333333333333333
ckz6rva9o0019386ll7e0plel 0 0.6741971486175115 0.12925307219662058 0.0265625 0.03333333333333333
ckz6rvjnr001b386l6bprt2rz 0 0.72421875 0.1267857142857143 0.0265625 0.03333333333333335
ckz6rvlfq001d386lt59x4kz2 0 0.7695433001285348 0.06253213367609253 0.0265625 0.033333333333333326
ckz6rvnb8001f386l63s6p1ys 0 0.7132665786384977 0.6395637715179969 0.0265625 0.03333333333333333
ckz6rvpuj001h386lhrb15el1 0 0.5882959213615023 0.47923513302034426 0.0265625 0.03333333333333333
ckz6rvrjs001j386lscfviwaz 0 0.5007665786384977 0.383362676056338 0.0265625 0.03333333333333333
ckz6rvtvy001l386li54we947 0 0.20755208333333336 0.663888888888889 0.026562500000000024 0.03333333333333333
ckz6rvvx4001n386lwp0hh90g 0 0.014897629310344829 0.2146551724137931 0.0265625 0.03333333333333333
ckz6rvxvs001p386l9u5f2w3s 0 0.028125 0.20130208333333333 0.0265625 0.03333333333333333
ckz6rvzvz001r386lcw1fqa7h 0 0.7346354166666667 0.9631944444444444 0.0265625 0.03333333333333333
ckz6rw1y9001t386ll8rr5ixq 0 0.6903645833333333 0.9527777777777777 0.0265625 0.03333333333333333
ckz6rw3in001v386l6bltg9jj 0 0.730078125 0.8614583333333333 0.0265625 0.03333333333333333
ckz6rw56s001x386l432ih3l6 0 0.9867501395089284 0.7687918526785715 0.026499720982142882 0.03334263392857141
cl4sse7t80004356hlgz3o2fx 0 0.5578125 0.2142361111111111 0.025 0.035416666666666666
cl4ssee0s0008356hd15z4qn8 0 0.58828125 0.11875 0.0296875 0.05
cl4ssegqi000c356hwxoota92 0 0.6015625 0.20625 0.025 0.04583333333333333
cl4sseopo000g356h6ldd8ms6 0 0.41015625 0.7770833333333333 0.0328125 0.0375
cl4swkq5u0003356p8vuhc7nn 0 0.8359375 0.7010416666666667 0.028125 0.03333333333333333
cl4uq6b5l0003356p4ou3mrfw 0 0.85625 0.22395833333333334 0.0375 0.04375
cl4uqbjp9000b356p2175vvqw 0 0.5148129111842106 0.7156729714912281 0.0421875 0.04375
