ckz3v9nzv00033867jsekqdcl 0 0.27409430309734517 0.41849803343166175 0.0265625 0.0375
ckz6ru2eb0001386lefk6js4m 0 0.23828125 0.5797535211267605 0.0265625 0.0375
ckz6ru3um0003386l39xwv0yk 0 0.2443038438967136 0.8526897496087638 0.0265625 0.0375
ckz6ru5610005386l8uoys4lc 0 0.19453125 0.8458333333333333 0.0265625 0.0375
ckz6ru6of0007386lhf2t4dtw 0 0.08359375 0.80625 0.0265625 0.0375
ckz6ru83f0009386lx7517dwf 0 0.027783890845070425 0.7294698748043819 0.0265625 0.0375
ckz6ru99l000b386l18xh2byu 0 0.13515625 0.18958333333333333 0.0265625 0.0375
ckz6rub67000d386ld3mx1dyi 0 0.20859375 0.14136904761904762 0.0265625 0.03750000000000001
ckz6ruchb000f386lxxpeu5na 0 0.30050781249999997 0.10270833333333333 0.0265625 0.0375
ckz6rudsb000h386lkwwvc8dz 0 0.28447054856115106 0.21758093525179856 0.0265625 0.0375
ckz6ruf3e000j386lbyqpxw51 0 0.3130538438967136 0.30774647887323947 0.0265625 0.0375
ckz6rugcj000l386lzjazem8c 0 0.35963541666666665 0.2326388888888889 0.0265625 0.041666666666666664
ckz6rui7o000n386lh32dwmkr 0 0.5777692194835681 0.8836561032863849 0.0265625 0.0375
ckz6ruj49000p386lndk3j9jv 0 0.6443506141618498 0.5661729287090559 0.0265625 0.0375
ckz6rup8s000r386lkjotnoh0 0 0.48828125 0.86875 0.0265625 0.0375
ckz6rurv1000t386llsdca8lh 0 0.659765625 0.8286458333333333 0.0234375 0.0375
ckz6rut1n000v386l8rfix41j 0 0.8481493250350631 0.8407082748948106 0.0265625 0.0375
ckz6ruunj000x386l4qiqzsvd 0 0.8387743250350631 0.9657082748948106 0.0265625 0.0375
ckz6ruw8w000z386lc52x10qx 0 0.8546666812762973 0.7489860916316036 0.0265625 0.0375
ckz6ruxwl0011386lwhdpziws 0 0.95234375 0.7947916666666667 0.0265625 0.04375
ckz6ruzco0013386lo3nqjmle 0 0.828125 0.43645833333333334 0.025 0.03958333333333333
ckz6rv4et0015386le3rdpw93 0 0.8682694327731092 0.409375 0.025 0.03958333333333333
ckz6rv5s20017386lyas5kerj 0 0.64921875 0.159375 0.0234375 0.035416666666666666
ckz6rva9o0019386ll7e0plel 0 0.6715833813364055 0.13970814132104453 0.0265625 0.03333333333333333
ckz6rvlfq001d386lt59x4kz2 0 0.771001365681234 0.06642030848329049 0.0265625 0.03333333333333334
ckz6rvnb8001f386l63s6p1ys 0 0.7114913438967136 0.6371967918622848 0.0265625 0.03333333333333333
ckz6rvpuj001h386lhrb15el1 0 0.5900711561032864 0.48751956181533646 0.0265625 0.03333333333333333
ckz6rvrjs001j386lscfviwaz 0 0.4989913438967136 0.38691314553990613 0.0265625 0.03333333333333333
ckz6rvtvy001l386li54we947 0 0.03046875 0.51875 0.0296875 0.0375
ckz6rvvx4001n386lwp0hh90g 0 0.01588541666666667 0.23125 0.0265625 0.03333333333333333
ckz6rvxvs001p386l9u5f2w3s 0 0.1421875 0.29583333333333334 0.028125 0.0375
ckz6rw3in001v386l6bltg9jj 0 0.77421875 0.7215277777777778 0.0265625 0.03333333333333333
ckz6rw56s001x386l432ih3l6 0 0.9905482700892858 0.7738560267857143 0.018903459821428648 0.0344680059523809
cl4sse7t80004356hlgz3o2fx 0 0.6171875 0.41770833333333335 0.025 0.035416666666666666
cl4ssee0s0008356hd15z4qn8 0 0.58828125 0.11875 0.0296875 0.05
cl4ssegqi000c356hwxoota92 0 0.6015625 0.20625 0.025 0.04583333333333333
cl4sseopo000g356h6ldd8ms6 0 0.27734375 0.61875 0.0390625 0.041666666666666664
cl4swkq5u0003356p8vuhc7nn 0 0.49765625 0.5526041666666667 0.028125 0.035416666666666666
cl4uq6b5l0003356p4ou3mrfw 0 0.85625 0.22395833333333334 0.0375 0.04375
cl4uqbjp9000b356p2175vvqw 0 0.5110814144736843 0.7214775219298245 0.0421875 0.04375
cl53eq6de000f356i3cjd5jif 1 0.57109375 0.13333333333333333 0.0890625 0.1125
cl53eqa7m000l356ivf26125u 1 0.3203125 0.21041666666666667 0.103125 0.09583333333333334
