ckz3v9nzv00033867jsekqdcl 0 0.272960453539823 0.42252949852507377 0.0265625 0.0375
ckz6ru2eb0001386lefk6js4m 0 0.23828125 0.5773474178403756 0.0265625 0.0375
ckz6ru3um0003386l39xwv0yk 0 0.24310079225352116 0.8558978873239436 0.0265625 0.0375
ckz6ru5610005386l8uoys4lc 0 0.19453125 0.8458333333333333 0.0265625 0.0375
ckz6ru6of0007386lhf2t4dtw 0 0.08359375 0.80625 0.0265625 0.0375
ckz6ru83f0009386lx7517dwf 0 0.02597931338028169 0.7310739436619719 0.0265625 0.0375
ckz6ru99l000b386l18xh2byu 0 0.13515625 0.18958333333333333 0.0265625 0.0375
ckz6rub67000d386ld3mx1dyi 0 0.21796875 0.16861413043478263 0.0265625 0.0375
ckz6ruchb000f386lxxpeu5na 0 0.2905643857758621 0.1087553879310345 0.0265625 0.0375
ckz6rudsb000h386lkwwvc8dz 0 0.28400966726618704 0.21819544364508392 0.0265625 0.0375
ckz6ruf3e000j386lbyqpxw51 0 0.31185079225352114 0.3101525821596244 0.0265625 0.0375
ckz6rugcj000l386lzjazem8c 0 0.35078125 0.3652777777777778 0.0265625 0.041666666666666664
ckz6rui7o000n386lh32dwmkr 0 0.5717539612676056 0.8908744131455398 0.0265625 0.0375
ckz6ruj49000p386lndk3j9jv 0 0.6421287933526012 0.5686416184971098 0.0265625 0.0375
ckz6rup8s000r386lkjotnoh0 0 0.48828125 0.86875 0.0265625 0.0375
ckz6rurv1000t386llsdca8lh 0 0.81171875 0.8229166666666666 0.0234375 0.0375
ckz6rut1n000v386l8rfix41j 0 0.8474305312061711 0.8428646563814867 0.0265625 0.0375
ckz6ruunj000x386l4qiqzsvd 0 0.838055531206171 0.9678646563814867 0.0265625 0.0375
ckz6ruw8w000z386lc52x10qx 0 0.8541275859046283 0.7497048854604955 0.0265625 0.0375
ckz6ruzco0013386lo3nqjmle 0 0.828125 0.43645833333333334 0.025 0.03958333333333333
ckz6rv4et0015386le3rdpw93 0 0.8679464285714286 0.409375 0.025 0.03958333333333333
ckz6rv5s20017386lyas5kerj 0 0.61484375 0.05520833333333333 0.0234375 0.03125
ckz6rva9o0019386ll7e0plel 0 0.6698120679723503 0.14679339477726575 0.0265625 0.03333333333333333
ckz6rvlfq001d386lt59x4kz2 0 0.7719894762210797 0.06905526992287918 0.0265625 0.03333333333333333
ckz6rvnb8001f386l63s6p1ys 0 0.7102882922535211 0.6355927230046948 0.0265625 0.03333333333333333
ckz6rvpuj001h386lhrb15el1 0 0.5912742077464789 0.4931338028169014 0.0265625 0.03333333333333333
ckz6rvrjs001j386lscfviwaz 0 0.4977882922535211 0.38931924882629104 0.0265625 0.03333333333333333
ckz6rvvx4001n386lwp0hh90g 0 0.013913690476190477 0.24618055555555557 0.0265625 0.03333333333333333
ckz6rvxvs001p386l9u5f2w3s 0 0.22083333333333335 0.325 0.028125 0.0375
ckz6rw3in001v386l6bltg9jj 0 0.75546875 0.6145833333333334 0.0265625 0.03333333333333333
ckz6rw56s001x386l432ih3l6 0 0.9931222098214285 0.7772879464285716 0.013755580357142883 0.03523065476190475
cl4sse7t80004356hlgz3o2fx 0 0.6546875 0.5479166666666667 0.025 0.041666666666666664
cl4ssee0s0008356hd15z4qn8 0 0.58828125 0.11875 0.0296875 0.05
cl4ssegqi000c356hwxoota92 0 0.6015625 0.20625 0.025 0.04583333333333333
cl4sseopo000g356h6ldd8ms6 0 0.24921875 0.5140625 0.0359375 0.04583333333333333
cl4swkq5u0003356p8vuhc7nn 0 0.25734375 0.4691666666666666 0.0328125 0.0375
cl4uq6b5l0003356p4ou3mrfw 0 0.85625 0.22395833333333334 0.0375 0.04375
cl4uqbjp9000b356p2175vvqw 0 0.5085526315789474 0.7254111842105264 0.0421875 0.04375
cl53eq6de000f356i3cjd5jif 1 0.57109375 0.13333333333333333 0.0890625 0.1125
cl53eqa7m000l356ivf26125u 1 0.3203125 0.21041666666666667 0.103125 0.09583333333333334
