ckz3v9nzv00033867jsekqdcl 0 0.27381775442477874 0.41948131760078666 0.0265625 0.0375
ckz6ru2eb0001386lefk6js4m 0 0.23828125 0.5791666666666667 0.0265625 0.0375
ckz6ru3um0003386l39xwv0yk 0 0.24401041666666665 0.8534722222222223 0.0265625 0.0375
ckz6ru5610005386l8uoys4lc 0 0.19453125 0.8458333333333333 0.0265625 0.0375
ckz6ru6of0007386lhf2t4dtw 0 0.08359375 0.80625 0.0265625 0.0375
ckz6ru83f0009386lx7517dwf 0 0.02734375 0.7298611111111111 0.0265625 0.0375
ckz6ru99l000b386l18xh2byu 0 0.13515625 0.18958333333333333 0.0265625 0.0375
ckz6rub67000d386ld3mx1dyi 0 0.21588541666666666 0.15347222222222223 0.0265625 0.0375
ckz6ruchb000f386lxxpeu5na 0 0.2981640625 0.10409722222222223 0.0265625 0.0375
ckz6rudsb000h386lkwwvc8dz 0 0.2843581384892086 0.21773081534772182 0.0265625 0.0375
ckz6ruf3e000j386lbyqpxw51 0 0.31276041666666665 0.30833333333333335 0.0265625 0.0375
ckz6rugcj000l386lzjazem8c 0 0.37921875 0.27208333333333334 0.0265625 0.041666666666666664
ckz6rui7o000n386lh32dwmkr 0 0.5763020833333333 0.8854166666666666 0.0265625 0.0375
ckz6ruj49000p386lndk3j9jv 0 0.6438087066473989 0.5667750481695568 0.0265625 0.0375
ckz6rup8s000r386lkjotnoh0 0 0.48828125 0.86875 0.0265625 0.0375
ckz6rurv1000t386llsdca8lh 0 0.71171875 0.8208333333333333 0.0234375 0.0375
ckz6rut1n000v386l8rfix41j 0 0.8479740094670406 0.841234221598878 0.0265625 0.0375
ckz6ruunj000x386l4qiqzsvd 0 0.8385990094670406 0.966234221598878 0.0265625 0.0375
ckz6ruw8w000z386lc52x10qx 0 0.8545351946002805 0.749161407199626 0.0265625 0.0375
ckz6ruxwl0011386lwhdpziws 0 0.984375 0.8166666666666667 0.0265625 0.04375
ckz6ruzco0013386lo3nqjmle 0 0.828125 0.43645833333333334 0.025 0.03958333333333333
ckz6rv4et0015386le3rdpw93 0 0.8681906512605042 0.409375 0.025 0.03958333333333333
ckz6rv5s20017386lyas5kerj 0 0.62703125 0.15520833333333334 0.0234375 0.035416666666666666
ckz6rva9o0019386ll7e0plel 0 0.6711513536866359 0.1414362519201229 0.0265625 0.03333333333333333
ckz6rvlfq001d386lt59x4kz2 0 0.771242368251928 0.0670629820051414 0.0265625 0.03333333333333334
ckz6rvnb8001f386l63s6p1ys 0 0.7111979166666667 0.6368055555555556 0.0265625 0.03333333333333333
ckz6rvpuj001h386lhrb15el1 0 0.5903645833333333 0.4888888888888889 0.0265625 0.03333333333333333
ckz6rvrjs001j386lscfviwaz 0 0.4986979166666667 0.3875 0.0265625 0.03333333333333333
ckz6rvtvy001l386li54we947 0 0.0203125 0.5697916666666667 0.03125 0.03958333333333333
ckz6rvvx4001n386lwp0hh90g 0 0.015234375 0.23515625 0.0265625 0.03333333333333333
ckz6rvxvs001p386l9u5f2w3s 0 0.17250000000000001 0.25666666666666665 0.028125 0.03749999999999997
ckz6rw3in001v386l6bltg9jj 0 0.7643229166666667 0.6861111111111111 0.0265625 0.03333333333333333
ckz6rw56s001x386l432ih3l6 0 0.9911760602678571 0.7746930803571428 0.017647879464285764 0.034654017857142824
cl4sse7t80004356hlgz3o2fx 0 0.625 0.45416666666666666 0.025 0.03333333333333333
cl4ssee0s0008356hd15z4qn8 0 0.58828125 0.11875 0.0296875 0.05
cl4ssegqi000c356hwxoota92 0 0.6015625 0.20625 0.025 0.04583333333333333
cl4sseopo000g356h6ldd8ms6 0 0.27109375 0.6083333333333333 0.0359375 0.04583333333333333
cl4swkq5u0003356p8vuhc7nn 0 0.41953125 0.55 0.0328125 0.0375
cl4uq6b5l0003356p4ou3mrfw 0 0.85625 0.22395833333333334 0.0375 0.04375
cl4uqbjp9000b356p2175vvqw 0 0.5104646381578948 0.7224369517543859 0.0421875 0.04375
cl53eq6de000f356i3cjd5jif 1 0.57109375 0.13333333333333333 0.0890625 0.1125
cl53eqa7m000l356ivf26125u 1 0.3203125 0.21041666666666667 0.103125 0.09583333333333334
