ckz3v9nzv00033867jsekqdcl 0 0.2734582411504425 0.420759587020649 0.0265625 0.0375
ckz6ru2eb0001386lefk6js4m 0 0.23828125 0.5784037558685446 0.0265625 0.0375
ckz6ru3um0003386l39xwv0yk 0 0.24362896126760564 0.8544894366197183 0.0265625 0.0375
ckz6ru5610005386l8uoys4lc 0 0.19453125 0.8458333333333333 0.0265625 0.0375
ckz6ru6of0007386lhf2t4dtw 0 0.08359375 0.80625 0.0265625 0.0375
ckz6ru83f0009386lx7517dwf 0 0.02677156690140845 0.7303697183098592 0.0265625 0.0375
ckz6ru99l000b386l18xh2byu 0 0.13515625 0.18958333333333333 0.0265625 0.0375
ckz6rub67000d386ld3mx1dyi 0 0.21796875 0.1637228260869565 0.0265625 0.0375
ckz6ruchb000f386lxxpeu5na 0 0.2951171875 0.10590277777777778 0.0265625 0.0375
ckz6rudsb000h386lkwwvc8dz 0 0.2842120053956835 0.21792565947242207 0.0265625 0.0375
ckz6ruf3e000j386lbyqpxw51 0 0.31237896126760567 0.3090962441314554 0.0265625 0.0375
ckz6rugcj000l386lzjazem8c 0 0.33828125 0.31875 0.0265625 0.041666666666666664
ckz6rui7o000n386lh32dwmkr 0 0.5743948063380282 0.8877053990610329 0.0265625 0.0375
ckz6ruj49000p386lndk3j9jv 0 0.6431042268786127 0.567557803468208 0.0265625 0.0375
ckz6rup8s000r386lkjotnoh0 0 0.48828125 0.86875 0.0265625 0.0375
ckz6rurv1000t386llsdca8lh 0 0.73671875 0.7895833333333333 0.0234375 0.0375
ckz6rut1n000v386l8rfix41j 0 0.8477460992286115 0.8419179523141656 0.0265625 0.0375
ckz6ruunj000x386l4qiqzsvd 0 0.8383710992286115 0.9669179523141656 0.0265625 0.0375
ckz6ruw8w000z386lc52x10qx 0 0.8543642619214585 0.7493893174380551 0.0265625 0.0375
ckz6ruzco0013386lo3nqjmle 0 0.828125 0.43645833333333334 0.025 0.03958333333333333
ckz6rv4et0015386le3rdpw93 0 0.8680882352941177 0.409375 0.025 0.03958333333333333
ckz6rv5s20017386lyas5kerj 0 0.63515625 0.1078125 0.0234375 0.035416666666666666
ckz6rva9o0019386ll7e0plel 0 0.6705897177419355 0.14368279569892473 0.0265625 0.03333333333333333
ckz6rvlfq001d386lt59x4kz2 0 0.7715556715938303 0.06789845758354755 0.0265625 0.03333333333333333
ckz6rvnb8001f386l63s6p1ys 0 0.7108164612676056 0.6362969483568075 0.0265625 0.03333333333333333
ckz6rvpuj001h386lhrb15el1 0 0.5907460387323944 0.4906690140845071 0.0265625 0.03333333333333333
ckz6rvrjs001j386lscfviwaz 0 0.4983164612676056 0.3882629107981221 0.0265625 0.03333333333333333
ckz6rvtvy001l386li54we947 0 0.0140625 0.5916666666666667 0.021875 0.0375
ckz6rvvx4001n386lwp0hh90g 0 0.014583333333333332 0.23993055555555556 0.0265625 0.03333333333333333
ckz6rvxvs001p386l9u5f2w3s 0 0.19375 0.2791666666666667 0.028125 0.0375
ckz6rw3in001v386l6bltg9jj 0 0.77265625 0.6583333333333333 0.0265625 0.03333333333333333
ckz6rw56s001x386l432ih3l6 0 0.9919921875 0.77578125 0.016015625 0.034895833333333334
cl4sse7t80004356hlgz3o2fx 0 0.6421875 0.5034722222222222 0.025 0.03333333333333333
cl4ssee0s0008356hd15z4qn8 0 0.58828125 0.11875 0.0296875 0.05
cl4ssegqi000c356hwxoota92 0 0.6015625 0.20625 0.025 0.04583333333333333
cl4sseopo000g356h6ldd8ms6 0 0.24765625 0.5708333333333333 0.0359375 0.04583333333333333
cl4swkq5u0003356p8vuhc7nn 0 0.35234375 0.5048611111111111 0.0328125 0.0375
cl4uq6b5l0003356p4ou3mrfw 0 0.85625 0.22395833333333334 0.0375 0.04375
cl4uqbjp9000b356p2175vvqw 0 0.5096628289473684 0.7236842105263157 0.0421875 0.04375
cl53eq6de000f356i3cjd5jif 1 0.57109375 0.13333333333333333 0.0890625 0.1125
cl53eqa7m000l356ivf26125u 1 0.3203125 0.21041666666666667 0.103125 0.09583333333333334
