ckz3v9nzv00033867jsekqdcl 0 0.2748409845132743 0.4158431661750246 0.0265625 0.0375
ckz6ru2eb0001386lefk6js4m 0 0.23828125 0.5813380281690141 0.0265625 0.0375
ckz6ru3um0003386l39xwv0yk 0 0.2450960974178404 0.8505770735524256 0.0265625 0.0375
ckz6ru5610005386l8uoys4lc 0 0.19453125 0.8458333333333333 0.0265625 0.0375
ckz6ru6of0007386lhf2t4dtw 0 0.08359375 0.80625 0.0265625 0.0375
ckz6ru83f0009386lx7517dwf 0 0.02897227112676056 0.7284135367762128 0.0265625 0.0375
ckz6ru99l000b386l18xh2byu 0 0.13515625 0.18958333333333333 0.0265625 0.0375
ckz6rub67000d386ld3mx1dyi 0 0.200625 0.13833333333333334 0.0265625 0.03750000000000001
ckz6ruchb000f386lxxpeu5na 0 0.3068359375 0.09895833333333333 0.0265625 0.0375
ckz6rudsb000h386lkwwvc8dz 0 0.28477405575539566 0.21717625899280574 0.0265625 0.0375
ckz6ruf3e000j386lbyqpxw51 0 0.3138460974178404 0.3061619718309859 0.0265625 0.0375
ckz6rugcj000l386lzjazem8c 0 0.39609375 0.17395833333333333 0.0265625 0.041666666666666664
ckz6rui7o000n386lh32dwmkr 0 0.5817304870892019 0.8789025821596244 0.0265625 0.0375
ckz6ruj49000p386lndk3j9jv 0 0.645813764450867 0.5645472061657032 0.0265625 0.0375
ckz6rup8s000r386lkjotnoh0 0 0.48828125 0.86875 0.0265625 0.0375
ckz6rurv1000t386llsdca8lh 0 0.56015625 0.7965277777777777 0.0265625 0.0375
ckz6rut1n000v386l8rfix41j 0 0.8486226770687237 0.8392882187938289 0.0265625 0.0375
ckz6ruunj000x386l4qiqzsvd 0 0.8392476770687237 0.9642882187938289 0.0265625 0.0375
ckz6ruw8w000z386lc52x10qx 0 0.8550216953015427 0.748512739597943 0.0265625 0.0375
ckz6ruxwl0011386lwhdpziws 0 0.90546875 0.70625 0.0265625 0.0375
ckz6ruzco0013386lo3nqjmle 0 0.828125 0.43645833333333334 0.025 0.03958333333333333
ckz6rv4et0015386le3rdpw93 0 0.8684821428571429 0.409375 0.025 0.03958333333333333
ckz6rv5s20017386lyas5kerj 0 0.6934895833333333 0.1579861111111111 0.0234375 0.035416666666666666
ckz6rva9o0019386ll7e0plel 0 0.6727498559907834 0.13504224270353304 0.0265625 0.03333333333333335
ckz6rvlfq001d386lt59x4kz2 0 0.7703506587403599 0.06468508997429305 0.0265625 0.033333333333333326
ckz6rvnb8001f386l63s6p1ys 0 0.7122835974178404 0.6382531298904539 0.0265625 0.03333333333333333
ckz6rvpuj001h386lhrb15el1 0 0.5892789025821596 0.48382237871674494 0.0265625 0.03333333333333333
ckz6rvrjs001j386lscfviwaz 0 0.4997835974178404 0.3853286384976526 0.0265625 0.03333333333333333
ckz6rvtvy001l386li54we947 0 0.08895089285714286 0.5083333333333333 0.0296875 0.0375
ckz6rvvx4001n386lwp0hh90g 0 0.01764322916666667 0.220703125 0.0265625 0.03333333333333333
ckz6rvxvs001p386l9u5f2w3s 0 0.0953125 0.2630208333333333 0.028125 0.0375
ckz6rw3in001v386l6bltg9jj 0 0.73203125 0.7947916666666667 0.0265625 0.03333333333333333
ckz6rw56s001x386l432ih3l6 0 0.9888532366071429 0.7715959821428572 0.022293526785714234 0.03396577380952384
cl4sse7t80004356hlgz3o2fx 0 0.5796875 0.321875 0.025 0.035416666666666666
cl4ssee0s0008356hd15z4qn8 0 0.58828125 0.11875 0.0296875 0.05
cl4ssegqi000c356hwxoota92 0 0.6015625 0.20625 0.025 0.04583333333333333
cl4sseopo000g356h6ldd8ms6 0 0.32890625 0.7 0.0390625 0.041666666666666664
cl4swkq5u0003356p8vuhc7nn 0 0.64140625 0.6166666666666667 0.028125 0.035416666666666666
cl4uq6b5l0003356p4ou3mrfw 0 0.85625 0.22395833333333334 0.0375 0.04375
cl4uqbjp9000b356p2175vvqw 0 0.5127467105263157 0.7188870614035088 0.0421875 0.04375
