ckz3v9nzv00033867jsekqdcl 0 0.2740528207964602 0.4186455260570305 0.0265625 0.0375
ckz6ru2eb0001386lefk6js4m 0 0.23828125 0.5796654929577465 0.0265625 0.0375
ckz6ru3um0003386l39xwv0yk 0 0.24425982981220656 0.8528071205007826 0.0265625 0.0375
ckz6ru5610005386l8uoys4lc 0 0.19453125 0.8458333333333333 0.0265625 0.0375
ckz6ru6of0007386lhf2t4dtw 0 0.08359375 0.80625 0.0265625 0.0375
ckz6ru83f0009386lx7517dwf 0 0.027717869718309862 0.7295285602503913 0.0265625 0.0375
ckz6ru99l000b386l18xh2byu 0 0.13515625 0.18958333333333333 0.0265625 0.0375
ckz6rub67000d386ld3mx1dyi 0 0.20859375 0.14672619047619048 0.0265625 0.0375
ckz6ruchb000f386lxxpeu5na 0 0.30015625 0.10291666666666667 0.0265625 0.0375
ckz6rudsb000h386lkwwvc8dz 0 0.28445368705035967 0.21760341726618704 0.0265625 0.0375
ckz6ruf3e000j386lbyqpxw51 0 0.31300982981220654 0.3078345070422535 0.0265625 0.0375
ckz6rugcj000l386lzjazem8c 0 0.37578125 0.24583333333333332 0.0265625 0.041666666666666664
ckz6rui7o000n386lh32dwmkr 0 0.5775491490610329 0.8839201877934272 0.0265625 0.0375
ckz6ruj49000p386lndk3j9jv 0 0.6442693280346821 0.566263246628131 0.0265625 0.0375
ckz6rup8s000r386lkjotnoh0 0 0.48828125 0.86875 0.0265625 0.0375
ckz6rurv1000t386llsdca8lh 0 0.66328125 0.8208333333333333 0.0234375 0.0375
ckz6rut1n000v386l8rfix41j 0 0.8481230276998598 0.8407871669004208 0.0265625 0.0375
ckz6ruunj000x386l4qiqzsvd 0 0.8387480276998598 0.9657871669004208 0.0265625 0.0375
ckz6ruw8w000z386lc52x10qx 0 0.8546469582748948 0.749012388966807 0.0265625 0.0375
ckz6ruxwl0011386lwhdpziws 0 0.94140625 0.7958333333333333 0.0265625 0.04375
ckz6ruzco0013386lo3nqjmle 0 0.828125 0.43645833333333334 0.025 0.03958333333333333
ckz6rv4et0015386le3rdpw93 0 0.8682576155462185 0.409375 0.025 0.03958333333333333
ckz6rv5s20017386lyas5kerj 0 0.6372395833333333 0.15659722222222222 0.0234375 0.035416666666666666
ckz6rva9o0019386ll7e0plel 0 0.6715185771889401 0.13996735791090628 0.0265625 0.03333333333333332
ckz6rvlfq001d386lt59x4kz2 0 0.7710375160668381 0.06651670951156813 0.0265625 0.03333333333333333
ckz6rvnb8001f386l63s6p1ys 0 0.7114473298122066 0.6371381064162754 0.0265625 0.03333333333333333
ckz6rvpuj001h386lhrb15el1 0 0.5901151701877934 0.48772496087636935 0.0265625 0.03333333333333333
ckz6rvrjs001j386lscfviwaz 0 0.4989473298122066 0.3870011737089202 0.0265625 0.03333333333333333
ckz6rvtvy001l386li54we947 0 0.01484375 0.525 0.0296875 0.0375
ckz6rvvx4001n386lwp0hh90g 0 0.015787760416666668 0.2318359375 0.0265625 0.03333333333333333
ckz6rvxvs001p386l9u5f2w3s 0 0.146875 0.2786458333333333 0.028125 0.0375
ckz6rw3in001v386l6bltg9jj 0 0.78046875 0.7270833333333333 0.0265625 0.03333333333333333
ckz6rw56s001x386l432ih3l6 0 0.9906424386160715 0.7739815848214284 0.01871512276785712 0.03449590773809526
cl4sse7t80004356hlgz3o2fx 0 0.6296875 0.42604166666666665 0.025 0.035416666666666666
cl4ssee0s0008356hd15z4qn8 0 0.58828125 0.11875 0.0296875 0.05
cl4ssegqi000c356hwxoota92 0 0.6015625 0.20625 0.025 0.04583333333333333
cl4sseopo000g356h6ldd8ms6 0 0.27734375 0.6041666666666666 0.0390625 0.041666666666666664
cl4swkq5u0003356p8vuhc7nn 0 0.4859375 0.5697916666666667 0.028125 0.035416666666666666
cl4uq6b5l0003356p4ou3mrfw 0 0.85625 0.22395833333333334 0.0375 0.04375
cl4uqbjp9000b356p2175vvqw 0 0.5109888980263158 0.7216214364035088 0.0421875 0.04375
cl53eq6de000f356i3cjd5jif 1 0.57109375 0.13333333333333333 0.0890625 0.1125
cl53eqa7m000l356ivf26125u 1 0.3203125 0.21041666666666667 0.103125 0.09583333333333334
