ckz3v9nzv00033867jsekqdcl 0 0.2714670907079646 0.4278392330383481 0.0265625 0.0375
ckz6ru2eb0001386lefk6js4m 0 0.23828125 0.5770833333333333 0.0265625 0.0375
ckz6ru3um0003386l39xwv0yk 0 0.2427222360557769 0.85625 0.0265625 0.0375
ckz6ru5610005386l8uoys4lc 0 0.19453125 0.8458333333333333 0.0265625 0.0375
ckz6ru6of0007386lhf2t4dtw 0 0.08359375 0.80625 0.0265625 0.0375
ckz6ru83f0009386lx7517dwf 0 0.023373662451361864 0.7388740272373541 0.0265625 0.0375
ckz6ru99l000b386l18xh2byu 0 0.13515625 0.18958333333333333 0.0265625 0.0375
ckz6rub67000d386ld3mx1dyi 0 0.22254464285714284 0.17730654761904763 0.0265625 0.041666666666666664
ckz6ruchb000f386lxxpeu5na 0 0.27674434267241377 0.11748383620689656 0.0265625 0.0375
ckz6rudsb000h386lkwwvc8dz 0 0.28340265287769784 0.21900479616306956 0.0265625 0.0375
ckz6ruf3e000j386lbyqpxw51 0 0.30237520973154364 0.31733780760626396 0.0265625 0.0375
ckz6rugcj000l386lzjazem8c 0 0.26015625 0.425 0.0265625 0.041666666666666664
ckz6rui7o000n386lh32dwmkr 0 0.56106684602649 0.9160320088300221 0.0265625 0.0375
ckz6ruj49000p386lndk3j9jv 0 0.6392024927745664 0.571893063583815 0.0265625 0.0375
ckz6rup8s000r386lkjotnoh0 0 0.48828125 0.86875 0.0265625 0.0375
ckz6rurv1000t386llsdca8lh 0 0.97421875 0.971875 0.0234375 0.035416666666666666
ckz6rut1n000v386l8rfix41j 0 0.84648382713885 0.8457047685834502 0.0265625 0.0375
ckz6ruunj000x386l4qiqzsvd 0 0.8371088271388499 0.9707047685834502 0.0265625 0.0375
ckz6ruw8w000z386lc52x10qx 0 0.8534175578541374 0.7506515895278167 0.0265625 0.0375
ckz6ruzco0013386lo3nqjmle 0 0.828125 0.43645833333333334 0.025 0.03958333333333333
ckz6rv4et0015386le3rdpw93 0 0.8675210084033613 0.409375 0.025 0.03958333333333333
ckz6rva9o0019386ll7e0plel 0 0.6671274038461539 0.15833333333333333 0.0265625 0.03333333333333333
ckz6rvlfq001d386lt59x4kz2 0 0.7732908901028278 0.07252570694087404 0.0265625 0.03333333333333334
ckz6rvnb8001f386l63s6p1ys 0 0.71015625 0.6354166666666666 0.0265625 0.03333333333333333
ckz6rvpuj001h386lhrb15el1 0 0.5867539943609023 0.5015037593984962 0.0265625 0.03333333333333333
ckz6rvrjs001j386lscfviwaz 0 0.49765625 0.4004385964912281 0.0265625 0.03333333333333333
ckz6rvvx4001n386lwp0hh90g 0 0.01328125 0.26875 0.0265625 0.03333333333333333
ckz6rvxvs001p386l9u5f2w3s 0 0.33125 0.44166666666666665 0.028125 0.0375
ckz6rw3in001v386l6bltg9jj 0 0.75546875 0.48680555555555555 0.0265625 0.03333333333333333
ckz6rw56s001x386l432ih3l6 0 0.990988005050505 0.80440867003367 0.01338383838383841 0.035416666666666666
cl4sse7t80004356hlgz3o2fx 0 0.72265625 0.75 0.0296875 0.041666666666666664
cl4ssee0s0008356hd15z4qn8 0 0.58828125 0.11875 0.0296875 0.05
cl4ssegqi000c356hwxoota92 0 0.6015625 0.20625 0.025 0.04583333333333333
cl4sseopo000g356h6ldd8ms6 0 0.19453125 0.37083333333333335 0.0359375 0.04583333333333333
cl4uq6b5l0003356p4ou3mrfw 0 0.85625 0.22395833333333334 0.0375 0.04375
cl4uqbjp9000b356p2175vvqw 0 0.5052220394736843 0.7305921052631579 0.0421875 0.04375
cl53eq6de000f356i3cjd5jif 1 0.57109375 0.13333333333333333 0.0890625 0.1125
cl53eqa7m000l356ivf26125u 1 0.3203125 0.21041666666666667 0.103125 0.09583333333333334
