ckz3v9nzv00033867jsekqdcl 0 0.27423257743362833 0.4180063913470993 0.0265625 0.0375
ckz6ru2eb0001386lefk6js4m 0 0.23828125 0.5800469483568075 0.0265625 0.0375
ckz6ru3um0003386l39xwv0yk 0 0.2444505575117371 0.8522985133020344 0.0265625 0.0375
ckz6ru5610005386l8uoys4lc 0 0.19453125 0.8458333333333333 0.0265625 0.0375
ckz6ru6of0007386lhf2t4dtw 0 0.08359375 0.80625 0.0265625 0.0375
ckz6ru83f0009386lx7517dwf 0 0.028003961267605636 0.7292742566510172 0.0265625 0.0375
ckz6ru99l000b386l18xh2byu 0 0.13515625 0.18958333333333333 0.0265625 0.0375
ckz6rub67000d386ld3mx1dyi 0 0.20646306818181817 0.14015151515151514 0.02656249999999998 0.037499999999999985
ckz6ruchb000f386lxxpeu5na 0 0.30167968749999996 0.10201388888888889 0.0265625 0.0375
ckz6rudsb000h386lkwwvc8dz 0 0.2845267535971223 0.21750599520383693 0.0265625 0.0375
ckz6ruf3e000j386lbyqpxw51 0 0.3132005575117371 0.3074530516431925 0.0265625 0.0375
ckz6rugcj000l386lzjazem8c 0 0.35182291666666665 0.20277777777777778 0.0265625 0.041666666666666664
ckz6rui7o000n386lh32dwmkr 0 0.5785027875586854 0.8827758215962441 0.0265625 0.0375
ckz6ruj49000p386lndk3j9jv 0 0.6446215679190751 0.5658718689788054 0.0265625 0.0375
ckz6rup8s000r386lkjotnoh0 0 0.48828125 0.86875 0.0265625 0.0375
ckz6rurv1000t386llsdca8lh 0 0.62265625 0.7979166666666667 0.0234375 0.0375
ckz6rut1n000v386l8rfix41j 0 0.8482369828190743 0.840445301542777 0.0265625 0.0375
ckz6ruunj000x386l4qiqzsvd 0 0.8388619828190743 0.965445301542777 0.0265625 0.0375
ckz6ruw8w000z386lc52x10qx 0 0.8547324246143058 0.7488984338475924 0.0265625 0.0375
ckz6ruxwl0011386lwhdpziws 0 0.95859375 0.771875 0.0265625 0.04375
ckz6ruzco0013386lo3nqjmle 0 0.828125 0.43645833333333334 0.025 0.03958333333333333
ckz6rv4et0015386le3rdpw93 0 0.8683088235294119 0.409375 0.025 0.03958333333333333
ckz6rv5s20017386lyas5kerj 0 0.6518229166666667 0.14166666666666666 0.0234375 0.035416666666666666
ckz6rva9o0019386ll7e0plel 0 0.6717993951612903 0.13884408602150536 0.0265625 0.03333333333333333
ckz6rvlfq001d386lt59x4kz2 0 0.7708808643958869 0.06609897172236504 0.0265625 0.03333333333333333
ckz6rvnb8001f386l63s6p1ys 0 0.7116380575117371 0.6373924100156495 0.0265625 0.03333333333333333
ckz6rvpuj001h386lhrb15el1 0 0.5899244424882629 0.48683489827856025 0.0265625 0.03333333333333333
ckz6rvrjs001j386lscfviwaz 0 0.4991380575117371 0.38661971830985914 0.0265625 0.03333333333333333
ckz6rvtvy001l386li54we947 0 0.030156250000000002 0.4583333333333333 0.0296875 0.0375
ckz6rvvx4001n386lwp0hh90g 0 0.0162109375 0.229296875 0.0265625 0.03333333333333333
ckz6rvxvs001p386l9u5f2w3s 0 0.125 0.30416666666666664 0.028125 0.0375
ckz6rw3in001v386l6bltg9jj 0 0.77265625 0.7375 0.0265625 0.03333333333333333
ckz6rw56s001x386l432ih3l6 0 0.990234375 0.7734375 0.01953125 0.034375
cl4sse7t80004356hlgz3o2fx 0 0.6359375 0.3885416666666667 0.025 0.035416666666666666
cl4ssee0s0008356hd15z4qn8 0 0.58828125 0.11875 0.0296875 0.05
cl4ssegqi000c356hwxoota92 0 0.6015625 0.20625 0.025 0.04583333333333333
cl4sseopo000g356h6ldd8ms6 0 0.30703125 0.6166666666666667 0.0390625 0.041666666666666664
cl4swkq5u0003356p8vuhc7nn 0 0.5425 0.5647916666666667 0.028125 0.035416666666666666
cl4uq6b5l0003356p4ou3mrfw 0 0.85625 0.22395833333333334 0.0375 0.04375
cl4uqbjp9000b356p2175vvqw 0 0.511389802631579 0.7209978070175438 0.0421875 0.04375
