ckz3v9nzv00033867jsekqdcl 0 0.269138904185022 0.43112151248164465 0.0265625 0.0375
ckz6ru2eb0001386lefk6js4m 0 0.23828125 0.5770833333333333 0.0265625 0.0375
ckz6ru3um0003386l39xwv0yk 0 0.24247821215139442 0.85625 0.0265625 0.0375
ckz6ru5610005386l8uoys4lc 0 0.19453125 0.8458333333333333 0.0265625 0.0375
ckz6ru6of0007386lhf2t4dtw 0 0.08359375 0.80625 0.0265625 0.0375
ckz6ru83f0009386lx7517dwf 0 0.020990393968871597 0.7464210440985733 0.0265625 0.0375
ckz6ru99l000b386l18xh2byu 0 0.13515625 0.18958333333333333 0.0265625 0.0375
ckz6rub67000d386ld3mx1dyi 0 0.22390625000000003 0.17791666666666667 0.0265625 0.041666666666666664
ckz6ruchb000f386lxxpeu5na 0 0.2644775390625 0.12548828125 0.0265625 0.0375
ckz6rudsb000h386lkwwvc8dz 0 0.28285184352517984 0.21973920863309354 0.0265625 0.0375
ckz6ruf3e000j386lbyqpxw51 0 0.2937717878486056 0.32601261620185923 0.0265625 0.0375
ckz6rugcj000l386lzjazem8c 0 0.2 0.51875 0.028125 0.04583333333333333
ckz6rui7o000n386lh32dwmkr 0 0.551940190397351 0.9363134657836645 0.0265625 0.0375
ckz6ruj49000p386lndk3j9jv 0 0.63828125 0.5765530303030303 0.0265625 0.0375
ckz6rup8s000r386lkjotnoh0 0 0.48828125 0.86875 0.0265625 0.0375
ckz6rut1n000v386l8rfix41j 0 0.8456247808555399 0.8482819074333801 0.0265625 0.0375
ckz6ruunj000x386l4qiqzsvd 0 0.83624978085554 0.9732819074333801 0.0265625 0.0375
ckz6ruw8w000z386lc52x10qx 0 0.8527732731416549 0.7515106358111266 0.0265625 0.0375
ckz6ruzco0013386lo3nqjmle 0 0.828125 0.43645833333333334 0.025 0.03958333333333333
ckz6rv4et0015386le3rdpw93 0 0.8671349789915966 0.409375 0.025 0.03958333333333333
ckz6rva9o0019386ll7e0plel 0 0.6646476467611336 0.16907894736842105 0.0265625 0.03333333333333333
ckz6rvlfq001d386lt59x4kz2 0 0.7736916415662651 0.07605421686746988 0.0265625 0.03333333333333334
ckz6rvnb8001f386l63s6p1ys 0 0.71015625 0.6354166666666666 0.0265625 0.03333333333333333
ckz6rvpuj001h386lhrb15el1 0 0.5815198863636364 0.5126515151515151 0.0265625 0.03333333333333333
ckz6rvrjs001j386lscfviwaz 0 0.49376519941634245 0.40468547341115435 0.0265625 0.03333333333333333
ckz6rvvx4001n386lwp0hh90g 0 0.008618421052631579 0.2847368421052632 0.017236842105263158 0.03333333333333333
ckz6rvxvs001p386l9u5f2w3s 0 0.4015625 0.46805555555555556 0.028125 0.0375
ckz6rw3in001v386l6bltg9jj 0 0.77265625 0.3 0.0265625 0.03333333333333333
ckz6rw56s001x386l432ih3l6 0 0.9836410984848485 0.8250315656565657 0.01879734848484844 0.035416666666666666
cl4sse7t80004356hlgz3o2fx 0 0.78203125 0.9229166666666667 0.0328125 0.041666666666666664
cl4ssee0s0008356hd15z4qn8 0 0.58828125 0.11875 0.0296875 0.05
cl4ssegqi000c356hwxoota92 0 0.6015625 0.20625 0.025 0.04583333333333333
cl4sseopo000g356h6ldd8ms6 0 0.12421875 0.21927083333333333 0.0359375 0.04583333333333333
cl4uq6b5l0003356p4ou3mrfw 0 0.85625 0.22395833333333334 0.0375 0.04375
cl4uqbjp9000b356p2175vvqw 0 0.5021998355263158 0.7352933114035088 0.0421875 0.04375
cl4ur3tl4000r356p5yynq6lr 0 0.41484375 0.10386904761904762 0.0234375 0.029166666666666667
cl4ur3vs8000v356pe031p1yo 0 0.4986011904761905 0.01924272486772487 0.025 0.027083333333333334
cl4urtjol000z356puo72ztp3 0 0.36875 0.04375 0.028125 0.0375
cl4uru0kq0013356pt4h9yjm1 0 0.5234611742424242 0.010148358585858585 0.0296875 0.01875
cl53eq6de000f356i3cjd5jif 1 0.57109375 0.13333333333333333 0.0890625 0.1125
cl53eqa7m000l356ivf26125u 1 0.3203125 0.21041666666666667 0.103125 0.09583333333333334
