ckz3v9nzv00033867jsekqdcl 0 0.26484375 0.4354166666666667 0.0265625 0.0375
ckz6ru2eb0001386lefk6js4m 0 0.23828125 0.5770833333333333 0.0265625 0.0375
ckz6ru3um0003386l39xwv0yk 0 0.24175610059760957 0.85625 0.0265625 0.0375
ckz6ru5610005386l8uoys4lc 0 0.19453125 0.8458333333333333 0.0265625 0.0375
ckz6ru6of0007386lhf2t4dtw 0 0.08359375 0.80625 0.0265625 0.0375
ckz6ru83f0009386lx7517dwf 0 0.013937864785992215 0.7687540531776913 0.0265625 0.0375
ckz6ru99l000b386l18xh2byu 0 0.13515625 0.18958333333333333 0.0265625 0.0375
ckz6rub67000d386ld3mx1dyi 0 0.29562499999999997 0.24750000000000003 0.0265625 0.0416666666666667
ckz6ruchb000f386lxxpeu5na 0 0.24528124999999998 0.1526 0.0265625 0.0375
ckz6rudsb000h386lkwwvc8dz 0 0.28122189748201437 0.22191247002398082 0.0265625 0.0375
ckz6ruf3e000j386lbyqpxw51 0 0.2713815789473684 0.3574561403508772 0.0265625 0.0375
ckz6rugcj000l386lzjazem8c 0 0.015865384615384615 0.546474358974359 0.028125 0.05
ckz6rui7o000n386lh32dwmkr 0 0.5345088305270864 0.9741367740361152 0.0265625 0.0375
ckz6ruj49000p386lndk3j9jv 0 0.6274134526022305 0.6042905824039654 0.0265625 0.0375
ckz6rup8s000r386lkjotnoh0 0 0.48828125 0.86875 0.0265625 0.0375
ckz6rut1n000v386l8rfix41j 0 0.8430827051192147 0.8559081346423562 0.0265625 0.0375
ckz6ruunj000x386l4qiqzsvd 0 0.8337077051192147 0.9809081346423562 0.0265625 0.0375
ckz6ruw8w000z386lc52x10qx 0 0.850866716339411 0.754052711547452 0.0265625 0.0375
ckz6ruzco0013386lo3nqjmle 0 0.828125 0.43645833333333334 0.025 0.03958333333333333
ckz6rv4et0015386le3rdpw93 0 0.8659926470588235 0.409375 0.025 0.03958333333333333
ckz6rva9o0019386ll7e0plel 0 0.6600378787878788 0.1908459595959596 0.0265625 0.03333333333333333
ckz6rvlfq001d386lt59x4kz2 0 0.7664125251004016 0.09061244979919678 0.0265625 0.03333333333333333
ckz6rvnb8001f386l63s6p1ys 0 0.71015625 0.6354166666666666 0.0265625 0.03333333333333333
ckz6rvpuj001h386lhrb15el1 0 0.5585341125954197 0.5478530534351145 0.029472805343511422 0.03333333333333333
ckz6rvrjs001j386lscfviwaz 0 0.4780163493377484 0.4129415011037528 0.0265625 0.03333333333333333
ckz6rvxvs001p386l9u5f2w3s 0 0.66484375 0.5395833333333333 0.028125 0.0375
ckz6rw3in001v386l6bltg9jj 0 0.58984375 0.027604166666666666 0.0265625 0.03333333333333333
ckz6rw56s001x386l432ih3l6 0 0.9675 0.8789583333333333 0.0234375 0.035416666666666666
cl4ssee0s0008356hd15z4qn8 0 0.58828125 0.11875 0.0296875 0.05
cl4ssegqi000c356hwxoota92 0 0.6015625 0.20625 0.025 0.04583333333333333
cl4uq6b5l0003356p4ou3mrfw 0 0.85625 0.22395833333333334 0.0375 0.04375
cl4uq7un10007356p14ye3ifb 0 0.89328125 0.16187500000000002 0.0328125 0.04375
cl4uqbjp9000b356p2175vvqw 0 0.494872572815534 0.7464199029126213 0.0421875 0.04375
cl4ur3vs8000v356pe031p1yo 0 0.5039465206185567 0.02816795532646048 0.025 0.027083333333333334
cl4uru0kq0013356pt4h9yjm1 0 0.5097301136363637 0.014725378787878789 0.0296875 0.01875
cl4urwkrx0017356pikpviaa9 0 0.3651461693548387 0.03262768817204301 0.0234375 0.027083333333333334
cl53eq6de000f356i3cjd5jif 1 0.57109375 0.13333333333333333 0.0890625 0.1125
cl53eqa7m000l356ivf26125u 1 0.3203125 0.21041666666666667 0.103125 0.09583333333333334
