ckz3v9nzv00033867jsekqdcl 0 0.2662479350220264 0.4340124816446403 0.0265625 0.0375
ckz6ru2eb0001386lefk6js4m 0 0.23828125 0.5770833333333333 0.0265625 0.0375
ckz6ru3um0003386l39xwv0yk 0 0.2422167579681275 0.85625 0.0265625 0.0375
ckz6ru5610005386l8uoys4lc 0 0.19453125 0.8458333333333333 0.0265625 0.0375
ckz6ru6of0007386lhf2t4dtw 0 0.08359375 0.80625 0.0265625 0.0375
ckz6ru83f0009386lx7517dwf 0 0.0184368920233463 0.7545071335927367 0.0265625 0.0375
ckz6ru99l000b386l18xh2byu 0 0.13515625 0.18958333333333333 0.0265625 0.0375
ckz6rub67000d386ld3mx1dyi 0 0.237109375 0.18958333333333333 0.0265625 0.041666666666666664
ckz6ruchb000f386lxxpeu5na 0 0.256787109375 0.1357421875 0.0265625 0.0375
ckz6rudsb000h386lkwwvc8dz 0 0.282261690647482 0.22052607913669064 0.0265625 0.0375
ckz6ruf3e000j386lbyqpxw51 0 0.28527452689243027 0.3373422974767596 0.0265625 0.0375
ckz6rugcj000l386lzjazem8c 0 0.1453125 0.5395833333333333 0.028125 0.05
ckz6rui7o000n386lh32dwmkr 0 0.54189453125 0.9569299768518519 0.0265625 0.0375
ckz6ruj49000p386lndk3j9jv 0 0.635546875 0.5854166666666667 0.0265625 0.0375
ckz6rup8s000r386lkjotnoh0 0 0.48828125 0.86875 0.0265625 0.0375
ckz6rut1n000v386l8rfix41j 0 0.8447043741234221 0.8510431276297336 0.0265625 0.0375
ckz6ruunj000x386l4qiqzsvd 0 0.8353293741234221 0.9760431276297336 0.0265625 0.0375
ckz6ruw8w000z386lc52x10qx 0 0.8520829680925667 0.7524310425432446 0.0265625 0.0375
ckz6ruzco0013386lo3nqjmle 0 0.828125 0.43645833333333334 0.025 0.03958333333333333
ckz6rv4et0015386le3rdpw93 0 0.8667213760504202 0.409375 0.025 0.03958333333333333
ckz6rva9o0019386ll7e0plel 0 0.662591314935065 0.17821969696969697 0.0265625 0.03333333333333333
ckz6rvlfq001d386lt59x4kz2 0 0.7710560993975903 0.08132530120481928 0.0265625 0.03333333333333334
ckz6rvnb8001f386l63s6p1ys 0 0.71015625 0.6354166666666666 0.0265625 0.03333333333333333
ckz6rvpuj001h386lhrb15el1 0 0.5739802003816793 0.525787213740458 0.027266221374045774 0.03333333333333333
ckz6rvrjs001j386lscfviwaz 0 0.4873814445525292 0.40553664072632944 0.0265625 0.03333333333333333
ckz6rvvx4001n386lwp0hh90g 0 0.00546875 0.30520833333333336 0.0109375 0.035416666666666666
ckz6rvxvs001p386l9u5f2w3s 0 0.465234375 0.49375 0.028125 0.0375
ckz6rw3in001v386l6bltg9jj 0 0.72578125 0.15416666666666667 0.0265625 0.03333333333333333
ckz6rw56s001x386l432ih3l6 0 0.9769484186746988 0.8463980923694779 0.0234375 0.035416666666666666
cl4ssee0s0008356hd15z4qn8 0 0.58828125 0.11875 0.0296875 0.05
cl4ssegqi000c356hwxoota92 0 0.6015625 0.20625 0.025 0.04583333333333333
cl4sseopo000g356h6ldd8ms6 0 0.03515625 0.09409722222222222 0.0296875 0.03958333333333333
cl4uq6b5l0003356p4ou3mrfw 0 0.85625 0.22395833333333334 0.0375 0.04375
cl4uqbjp9000b356p2175vvqw 0 0.49896175986842106 0.7403303179824562 0.0421875 0.04375
cl4ur3vs8000v356pe031p1yo 0 0.5017261904761905 0.022020502645502645 0.025 0.027083333333333334
cl4urtjol000z356puo72ztp3 0 0.24375 0.23541666666666666 0.028125 0.0375
cl4uru0kq0013356pt4h9yjm1 0 0.5184895833333333 0.011805555555555554 0.0296875 0.01875
cl4urwkrx0017356pikpviaa9 0 0.37087053571428574 0.016555059523809524 0.0234375 0.02418154761904762
cl53eq6de000f356i3cjd5jif 1 0.57109375 0.13333333333333333 0.0890625 0.1125
cl53eqa7m000l356ivf26125u 1 0.3203125 0.21041666666666667 0.103125 0.09583333333333334
