ckz3v9nzv00033867jsekqdcl 0 0.2725041482300885 0.4241519174041298 0.0265625 0.0375
ckz6ru2eb0001386lefk6js4m 0 0.23828125 0.5770833333333333 0.0265625 0.0375
ckz6ru3um0003386l39xwv0yk 0 0.24290898904382469 0.85625 0.0265625 0.0375
ckz6ru5610005386l8uoys4lc 0 0.19453125 0.8458333333333333 0.0265625 0.0375
ckz6ru6of0007386lhf2t4dtw 0 0.08359375 0.80625 0.0265625 0.0375
ckz6ru83f0009386lx7517dwf 0 0.025197592412451363 0.7330982490272374 0.0265625 0.0375
ckz6ru99l000b386l18xh2byu 0 0.13515625 0.18958333333333333 0.0265625 0.0375
ckz6rub67000d386ld3mx1dyi 0 0.21935763888888887 0.1775462962962963 0.0265625 0.0375
ckz6ruchb000f386lxxpeu5na 0 0.2863415948275862 0.11142241379310346 0.0265625 0.0375
ckz6rudsb000h386lkwwvc8dz 0 0.283824190647482 0.21844274580335732 0.0265625 0.0375
ckz6ruf3e000j386lbyqpxw51 0 0.30945364932885905 0.31209451901565993 0.0265625 0.0375
ckz6rugcj000l386lzjazem8c 0 0.32161458333333337 0.3875 0.0265625 0.041666666666666664
ckz6rui7o000n386lh32dwmkr 0 0.56953125 0.896875 0.0265625 0.0375
ckz6ruj49000p386lndk3j9jv 0 0.6412346459537572 0.5696351156069365 0.0265625 0.0375
ckz6rup8s000r386lkjotnoh0 0 0.48828125 0.86875 0.0265625 0.0375
ckz6rurv1000t386llsdca8lh 0 0.86171875 0.8270833333333333 0.0234375 0.0375
ckz6rut1n000v386l8rfix41j 0 0.8471412605189341 0.8437324684431978 0.0265625 0.0375
ckz6ruunj000x386l4qiqzsvd 0 0.8377662605189341 0.9687324684431978 0.0265625 0.0375
ckz6ruw8w000z386lc52x10qx 0 0.8539106328892005 0.7499941561477326 0.0265625 0.0375
ckz6ruzco0013386lo3nqjmle 0 0.828125 0.43645833333333334 0.025 0.03958333333333333
ckz6rv4et0015386le3rdpw93 0 0.8678164390756302 0.409375 0.025 0.03958333333333333
ckz6rv5s20017386lyas5kerj 0 0.5877604166666667 0.05486111111111112 0.0234375 0.029166666666666674
ckz6rva9o0019386ll7e0plel 0 0.669025177125506 0.15010964912280703 0.0265625 0.03333333333333333
ckz6rvlfq001d386lt59x4kz2 0 0.772387130462725 0.07011568123393316 0.0265625 0.03333333333333333
ckz6rvnb8001f386l63s6p1ys 0 0.71015625 0.6354166666666666 0.0265625 0.03333333333333333
ckz6rvpuj001h386lhrb15el1 0 0.5902784304511278 0.4956296992481203 0.0265625 0.03333333333333333
ckz6rvrjs001j386lscfviwaz 0 0.49765625 0.39221491228070177 0.0265625 0.03333333333333333
ckz6rvvx4001n386lwp0hh90g 0 0.013299851190476192 0.2519097222222222 0.0265625 0.033333333333333305
ckz6rvxvs001p386l9u5f2w3s 0 0.2359375 0.3729166666666667 0.028125 0.0375
ckz6rw3in001v386l6bltg9jj 0 0.766796875 0.5744791666666667 0.0265625 0.03333333333333333
ckz6rw56s001x386l432ih3l6 0 0.9934678819444445 0.7822627314814814 0.0125 0.035416666666666666
cl4sse7t80004356hlgz3o2fx 0 0.690625 0.5986111111111111 0.025 0.03333333333333333
cl4ssee0s0008356hd15z4qn8 0 0.58828125 0.11875 0.0296875 0.05
cl4ssegqi000c356hwxoota92 0 0.6015625 0.20625 0.025 0.04583333333333333
cl4sseopo000g356h6ldd8ms6 0 0.25606971153846153 0.4876602564102564 0.0359375 0.04583333333333333
cl4swkq5u0003356p8vuhc7nn 0 0.15546875 0.390625 0.0328125 0.0375
cl4uq6b5l0003356p4ou3mrfw 0 0.85625 0.22395833333333334 0.0375 0.04375
cl4uqbjp9000b356p2175vvqw 0 0.5075349506578948 0.7269942434210527 0.0421875 0.04375
cl53eq6de000f356i3cjd5jif 1 0.57109375 0.13333333333333333 0.0890625 0.1125
cl53eqa7m000l356ivf26125u 1 0.3203125 0.21041666666666667 0.103125 0.09583333333333334
