ckz3v9nzv00033867jsekqdcl 0 0.26484375 0.4354166666666667 0.0265625 0.0375
ckz6ru2eb0001386lefk6js4m 0 0.23828125 0.5770833333333333 0.0265625 0.0375
ckz6ru3um0003386l39xwv0yk 0 0.24072522410358568 0.85625 0.0265625 0.0375
ckz6ru5610005386l8uoys4lc 0 0.19453125 0.8458333333333333 0.0265625 0.0375
ckz6ru6of0007386lhf2t4dtw 0 0.08359375 0.80625 0.0265625 0.0375
ckz6ru83f0009386lx7517dwf 0 0.00546875 0.8104166666666667 0.0109375 0.03333333333333333
ckz6ru99l000b386l18xh2byu 0 0.13515625 0.18958333333333333 0.0265625 0.0375
ckz6rub67000d386ld3mx1dyi 0 0.30359375 0.21833333333333332 0.0265625 0.041666666666666664
ckz6ruchb000f386lxxpeu5na 0 0.23054315476190473 0.17371031746031745 0.0265625 0.0375
ckz6rudsb000h386lkwwvc8dz 0 0.2704277663934426 0.24395491803278688 0.0265625 0.0375
ckz6ruf3e000j386lbyqpxw51 0 0.23531249999999998 0.38104166666666667 0.0265625 0.0375
ckz6rui7o000n386lh32dwmkr 0 0.538297263909224 0.979188018545632 0.0265625 0.0375
ckz6ruj49000p386lndk3j9jv 0 0.631020562267658 0.6107032218091697 0.0265625 0.0375
ckz6rup8s000r386lkjotnoh0 0 0.48828125 0.86875 0.0265625 0.0375
ckz6rut1n000v386l8rfix41j 0 0.84296875 0.85625 0.0265625 0.0375
ckz6ruunj000x386l4qiqzsvd 0 0.83359375 0.98125 0.0265625 0.0375
ckz6ruw8w000z386lc52x10qx 0 0.8404153262867646 0.7541666666666667 0.0265625 0.0375
ckz6ruzco0013386lo3nqjmle 0 0.828125 0.43645833333333334 0.025 0.03958333333333333
ckz6rv4et0015386le3rdpw93 0 0.8643618697478992 0.409375 0.025 0.03958333333333333
ckz6rva9o0019386ll7e0plel 0 0.6311868504618937 0.2361672440338722 0.0265625 0.03333333333333333
ckz6rvlfq001d386lt59x4kz2 0 0.7551409527972028 0.11095571095571095 0.0265625 0.03333333333333333
ckz6rvnb8001f386l63s6p1ys 0 0.71015625 0.6354166666666666 0.0265625 0.03333333333333333
ckz6rvpuj001h386lhrb15el1 0 0.519679054054054 0.5998592342342343 0.0296875 0.03333333333333333
ckz6rvrjs001j386lscfviwaz 0 0.46219429347826085 0.44510869565217387 0.0265625 0.03333333333333333
ckz6rvxvs001p386l9u5f2w3s 0 0.99453125 0.36822916666666666 0.0109375 0.03333333333333333
ckz6rw56s001x386l432ih3l6 0 0.9268647354014599 0.9745970194647202 0.0234375 0.035416666666666666
cl4ssee0s0008356hd15z4qn8 0 0.58828125 0.11875 0.0296875 0.05
cl4ssegqi000c356hwxoota92 0 0.6015625 0.20625 0.025 0.04583333333333333
cl4uq6b5l0003356p4ou3mrfw 0 0.85625 0.22395833333333334 0.0375 0.04375
cl4uqbjp9000b356p2175vvqw 0 0.48937727548543686 0.7537469660194175 0.0421875 0.04375
cl4uqf5bj000f356p05tutl57 0 0.8671875 0.6770833333333334 0.0296875 0.03958333333333333
cl4uqu10i000j356pw85hd2yi 0 0.14735576923076923 0.9290865384615384 0.025 0.03958333333333333
cl4uqxtok000n356p228e7wni 0 0.184375 0.946875 0.03125 0.03958333333333333
cl4ur3vs8000v356pe031p1yo 0 0.48450648238747557 0.04669969015003261 0.025 0.02708333333333333
cl4uru0kq0013356pt4h9yjm1 0 0.5079724409448818 0.02438484251968504 0.0296875 0.03125
cl4urwkrx0017356pikpviaa9 0 0.35703125 0.06354166666666666 0.0234375 0.027083333333333334
cl4us4ype001h356pnyet3ts9 0 0.7306250000000001 0.021875 0.021875 0.03125
cl4us8aru001l356p2sc1k1bh 0 0.9865792410714285 0.015414186507936507 0.021037946428571354 0.023735119047619047
cl53eq6de000f356i3cjd5jif 1 0.57109375 0.13333333333333333 0.0890625 0.1125
cl53eqa7m000l356ivf26125u 1 0.3203125 0.21041666666666667 0.103125 0.09583333333333334
