ckz3v9nzv00033867jsekqdcl 0 0.26484375 0.4354166666666667 0.0265625 0.0375
ckz6ru2eb0001386lefk6js4m 0 0.23828125 0.5770833333333333 0.0265625 0.0375
ckz6ru3um0003386l39xwv0yk 0 0.24060321215139444 0.85625 0.0265625 0.0375
ckz6ru5610005386l8uoys4lc 0 0.19453125 0.8458333333333333 0.0265625 0.0375
ckz6ru6of0007386lhf2t4dtw 0 0.08359375 0.80625 0.0265625 0.0375
ckz6ru99l000b386l18xh2byu 0 0.13515625 0.18958333333333333 0.0265625 0.0375
ckz6rub67000d386ld3mx1dyi 0 0.29765625 0.21145833333333333 0.0265625 0.041666666666666664
ckz6ruchb000f386lxxpeu5na 0 0.22568696120689652 0.1729705459770115 0.0265625 0.0375
ckz6rudsb000h386lkwwvc8dz 0 0.2692555147058823 0.24693627450980393 0.0265625 0.0375
ckz6ruf3e000j386lbyqpxw51 0 0.23265625 0.38375 0.0265625 0.0375
ckz6rui7o000n386lh32dwmkr 0 0.5387456533674964 0.9797858711566617 0.0265625 0.0375
ckz6ruj49000p386lndk3j9jv 0 0.6314474907063197 0.6114622057001239 0.0265625 0.0375
ckz6rup8s000r386lkjotnoh0 0 0.48828125 0.86875 0.0265625 0.0375
ckz6rut1n000v386l8rfix41j 0 0.84296875 0.85625 0.0265625 0.0375
ckz6ruunj000x386l4qiqzsvd 0 0.83359375 0.98125 0.0265625 0.0375
ckz6ruw8w000z386lc52x10qx 0 0.8391486672794117 0.7541666666666667 0.0265625 0.0375
ckz6ruzco0013386lo3nqjmle 0 0.828125 0.43645833333333334 0.025 0.03958333333333333
ckz6rv4et0015386le3rdpw93 0 0.8641688550420168 0.409375 0.025 0.03958333333333333
ckz6rva9o0019386ll7e0plel 0 0.6306563943418013 0.23663876058506542 0.0265625 0.03333333333333333
ckz6rvlfq001d386lt59x4kz2 0 0.7546055506993007 0.11523892773892773 0.0265625 0.03333333333333333
ckz6rvnb8001f386l63s6p1ys 0 0.71015625 0.6354166666666666 0.0265625 0.03333333333333333
ckz6rvpuj001h386lhrb15el1 0 0.5163103070175439 0.600858918128655 0.0296875 0.03333333333333333
ckz6rvrjs001j386lscfviwaz 0 0.46108469202898555 0.4500402576489533 0.0265625 0.03333333333333333
ckz6rw56s001x386l432ih3l6 0 0.9207409274193548 0.9826276881720429 0.02353830645161281 0.034744623655914
cl4ssee0s0008356hd15z4qn8 0 0.58828125 0.11875 0.0296875 0.05
cl4ssegqi000c356hwxoota92 0 0.6015625 0.20625 0.025 0.04583333333333333
cl4uq6b5l0003356p4ou3mrfw 0 0.85625 0.22395833333333334 0.0375 0.04375
cl4uqbjp9000b356p2175vvqw 0 0.48872686589805825 0.754614178802589 0.0421875 0.04375
cl4uqf5bj000f356p05tutl57 0 0.86328125 0.7557291666666667 0.0296875 0.03958333333333333
cl4uqu10i000j356pw85hd2yi 0 0.1392857142857143 0.8941964285714286 0.025 0.03958333333333333
cl4uqxtok000n356p228e7wni 0 0.1265625 0.9052083333333333 0.03125 0.03958333333333333
cl4ur3vs8000v356pe031p1yo 0 0.4840569960861057 0.04729900521852577 0.025 0.027083333333333334
cl4uru0kq0013356pt4h9yjm1 0 0.5082738681102362 0.025188648293963257 0.0296875 0.03125
cl4urwkrx0017356pikpviaa9 0 0.35703125 0.06354166666666666 0.0234375 0.027083333333333334
cl4us4ype001h356pnyet3ts9 0 0.7309895833333333 0.07777777777777778 0.0296875 0.03333333333333334
cl4us8aru001l356p2sc1k1bh 0 0.9841183035714286 0.019181547619047615 0.021584821428571387 0.025922619047619045
cl53eq6de000f356i3cjd5jif 1 0.57109375 0.13333333333333333 0.0890625 0.1125
cl53eqa7m000l356ivf26125u 1 0.3203125 0.21041666666666667 0.103125 0.09583333333333334
