ckz3v9nzv00033867jsekqdcl 0 0.26553207599118944 0.4347283406754772 0.0265625 0.0375
ckz6ru2eb0001386lefk6js4m 0 0.23828125 0.5770833333333333 0.0265625 0.0375
ckz6ru3um0003386l39xwv0yk 0 0.24215201693227092 0.85625 0.0265625 0.0375
ckz6ru5610005386l8uoys4lc 0 0.19453125 0.8458333333333333 0.0265625 0.0375
ckz6ru6of0007386lhf2t4dtw 0 0.08359375 0.80625 0.0265625 0.0375
ckz6ru83f0009386lx7517dwf 0 0.017804596303501945 0.7565094033722438 0.0265625 0.0375
ckz6ru99l000b386l18xh2byu 0 0.13515625 0.18958333333333333 0.0265625 0.0375
ckz6rub67000d386ld3mx1dyi 0 0.2478125 0.19333333333333333 0.0265625 0.041666666666666664
ckz6ruchb000f386lxxpeu5na 0 0.2548828125 0.13828125 0.0265625 0.0375
ckz6rudsb000h386lkwwvc8dz 0 0.28211555755395684 0.2207209232613909 0.0265625 0.0375
ckz6ruf3e000j386lbyqpxw51 0 0.2831704432270916 0.34014774236387785 0.0265625 0.0375
ckz6rugcj000l386lzjazem8c 0 0.134375 0.5279166666666666 0.028125 0.04999999999999994
ckz6rui7o000n386lh32dwmkr 0 0.53935546875 0.9618200231481481 0.0265625 0.0375
ckz6ruj49000p386lndk3j9jv 0 0.6343418961864407 0.5881709039548023 0.0265625 0.0375
ckz6rup8s000r386lkjotnoh0 0 0.48828125 0.86875 0.0265625 0.0375
ckz6rut1n000v386l8rfix41j 0 0.8444764638849931 0.851726858345021 0.0265625 0.0375
ckz6ruunj000x386l4qiqzsvd 0 0.8351014638849931 0.976726858345021 0.0265625 0.0375
ckz6ruw8w000z386lc52x10qx 0 0.8519120354137447 0.7526589527816737 0.0265625 0.0375
ckz6ruzco0013386lo3nqjmle 0 0.828125 0.43645833333333334 0.025 0.03958333333333333
ckz6rv4et0015386le3rdpw93 0 0.8666189600840337 0.409375 0.025 0.03958333333333333
ckz6rva9o0019386ll7e0plel 0 0.6622395833333333 0.1798611111111111 0.0265625 0.03333333333333333
ckz6rvlfq001d386lt59x4kz2 0 0.7704034889558233 0.08263052208835342 0.0265625 0.03333333333333334
ckz6rvnb8001f386l63s6p1ys 0 0.71015625 0.6354166666666666 0.0265625 0.03333333333333333
ckz6rvpuj001h386lhrb15el1 0 0.5718093988549618 0.5288883587786259 0.02757633587786259 0.03333333333333328
ckz6rvrjs001j386lscfviwaz 0 0.48580070525291824 0.40574740596627756 0.0265625 0.03333333333333333
ckz6rvvx4001n386lwp0hh90g 0 0.00546875 0.30520833333333336 0.0109375 0.035416666666666666
ckz6rvxvs001p386l9u5f2w3s 0 0.5072916666666667 0.45555555555555555 0.028125 0.0375
ckz6rw3in001v386l6bltg9jj 0 0.72890625 0.11458333333333333 0.0265625 0.03333333333333333
ckz6rw56s001x386l432ih3l6 0 0.9764589608433735 0.8509663654618473 0.0234375 0.035416666666666666
cl4ssee0s0008356hd15z4qn8 0 0.58828125 0.11875 0.0296875 0.05
cl4ssegqi000c356hwxoota92 0 0.6015625 0.20625 0.025 0.04583333333333333
cl4sseopo000g356h6ldd8ms6 0 0.01484375 0.05520833333333333 0.0296875 0.03958333333333333
cl4uq6b5l0003356p4ou3mrfw 0 0.85625 0.22395833333333334 0.0375 0.04375
cl4uq7un10007356p14ye3ifb 0 0.98984375 0.2875 0.0171875 0.0375
cl4uqbjp9000b356p2175vvqw 0 0.49815995065789476 0.741577576754386 0.0421875 0.04375
cl4ur3vs8000v356pe031p1yo 0 0.5025000000000001 0.02270833333333333 0.025 0.02708333333333333
cl4urtjol000z356puo72ztp3 0 0.22291666666666665 0.2833333333333333 0.028125 0.0375
cl4uru0kq0013356pt4h9yjm1 0 0.5172585227272728 0.01221590909090909 0.0296875 0.01875
cl4urwkrx0017356pikpviaa9 0 0.36970982142857145 0.018683035714285715 0.0234375 0.025342261904761906
cl53eq6de000f356i3cjd5jif 1 0.57109375 0.13333333333333333 0.0890625 0.1125
cl53eqa7m000l356ivf26125u 1 0.3203125 0.21041666666666667 0.103125 0.09583333333333334
