ckz3v9nzv00033867jsekqdcl 0 0.26484375 0.4354166666666667 0.0265625 0.0375
ckz6ru2eb0001386lefk6js4m 0 0.23828125 0.5770833333333333 0.0265625 0.0375
ckz6ru3um0003386l39xwv0yk 0 0.2405608814741036 0.85625 0.0265625 0.0375
ckz6ru5610005386l8uoys4lc 0 0.19453125 0.8458333333333333 0.0265625 0.0375
ckz6ru6of0007386lhf2t4dtw 0 0.08359375 0.80625 0.0265625 0.0375
ckz6ru99l000b386l18xh2byu 0 0.13515625 0.18958333333333333 0.0265625 0.0375
ckz6rub67000d386ld3mx1dyi 0 0.29609375 0.20833333333333334 0.0265625 0.041666666666666664
ckz6ruchb000f386lxxpeu5na 0 0.22408405172413795 0.17388649425287359 0.0265625 0.0375
ckz6rudsb000h386lkwwvc8dz 0 0.26906020220588234 0.24771752450980392 0.0265625 0.0375
ckz6ruf3e000j386lbyqpxw51 0 0.23166015624999997 0.3841927083333333 0.0265625 0.0375
ckz6rui7o000n386lh32dwmkr 0 0.538901217057101 0.979993289409468 0.0265625 0.0375
ckz6ruj49000p386lndk3j9jv 0 0.6315956087360595 0.6117255266418835 0.0265625 0.0375
ckz6rup8s000r386lkjotnoh0 0 0.48828125 0.86875 0.0265625 0.0375
ckz6rut1n000v386l8rfix41j 0 0.84296875 0.85625 0.0265625 0.0375
ckz6ruunj000x386l4qiqzsvd 0 0.83359375 0.98125 0.0265625 0.0375
ckz6ruw8w000z386lc52x10qx 0 0.8387092141544118 0.7541666666666667 0.0265625 0.0375
ckz6ruzco0013386lo3nqjmle 0 0.828125 0.43645833333333334 0.025 0.03958333333333333
ckz6rv4et0015386le3rdpw93 0 0.8641018907563025 0.409375 0.025 0.03958333333333333
ckz6rva9o0019386ll7e0plel 0 0.6304723585450346 0.2368023479599692 0.0265625 0.03333333333333333
ckz6rvlfq001d386lt59x4kz2 0 0.7544197989510489 0.11672494172494172 0.0265625 0.03333333333333333
ckz6rvnb8001f386l63s6p1ys 0 0.71015625 0.6354166666666666 0.0265625 0.03333333333333333
ckz6rvpuj001h386lhrb15el1 0 0.5151452850877193 0.6011695906432749 0.0296875 0.03333333333333333
ckz6rvrjs001j386lscfviwaz 0 0.4606997282608695 0.45175120772946864 0.0265625 0.03333333333333333
ckz6rw56s001x386l432ih3l6 0 0.9187415994623656 0.9845318100358422 0.024109543010752788 0.03093637992831546
cl4ssee0s0008356hd15z4qn8 0 0.58828125 0.11875 0.0296875 0.05
cl4ssegqi000c356hwxoota92 0 0.6015625 0.20625 0.025 0.04583333333333333
cl4uq6b5l0003356p4ou3mrfw 0 0.85625 0.22395833333333334 0.0375 0.04375
cl4uqbjp9000b356p2175vvqw 0 0.488501213592233 0.7549150485436893 0.0421875 0.04375
cl4uqf5bj000f356p05tutl57 0 0.8375 0.7729166666666667 0.0296875 0.03958333333333333
cl4uqu10i000j356pw85hd2yi 0 0.1375 0.865625 0.025 0.03958333333333333
cl4uqxtok000n356p228e7wni 0 0.1075 0.901875 0.03125 0.03958333333333333
cl4ur3vs8000v356pe031p1yo 0 0.48390105185909976 0.04750693085453359 0.025 0.027083333333333334
cl4uru0kq0013356pt4h9yjm1 0 0.5083784448818898 0.025467519685039366 0.0296875 0.031249999999999997
cl4urwkrx0017356pikpviaa9 0 0.35703125 0.06354166666666666 0.0234375 0.027083333333333334
cl4us4ype001h356pnyet3ts9 0 0.7638020833333333 0.07916666666666666 0.0296875 0.03333333333333333
cl4us8aru001l356p2sc1k1bh 0 0.9832645089285714 0.020488591269841268 0.02177455357142861 0.02668154761904762
cl53eq6de000f356i3cjd5jif 1 0.57109375 0.13333333333333333 0.0890625 0.1125
cl53eqa7m000l356ivf26125u 1 0.3203125 0.21041666666666667 0.103125 0.09583333333333334
