ckz3v9nzv00033867jsekqdcl 0 0.2728360066371681 0.42297197640117995 0.0265625 0.0375
ckz6ru2eb0001386lefk6js4m 0 0.23828125 0.5770833333333333 0.0265625 0.0375
ckz6ru3um0003386l39xwv0yk 0 0.24296875 0.85625 0.0265625 0.0375
ckz6ru5610005386l8uoys4lc 0 0.19453125 0.8458333333333333 0.0265625 0.0375
ckz6ru6of0007386lhf2t4dtw 0 0.08359375 0.80625 0.0265625 0.0375
ckz6ru83f0009386lx7517dwf 0 0.02578125 0.73125 0.0265625 0.0375
ckz6ru99l000b386l18xh2byu 0 0.13515625 0.18958333333333333 0.0265625 0.0375
ckz6rub67000d386ld3mx1dyi 0 0.2196514423076923 0.1769230769230769 0.0265625 0.0375
ckz6ruchb000f386lxxpeu5na 0 0.28941271551724135 0.10948275862068965 0.0265625 0.0375
ckz6rudsb000h386lkwwvc8dz 0 0.28395908273381293 0.21826288968824942 0.0265625 0.0375
ckz6ruf3e000j386lbyqpxw51 0 0.31171875 0.3104166666666667 0.0265625 0.0375
ckz6rugcj000l386lzjazem8c 0 0.33078124999999997 0.36374999999999996 0.0265625 0.041666666666666664
ckz6rui7o000n386lh32dwmkr 0 0.57109375 0.8916666666666667 0.0265625 0.0375
ckz6ruj49000p386lndk3j9jv 0 0.6418849349710982 0.5689125722543352 0.0265625 0.0375
ckz6rup8s000r386lkjotnoh0 0 0.48828125 0.86875 0.0265625 0.0375
ckz6rurv1000t386llsdca8lh 0 0.821875 0.8572916666666667 0.0234375 0.0375
ckz6rut1n000v386l8rfix41j 0 0.847351639200561 0.843101332398317 0.0265625 0.0375
ckz6ruunj000x386l4qiqzsvd 0 0.837976639200561 0.968101332398317 0.0265625 0.0375
ckz6ruw8w000z386lc52x10qx 0 0.8540684169004207 0.7497837774661057 0.0265625 0.0375
ckz6ruzco0013386lo3nqjmle 0 0.828125 0.43645833333333334 0.025 0.03958333333333333
ckz6rv4et0015386le3rdpw93 0 0.8679109768907564 0.409375 0.025 0.03958333333333333
ckz6rv5s20017386lyas5kerj 0 0.6059895833333333 0.06666666666666667 0.0234375 0.029166666666666667
ckz6rva9o0019386ll7e0plel 0 0.6696176555299539 0.14757104454685102 0.0265625 0.03333333333333335
ckz6rvlfq001d386lt59x4kz2 0 0.7720979273778921 0.06934447300771208 0.0265625 0.03333333333333333
ckz6rvnb8001f386l63s6p1ys 0 0.71015625 0.6354166666666666 0.0265625 0.03333333333333333
ckz6rvpuj001h386lhrb15el1 0 0.59140625 0.49375 0.0265625 0.03333333333333333
ckz6rvrjs001j386lscfviwaz 0 0.49765625 0.38958333333333334 0.0265625 0.03333333333333333
ckz6rvvx4001n386lwp0hh90g 0 0.013746279761904762 0.24774305555555556 0.0265625 0.03333333333333333
ckz6rvxvs001p386l9u5f2w3s 0 0.23802083333333335 0.30694444444444446 0.028125 0.0375
ckz6rw3in001v386l6bltg9jj 0 0.7640625 0.5958333333333333 0.0265625 0.03333333333333333
ckz6rw56s001x386l432ih3l6 0 0.9934047154017858 0.7776646205357144 0.013190569196428647 0.035314360119047566
cl4sse7t80004356hlgz3o2fx 0 0.6484375 0.5708333333333333 0.025 0.041666666666666664
cl4ssee0s0008356hd15z4qn8 0 0.58828125 0.11875 0.0296875 0.05
cl4ssegqi000c356hwxoota92 0 0.6015625 0.20625 0.025 0.04583333333333333
cl4sseopo000g356h6ldd8ms6 0 0.23537946428571427 0.5264880952380953 0.0359375 0.04583333333333333
cl4swkq5u0003356p8vuhc7nn 0 0.21953125 0.44166666666666665 0.0328125 0.0375
cl4uq6b5l0003356p4ou3mrfw 0 0.85625 0.22395833333333334 0.0375 0.04375
cl4uqbjp9000b356p2175vvqw 0 0.5082750822368421 0.725842927631579 0.0421875 0.04375
cl53eq6de000f356i3cjd5jif 1 0.57109375 0.13333333333333333 0.0890625 0.1125
cl53eqa7m000l356ivf26125u 1 0.3203125 0.21041666666666667 0.103125 0.09583333333333334
