ckz3v9nzv00033867jsekqdcl 0 0.27506222345132747 0.4150565388397247 0.0265625 0.0375
ckz6ru2eb0001386lefk6js4m 0 0.23828125 0.5818075117370892 0.0265625 0.0375
ckz6ru3um0003386l39xwv0yk 0 0.24533083920187795 0.8499510954616588 0.0265625 0.0375
ckz6ru5610005386l8uoys4lc 0 0.19453125 0.8458333333333333 0.0265625 0.0375
ckz6ru6of0007386lhf2t4dtw 0 0.08359375 0.80625 0.0265625 0.0375
ckz6ru83f0009386lx7517dwf 0 0.0293243838028169 0.7281005477308294 0.0265625 0.0375
ckz6ru99l000b386l18xh2byu 0 0.13515625 0.18958333333333333 0.0265625 0.0375
ckz6rub67000d386ld3mx1dyi 0 0.19651988636363638 0.12670454545454543 0.026562500000000024 0.037499999999999985
ckz6ruchb000f386lxxpeu5na 0 0.3087116745283019 0.09783805031446541 0.0265625 0.0375
ckz6rudsb000h386lkwwvc8dz 0 0.28486398381294964 0.21705635491606715 0.0265625 0.0375
ckz6ruf3e000j386lbyqpxw51 0 0.31408083920187796 0.3056924882629108 0.0265625 0.0375
ckz6rugcj000l386lzjazem8c 0 0.41171875 0.146875 0.0265625 0.041666666666666664
ckz6rui7o000n386lh32dwmkr 0 0.5829041960093897 0.8774941314553991 0.0265625 0.0375
ckz6ruj49000p386lndk3j9jv 0 0.6462472904624278 0.5640655105973025 0.0265625 0.0375
ckz6rup8s000r386lkjotnoh0 0 0.48828125 0.86875 0.0265625 0.0375
ckz6rurv1000t386llsdca8lh 0 0.53828125 0.79375 0.0265625 0.0375
ckz6rut1n000v386l8rfix41j 0 0.8487629295231416 0.838867461430575 0.0265625 0.0375
ckz6ruunj000x386l4qiqzsvd 0 0.8393879295231417 0.963867461430575 0.0265625 0.0375
ckz6ruw8w000z386lc52x10qx 0 0.8551268846423563 0.748372487143525 0.0265625 0.0375
ckz6ruxwl0011386lwhdpziws 0 0.92265625 0.68125 0.0265625 0.0375
ckz6ruzco0013386lo3nqjmle 0 0.828125 0.43645833333333334 0.025 0.03958333333333333
ckz6rv4et0015386le3rdpw93 0 0.8685451680672269 0.409375 0.025 0.03958333333333333
ckz6rv5s20017386lyas5kerj 0 0.6921875 0.1671875 0.0234375 0.034375
ckz6rva9o0019386ll7e0plel 0 0.6730954781105991 0.13365975422427034 0.0265625 0.03333333333333332
ckz6rvlfq001d386lt59x4kz2 0 0.7701578566838047 0.06417095115681233 0.0265625 0.03333333333333333
ckz6rvnb8001f386l63s6p1ys 0 0.7125183392018779 0.6385661189358373 0.0265625 0.03333333333333333
ckz6rvpuj001h386lhrb15el1 0 0.589044160798122 0.482726917057903 0.0265625 0.03333333333333333
ckz6rvrjs001j386lscfviwaz 0 0.5000183392018779 0.38485915492957745 0.0265625 0.03333333333333333
ckz6rvtvy001l386li54we947 0 0.12734375 0.5402777777777777 0.0296875 0.03749999999999994
ckz6rvvx4001n386lwp0hh90g 0 0.017645474137931032 0.21831896551724136 0.0265625 0.03333333333333333
ckz6rvxvs001p386l9u5f2w3s 0 0.078125 0.24791666666666667 0.028125 0.0375
ckz6rw3in001v386l6bltg9jj 0 0.74140625 0.8052083333333333 0.0265625 0.03333333333333333
ckz6rw56s001x386l432ih3l6 0 0.9883510044642858 0.7709263392857143 0.023297991071428648 0.033816964285714235
cl4sse7t80004356hlgz3o2fx 0 0.58125 0.303125 0.025 0.035416666666666666
cl4ssee0s0008356hd15z4qn8 0 0.58828125 0.11875 0.0296875 0.05
cl4ssegqi000c356hwxoota92 0 0.6015625 0.20625 0.025 0.04583333333333333
cl4sseopo000g356h6ldd8ms6 0 0.35390625 0.73125 0.0390625 0.041666666666666664
cl4swkq5u0003356p8vuhc7nn 0 0.7109375 0.5989583333333334 0.028125 0.035416666666666666
cl4uq6b5l0003356p4ou3mrfw 0 0.85625 0.22395833333333334 0.0375 0.04375
cl4uqbjp9000b356p2175vvqw 0 0.5132401315789473 0.7181195175438597 0.0421875 0.04375
