ckz3v9nzv00033867jsekqdcl 0 0.26484375 0.4354166666666667 0.0265625 0.0375
ckz6ru2eb0001386lefk6js4m 0 0.23828125 0.5770833333333333 0.0265625 0.0375
ckz6ru3um0003386l39xwv0yk 0 0.24106884960159364 0.85625 0.0265625 0.0375
ckz6ru5610005386l8uoys4lc 0 0.19453125 0.8458333333333333 0.0265625 0.0375
ckz6ru6of0007386lhf2t4dtw 0 0.08359375 0.80625 0.0265625 0.0375
ckz6ru83f0009386lx7517dwf 0 0.005710227272727272 0.8030113636363637 0.011420454545454544 0.032689393939393935
ckz6ru99l000b386l18xh2byu 0 0.13515625 0.18958333333333333 0.0265625 0.0375
ckz6rub67000d386ld3mx1dyi 0 0.31640625 0.22777777777777777 0.0265625 0.041666666666666664
ckz6ruchb000f386lxxpeu5na 0 0.23953125000000003 0.17099999999999999 0.0265625 0.0375
ckz6rudsb000h386lkwwvc8dz 0 0.2753765368852459 0.2335860655737705 0.0265625 0.0375
ckz6ruf3e000j386lbyqpxw51 0 0.24410630230125524 0.37355299860529984 0.0265625 0.0375
ckz6rui7o000n386lh32dwmkr 0 0.5370344527818448 0.977504270375793 0.0265625 0.0375
ckz6ruj49000p386lndk3j9jv 0 0.6298181923791821 0.6085656753407683 0.0265625 0.0375
ckz6rup8s000r386lkjotnoh0 0 0.48828125 0.86875 0.0265625 0.0375
ckz6rut1n000v386l8rfix41j 0 0.84296875 0.85625 0.0265625 0.0375
ckz6ruunj000x386l4qiqzsvd 0 0.83359375 0.98125 0.0265625 0.0375
ckz6ruw8w000z386lc52x10qx 0 0.8439826516544118 0.7541666666666667 0.0265625 0.0375
ckz6ruzco0013386lo3nqjmle 0 0.828125 0.43645833333333334 0.025 0.03958333333333333
ckz6rv4et0015386le3rdpw93 0 0.864905462184874 0.409375 0.025 0.03958333333333333
ckz6rva9o0019386ll7e0plel 0 0.63859375 0.23291666666666666 0.0265625 0.03333333333333333
ckz6rvlfq001d386lt59x4kz2 0 0.7588951459390862 0.10376480541455162 0.0265625 0.03333333333333333
ckz6rvnb8001f386l63s6p1ys 0 0.71015625 0.6354166666666666 0.0265625 0.03333333333333333
ckz6rvpuj001h386lhrb15el1 0 0.5298775337837838 0.5901463963963963 0.0296875 0.03333333333333333
ckz6rvrjs001j386lscfviwaz 0 0.4659137228260869 0.4319067028985507 0.0265625 0.03333333333333333
ckz6rvxvs001p386l9u5f2w3s 0 0.865 0.38 0.028125 0.0375
ckz6rw56s001x386l432ih3l6 0 0.9425017959770114 0.9486829501915709 0.0234375 0.035416666666666666
cl4ssee0s0008356hd15z4qn8 0 0.58828125 0.11875 0.0296875 0.05
cl4ssegqi000c356hwxoota92 0 0.6015625 0.20625 0.025 0.04583333333333333
cl4uq6b5l0003356p4ou3mrfw 0 0.85625 0.22395833333333334 0.0375 0.04375
cl4uqbjp9000b356p2175vvqw 0 0.49120904126213594 0.7513046116504855 0.0421875 0.04375
cl4uqf5bj000f356p05tutl57 0 0.94765625 0.5104166666666666 0.0265625 0.0375
cl4ur3vs8000v356pe031p1yo 0 0.48577238258317024 0.04501182322243966 0.025 0.027083333333333334
cl4uru0kq0013356pt4h9yjm1 0 0.5071235236220473 0.022121062992125986 0.0296875 0.03125000000000001
cl4urwkrx0017356pikpviaa9 0 0.35865423387096773 0.057358870967741934 0.0234375 0.027083333333333334
cl53eq6de000f356i3cjd5jif 1 0.57109375 0.13333333333333333 0.0890625 0.1125
cl53eqa7m000l356ivf26125u 1 0.3203125 0.21041666666666667 0.103125 0.09583333333333334
