ckz3v9nzv00033867jsekqdcl 0 0.27254563053097347 0.42400442477876105 0.0265625 0.0375
ckz6ru2eb0001386lefk6js4m 0 0.23828125 0.5770833333333333 0.0265625 0.0375
ckz6ru3um0003386l39xwv0yk 0 0.24291645916334664 0.85625 0.0265625 0.0375
ckz6ru5610005386l8uoys4lc 0 0.19453125 0.8458333333333333 0.0265625 0.0375
ckz6ru6of0007386lhf2t4dtw 0 0.08359375 0.80625 0.0265625 0.0375
ckz6ru83f0009386lx7517dwf 0 0.025270549610894942 0.7328672178988327 0.0265625 0.0375
ckz6ru99l000b386l18xh2byu 0 0.13515625 0.18958333333333333 0.0265625 0.0375
ckz6rub67000d386ld3mx1dyi 0 0.22039930555555554 0.17476851851851852 0.0265625 0.0375
ckz6ruchb000f386lxxpeu5na 0 0.2867254849137931 0.11117995689655172 0.0265625 0.0375
ckz6rudsb000h386lkwwvc8dz 0 0.2838410521582734 0.21842026378896884 0.0265625 0.0375
ckz6ruf3e000j386lbyqpxw51 0 0.3097367869127517 0.3118847874720358 0.0265625 0.0375
ckz6rugcj000l386lzjazem8c 0 0.3223958333333333 0.390625 0.0265625 0.041666666666666664
ckz6rui7o000n386lh32dwmkr 0 0.5697265625 0.8962239583333333 0.0265625 0.0375
ckz6ruj49000p386lndk3j9jv 0 0.6413159320809249 0.5695447976878613 0.0265625 0.0375
ckz6rup8s000r386lkjotnoh0 0 0.48828125 0.86875 0.0265625 0.0375
ckz6rurv1000t386llsdca8lh 0 0.85625 0.846875 0.0234375 0.0375
ckz6rut1n000v386l8rfix41j 0 0.8471675578541374 0.8436535764375876 0.0265625 0.0375
ckz6ruunj000x386l4qiqzsvd 0 0.8377925578541374 0.9686535764375876 0.0265625 0.0375
ckz6ruw8w000z386lc52x10qx 0 0.8539303558906031 0.7499678588125291 0.0265625 0.0375
ckz6ruzco0013386lo3nqjmle 0 0.828125 0.43645833333333334 0.025 0.03958333333333333
ckz6rv4et0015386le3rdpw93 0 0.867828256302521 0.409375 0.025 0.03958333333333333
ckz6rv5s20017386lyas5kerj 0 0.57578125 0.06875 0.0234375 0.029166666666666667
ckz6rva9o0019386ll7e0plel 0 0.6691010880566802 0.14978070175438596 0.0265625 0.03333333333333333
ckz6rvlfq001d386lt59x4kz2 0 0.7723509800771209 0.07001928020565554 0.0265625 0.03333333333333334
ckz6rvnb8001f386l63s6p1ys 0 0.71015625 0.6354166666666666 0.0265625 0.03333333333333333
ckz6rvpuj001h386lhrb15el1 0 0.5904194078947368 0.4953947368421053 0.0265625 0.03333333333333333
ckz6rvrjs001j386lscfviwaz 0 0.49765625 0.3918859649122807 0.0265625 0.03333333333333333
ckz6rvvx4001n386lwp0hh90g 0 0.013355654761904761 0.2513888888888889 0.0265625 0.033333333333333305
ckz6rvxvs001p386l9u5f2w3s 0 0.24375 0.36666666666666664 0.028125 0.0375
ckz6rw3in001v386l6bltg9jj 0 0.76328125 0.5729166666666666 0.0265625 0.03333333333333333
ckz6rw56s001x386l432ih3l6 0 0.9935329861111111 0.7813078703703703 0.0125 0.035416666666666666
cl4sse7t80004356hlgz3o2fx 0 0.69140625 0.56875 0.025 0.03333333333333333
cl4ssee0s0008356hd15z4qn8 0 0.58828125 0.11875 0.0296875 0.05
cl4ssegqi000c356hwxoota92 0 0.6015625 0.20625 0.025 0.04583333333333333
cl4sseopo000g356h6ldd8ms6 0 0.25462740384615384 0.491025641025641 0.0359375 0.04583333333333333
cl4swkq5u0003356p8vuhc7nn 0 0.15390625 0.4048611111111111 0.0328125 0.0375
cl4uq6b5l0003356p4ou3mrfw 0 0.85625 0.22395833333333334 0.0375 0.04375
cl4uqbjp9000b356p2175vvqw 0 0.5076274671052632 0.7268503289473683 0.0421875 0.04375
cl53eq6de000f356i3cjd5jif 1 0.57109375 0.13333333333333333 0.0890625 0.1125
cl53eqa7m000l356ivf26125u 1 0.3203125 0.21041666666666667 0.103125 0.09583333333333334
