ckz3v9nzv00033867jsekqdcl 0 0.271135232300885 0.42901917404129797 0.0265625 0.0375
ckz6ru2eb0001386lefk6js4m 0 0.23828125 0.5770833333333333 0.0265625 0.0375
ckz6ru3um0003386l39xwv0yk 0 0.2426624750996016 0.85625 0.0265625 0.0375
ckz6ru5610005386l8uoys4lc 0 0.19453125 0.8458333333333333 0.0265625 0.0375
ckz6ru6of0007386lhf2t4dtw 0 0.08359375 0.80625 0.0265625 0.0375
ckz6ru83f0009386lx7517dwf 0 0.02279000486381323 0.7407222762645914 0.0265625 0.0375
ckz6ru99l000b386l18xh2byu 0 0.13515625 0.18958333333333333 0.0265625 0.0375
ckz6rub67000d386ld3mx1dyi 0 0.21986607142857145 0.1826636904761905 0.0265625 0.041666666666666664
ckz6ruchb000f386lxxpeu5na 0 0.2736732219827586 0.11942349137931035 0.0265625 0.0375
ckz6rudsb000h386lkwwvc8dz 0 0.2832677607913669 0.21918465227817746 0.0265625 0.0375
ckz6ruf3e000j386lbyqpxw51 0 0.3001101090604027 0.31901565995525727 0.0265625 0.0375
ckz6rugcj000l386lzjazem8c 0 0.2703125 0.4625 0.028125 0.04583333333333333
ckz6rui7o000n386lh32dwmkr 0 0.5588317466887418 0.9209988962472406 0.0265625 0.0375
ckz6ruj49000p386lndk3j9jv 0 0.6385522037572254 0.5726156069364162 0.0265625 0.0375
ckz6rup8s000r386lkjotnoh0 0 0.48828125 0.86875 0.0265625 0.0375
ckz6rut1n000v386l8rfix41j 0 0.8462734484572231 0.846335904628331 0.0265625 0.0375
ckz6ruunj000x386l4qiqzsvd 0 0.836898448457223 0.971335904628331 0.0265625 0.0375
ckz6ruw8w000z386lc52x10qx 0 0.8532597738429173 0.7508619682094436 0.0265625 0.0375
ckz6ruzco0013386lo3nqjmle 0 0.828125 0.43645833333333334 0.025 0.03958333333333333
ckz6rv4et0015386le3rdpw93 0 0.8674264705882353 0.409375 0.025 0.03958333333333333
ckz6rva9o0019386ll7e0plel 0 0.6665201163967611 0.16096491228070178 0.0265625 0.03333333333333333
ckz6rvlfq001d386lt59x4kz2 0 0.7735800931876606 0.0732969151670951 0.0265625 0.03333333333333333
ckz6rvnb8001f386l63s6p1ys 0 0.71015625 0.6354166666666666 0.0265625 0.03333333333333333
ckz6rvpuj001h386lhrb15el1 0 0.58562617481203 0.5033834586466166 0.0265625 0.03333333333333333
ckz6rvrjs001j386lscfviwaz 0 0.49765625 0.4030701754385965 0.0265625 0.03333333333333333
ckz6rvvx4001n386lwp0hh90g 0 0.01287828947368421 0.27013157894736844 0.02575657894736842 0.03333333333333336
ckz6rvxvs001p386l9u5f2w3s 0 0.3421875 0.4354166666666667 0.028125 0.0375
ckz6rw3in001v386l6bltg9jj 0 0.76015625 0.44166666666666665 0.0265625 0.03333333333333333
ckz6rw56s001x386l432ih3l6 0 0.9891887626262627 0.8094591750841751 0.014709595959595844 0.035416666666666666
cl4sse7t80004356hlgz3o2fx 0 0.73828125 0.78125 0.0296875 0.041666666666666664
cl4ssee0s0008356hd15z4qn8 0 0.58828125 0.11875 0.0296875 0.05
cl4ssegqi000c356hwxoota92 0 0.6015625 0.20625 0.025 0.04583333333333333
cl4sseopo000g356h6ldd8ms6 0 0.16328125 0.325 0.0359375 0.04583333333333333
cl4uq6b5l0003356p4ou3mrfw 0 0.85625 0.22395833333333334 0.0375 0.04375
cl4uqbjp9000b356p2175vvqw 0 0.5044819078947368 0.7317434210526316 0.0421875 0.04375
cl53eq6de000f356i3cjd5jif 1 0.57109375 0.13333333333333333 0.0890625 0.1125
cl53eqa7m000l356ivf26125u 1 0.3203125 0.21041666666666667 0.103125 0.09583333333333334
