ckz3v9nzv00033867jsekqdcl 0 0.26522921255506604 0.4350312041116006 0.0265625 0.0375
ckz6ru2eb0001386lefk6js4m 0 0.23828125 0.5770833333333333 0.0265625 0.0375
ckz6ru3um0003386l39xwv0yk 0 0.24212462649402391 0.85625 0.0265625 0.0375
ckz6ru5610005386l8uoys4lc 0 0.19453125 0.8458333333333333 0.0265625 0.0375
ckz6ru6of0007386lhf2t4dtw 0 0.08359375 0.80625 0.0265625 0.0375
ckz6ru83f0009386lx7517dwf 0 0.017537086575875487 0.7573565175097277 0.0265625 0.0375
ckz6ru99l000b386l18xh2byu 0 0.13515625 0.18958333333333333 0.0265625 0.0375
ckz6rub67000d386ld3mx1dyi 0 0.2484375 0.20208333333333334 0.0265625 0.041666666666666664
ckz6ruchb000f386lxxpeu5na 0 0.2540771484375 0.13935546875 0.0265625 0.0375
ckz6rudsb000h386lkwwvc8dz 0 0.2820537320143885 0.22080335731414868 0.0265625 0.0375
ckz6ruf3e000j386lbyqpxw51 0 0.28228025398406376 0.3413346613545817 0.0265625 0.0375
ckz6rugcj000l386lzjazem8c 0 0.125 0.525 0.028125 0.05
ckz6rui7o000n386lh32dwmkr 0 0.53828125 0.9638888888888889 0.0265625 0.0375
ckz6ruj49000p386lndk3j9jv 0 0.633832097457627 0.5893361581920904 0.0265625 0.0375
ckz6rup8s000r386lkjotnoh0 0 0.48828125 0.86875 0.0265625 0.0375
ckz6rut1n000v386l8rfix41j 0 0.8443800403225806 0.852016129032258 0.0265625 0.0375
ckz6ruunj000x386l4qiqzsvd 0 0.8350050403225806 0.977016129032258 0.0265625 0.0375
ckz6ruw8w000z386lc52x10qx 0 0.8518397177419355 0.752755376344086 0.0265625 0.0375
ckz6ruzco0013386lo3nqjmle 0 0.828125 0.43645833333333334 0.025 0.03958333333333333
ckz6rv4et0015386le3rdpw93 0 0.8665756302521009 0.409375 0.025 0.03958333333333333
ckz6rva9o0019386ll7e0plel 0 0.6620907738095239 0.18055555555555555 0.0265625 0.03333333333333333
ckz6rvlfq001d386lt59x4kz2 0 0.7701273845381527 0.08318273092369478 0.0265625 0.03333333333333334
ckz6rvnb8001f386l63s6p1ys 0 0.71015625 0.6354166666666666 0.0265625 0.03333333333333333
ckz6rvpuj001h386lhrb15el1 0 0.5708909828244275 0.5302003816793893 0.027707538167938937 0.03333333333333333
ckz6rvrjs001j386lscfviwaz 0 0.4851319309338521 0.4058365758754864 0.0265625 0.03333333333333333
ckz6rvvx4001n386lwp0hh90g 0 0.00546875 0.30520833333333336 0.0109375 0.035416666666666666
ckz6rvxvs001p386l9u5f2w3s 0 0.5270833333333333 0.46041666666666664 0.028125 0.0375
ckz6rw3in001v386l6bltg9jj 0 0.7184895833333333 0.10208333333333333 0.0265625 0.03333333333333333
ckz6rw56s001x386l432ih3l6 0 0.9762518825301205 0.8528990963855422 0.0234375 0.035416666666666666
cl4ssee0s0008356hd15z4qn8 0 0.58828125 0.11875 0.0296875 0.05
cl4ssegqi000c356hwxoota92 0 0.6015625 0.20625 0.025 0.04583333333333333
cl4sseopo000g356h6ldd8ms6 0 0.02734375 0.025520833333333333 0.0265625 0.03125
cl4uq6b5l0003356p4ou3mrfw 0 0.85625 0.22395833333333334 0.0375 0.04375
cl4uq7un10007356p14ye3ifb 0 0.97140625 0.30874999999999997 0.022812500000000034 0.0375
cl4uqbjp9000b356p2175vvqw 0 0.49782072368421054 0.7421052631578947 0.0421875 0.04375
cl4ur3vs8000v356pe031p1yo 0 0.5028273809523809 0.02299933862433862 0.025 0.02708333333333333
cl4urtjol000z356puo72ztp3 0 0.20364583333333336 0.25416666666666665 0.02812500000000002 0.0375
cl4uru0kq0013356pt4h9yjm1 0 0.5167376893939394 0.012389520202020202 0.0296875 0.01875
cl4urwkrx0017356pikpviaa9 0 0.36921875000000004 0.019583333333333335 0.0234375 0.025833333333333337
cl53eq6de000f356i3cjd5jif 1 0.57109375 0.13333333333333333 0.0890625 0.1125
cl53eqa7m000l356ivf26125u 1 0.3203125 0.21041666666666667 0.103125 0.09583333333333334
