ckz3v9nzv00033867jsekqdcl 0 0.268423045154185 0.43183737151248164 0.0265625 0.0375
ckz6ru2eb0001386lefk6js4m 0 0.23828125 0.5770833333333333 0.0265625 0.0375
ckz6ru3um0003386l39xwv0yk 0 0.24241347111553785 0.85625 0.0265625 0.0375
ckz6ru5610005386l8uoys4lc 0 0.19453125 0.8458333333333333 0.0265625 0.0375
ckz6ru6of0007386lhf2t4dtw 0 0.08359375 0.80625 0.0265625 0.0375
ckz6ru83f0009386lx7517dwf 0 0.020358098249027234 0.7484233138780804 0.0265625 0.0375
ckz6ru99l000b386l18xh2byu 0 0.13515625 0.18958333333333333 0.0265625 0.0375
ckz6rub67000d386ld3mx1dyi 0 0.2296875 0.18125 0.0265625 0.041666666666666664
ckz6ruchb000f386lxxpeu5na 0 0.2625732421875 0.12802734375 0.0265625 0.0375
ckz6rudsb000h386lkwwvc8dz 0 0.2827057104316547 0.2199340527577938 0.0265625 0.0375
ckz6ruf3e000j386lbyqpxw51 0 0.29166770418326693 0.32881806108897743 0.0265625 0.0375
ckz6rugcj000l386lzjazem8c 0 0.1753125 0.525 0.028125 0.04583333333333333
ckz6rui7o000n386lh32dwmkr 0 0.549518832781457 0.9416942604856512 0.0265625 0.0375
ckz6ruj49000p386lndk3j9jv 0 0.63828125 0.578030303030303 0.0265625 0.0375
ckz6rup8s000r386lkjotnoh0 0 0.48828125 0.86875 0.0265625 0.0375
ckz6rut1n000v386l8rfix41j 0 0.8453968706171109 0.8489656381486677 0.0265625 0.0375
ckz6ruunj000x386l4qiqzsvd 0 0.8360218706171109 0.9739656381486677 0.0265625 0.0375
ckz6ruw8w000z386lc52x10qx 0 0.8526023404628331 0.7517385460495558 0.0265625 0.0375
ckz6ruzco0013386lo3nqjmle 0 0.828125 0.43645833333333334 0.025 0.03958333333333333
ckz6rv4et0015386le3rdpw93 0 0.8670325630252101 0.409375 0.025 0.03958333333333333
ckz6rva9o0019386ll7e0plel 0 0.6639897520242914 0.17192982456140352 0.0265625 0.03333333333333333
ckz6rvlfq001d386lt59x4kz2 0 0.773039031124498 0.07735943775100403 0.0265625 0.03333333333333334
ckz6rvnb8001f386l63s6p1ys 0 0.71015625 0.6354166666666666 0.0265625 0.03333333333333333
ckz6rvpuj001h386lhrb15el1 0 0.5800426136363637 0.5160984848484849 0.0265625 0.03333333333333333
ckz6rvrjs001j386lscfviwaz 0 0.4921844601167315 0.40489623865110247 0.0265625 0.03333333333333333
ckz6rvvx4001n386lwp0hh90g 0 0.0078125 0.2875 0.015625 0.03333333333333333
ckz6rvxvs001p386l9u5f2w3s 0 0.428125 0.4395833333333333 0.028125 0.0375
ckz6rw3in001v386l6bltg9jj 0 0.78125 0.26979166666666665 0.0265625 0.03333333333333333
ckz6rw56s001x386l432ih3l6 0 0.9816919191919192 0.8305029461279462 0.020233585858585812 0.035416666666666666
cl4sse7t80004356hlgz3o2fx 0 0.8205729166666667 0.9569444444444444 0.0328125 0.041666666666666664
cl4ssee0s0008356hd15z4qn8 0 0.58828125 0.11875 0.0296875 0.05
cl4ssegqi000c356hwxoota92 0 0.6015625 0.20625 0.025 0.04583333333333333
cl4sseopo000g356h6ldd8ms6 0 0.08515625 0.1875 0.0359375 0.04583333333333333
cl4uq6b5l0003356p4ou3mrfw 0 0.85625 0.22395833333333334 0.0375 0.04375
cl4uqbjp9000b356p2175vvqw 0 0.5013980263157894 0.7365405701754386 0.0421875 0.04375
cl4ur3tl4000r356p5yynq6lr 0 0.45546875 0.00625 0.0234375 0.0125
cl4ur3vs8000v356pe031p1yo 0 0.499375 0.019930555555555556 0.025 0.027083333333333334
cl4urtjol000z356puo72ztp3 0 0.32406250000000003 0.08083333333333333 0.028125 0.03749999999999999
cl4uru0kq0013356pt4h9yjm1 0 0.5222301136363636 0.010558712121212122 0.0296875 0.01875
cl4urwkrx0017356pikpviaa9 0 0.3714409722222222 0.010416666666666666 0.0234375 0.020833333333333332
cl53eq6de000f356i3cjd5jif 1 0.57109375 0.13333333333333333 0.0890625 0.1125
cl53eqa7m000l356ivf26125u 1 0.3203125 0.21041666666666667 0.103125 0.09583333333333334
