ckz3v9nzv00033867jsekqdcl 0 0.27057062224669604 0.4296897944199706 0.0265625 0.0375
ckz6ru2eb0001386lefk6js4m 0 0.23828125 0.5770833333333333 0.0265625 0.0375
ckz6ru3um0003386l39xwv0yk 0 0.24260769422310755 0.85625 0.0265625 0.0375
ckz6ru5610005386l8uoys4lc 0 0.19453125 0.8458333333333333 0.0265625 0.0375
ckz6ru6of0007386lhf2t4dtw 0 0.08359375 0.80625 0.0265625 0.0375
ckz6ru83f0009386lx7517dwf 0 0.022254985408560312 0.742416504539559 0.0265625 0.0375
ckz6ru99l000b386l18xh2byu 0 0.13515625 0.18958333333333333 0.0265625 0.0375
ckz6rub67000d386ld3mx1dyi 0 0.2203536184210526 0.18475877192982457 0.0265625 0.041666666666666664
ckz6ruchb000f386lxxpeu5na 0 0.27085802801724135 0.12120150862068965 0.0265625 0.0375
ckz6rudsb000h386lkwwvc8dz 0 0.2831441097122302 0.21934952038369307 0.0265625 0.0375
ckz6ruf3e000j386lbyqpxw51 0 0.29803376677852345 0.3205536912751678 0.0265625 0.0375
ckz6rugcj000l386lzjazem8c 0 0.22734375 0.47604166666666664 0.028125 0.04583333333333333
ckz6rui7o000n386lh32dwmkr 0 0.5567829056291391 0.9255518763796909 0.0265625 0.0375
ckz6ruj49000p386lndk3j9jv 0 0.63828125 0.5735984848484849 0.0265625 0.0375
ckz6rup8s000r386lkjotnoh0 0 0.48828125 0.86875 0.0265625 0.0375
ckz6rut1n000v386l8rfix41j 0 0.8460806013323984 0.846914446002805 0.0265625 0.0375
ckz6ruunj000x386l4qiqzsvd 0 0.8367056013323984 0.971914446002805 0.0265625 0.0375
ckz6ruw8w000z386lc52x10qx 0 0.8531151384992988 0.7510548153342683 0.0265625 0.0375
ckz6ruzco0013386lo3nqjmle 0 0.828125 0.43645833333333334 0.025 0.03958333333333333
ckz6rv4et0015386le3rdpw93 0 0.8673398109243697 0.409375 0.025 0.03958333333333333
ckz6rva9o0019386ll7e0plel 0 0.6659634362348178 0.16337719298245615 0.0265625 0.03333333333333333
ckz6rvlfq001d386lt59x4kz2 0 0.7738451960154242 0.0740038560411311 0.0265625 0.03333333333333333
ckz6rvnb8001f386l63s6p1ys 0 0.71015625 0.6354166666666666 0.0265625 0.03333333333333333
ckz6rvpuj001h386lhrb15el1 0 0.5844744318181818 0.5057575757575757 0.0265625 0.03333333333333333
ckz6rvrjs001j386lscfviwaz 0 0.49692667801556417 0.4042639429312581 0.0265625 0.03333333333333333
ckz6rvvx4001n386lwp0hh90g 0 0.011611842105263158 0.2744736842105263 0.023223684210526317 0.03333333333333336
ckz6rvxvs001p386l9u5f2w3s 0 0.3828125 0.4395833333333333 0.028125 0.0375
ckz6rw3in001v386l6bltg9jj 0 0.77734375 0.40729166666666666 0.0265625 0.03333333333333333
ckz6rw56s001x386l432ih3l6 0 0.9875394570707071 0.8140888047138047 0.015924873737373703 0.035416666666666666
cl4sse7t80004356hlgz3o2fx 0 0.7544270833333333 0.83125 0.0296875 0.041666666666666664
cl4ssee0s0008356hd15z4qn8 0 0.58828125 0.11875 0.0296875 0.05
cl4ssegqi000c356hwxoota92 0 0.6015625 0.20625 0.025 0.04583333333333333
cl4sseopo000g356h6ldd8ms6 0 0.15859375 0.325 0.0359375 0.04583333333333333
cl4uq6b5l0003356p4ou3mrfw 0 0.85625 0.22395833333333334 0.0375 0.04375
cl4uqbjp9000b356p2175vvqw 0 0.5038034539473684 0.7327987938596491 0.0421875 0.04375
cl4ur3tl4000r356p5yynq6lr 0 0.33125 0.0359375 0.0234375 0.029166666666666667
cl4ur3vs8000v356pe031p1yo 0 0.49705357142857143 0.017867063492063493 0.025 0.027083333333333334
cl4urtjol000z356puo72ztp3 0 0.45984375 0.010833333333333334 0.0296875 0.021666666666666667
cl53eq6de000f356i3cjd5jif 1 0.57109375 0.13333333333333333 0.0890625 0.1125
cl53eqa7m000l356ivf26125u 1 0.3203125 0.21041666666666667 0.103125 0.09583333333333334
