ckz3v9nzv00033867jsekqdcl 0 0.27320934734513275 0.42164454277286134 0.0265625 0.0375
ckz6ru2eb0001386lefk6js4m 0 0.23828125 0.5778755868544602 0.0265625 0.0375
ckz6ru3um0003386l39xwv0yk 0 0.2433648767605634 0.8551936619718309 0.0265625 0.0375
ckz6ru5610005386l8uoys4lc 0 0.19453125 0.8458333333333333 0.0265625 0.0375
ckz6ru6of0007386lhf2t4dtw 0 0.08359375 0.80625 0.0265625 0.0375
ckz6ru83f0009386lx7517dwf 0 0.026375440140845068 0.7307218309859155 0.0265625 0.0375
ckz6ru99l000b386l18xh2byu 0 0.13515625 0.18958333333333333 0.0265625 0.0375
ckz6rub67000d386ld3mx1dyi 0 0.21796875 0.16616847826086956 0.0265625 0.0375
ckz6ruchb000f386lxxpeu5na 0 0.2928677262931035 0.10730064655172414 0.0265625 0.0375
ckz6rudsb000h386lkwwvc8dz 0 0.28411083633093526 0.21806055155875298 0.0265625 0.0375
ckz6ruf3e000j386lbyqpxw51 0 0.3121148767605634 0.30962441314553996 0.0265625 0.0375
ckz6rugcj000l386lzjazem8c 0 0.34765625 0.35520833333333335 0.0265625 0.041666666666666664
ckz6rui7o000n386lh32dwmkr 0 0.573074383802817 0.8892899061032864 0.0265625 0.0375
ckz6ruj49000p386lndk3j9jv 0 0.6426165101156069 0.568099710982659 0.0265625 0.0375
ckz6rup8s000r386lkjotnoh0 0 0.48828125 0.86875 0.0265625 0.0375
ckz6rurv1000t386llsdca8lh 0 0.76953125 0.803125 0.0234375 0.0375
ckz6rut1n000v386l8rfix41j 0 0.8475883152173912 0.842391304347826 0.0265625 0.0375
ckz6ruunj000x386l4qiqzsvd 0 0.8382133152173912 0.967391304347826 0.0265625 0.0375
ckz6ruw8w000z386lc52x10qx 0 0.8542459239130435 0.7495471014492754 0.0265625 0.0375
ckz6ruzco0013386lo3nqjmle 0 0.828125 0.43645833333333334 0.025 0.03958333333333333
ckz6rv4et0015386le3rdpw93 0 0.8680173319327731 0.409375 0.025 0.03958333333333333
ckz6rv5s20017386lyas5kerj 0 0.60390625 0.1 0.0234375 0.035416666666666666
ckz6rva9o0019386ll7e0plel 0 0.6702008928571429 0.14523809523809522 0.0265625 0.03333333333333332
ckz6rvlfq001d386lt59x4kz2 0 0.771772573907455 0.06847686375321337 0.0265625 0.03333333333333333
ckz6rvnb8001f386l63s6p1ys 0 0.7105523767605634 0.6359448356807512 0.0265625 0.03333333333333333
ckz6rvpuj001h386lhrb15el1 0 0.5910101232394366 0.4919014084507042 0.0265625 0.03333333333333333
ckz6rvrjs001j386lscfviwaz 0 0.4980523767605634 0.3887910798122066 0.0265625 0.03333333333333333
ckz6rvtvy001l386li54we947 0 0.01015625 0.6520833333333333 0.0171875 0.04583333333333333
ckz6rvvx4001n386lwp0hh90g 0 0.014248511904761906 0.24305555555555555 0.0265625 0.03333333333333333
ckz6rvxvs001p386l9u5f2w3s 0 0.20885416666666665 0.3111111111111111 0.028124999999999976 0.0375
ckz6rw3in001v386l6bltg9jj 0 0.79296875 0.625 0.0265625 0.03333333333333333
ckz6rw56s001x386l432ih3l6 0 0.9925571986607142 0.7765345982142856 0.014885602678571353 0.035063244047619097
cl4sse7t80004356hlgz3o2fx 0 0.659375 0.5010416666666667 0.025 0.041666666666666664
cl4ssee0s0008356hd15z4qn8 0 0.58828125 0.11875 0.0296875 0.05
cl4ssegqi000c356hwxoota92 0 0.6015625 0.20625 0.025 0.04583333333333333
cl4sseopo000g356h6ldd8ms6 0 0.25234375 0.5479166666666667 0.0359375 0.04583333333333333
cl4swkq5u0003356p8vuhc7nn 0 0.29921875 0.45625 0.0328125 0.0375
cl4uq6b5l0003356p4ou3mrfw 0 0.85625 0.22395833333333334 0.0375 0.04375
cl4uqbjp9000b356p2175vvqw 0 0.5091077302631579 0.724547697368421 0.0421875 0.04375
cl53eq6de000f356i3cjd5jif 1 0.57109375 0.13333333333333333 0.0890625 0.1125
cl53eqa7m000l356ivf26125u 1 0.3203125 0.21041666666666667 0.103125 0.09583333333333334
