ckz3v9nzv00033867jsekqdcl 0 0.26484375 0.4354166666666667 0.0265625 0.0375
ckz6ru2eb0001386lefk6js4m 0 0.23828125 0.5770833333333333 0.0265625 0.0375
ckz6ru3um0003386l39xwv0yk 0 0.24205490537848603 0.85625 0.0265625 0.0375
ckz6ru5610005386l8uoys4lc 0 0.19453125 0.8458333333333333 0.0265625 0.0375
ckz6ru6of0007386lhf2t4dtw 0 0.08359375 0.80625 0.0265625 0.0375
ckz6ru83f0009386lx7517dwf 0 0.016856152723735408 0.7595128080415046 0.0265625 0.0375
ckz6ru99l000b386l18xh2byu 0 0.13515625 0.18958333333333333 0.0265625 0.0375
ckz6rub67000d386ld3mx1dyi 0 0.2546875 0.21354166666666666 0.0265625 0.041666666666666664
ckz6ruchb000f386lxxpeu5na 0 0.2520263671875 0.14208984375 0.0265625 0.0375
ckz6rudsb000h386lkwwvc8dz 0 0.28189635791366907 0.22101318944844123 0.0265625 0.0375
ckz6ruf3e000j386lbyqpxw51 0 0.28001431772908364 0.34435590969455515 0.0265625 0.0375
ckz6rugcj000l386lzjazem8c 0 0.12562500000000001 0.5183333333333333 0.028125 0.05
ckz6rui7o000n386lh32dwmkr 0 0.535546875 0.9691550925925926 0.0265625 0.0375
ckz6ruj49000p386lndk3j9jv 0 0.6325344279661017 0.5923022598870057 0.0265625 0.0375
ckz6rup8s000r386lkjotnoh0 0 0.48828125 0.86875 0.0265625 0.0375
ckz6rut1n000v386l8rfix41j 0 0.8441345985273493 0.8527524544179523 0.0265625 0.0375
ckz6ruunj000x386l4qiqzsvd 0 0.8347595985273493 0.9777524544179523 0.0265625 0.0375
ckz6ruw8w000z386lc52x10qx 0 0.851655636395512 0.7530008181393175 0.0265625 0.0375
ckz6ruzco0013386lo3nqjmle 0 0.828125 0.43645833333333334 0.025 0.03958333333333333
ckz6rv4et0015386le3rdpw93 0 0.8664653361344538 0.409375 0.025 0.03958333333333333
ckz6rva9o0019386ll7e0plel 0 0.6617119859307359 0.18232323232323233 0.0265625 0.03333333333333333
ckz6rvlfq001d386lt59x4kz2 0 0.7694245732931727 0.08458835341365463 0.0265625 0.03333333333333333
ckz6rvnb8001f386l63s6p1ys 0 0.71015625 0.6354166666666666 0.0265625 0.03333333333333333
ckz6rvpuj001h386lhrb15el1 0 0.5685531965648856 0.5335400763358779 0.02804150763358777 0.03333333333333328
ckz6rvrjs001j386lscfviwaz 0 0.48342959630350196 0.40606355382619974 0.0265625 0.03333333333333333
ckz6rvxvs001p386l9u5f2w3s 0 0.55546875 0.5197916666666667 0.028125 0.0375
ckz6rw3in001v386l6bltg9jj 0 0.7046875 0.09114583333333333 0.0265625 0.03333333333333333
ckz6rw56s001x386l432ih3l6 0 0.9757211538461539 0.8576923076923076 0.0234375 0.035416666666666666
cl4ssee0s0008356hd15z4qn8 0 0.58828125 0.11875 0.0296875 0.05
cl4ssegqi000c356hwxoota92 0 0.6015625 0.20625 0.025 0.04583333333333333
cl4uq6b5l0003356p4ou3mrfw 0 0.85625 0.22395833333333334 0.0375 0.04375
cl4uq7un10007356p14ye3ifb 0 0.95078125 0.28958333333333336 0.0390625 0.041666666666666664
cl4uqbjp9000b356p2175vvqw 0 0.49695723684210524 0.7434484649122807 0.0421875 0.04375
cl4ur3vs8000v356pe031p1yo 0 0.5036607142857144 0.023740079365079367 0.025 0.027083333333333334
cl4urtjol000z356puo72ztp3 0 0.16171875 0.2989583333333333 0.028125 0.0375
cl4uru0kq0013356pt4h9yjm1 0 0.5154119318181818 0.012831439393939392 0.0296875 0.01875
cl4urwkrx0017356pikpviaa9 0 0.36796875 0.021875 0.0234375 0.027083333333333334
cl53eq6de000f356i3cjd5jif 1 0.57109375 0.13333333333333333 0.0890625 0.1125
cl53eqa7m000l356ivf26125u 1 0.3203125 0.21041666666666667 0.103125 0.09583333333333334
