ckz3v9nzv00033867jsekqdcl 0 0.27473036504424775 0.41623647984267453 0.0265625 0.0375
ckz6ru2eb0001386lefk6js4m 0 0.23828125 0.5811032863849765 0.0265625 0.0375
ckz6ru3um0003386l39xwv0yk 0 0.2449787265258216 0.8508900625978091 0.0265625 0.0375
ckz6ru5610005386l8uoys4lc 0 0.19453125 0.8458333333333333 0.0265625 0.0375
ckz6ru6of0007386lhf2t4dtw 0 0.08359375 0.80625 0.0265625 0.0375
ckz6ru83f0009386lx7517dwf 0 0.028796214788732392 0.7285700312989045 0.0265625 0.0375
ckz6ru99l000b386l18xh2byu 0 0.13515625 0.18958333333333333 0.0265625 0.0375
ckz6rub67000d386ld3mx1dyi 0 0.20234375 0.13541666666666666 0.0265625 0.0375
ckz6ruchb000f386lxxpeu5na 0 0.3058984375 0.09951388888888889 0.0265625 0.0375
ckz6rudsb000h386lkwwvc8dz 0 0.2847290917266187 0.21723621103117505 0.0265625 0.0375
ckz6ruf3e000j386lbyqpxw51 0 0.3137287265258216 0.30639671361502346 0.0265625 0.0375
ckz6rugcj000l386lzjazem8c 0 0.38255208333333335 0.1513888888888889 0.0265625 0.04166666666666668
ckz6rui7o000n386lh32dwmkr 0 0.581143632629108 0.879606807511737 0.0265625 0.0375
ckz6ruj49000p386lndk3j9jv 0 0.6455970014450867 0.5647880539499037 0.0265625 0.0375
ckz6rup8s000r386lkjotnoh0 0 0.48828125 0.86875 0.0265625 0.0375
ckz6rurv1000t386llsdca8lh 0 0.57578125 0.7947916666666667 0.0265625 0.0375
ckz6rut1n000v386l8rfix41j 0 0.8485525508415147 0.8394985974754559 0.0265625 0.0375
ckz6ruunj000x386l4qiqzsvd 0 0.8391775508415147 0.9644985974754559 0.0265625 0.0375
ckz6ruw8w000z386lc52x10qx 0 0.854969100631136 0.748582865825152 0.0265625 0.0375
ckz6ruxwl0011386lwhdpziws 0 0.93203125 0.7416666666666667 0.0265625 0.0375
ckz6ruzco0013386lo3nqjmle 0 0.828125 0.43645833333333334 0.025 0.03958333333333333
ckz6rv4et0015386le3rdpw93 0 0.8684506302521008 0.409375 0.025 0.03958333333333333
ckz6rv5s20017386lyas5kerj 0 0.690625 0.14114583333333333 0.0234375 0.035416666666666666
ckz6rva9o0019386ll7e0plel 0 0.6725770449308756 0.13573348694316437 0.0265625 0.03333333333333332
ckz6rvlfq001d386lt59x4kz2 0 0.7704470597686376 0.06494215938303342 0.0265625 0.03333333333333333
ckz6rvnb8001f386l63s6p1ys 0 0.7121662265258216 0.6380966353677622 0.0265625 0.03333333333333333
ckz6rvpuj001h386lhrb15el1 0 0.5893962734741784 0.4843701095461659 0.0265625 0.03333333333333333
ckz6rvrjs001j386lscfviwaz 0 0.4996662265258216 0.3855633802816901 0.0265625 0.03333333333333333
ckz6rvtvy001l386li54we947 0 0.08125 0.5364583333333334 0.0296875 0.0375
ckz6rvvx4001n386lwp0hh90g 0 0.0173828125 0.222265625 0.0265625 0.03333333333333333
ckz6rvxvs001p386l9u5f2w3s 0 0.1140625 0.2694444444444445 0.028125 0.037500000000000026
ckz6rw3in001v386l6bltg9jj 0 0.74609375 0.7895833333333333 0.0265625 0.03333333333333333
ckz6rw56s001x386l432ih3l6 0 0.9891043526785716 0.7719308035714285 0.021791294642857117 0.03404017857142859
cl4sse7t80004356hlgz3o2fx 0 0.60625 0.346875 0.025 0.035416666666666666
cl4ssee0s0008356hd15z4qn8 0 0.58828125 0.11875 0.0296875 0.05
cl4ssegqi000c356hwxoota92 0 0.6015625 0.20625 0.025 0.04583333333333333
cl4sseopo000g356h6ldd8ms6 0 0.31640625 0.6958333333333333 0.0390625 0.041666666666666664
cl4swkq5u0003356p8vuhc7nn 0 0.640625 0.5723958333333333 0.028125 0.035416666666666666
cl4uq6b5l0003356p4ou3mrfw 0 0.85625 0.22395833333333334 0.0375 0.04375
cl4uqbjp9000b356p2175vvqw 0 0.5125 0.7192708333333333 0.0421875 0.04375
