ckz3v9nzv00033867jsekqdcl 0 0.26484375 0.4354166666666667 0.0265625 0.0375
ckz6ru2eb0001386lefk6js4m 0 0.23828125 0.5770833333333333 0.0265625 0.0375
ckz6ru3um0003386l39xwv0yk 0 0.24205739541832672 0.85625 0.0265625 0.0375
ckz6ru5610005386l8uoys4lc 0 0.19453125 0.8458333333333333 0.0265625 0.0375
ckz6ru6of0007386lhf2t4dtw 0 0.08359375 0.80625 0.0265625 0.0375
ckz6ru83f0009386lx7517dwf 0 0.016880471789883267 0.7594357976653697 0.0265625 0.0375
ckz6ru99l000b386l18xh2byu 0 0.13515625 0.18958333333333333 0.0265625 0.0375
ckz6rub67000d386ld3mx1dyi 0 0.254296875 0.21302083333333333 0.0265625 0.041666666666666664
ckz6ruchb000f386lxxpeu5na 0 0.252099609375 0.1419921875 0.0265625 0.0375
ckz6rudsb000h386lkwwvc8dz 0 0.28190197841726616 0.2210056954436451 0.0265625 0.0375
ckz6ruf3e000j386lbyqpxw51 0 0.2800952440239044 0.3442480079681275 0.0265625 0.0375
ckz6rugcj000l386lzjazem8c 0 0.1265625 0.5166666666666667 0.028125 0.05
ckz6rui7o000n386lh32dwmkr 0 0.53564453125 0.968967013888889 0.0265625 0.0375
ckz6ruj49000p386lndk3j9jv 0 0.6325807733050848 0.5921963276836159 0.0265625 0.0375
ckz6rup8s000r386lkjotnoh0 0 0.48828125 0.86875 0.0265625 0.0375
ckz6rut1n000v386l8rfix41j 0 0.8441433643057504 0.8527261570827489 0.0265625 0.0375
ckz6ruunj000x386l4qiqzsvd 0 0.8347683643057504 0.9777261570827489 0.0265625 0.0375
ckz6ruw8w000z386lc52x10qx 0 0.8516622107293127 0.7529920523609164 0.0265625 0.0375
ckz6ruzco0013386lo3nqjmle 0 0.828125 0.43645833333333334 0.025 0.03958333333333333
ckz6rv4et0015386le3rdpw93 0 0.8664692752100841 0.409375 0.025 0.03958333333333333
ckz6rva9o0019386ll7e0plel 0 0.661725514069264 0.182260101010101 0.0265625 0.03333333333333333
ckz6rvlfq001d386lt59x4kz2 0 0.7694496736947791 0.08453815261044177 0.0265625 0.03333333333333333
ckz6rvnb8001f386l63s6p1ys 0 0.71015625 0.6354166666666666 0.0265625 0.03333333333333333
ckz6rvpuj001h386lhrb15el1 0 0.5686366889312977 0.5334208015267176 0.028029580152671763 0.03333333333333328
ckz6rvrjs001j386lscfviwaz 0 0.4834903939688716 0.4060554474708171 0.0265625 0.03333333333333333
ckz6rvxvs001p386l9u5f2w3s 0 0.5515625 0.5229166666666667 0.028125 0.0375
ckz6rw3in001v386l6bltg9jj 0 0.70546875 0.09166666666666666 0.0265625 0.03333333333333333
ckz6rw56s001x386l432ih3l6 0 0.975741185897436 0.8575587606837607 0.0234375 0.035416666666666666
cl4ssee0s0008356hd15z4qn8 0 0.58828125 0.11875 0.0296875 0.05
cl4ssegqi000c356hwxoota92 0 0.6015625 0.20625 0.025 0.04583333333333333
cl4uq6b5l0003356p4ou3mrfw 0 0.85625 0.22395833333333334 0.0375 0.04375
cl4uq7un10007356p14ye3ifb 0 0.9453125 0.2916666666666667 0.0390625 0.041666666666666664
cl4uqbjp9000b356p2175vvqw 0 0.49698807565789477 0.7434004934210526 0.0421875 0.04375
cl4ur3vs8000v356pe031p1yo 0 0.5036309523809523 0.02371362433862434 0.025 0.027083333333333334
cl4urtjol000z356puo72ztp3 0 0.159375 0.29791666666666666 0.028125 0.0375
cl4uru0kq0013356pt4h9yjm1 0 0.5154592803030302 0.012815656565656567 0.0296875 0.01875
cl4urwkrx0017356pikpviaa9 0 0.36801339285714285 0.02179315476190476 0.0234375 0.027038690476190473
cl53eq6de000f356i3cjd5jif 1 0.57109375 0.13333333333333333 0.0890625 0.1125
cl53eqa7m000l356ivf26125u 1 0.3203125 0.21041666666666667 0.103125 0.09583333333333334
