ckz3v9nzv00033867jsekqdcl 0 0.26484375 0.4354166666666667 0.0265625 0.0375
ckz6ru2eb0001386lefk6js4m 0 0.23828125 0.5770833333333333 0.0265625 0.0375
ckz6ru3um0003386l39xwv0yk 0 0.24017990537848605 0.85625 0.0265625 0.0375
ckz6ru5610005386l8uoys4lc 0 0.19453125 0.8458333333333333 0.0265625 0.0375
ckz6ru6of0007386lhf2t4dtw 0 0.08359375 0.80625 0.0265625 0.0375
ckz6ru99l000b386l18xh2byu 0 0.13515625 0.18958333333333333 0.0265625 0.0375
ckz6rub67000d386ld3mx1dyi 0 0.24609375 0.19652777777777777 0.0265625 0.041666666666666664
ckz6ruchb000f386lxxpeu5na 0 0.21214414267015708 0.18516579406631764 0.026562500000000024 0.0375
ckz6rudsb000h386lkwwvc8dz 0 0.2667440878378379 0.25698198198198197 0.0265625 0.0375
ckz6ruf3e000j386lbyqpxw51 0 0.2233664772727273 0.39621212121212124 0.0265625 0.0375
ckz6rui7o000n386lh32dwmkr 0 0.53984375 0.98125 0.0265625 0.0375
ckz6ruj49000p386lndk3j9jv 0 0.6300111140167364 0.6089086471408647 0.0265625 0.0375
ckz6rup8s000r386lkjotnoh0 0 0.48828125 0.86875 0.0265625 0.0375
ckz6rut1n000v386l8rfix41j 0 0.84296875 0.85625 0.0265625 0.0375
ckz6ruunj000x386l4qiqzsvd 0 0.83359375 0.98125 0.0265625 0.0375
ckz6ruw8w000z386lc52x10qx 0 0.84140625 0.7692401960784314 0.0265625 0.0375
ckz6ruzco0013386lo3nqjmle 0 0.828125 0.43645833333333334 0.025 0.03958333333333333
ckz6rv4et0015386le3rdpw93 0 0.8640625 0.409375 0.025 0.03958333333333333
ckz6rva9o0019386ll7e0plel 0 0.628816036374134 0.23827463433410315 0.0265625 0.03333333333333333
ckz6rvlfq001d386lt59x4kz2 0 0.7403101679104478 0.1406094527363184 0.0265625 0.03333333333333333
ckz6rvnb8001f386l63s6p1ys 0 0.71015625 0.6354166666666666 0.0265625 0.03333333333333333
ckz6rvpuj001h386lhrb15el1 0 0.5015756302521008 0.6074929971988795 0.0296875 0.03333333333333333
ckz6rvrjs001j386lscfviwaz 0 0.45931289225941424 0.4642869595536959 0.0265625 0.03333333333333333
cl4ssee0s0008356hd15z4qn8 0 0.58828125 0.11875 0.0296875 0.05
cl4ssegqi000c356hwxoota92 0 0.6015625 0.20625 0.025 0.04583333333333333
cl4uq6b5l0003356p4ou3mrfw 0 0.85625 0.22395833333333334 0.0375 0.04375
cl4uqbjp9000b356p2175vvqw 0 0.4864703428398058 0.7576228762135923 0.0421875 0.04375
cl4uqf5bj000f356p05tutl57 0 0.7451426630434782 0.9116394927536232 0.0296875 0.03958333333333333
cl4uqu10i000j356pw85hd2yi 0 0.19753289473684213 0.8049890350877192 0.025000000000000022 0.03958333333333333
cl4ur3vs8000v356pe031p1yo 0 0.4824975538160469 0.049378261578604046 0.025 0.027083333333333334
cl4uru0kq0013356pt4h9yjm1 0 0.5093196358267716 0.027977362204724413 0.0296875 0.03125000000000001
cl4urwkrx0017356pikpviaa9 0 0.35703125 0.06354166666666666 0.0234375 0.027083333333333334
cl4us4ype001h356pnyet3ts9 0 0.7859375 0.245625 0.034375 0.03958333333333333
cl4us8aru001l356p2sc1k1bh 0 0.9755803571428572 0.03225198412698413 0.02348214285714274 0.03351190476190477
cl53eq6de000f356i3cjd5jif 1 0.57109375 0.13333333333333333 0.0890625 0.1125
cl53eqa7m000l356ivf26125u 1 0.3203125 0.21041666666666667 0.103125 0.09583333333333334
