ckz3v9nzv00033867jsekqdcl 0 0.27090101872246697 0.42935939794419975 0.0265625 0.0375
ckz6ru2eb0001386lefk6js4m 0 0.23828125 0.5770833333333333 0.0265625 0.0375
ckz6ru3um0003386l39xwv0yk 0 0.2426375747011952 0.85625 0.0265625 0.0375
ckz6ru5610005386l8uoys4lc 0 0.19453125 0.8458333333333333 0.0265625 0.0375
ckz6ru6of0007386lhf2t4dtw 0 0.08359375 0.80625 0.0265625 0.0375
ckz6ru83f0009386lx7517dwf 0 0.02254681420233463 0.7414923800259403 0.0265625 0.0375
ckz6ru99l000b386l18xh2byu 0 0.13515625 0.18958333333333333 0.0265625 0.0375
ckz6rub67000d386ld3mx1dyi 0 0.22232730263157893 0.17817982456140352 0.0265625 0.041666666666666664
ckz6ruchb000f386lxxpeu5na 0 0.27239358836206895 0.12023168103448277 0.0265625 0.03750000000000001
ckz6rudsb000h386lkwwvc8dz 0 0.2832115557553957 0.21925959232613906 0.0265625 0.0375
ckz6ruf3e000j386lbyqpxw51 0 0.29916631711409397 0.31971476510067115 0.0265625 0.0375
ckz6rugcj000l386lzjazem8c 0 0.244921875 0.4661458333333333 0.028125 0.04583333333333333
ckz6rui7o000n386lh32dwmkr 0 0.5579004552980132 0.9230684326710817 0.0265625 0.0375
ckz6ruj49000p386lndk3j9jv 0 0.63828125 0.5729166666666666 0.0265625 0.0375
ckz6rup8s000r386lkjotnoh0 0 0.48828125 0.86875 0.0265625 0.0375
ckz6rut1n000v386l8rfix41j 0 0.8461857906732118 0.8465988779803646 0.0265625 0.0375
ckz6ruunj000x386l4qiqzsvd 0 0.8368107906732117 0.9715988779803646 0.0265625 0.0375
ckz6ruw8w000z386lc52x10qx 0 0.8531940305049088 0.7509496259934548 0.0265625 0.0375
ckz6ruzco0013386lo3nqjmle 0 0.828125 0.43645833333333334 0.025 0.03958333333333333
ckz6rv4et0015386le3rdpw93 0 0.8673870798319328 0.409375 0.025 0.03958333333333333
ckz6rva9o0019386ll7e0plel 0 0.6662670799595142 0.1620614035087719 0.0265625 0.03333333333333333
ckz6rvlfq001d386lt59x4kz2 0 0.7737005944730078 0.07361825192802057 0.0265625 0.03333333333333333
ckz6rvnb8001f386l63s6p1ys 0 0.71015625 0.6354166666666666 0.0265625 0.03333333333333333
ckz6rvpuj001h386lhrb15el1 0 0.58515625 0.5041666666666667 0.0265625 0.03333333333333333
ckz6rvrjs001j386lscfviwaz 0 0.49765625 0.4041666666666667 0.0265625 0.03333333333333333
ckz6rvvx4001n386lwp0hh90g 0 0.012302631578947367 0.27210526315789474 0.024605263157894734 0.03333333333333336
ckz6rvxvs001p386l9u5f2w3s 0 0.34895833333333337 0.425 0.028125 0.0375
ckz6rw3in001v386l6bltg9jj 0 0.78203125 0.425 0.0265625 0.03333333333333333
ckz6rw56s001x386l432ih3l6 0 0.9884390782828284 0.8115635521885521 0.015261994949494984 0.035416666666666666
cl4sse7t80004356hlgz3o2fx 0 0.7541294642857144 0.8145833333333333 0.0296875 0.041666666666666664
cl4ssee0s0008356hd15z4qn8 0 0.58828125 0.11875 0.0296875 0.05
cl4ssegqi000c356hwxoota92 0 0.6015625 0.20625 0.025 0.04583333333333333
cl4sseopo000g356h6ldd8ms6 0 0.18203125 0.325 0.0359375 0.04583333333333333
cl4uq6b5l0003356p4ou3mrfw 0 0.85625 0.22395833333333334 0.0375 0.04375
cl4uqbjp9000b356p2175vvqw 0 0.5041735197368421 0.7322231359649123 0.0421875 0.04375
cl53eq6de000f356i3cjd5jif 1 0.57109375 0.13333333333333333 0.0890625 0.1125
cl53eqa7m000l356ivf26125u 1 0.3203125 0.21041666666666667 0.103125 0.09583333333333334
