ckz3v9nzv00033867jsekqdcl 0 0.2701300936123348 0.43013032305433185 0.0265625 0.0375
ckz6ru2eb0001386lefk6js4m 0 0.23828125 0.5770833333333333 0.0265625 0.0375
ckz6ru3um0003386l39xwv0yk 0 0.24256785358565738 0.85625 0.0265625 0.0375
ckz6ru5610005386l8uoys4lc 0 0.19453125 0.8458333333333333 0.0265625 0.0375
ckz6ru6of0007386lhf2t4dtw 0 0.08359375 0.80625 0.0265625 0.0375
ckz6ru83f0009386lx7517dwf 0 0.021865880350194555 0.7436486705577173 0.0265625 0.0375
ckz6ru99l000b386l18xh2byu 0 0.13515625 0.18958333333333333 0.0265625 0.0375
ckz6rub67000d386ld3mx1dyi 0 0.22109375 0.17569444444444443 0.0265625 0.041666666666666664
ckz6ruchb000f386lxxpeu5na 0 0.26881061422413793 0.12249461206896552 0.0265625 0.0375
ckz6rudsb000h386lkwwvc8dz 0 0.2830541816546762 0.21946942446043166 0.0265625 0.0375
ckz6ruf3e000j386lbyqpxw51 0 0.2966851344621514 0.3221281540504648 0.0265625 0.0375
ckz6rugcj000l386lzjazem8c 0 0.215625 0.45555555555555555 0.028125 0.04583333333333333
ckz6rui7o000n386lh32dwmkr 0 0.5552928394039734 0.9288631346578367 0.0265625 0.0375
ckz6ruj49000p386lndk3j9jv 0 0.63828125 0.5745075757575757 0.0265625 0.0375
ckz6rup8s000r386lkjotnoh0 0 0.48828125 0.86875 0.0265625 0.0375
ckz6rut1n000v386l8rfix41j 0 0.8459403488779804 0.8473352033660589 0.0265625 0.0375
ckz6ruunj000x386l4qiqzsvd 0 0.8365653488779804 0.9723352033660589 0.0265625 0.0375
ckz6ruw8w000z386lc52x10qx 0 0.8530099491584853 0.7511950677886863 0.0265625 0.0375
ckz6ruzco0013386lo3nqjmle 0 0.828125 0.43645833333333334 0.025 0.03958333333333333
ckz6rv4et0015386le3rdpw93 0 0.8672767857142857 0.409375 0.025 0.03958333333333333
ckz6rva9o0019386ll7e0plel 0 0.6655585779352227 0.16513157894736843 0.0265625 0.03333333333333333
ckz6rvlfq001d386lt59x4kz2 0 0.7740379980719794 0.07451799485861182 0.0265625 0.03333333333333333
ckz6rvnb8001f386l63s6p1ys 0 0.71015625 0.6354166666666666 0.0265625 0.03333333333333333
ckz6rvpuj001h386lhrb15el1 0 0.583565340909091 0.5078787878787879 0.0265625 0.03333333333333333
ckz6rvrjs001j386lscfviwaz 0 0.4959539153696498 0.40439364461738003 0.0265625 0.03333333333333333
ckz6rvvx4001n386lwp0hh90g 0 0.01069078947368421 0.27763157894736845 0.02138157894736842 0.03333333333333336
ckz6rvxvs001p386l9u5f2w3s 0 0.3796875 0.43645833333333334 0.028125 0.0375
ckz6rw3in001v386l6bltg9jj 0 0.77265625 0.36736111111111114 0.0265625 0.03333333333333333
ckz6rw56s001x386l432ih3l6 0 0.9863399621212121 0.8174558080808081 0.01680871212121211 0.035416666666666666
cl4sse7t80004356hlgz3o2fx 0 0.74921875 0.85625 0.0296875 0.041666666666666664
cl4ssee0s0008356hd15z4qn8 0 0.58828125 0.11875 0.0296875 0.05
cl4ssegqi000c356hwxoota92 0 0.6015625 0.20625 0.025 0.04583333333333333
cl4sseopo000g356h6ldd8ms6 0 0.15078125 0.32083333333333336 0.0359375 0.04583333333333333
cl4uq6b5l0003356p4ou3mrfw 0 0.85625 0.22395833333333334 0.0375 0.04375
cl4uqbjp9000b356p2175vvqw 0 0.5033100328947369 0.7335663377192982 0.0421875 0.04375
cl4ur3tl4000r356p5yynq6lr 0 0.35052083333333334 0.06770833333333333 0.0234375 0.029166666666666667
cl4ur3vs8000v356pe031p1yo 0 0.4975297619047619 0.018290343915343912 0.025 0.027083333333333334
cl4urtjol000z356puo72ztp3 0 0.43984375 0.013541666666666667 0.0296875 0.022916666666666665
cl4uru0kq0013356pt4h9yjm1 0 0.5251657196969697 0.009580176767676767 0.0296875 0.01875
cl53eq6de000f356i3cjd5jif 1 0.57109375 0.13333333333333333 0.0890625 0.1125
cl53eqa7m000l356ivf26125u 1 0.3203125 0.21041666666666667 0.103125 0.09583333333333334
