ckz3v9nzv00033867jsekqdcl 0 0.2737071349557522 0.4198746312684366 0.0265625 0.0375
ckz6ru2eb0001386lefk6js4m 0 0.23828125 0.5789319248826291 0.0265625 0.0375
ckz6ru3um0003386l39xwv0yk 0 0.2438930457746479 0.8537852112676056 0.0265625 0.0375
ckz6ru5610005386l8uoys4lc 0 0.19453125 0.8458333333333333 0.0265625 0.0375
ckz6ru6of0007386lhf2t4dtw 0 0.08359375 0.80625 0.0265625 0.0375
ckz6ru83f0009386lx7517dwf 0 0.02716769366197183 0.7300176056338028 0.0265625 0.0375
ckz6ru99l000b386l18xh2byu 0 0.13515625 0.18958333333333333 0.0265625 0.0375
ckz6rub67000d386ld3mx1dyi 0 0.21918402777777776 0.1560185185185185 0.0265625 0.0375
ckz6ruchb000f386lxxpeu5na 0 0.2972265625 0.10465277777777778 0.0265625 0.0375
ckz6rudsb000h386lkwwvc8dz 0 0.28431317446043164 0.21779076738609113 0.0265625 0.0375
ckz6ruf3e000j386lbyqpxw51 0 0.3126430457746479 0.3085680751173709 0.0265625 0.0375
ckz6rugcj000l386lzjazem8c 0 0.37421875 0.28958333333333336 0.0265625 0.041666666666666664
ckz6rui7o000n386lh32dwmkr 0 0.5757152288732394 0.8861208920187793 0.0265625 0.0375
ckz6ruj49000p386lndk3j9jv 0 0.6435919436416185 0.5670158959537572 0.0265625 0.0375
ckz6rup8s000r386lkjotnoh0 0 0.48828125 0.86875 0.0265625 0.0375
ckz6rurv1000t386llsdca8lh 0 0.715234375 0.7828125 0.0234375 0.0375
ckz6rut1n000v386l8rfix41j 0 0.8479038832398317 0.8414446002805049 0.0265625 0.0375
ckz6ruunj000x386l4qiqzsvd 0 0.8385288832398317 0.9664446002805049 0.0265625 0.0375
ckz6ruw8w000z386lc52x10qx 0 0.8544825999298737 0.749231533426835 0.0265625 0.0375
ckz6ruxwl0011386lwhdpziws 0 0.97890625 0.8427083333333333 0.0265625 0.04375
ckz6ruzco0013386lo3nqjmle 0 0.828125 0.43645833333333334 0.025 0.03958333333333333
ckz6rv4et0015386le3rdpw93 0 0.8681591386554622 0.409375 0.025 0.03958333333333333
ckz6rv5s20017386lyas5kerj 0 0.63046875 0.13697916666666668 0.0234375 0.035416666666666666
ckz6rva9o0019386ll7e0plel 0 0.6709785426267281 0.1421274961597542 0.0265625 0.03333333333333332
ckz6rvlfq001d386lt59x4kz2 0 0.7713387692802056 0.06732005141388174 0.0265625 0.03333333333333333
ckz6rvnb8001f386l63s6p1ys 0 0.7110805457746479 0.6366490610328639 0.0265625 0.03333333333333333
ckz6rvpuj001h386lhrb15el1 0 0.5904819542253521 0.4894366197183099 0.0265625 0.03333333333333333
ckz6rvrjs001j386lscfviwaz 0 0.4985805457746479 0.38773474178403755 0.0265625 0.03333333333333333
ckz6rvtvy001l386li54we947 0 0.0091796875 0.584375 0.015234375 0.03958333333333333
ckz6rvvx4001n386lwp0hh90g 0 0.014973958333333332 0.23671875 0.0265625 0.03333333333333333
ckz6rvxvs001p386l9u5f2w3s 0 0.18151041666666667 0.26006944444444446 0.028125 0.037500000000000026
ckz6rw3in001v386l6bltg9jj 0 0.77265625 0.6822916666666666 0.0265625 0.03333333333333333
ckz6rw56s001x386l432ih3l6 0 0.9914271763392858 0.7750279017857143 0.017145647321428648 0.034728422619047565
cl4sse7t80004356hlgz3o2fx 0 0.6489583333333333 0.44305555555555554 0.025 0.03333333333333333
cl4ssee0s0008356hd15z4qn8 0 0.58828125 0.11875 0.0296875 0.05
cl4ssegqi000c356hwxoota92 0 0.6015625 0.20625 0.025 0.04583333333333333
cl4sseopo000g356h6ldd8ms6 0 0.26015625 0.56875 0.0359375 0.04583333333333333
cl4swkq5u0003356p8vuhc7nn 0 0.39765625 0.5319444444444444 0.0328125 0.03749999999999994
cl4uq6b5l0003356p4ou3mrfw 0 0.85625 0.22395833333333334 0.0375 0.04375
cl4uqbjp9000b356p2175vvqw 0 0.5102179276315789 0.7228207236842105 0.0421875 0.04375
cl53eq6de000f356i3cjd5jif 1 0.57109375 0.13333333333333333 0.0890625 0.1125
cl53eqa7m000l356ivf26125u 1 0.3203125 0.21041666666666667 0.103125 0.09583333333333334
