ckz3v9nzv00033867jsekqdcl 0 0.26872590859030837 0.4315345080763583 0.0265625 0.0375
ckz6ru2eb0001386lefk6js4m 0 0.23828125 0.5770833333333333 0.0265625 0.0375
ckz6ru3um0003386l39xwv0yk 0 0.2424408615537849 0.85625 0.0265625 0.0375
ckz6ru5610005386l8uoys4lc 0 0.19453125 0.8458333333333333 0.0265625 0.0375
ckz6ru6of0007386lhf2t4dtw 0 0.08359375 0.80625 0.0265625 0.0375
ckz6ru83f0009386lx7517dwf 0 0.0206256079766537 0.7475761997405966 0.0265625 0.0375
ckz6ru99l000b386l18xh2byu 0 0.13515625 0.18958333333333333 0.0265625 0.0375
ckz6rub67000d386ld3mx1dyi 0 0.22142857142857145 0.18645833333333334 0.0265625 0.041666666666666664
ckz6ruchb000f386lxxpeu5na 0 0.26337890625 0.126953125 0.0265625 0.0375
ckz6rudsb000h386lkwwvc8dz 0 0.28276753597122306 0.21985161870503597 0.0265625 0.0375
ckz6ruf3e000j386lbyqpxw51 0 0.2925578934262948 0.3276311420982736 0.0265625 0.0375
ckz6rugcj000l386lzjazem8c 0 0.2044921875 0.5296875 0.028125 0.04583333333333333
ckz6rui7o000n386lh32dwmkr 0 0.5505432533112582 0.9394177704194261 0.0265625 0.0375
ckz6ruj49000p386lndk3j9jv 0 0.63828125 0.577405303030303 0.0265625 0.0375
ckz6rup8s000r386lkjotnoh0 0 0.48828125 0.86875 0.0265625 0.0375
ckz6rut1n000v386l8rfix41j 0 0.8454932941795231 0.8486763674614306 0.0265625 0.0375
ckz6ruunj000x386l4qiqzsvd 0 0.8361182941795231 0.9736763674614306 0.0265625 0.0375
ckz6ruw8w000z386lc52x10qx 0 0.8526746581346423 0.7516421224871436 0.0265625 0.0375
ckz6ruzco0013386lo3nqjmle 0 0.828125 0.43645833333333334 0.025 0.03958333333333333
ckz6rv4et0015386le3rdpw93 0 0.8670758928571429 0.409375 0.025 0.03958333333333333
ckz6rva9o0019386ll7e0plel 0 0.6642680921052632 0.1707236842105263 0.0265625 0.03333333333333333
ckz6rvlfq001d386lt59x4kz2 0 0.7733151355421687 0.07680722891566265 0.0265625 0.033333333333333326
ckz6rvnb8001f386l63s6p1ys 0 0.71015625 0.6354166666666666 0.0265625 0.03333333333333333
ckz6rvpuj001h386lhrb15el1 0 0.5806676136363637 0.5146401515151515 0.0265625 0.03333333333333333
ckz6rvrjs001j386lscfviwaz 0 0.49285323443579765 0.40480706874189365 0.0265625 0.03333333333333333
ckz6rvvx4001n386lwp0hh90g 0 0.0078125 0.2875 0.015625 0.03333333333333333
ckz6rvxvs001p386l9u5f2w3s 0 0.4088541666666667 0.4513888888888889 0.028125000000000046 0.0375
ckz6rw3in001v386l6bltg9jj 0 0.7671875 0.2875 0.0265625 0.03333333333333333
ckz6rw56s001x386l432ih3l6 0 0.9825165719696969 0.8281881313131313 0.01962594696969706 0.035416666666666666
cl4sse7t80004356hlgz3o2fx 0 0.81328125 0.9368055555555556 0.0328125 0.041666666666666664
cl4ssee0s0008356hd15z4qn8 0 0.58828125 0.11875 0.0296875 0.05
cl4ssegqi000c356hwxoota92 0 0.6015625 0.20625 0.025 0.04583333333333333
cl4sseopo000g356h6ldd8ms6 0 0.08984375 0.23125 0.0359375 0.04583333333333333
cl4uq6b5l0003356p4ou3mrfw 0 0.85625 0.22395833333333334 0.0375 0.04375
cl4uqbjp9000b356p2175vvqw 0 0.5017372532894737 0.7360128837719297 0.0421875 0.04375
cl4ur3tl4000r356p5yynq6lr 0 0.4434895833333333 0.03333333333333333 0.0234375 0.029166666666666667
cl4ur3vs8000v356pe031p1yo 0 0.4990476190476191 0.019639550264550266 0.025 0.027083333333333334
cl4urtjol000z356puo72ztp3 0 0.35052083333333334 0.09930555555555555 0.028125 0.0375
cl4uru0kq0013356pt4h9yjm1 0 0.5227509469696969 0.01038510101010101 0.0296875 0.01875
cl4urwkrx0017356pikpviaa9 0 0.3666294642857143 0.010416666666666666 0.0234375 0.020833333333333332
cl53eq6de000f356i3cjd5jif 1 0.57109375 0.13333333333333333 0.0890625 0.1125
cl53eqa7m000l356ivf26125u 1 0.3203125 0.21041666666666667 0.103125 0.09583333333333334
