ckz3v9nzv00033867jsekqdcl 0 0.27441233407079646 0.4173672566371681 0.0265625 0.0375
ckz6ru2eb0001386lefk6js4m 0 0.23828125 0.5804284037558686 0.0265625 0.0375
ckz6ru3um0003386l39xwv0yk 0 0.2446412852112676 0.8517899061032864 0.0265625 0.0375
ckz6ru5610005386l8uoys4lc 0 0.19453125 0.8458333333333333 0.0265625 0.0375
ckz6ru6of0007386lhf2t4dtw 0 0.08359375 0.80625 0.0265625 0.0375
ckz6ru83f0009386lx7517dwf 0 0.02829005281690141 0.7290199530516432 0.0265625 0.0375
ckz6ru99l000b386l18xh2byu 0 0.13515625 0.18958333333333333 0.0265625 0.0375
ckz6rub67000d386ld3mx1dyi 0 0.20338541666666665 0.14097222222222222 0.02656249999999998 0.03750000000000001
ckz6ruchb000f386lxxpeu5na 0 0.303203125 0.10111111111111111 0.0265625 0.0375
ckz6rudsb000h386lkwwvc8dz 0 0.2845998201438849 0.21740857314148682 0.0265625 0.0375
ckz6ruf3e000j386lbyqpxw51 0 0.3133912852112676 0.30707159624413144 0.0265625 0.0375
ckz6rugcj000l386lzjazem8c 0 0.3768229166666667 0.2125 0.0265625 0.041666666666666664
ckz6rui7o000n386lh32dwmkr 0 0.579456426056338 0.8816314553990611 0.0265625 0.0375
ckz6ruj49000p386lndk3j9jv 0 0.6449738078034681 0.5654804913294798 0.0265625 0.0375
ckz6rup8s000r386lkjotnoh0 0 0.48828125 0.86875 0.0265625 0.0375
ckz6rurv1000t386llsdca8lh 0 0.61796875 0.8104166666666667 0.0234375 0.0375
ckz6rut1n000v386l8rfix41j 0 0.848350937938289 0.8401034361851333 0.0265625 0.0375
ckz6ruunj000x386l4qiqzsvd 0 0.838975937938289 0.9651034361851333 0.0265625 0.0375
ckz6ruw8w000z386lc52x10qx 0 0.8548178909537167 0.7487844787283778 0.0265625 0.0375
ckz6ruxwl0011386lwhdpziws 0 0.9315104166666666 0.7774305555555556 0.0265625 0.04375
ckz6ruzco0013386lo3nqjmle 0 0.828125 0.43645833333333334 0.025 0.03958333333333333
ckz6rv4et0015386le3rdpw93 0 0.868360031512605 0.409375 0.025 0.03958333333333333
ckz6rv5s20017386lyas5kerj 0 0.6604687499999999 0.14229166666666665 0.0234375 0.035416666666666666
ckz6rva9o0019386ll7e0plel 0 0.6720802131336405 0.13772081413210444 0.0265625 0.03333333333333333
ckz6rvlfq001d386lt59x4kz2 0 0.7707242127249357 0.06568123393316196 0.0265625 0.033333333333333326
ckz6rvnb8001f386l63s6p1ys 0 0.7118287852112676 0.6376467136150235 0.0265625 0.03333333333333333
ckz6rvpuj001h386lhrb15el1 0 0.5897337147887324 0.4859448356807512 0.0265625 0.03333333333333333
ckz6rvrjs001j386lscfviwaz 0 0.4993287852112676 0.38623826291079816 0.0265625 0.03333333333333333
ckz6rvtvy001l386li54we947 0 0.05078125 0.47708333333333336 0.0296875 0.0375
ckz6rvvx4001n386lwp0hh90g 0 0.01663411458333333 0.2267578125 0.0265625 0.03333333333333333
ckz6rvxvs001p386l9u5f2w3s 0 0.13038194444444445 0.2793981481481482 0.028125 0.0375
ckz6rw3in001v386l6bltg9jj 0 0.77421875 0.75 0.0265625 0.03333333333333333
ckz6rw56s001x386l432ih3l6 0 0.9898263113839285 0.7728934151785716 0.02034737723214288 0.03425409226190475
cl4sse7t80004356hlgz3o2fx 0 0.6171875 0.37604166666666666 0.025 0.035416666666666666
cl4ssee0s0008356hd15z4qn8 0 0.58828125 0.11875 0.0296875 0.05
cl4ssegqi000c356hwxoota92 0 0.6015625 0.20625 0.025 0.04583333333333333
cl4sseopo000g356h6ldd8ms6 0 0.29557291666666663 0.675 0.0390625 0.041666666666666664
cl4swkq5u0003356p8vuhc7nn 0 0.576171875 0.5885416666666666 0.028125 0.035416666666666666
cl4uq6b5l0003356p4ou3mrfw 0 0.85625 0.22395833333333334 0.0375 0.04375
cl4uqbjp9000b356p2175vvqw 0 0.5117907072368422 0.720374177631579 0.0421875 0.04375
