ckz3v9nzv00033867jsekqdcl 0 0.26484375 0.4354166666666667 0.0265625 0.0375
ckz6ru2eb0001386lefk6js4m 0 0.23828125 0.5770833333333333 0.0265625 0.0375
ckz6ru3um0003386l39xwv0yk 0 0.24102900896414342 0.85625 0.0265625 0.0375
ckz6ru5610005386l8uoys4lc 0 0.19453125 0.8458333333333333 0.0265625 0.0375
ckz6ru6of0007386lhf2t4dtw 0 0.08359375 0.80625 0.0265625 0.0375
ckz6ru83f0009386lx7517dwf 0 0.005653409090909091 0.8047537878787878 0.011306818181818182 0.032840909090909184
ckz6ru99l000b386l18xh2byu 0 0.13515625 0.18958333333333333 0.0265625 0.0375
ckz6rub67000d386ld3mx1dyi 0 0.31160910087719296 0.2209795321637427 0.0265625 0.041666666666666664
ckz6ruchb000f386lxxpeu5na 0 0.23919791666666668 0.17206666666666667 0.0265625 0.0375
ckz6rudsb000h386lkwwvc8dz 0 0.2748027663934426 0.23478825136612022 0.0265625 0.0375
ckz6ruf3e000j386lbyqpxw51 0 0.24295567468619245 0.37425034867503487 0.0265625 0.0375
ckz6rui7o000n386lh32dwmkr 0 0.5371808656661786 0.9776994875549048 0.0265625 0.0375
ckz6ruj49000p386lndk3j9jv 0 0.6299575975836431 0.6088135068153656 0.0265625 0.0375
ckz6rup8s000r386lkjotnoh0 0 0.48828125 0.86875 0.0265625 0.0375
ckz6rut1n000v386l8rfix41j 0 0.84296875 0.85625 0.0265625 0.0375
ckz6ruunj000x386l4qiqzsvd 0 0.83359375 0.98125 0.0265625 0.0375
ckz6ruw8w000z386lc52x10qx 0 0.8435690487132353 0.7541666666666667 0.0265625 0.0375
ckz6ruzco0013386lo3nqjmle 0 0.828125 0.43645833333333334 0.025 0.03958333333333333
ckz6rv4et0015386le3rdpw93 0 0.8648424369747898 0.409375 0.025 0.03958333333333333
ckz6rva9o0019386ll7e0plel 0 0.6368437499999999 0.23358333333333334 0.0265625 0.03333333333333333
ckz6rvlfq001d386lt59x4kz2 0 0.7583875317258884 0.10444162436548224 0.0265625 0.03333333333333333
ckz6rvnb8001f386l63s6p1ys 0 0.71015625 0.6354166666666666 0.0265625 0.03333333333333333
ckz6rvpuj001h386lhrb15el1 0 0.5286951013513513 0.5912725225225226 0.0296875 0.03333333333333333
ckz6rvrjs001j386lscfviwaz 0 0.4650985054347826 0.43299365942028983 0.0265625 0.03333333333333333
ckz6rvxvs001p386l9u5f2w3s 0 0.8708333333333333 0.3902777777777778 0.028125 0.0375
ckz6rw56s001x386l432ih3l6 0 0.9410650143678161 0.9523227969348659 0.0234375 0.035416666666666666
cl4ssee0s0008356hd15z4qn8 0 0.58828125 0.11875 0.0296875 0.05
cl4ssegqi000c356hwxoota92 0 0.6015625 0.20625 0.025 0.04583333333333333
cl4uq6b5l0003356p4ou3mrfw 0 0.85625 0.22395833333333334 0.0375 0.04375
cl4uqbjp9000b356p2175vvqw 0 0.4909966626213592 0.7515877831715211 0.0421875 0.04375
cl4uqf5bj000f356p05tutl57 0 0.9255859375 0.5268229166666667 0.0296875 0.03958333333333333
cl4uqu10i000j356pw85hd2yi 0 0.14545454545454545 0.9732954545454545 0.0203125 0.03125
cl4ur3vs8000v356pe031p1yo 0 0.48562561154598827 0.04520751793868232 0.025 0.027083333333333338
cl4uru0kq0013356pt4h9yjm1 0 0.5072219488188976 0.022383530183727036 0.0296875 0.03125000000000001
cl4urwkrx0017356pikpviaa9 0 0.35827788978494624 0.058792562724014334 0.0234375 0.027083333333333334
cl53eq6de000f356i3cjd5jif 1 0.57109375 0.13333333333333333 0.0890625 0.1125
cl53eqa7m000l356ivf26125u 1 0.3203125 0.21041666666666667 0.103125 0.09583333333333334
