ckz3v9nzv00033867jsekqdcl 0 0.26484375 0.4354166666666667 0.0265625 0.0375
ckz6ru2eb0001386lefk6js4m 0 0.23828125 0.5770833333333333 0.0265625 0.0375
ckz6ru3um0003386l39xwv0yk 0 0.24203249501992033 0.85625 0.0265625 0.0375
ckz6ru5610005386l8uoys4lc 0 0.19453125 0.8458333333333333 0.0265625 0.0375
ckz6ru6of0007386lhf2t4dtw 0 0.08359375 0.80625 0.0265625 0.0375
ckz6ru83f0009386lx7517dwf 0 0.01663728112840467 0.7602059014267186 0.0265625 0.0375
ckz6ru99l000b386l18xh2byu 0 0.13515625 0.18958333333333333 0.0265625 0.0375
ckz6rub67000d386ld3mx1dyi 0 0.25546875 0.20810185185185184 0.0265625 0.041666666666666664
ckz6ruchb000f386lxxpeu5na 0 0.2513671875 0.14296875 0.0265625 0.0375
ckz6rudsb000h386lkwwvc8dz 0 0.28184577338129496 0.2210806354916067 0.0265625 0.0375
ckz6ruf3e000j386lbyqpxw51 0 0.27928598107569724 0.3453270252324037 0.0265625 0.0375
ckz6rugcj000l386lzjazem8c 0 0.11927083333333333 0.523263888888889 0.028125 0.05000000000000006
ckz6rui7o000n386lh32dwmkr 0 0.53466796875 0.9708478009259259 0.0265625 0.0375
ckz6ruj49000p386lndk3j9jv 0 0.6321173199152542 0.5932556497175141 0.0265625 0.0375
ckz6rup8s000r386lkjotnoh0 0 0.48828125 0.86875 0.0265625 0.0375
ckz6rut1n000v386l8rfix41j 0 0.8440557065217391 0.8529891304347825 0.0265625 0.0375
ckz6ruunj000x386l4qiqzsvd 0 0.8346807065217391 0.9779891304347825 0.0265625 0.0375
ckz6ruw8w000z386lc52x10qx 0 0.8515964673913043 0.7530797101449275 0.0265625 0.0375
ckz6ruzco0013386lo3nqjmle 0 0.828125 0.43645833333333334 0.025 0.03958333333333333
ckz6rv4et0015386le3rdpw93 0 0.8664298844537814 0.409375 0.025 0.03958333333333333
ckz6rva9o0019386ll7e0plel 0 0.6615902326839826 0.18289141414141413 0.0265625 0.03333333333333333
ckz6rvlfq001d386lt59x4kz2 0 0.7691986696787149 0.08504016064257029 0.0265625 0.03333333333333333
ckz6rvnb8001f386l63s6p1ys 0 0.71015625 0.6354166666666666 0.0265625 0.03333333333333333
ckz6rvpuj001h386lhrb15el1 0 0.5678017652671755 0.5346135496183206 0.028148854961832104 0.03333333333333333
ckz6rvrjs001j386lscfviwaz 0 0.48288241731517506 0.4061365110246433 0.0265625 0.03333333333333333
ckz6rvxvs001p386l9u5f2w3s 0 0.5640625 0.5333333333333333 0.028125 0.0375
ckz6rw3in001v386l6bltg9jj 0 0.6902901785714286 0.10029761904761904 0.0265625 0.03333333333333333
ckz6rw56s001x386l432ih3l6 0 0.9755408653846154 0.8588942307692308 0.0234375 0.035416666666666666
cl4ssee0s0008356hd15z4qn8 0 0.58828125 0.11875 0.0296875 0.05
cl4ssegqi000c356hwxoota92 0 0.6015625 0.20625 0.025 0.04583333333333333
cl4uq6b5l0003356p4ou3mrfw 0 0.85625 0.22395833333333334 0.0375 0.04375
cl4uq7un10007356p14ye3ifb 0 0.94140625 0.27291666666666664 0.0328125 0.041666666666666664
cl4uqbjp9000b356p2175vvqw 0 0.4966796875 0.7438802083333333 0.0421875 0.04375
cl4ur3vs8000v356pe031p1yo 0 0.5039285714285715 0.023978174603174602 0.025 0.027083333333333334
cl4urtjol000z356puo72ztp3 0 0.14375 0.284375 0.028125 0.0375
cl4uru0kq0013356pt4h9yjm1 0 0.5149857954545454 0.012973484848484847 0.0296875 0.01875
cl4urwkrx0017356pikpviaa9 0 0.36775705645161294 0.022681451612903226 0.0234375 0.027083333333333334
cl53eq6de000f356i3cjd5jif 1 0.57109375 0.13333333333333333 0.0890625 0.1125
cl53eqa7m000l356ivf26125u 1 0.3203125 0.21041666666666667 0.103125 0.09583333333333334
