ckz3v9nzv00033867jsekqdcl 0 0.26484375 0.4354166666666667 0.0265625 0.0375
ckz6ru2eb0001386lefk6js4m 0 0.23828125 0.5770833333333333 0.0265625 0.0375
ckz6ru3um0003386l39xwv0yk 0 0.24207980577689242 0.85625 0.0265625 0.0375
ckz6ru5610005386l8uoys4lc 0 0.19453125 0.8458333333333333 0.0265625 0.0375
ckz6ru6of0007386lhf2t4dtw 0 0.08359375 0.80625 0.0265625 0.0375
ckz6ru83f0009386lx7517dwf 0 0.017099343385214006 0.7587427042801557 0.0265625 0.0375
ckz6ru99l000b386l18xh2byu 0 0.13515625 0.18958333333333333 0.0265625 0.0375
ckz6rub67000d386ld3mx1dyi 0 0.2506392045454545 0.20662878787878788 0.0265625 0.041666666666666664
ckz6ruchb000f386lxxpeu5na 0 0.2527587890625 0.14111328125 0.0265625 0.0375
ckz6rudsb000h386lkwwvc8dz 0 0.28195256294964033 0.22093824940047962 0.0265625 0.0375
ckz6ruf3e000j386lbyqpxw51 0 0.28082358067729085 0.34327689243027887 0.0265625 0.0375
ckz6rugcj000l386lzjazem8c 0 0.1125 0.5291666666666667 0.028125 0.05
ckz6rui7o000n386lh32dwmkr 0 0.5365234375 0.9672743055555556 0.0265625 0.0375
ckz6ruj49000p386lndk3j9jv 0 0.6329978813559322 0.5912429378531073 0.0265625 0.0375
ckz6rup8s000r386lkjotnoh0 0 0.48828125 0.86875 0.0265625 0.0375
ckz6rut1n000v386l8rfix41j 0 0.8442222563113605 0.8524894810659186 0.0265625 0.0375
ckz6ruunj000x386l4qiqzsvd 0 0.8348472563113605 0.9774894810659186 0.0265625 0.0375
ckz6ruw8w000z386lc52x10qx 0 0.8517213797335204 0.7529131603553062 0.0265625 0.0375
ckz6ruzco0013386lo3nqjmle 0 0.828125 0.43645833333333334 0.025 0.03958333333333333
ckz6rv4et0015386le3rdpw93 0 0.8665047268907562 0.409375 0.025 0.03958333333333333
ckz6rva9o0019386ll7e0plel 0 0.6618472673160174 0.1816919191919192 0.0265625 0.03333333333333333
ckz6rvlfq001d386lt59x4kz2 0 0.769675577309237 0.08408634538152611 0.0265625 0.03333333333333333
ckz6rvnb8001f386l63s6p1ys 0 0.71015625 0.6354166666666666 0.0265625 0.03333333333333333
ckz6rvpuj001h386lhrb15el1 0 0.5693881202290076 0.5323473282442748 0.027922232824427518 0.03333333333333333
ckz6rvrjs001j386lscfviwaz 0 0.4840375729571984 0.40598249027237354 0.0265625 0.03333333333333333
ckz6rvxvs001p386l9u5f2w3s 0 0.540625 0.496875 0.028125 0.0375
ckz6rw3in001v386l6bltg9jj 0 0.71015625 0.10416666666666667 0.0265625 0.03333333333333333
ckz6rw56s001x386l432ih3l6 0 0.9759130271084338 0.8560617469879518 0.0234375 0.035416666666666666
cl4ssee0s0008356hd15z4qn8 0 0.58828125 0.11875 0.0296875 0.05
cl4ssegqi000c356hwxoota92 0 0.6015625 0.20625 0.025 0.04583333333333333
cl4uq6b5l0003356p4ou3mrfw 0 0.85625 0.22395833333333334 0.0375 0.04375
cl4uq7un10007356p14ye3ifb 0 0.96875 0.2760416666666667 0.0390625 0.041666666666666664
cl4uqbjp9000b356p2175vvqw 0 0.497265625 0.74296875 0.0421875 0.04375
cl4ur3vs8000v356pe031p1yo 0 0.5033630952380952 0.0234755291005291 0.025 0.027083333333333334
cl4urtjol000z356puo72ztp3 0 0.1703125 0.26375 0.028125 0.0375
cl4uru0kq0013356pt4h9yjm1 0 0.5158854166666667 0.012673611111111113 0.0296875 0.01875
cl4urwkrx0017356pikpviaa9 0 0.3684151785714286 0.02105654761904762 0.0234375 0.02663690476190476
cl53eq6de000f356i3cjd5jif 1 0.57109375 0.13333333333333333 0.0890625 0.1125
cl53eqa7m000l356ivf26125u 1 0.3203125 0.21041666666666667 0.103125 0.09583333333333334
