ckz3v9nzv00033867jsekqdcl 0 0.2670463931718062 0.4332140234948605 0.0265625 0.0375
ckz6ru2eb0001386lefk6js4m 0 0.23828125 0.5770833333333333 0.0265625 0.0375
ckz6ru3um0003386l39xwv0yk 0 0.242288969123506 0.85625 0.0265625 0.0375
ckz6ru5610005386l8uoys4lc 0 0.19453125 0.8458333333333333 0.0265625 0.0375
ckz6ru6of0007386lhf2t4dtw 0 0.08359375 0.80625 0.0265625 0.0375
ckz6ru83f0009386lx7517dwf 0 0.019142144941634243 0.752273832684825 0.0265625 0.0375
ckz6ru99l000b386l18xh2byu 0 0.13515625 0.18958333333333333 0.0265625 0.0375
ckz6rub67000d386ld3mx1dyi 0 0.2310202205882353 0.1860906862745098 0.0265625 0.041666666666666664
ckz6ruchb000f386lxxpeu5na 0 0.2589111328125 0.13291015625 0.0265625 0.0375
ckz6rudsb000h386lkwwvc8dz 0 0.28242468525179854 0.22030875299760191 0.0265625 0.0375
ckz6ruf3e000j386lbyqpxw51 0 0.2876213894422311 0.33421314741035857 0.0265625 0.0375
ckz6rugcj000l386lzjazem8c 0 0.1625 0.5322916666666667 0.028125 0.05
ckz6rui7o000n386lh32dwmkr 0 0.5447265625 0.9514756944444444 0.0265625 0.0375
ckz6ruj49000p386lndk3j9jv 0 0.6368908898305085 0.5823446327683616 0.0265625 0.0375
ckz6rup8s000r386lkjotnoh0 0 0.48828125 0.86875 0.0265625 0.0375
ckz6rut1n000v386l8rfix41j 0 0.8449585816970547 0.8502805049088359 0.0265625 0.0375
ckz6ruunj000x386l4qiqzsvd 0 0.8355835816970547 0.9752805049088359 0.0265625 0.0375
ckz6ruw8w000z386lc52x10qx 0 0.852273623772791 0.752176834969612 0.0265625 0.0375
ckz6ruzco0013386lo3nqjmle 0 0.828125 0.43645833333333334 0.025 0.03958333333333333
ckz6rv4et0015386le3rdpw93 0 0.8668356092436975 0.409375 0.025 0.03958333333333333
ckz6rva9o0019386ll7e0plel 0 0.6629836309523809 0.1763888888888889 0.0265625 0.03333333333333333
ckz6rvlfq001d386lt59x4kz2 0 0.7717840110441767 0.07986947791164659 0.0265625 0.033333333333333326
ckz6rvnb8001f386l63s6p1ys 0 0.71015625 0.6354166666666666 0.0265625 0.03333333333333333
ckz6rvpuj001h386lhrb15el1 0 0.5764014790076336 0.5223282442748091 0.026920324427480845 0.03333333333333328
ckz6rvrjs001j386lscfviwaz 0 0.489144576848249 0.40530155642023347 0.0265625 0.03333333333333333
ckz6rvvx4001n386lwp0hh90g 0 0.00659375 0.29670833333333335 0.0131875 0.034416666666666686
ckz6rvxvs001p386l9u5f2w3s 0 0.45625 0.4479166666666667 0.028125 0.0375
ckz6rw3in001v386l6bltg9jj 0 0.76640625 0.20208333333333334 0.0265625 0.03333333333333333
ckz6rw56s001x386l432ih3l6 0 0.9779434974747474 0.8410248316498316 0.022995580808080795 0.035416666666666666
cl4ssee0s0008356hd15z4qn8 0 0.58828125 0.11875 0.0296875 0.05
cl4ssegqi000c356hwxoota92 0 0.6015625 0.20625 0.025 0.04583333333333333
cl4sseopo000g356h6ldd8ms6 0 0.06015625 0.134375 0.0296875 0.03958333333333333
cl4uq6b5l0003356p4ou3mrfw 0 0.85625 0.22395833333333334 0.0375 0.04375
cl4uqbjp9000b356p2175vvqw 0 0.4998560855263158 0.7389391447368421 0.0421875 0.04375
cl4ur3vs8000v356pe031p1yo 0 0.5008630952380952 0.02125330687830688 0.025 0.027083333333333334
cl4urtjol000z356puo72ztp3 0 0.2890625 0.2 0.028125 0.0375
cl4uru0kq0013356pt4h9yjm1 0 0.5198626893939393 0.011347853535353536 0.0296875 0.01875
cl4urwkrx0017356pikpviaa9 0 0.37216517857142856 0.01418154761904762 0.0234375 0.02288690476190476
cl53eq6de000f356i3cjd5jif 1 0.57109375 0.13333333333333333 0.0890625 0.1125
cl53eqa7m000l356ivf26125u 1 0.3203125 0.21041666666666667 0.103125 0.09583333333333334
