ckz3v9nzv00033867jsekqdcl 0 0.26484375 0.4354166666666667 0.0265625 0.0375
ckz6ru2eb0001386lefk6js4m 0 0.23828125 0.5770833333333333 0.0265625 0.0375
ckz6ru3um0003386l39xwv0yk 0 0.2420847858565737 0.85625 0.0265625 0.0375
ckz6ru5610005386l8uoys4lc 0 0.19453125 0.8458333333333333 0.0265625 0.0375
ckz6ru6of0007386lhf2t4dtw 0 0.08359375 0.80625 0.0265625 0.0375
ckz6ru83f0009386lx7517dwf 0 0.017147981517509726 0.7585886835278859 0.0265625 0.0375
ckz6ru99l000b386l18xh2byu 0 0.13515625 0.18958333333333333 0.0265625 0.0375
ckz6rub67000d386ld3mx1dyi 0 0.24978693181818185 0.20473484848484846 0.0265625 0.041666666666666664
ckz6ruchb000f386lxxpeu5na 0 0.2529052734375 0.14091796875 0.0265625 0.0375
ckz6rudsb000h386lkwwvc8dz 0 0.2819638039568345 0.22092326139088728 0.0265625 0.0375
ckz6ruf3e000j386lbyqpxw51 0 0.28098543326693226 0.3430610889774236 0.0265625 0.0375
ckz6rugcj000l386lzjazem8c 0 0.11640625 0.5322916666666667 0.028125 0.05
ckz6rui7o000n386lh32dwmkr 0 0.53671875 0.9668981481481481 0.0265625 0.0375
ckz6ruj49000p386lndk3j9jv 0 0.6330905720338983 0.5910310734463277 0.0265625 0.0375
ckz6rup8s000r386lkjotnoh0 0 0.48828125 0.86875 0.0265625 0.0375
ckz6rut1n000v386l8rfix41j 0 0.8442397878681627 0.852436886395512 0.0265625 0.0375
ckz6ruunj000x386l4qiqzsvd 0 0.8348647878681626 0.977436886395512 0.0265625 0.0375
ckz6ruw8w000z386lc52x10qx 0 0.8517345284011221 0.7528956287985039 0.0265625 0.0375
ckz6ruzco0013386lo3nqjmle 0 0.828125 0.43645833333333334 0.025 0.03958333333333333
ckz6rv4et0015386le3rdpw93 0 0.8665126050420169 0.409375 0.025 0.03958333333333333
ckz6rva9o0019386ll7e0plel 0 0.6618743235930735 0.18156565656565657 0.0265625 0.03333333333333333
ckz6rvlfq001d386lt59x4kz2 0 0.7697257781124498 0.08398594377510041 0.0265625 0.03333333333333333
ckz6rvnb8001f386l63s6p1ys 0 0.71015625 0.6354166666666666 0.0265625 0.03333333333333333
ckz6rvpuj001h386lhrb15el1 0 0.569555104961832 0.5321087786259542 0.027898377862595414 0.03333333333333333
ckz6rvrjs001j386lscfviwaz 0 0.4841591682879377 0.4059662775616083 0.0265625 0.03333333333333333
ckz6rvxvs001p386l9u5f2w3s 0 0.54453125 0.48541666666666666 0.028125 0.0375
ckz6rw3in001v386l6bltg9jj 0 0.71875 0.096875 0.0265625 0.03333333333333333
ckz6rw56s001x386l432ih3l6 0 0.9759506777108434 0.8557103413654619 0.0234375 0.035416666666666666
cl4ssee0s0008356hd15z4qn8 0 0.58828125 0.11875 0.0296875 0.05
cl4ssegqi000c356hwxoota92 0 0.6015625 0.20625 0.025 0.04583333333333333
cl4sseopo000g356h6ldd8ms6 0 0.0125 0.013541666666666667 0.0125 0.027083333333333334
cl4uq6b5l0003356p4ou3mrfw 0 0.85625 0.22395833333333334 0.0375 0.04375
cl4uq7un10007356p14ye3ifb 0 0.975 0.271875 0.025 0.027083333333333334
cl4uqbjp9000b356p2175vvqw 0 0.4973273026315789 0.7428728070175439 0.0421875 0.04375
cl4ur3vs8000v356pe031p1yo 0 0.5033035714285714 0.02342261904761905 0.025 0.027083333333333334
cl4urtjol000z356puo72ztp3 0 0.1765625 0.26458333333333334 0.028125 0.0375
cl4uru0kq0013356pt4h9yjm1 0 0.5159801136363636 0.012642045454545454 0.0296875 0.01875
cl4urwkrx0017356pikpviaa9 0 0.3685044642857143 0.020892857142857144 0.0234375 0.026547619047619046
cl53eq6de000f356i3cjd5jif 1 0.57109375 0.13333333333333333 0.0890625 0.1125
cl53eqa7m000l356ivf26125u 1 0.3203125 0.21041666666666667 0.103125 0.09583333333333334
