ckz3v9nzv00033867jsekqdcl 0 0.26484375 0.4354166666666667 0.0265625 0.0375
ckz6ru2eb0001386lefk6js4m 0 0.23828125 0.5770833333333333 0.0265625 0.0375
ckz6ru3um0003386l39xwv0yk 0 0.24120331175298806 0.85625 0.0265625 0.0375
ckz6ru5610005386l8uoys4lc 0 0.19453125 0.8458333333333333 0.0265625 0.0375
ckz6ru6of0007386lhf2t4dtw 0 0.08359375 0.80625 0.0265625 0.0375
ckz6ru83f0009386lx7517dwf 0 0.005901988636363637 0.7971306818181818 0.011803977272727273 0.03217803030303041
ckz6ru99l000b386l18xh2byu 0 0.13515625 0.18958333333333333 0.0265625 0.0375
ckz6rub67000d386ld3mx1dyi 0 0.31439732142857146 0.22589285714285715 0.0265625 0.041666666666666664
ckz6ruchb000f386lxxpeu5na 0 0.24065625000000002 0.16740000000000002 0.0265625 0.0375
ckz6rudsb000h386lkwwvc8dz 0 0.277313012295082 0.22952868852459016 0.0265625 0.0375
ckz6ruf3e000j386lbyqpxw51 0 0.24798967050209203 0.3711994421199442 0.0265625 0.0375
ckz6rui7o000n386lh32dwmkr 0 0.5365403092972182 0.9768454123962909 0.0265625 0.0375
ckz6ruj49000p386lndk3j9jv 0 0.6293476998141264 0.6077292441140025 0.0265625 0.0375
ckz6rup8s000r386lkjotnoh0 0 0.48828125 0.86875 0.0265625 0.0375
ckz6rut1n000v386l8rfix41j 0 0.84296875 0.85625 0.0265625 0.0375
ckz6ruunj000x386l4qiqzsvd 0 0.83359375 0.98125 0.0265625 0.0375
ckz6ruw8w000z386lc52x10qx 0 0.8453785615808824 0.7541666666666667 0.0265625 0.0375
ckz6ruzco0013386lo3nqjmle 0 0.828125 0.43645833333333334 0.025 0.03958333333333333
ckz6rv4et0015386le3rdpw93 0 0.8651181722689076 0.409375 0.025 0.03958333333333333
ckz6rva9o0019386ll7e0plel 0 0.6438579776422764 0.22959010840108401 0.0265625 0.03333333333333333
ckz6rvlfq001d386lt59x4kz2 0 0.7606083439086294 0.10148054145516075 0.0265625 0.03333333333333333
ckz6rvnb8001f386l63s6p1ys 0 0.71015625 0.6354166666666666 0.0265625 0.03333333333333333
ckz6rvpuj001h386lhrb15el1 0 0.5363360969387755 0.5843679138321995 0.0296875 0.03333333333333333
ckz6rvrjs001j386lscfviwaz 0 0.46866508152173914 0.4282382246376812 0.0265625 0.03333333333333333
ckz6rvxvs001p386l9u5f2w3s 0 0.803125 0.41875 0.028125 0.0375
ckz6rw56s001x386l432ih3l6 0 0.9473509339080459 0.9363984674329502 0.0234375 0.035416666666666666
cl4ssee0s0008356hd15z4qn8 0 0.58828125 0.11875 0.0296875 0.05
cl4ssegqi000c356hwxoota92 0 0.6015625 0.20625 0.025 0.04583333333333333
cl4uq6b5l0003356p4ou3mrfw 0 0.85625 0.22395833333333334 0.0375 0.04375
cl4uqbjp9000b356p2175vvqw 0 0.49192581917475725 0.7503489077669904 0.0421875 0.04375
cl4uqf5bj000f356p05tutl57 0 0.98125 0.41770833333333335 0.028125 0.04375
cl4ur3vs8000v356pe031p1yo 0 0.4884503865979381 0.04247207903780069 0.025 0.027083333333333334
cl4uru0kq0013356pt4h9yjm1 0 0.50703125 0.02068014705882353 0.0296875 0.028860294117647057
cl4urwkrx0017356pikpviaa9 0 0.3599243951612903 0.05252016129032258 0.0234375 0.027083333333333334
cl53eq6de000f356i3cjd5jif 1 0.57109375 0.13333333333333333 0.0890625 0.1125
cl53eqa7m000l356ivf26125u 1 0.3203125 0.21041666666666667 0.103125 0.09583333333333334
