ckz3v9nzv00033867jsekqdcl 0 0.2663856002202643 0.43387481644640236 0.0265625 0.0375
ckz6ru2eb0001386lefk6js4m 0 0.23828125 0.5770833333333333 0.0265625 0.0375
ckz6ru3um0003386l39xwv0yk 0 0.24222920816733068 0.85625 0.0265625 0.0375
ckz6ru5610005386l8uoys4lc 0 0.19453125 0.8458333333333333 0.0265625 0.0375
ckz6ru6of0007386lhf2t4dtw 0 0.08359375 0.80625 0.0265625 0.0375
ckz6ru83f0009386lx7517dwf 0 0.018558487354085607 0.7541220817120622 0.0265625 0.0375
ckz6ru99l000b386l18xh2byu 0 0.13515625 0.18958333333333333 0.0265625 0.0375
ckz6rub67000d386ld3mx1dyi 0 0.23515625 0.18958333333333333 0.0265625 0.041666666666666664
ckz6ruchb000f386lxxpeu5na 0 0.2571533203125 0.13525390625 0.0265625 0.0375
ckz6rudsb000h386lkwwvc8dz 0 0.28228979316546765 0.22048860911270982 0.0265625 0.0375
ckz6ruf3e000j386lbyqpxw51 0 0.28567915836653385 0.3368027888446215 0.0265625 0.0375
ckz6rugcj000l386lzjazem8c 0 0.15125 0.5341666666666666 0.028125 0.04999999999999994
ckz6rui7o000n386lh32dwmkr 0 0.5423828125 0.9559895833333333 0.0265625 0.0375
ckz6ruj49000p386lndk3j9jv 0 0.6357786016949152 0.5848870056497175 0.0265625 0.0375
ckz6rup8s000r386lkjotnoh0 0 0.48828125 0.86875 0.0265625 0.0375
ckz6rut1n000v386l8rfix41j 0 0.8447482030154279 0.8509116409537167 0.0265625 0.0375
ckz6ruunj000x386l4qiqzsvd 0 0.8353732030154278 0.9759116409537167 0.0265625 0.0375
ckz6ruw8w000z386lc52x10qx 0 0.8521158397615709 0.752387213651239 0.0265625 0.0375
ckz6ruzco0013386lo3nqjmle 0 0.828125 0.43645833333333334 0.025 0.03958333333333333
ckz6rv4et0015386le3rdpw93 0 0.8667410714285714 0.409375 0.025 0.03958333333333333
ckz6rva9o0019386ll7e0plel 0 0.6626589556277056 0.1779040404040404 0.0265625 0.03333333333333333
ckz6rvlfq001d386lt59x4kz2 0 0.7711816014056225 0.08107429718875502 0.0265625 0.033333333333333326
ckz6rvnb8001f386l63s6p1ys 0 0.71015625 0.6354166666666666 0.0265625 0.03333333333333333
ckz6rvpuj001h386lhrb15el1 0 0.5743976622137404 0.5251908396946565 0.027206583969465646 0.03333333333333333
ckz6rvrjs001j386lscfviwaz 0 0.48768543287937743 0.40549610894941635 0.0265625 0.03333333333333333
ckz6rvvx4001n386lwp0hh90g 0 0.00546875 0.30520833333333336 0.0109375 0.035416666666666666
ckz6rvxvs001p386l9u5f2w3s 0 0.4625 0.4847222222222222 0.028125 0.0375
ckz6rw3in001v386l6bltg9jj 0 0.74453125 0.14791666666666667 0.0265625 0.03333333333333333
ckz6rw56s001x386l432ih3l6 0 0.977042545180723 0.845519578313253 0.0234375 0.035416666666666666
cl4ssee0s0008356hd15z4qn8 0 0.58828125 0.11875 0.0296875 0.05
cl4ssegqi000c356hwxoota92 0 0.6015625 0.20625 0.025 0.04583333333333333
cl4sseopo000g356h6ldd8ms6 0 0.04296875 0.08541666666666667 0.0296875 0.03958333333333333
cl4uq6b5l0003356p4ou3mrfw 0 0.85625 0.22395833333333334 0.0375 0.04375
cl4uqbjp9000b356p2175vvqw 0 0.4991159539473684 0.7400904605263158 0.0421875 0.04375
cl4ur3vs8000v356pe031p1yo 0 0.5015773809523809 0.021888227513227512 0.025 0.027083333333333334
cl4urtjol000z356puo72ztp3 0 0.2578125 0.22083333333333333 0.028125 0.0375
cl4uru0kq0013356pt4h9yjm1 0 0.5187263257575758 0.011726641414141415 0.0296875 0.01875
cl4urwkrx0017356pikpviaa9 0 0.37109375 0.016145833333333335 0.0234375 0.023958333333333335
cl53eq6de000f356i3cjd5jif 1 0.57109375 0.13333333333333333 0.0890625 0.1125
cl53eqa7m000l356ivf26125u 1 0.3203125 0.21041666666666667 0.103125 0.09583333333333334
