ckz3v9nzv00033867jsekqdcl 0 0.26484375 0.4354166666666667 0.0265625 0.0375
ckz6ru2eb0001386lefk6js4m 0 0.23828125 0.5770833333333333 0.0265625 0.0375
ckz6ru3um0003386l39xwv0yk 0 0.24200012450199204 0.85625 0.0265625 0.0375
ckz6ru5610005386l8uoys4lc 0 0.19453125 0.8458333333333333 0.0265625 0.0375
ckz6ru6of0007386lhf2t4dtw 0 0.08359375 0.80625 0.0265625 0.0375
ckz6ru83f0009386lx7517dwf 0 0.01632113326848249 0.7612070363164721 0.0265625 0.0375
ckz6ru99l000b386l18xh2byu 0 0.13515625 0.18958333333333333 0.0265625 0.0375
ckz6rub67000d386ld3mx1dyi 0 0.261328125 0.22916666666666666 0.0265625 0.041666666666666664
ckz6ruchb000f386lxxpeu5na 0 0.2504150390625 0.14423828125 0.0265625 0.0375
ckz6rudsb000h386lkwwvc8dz 0 0.28177270683453237 0.22117805755395684 0.0265625 0.0375
ckz6ruf3e000j386lbyqpxw51 0 0.27823393924302786 0.3467297476759628 0.0265625 0.0375
ckz6rugcj000l386lzjazem8c 0 0.10885416666666667 0.5708333333333333 0.02812500000000001 0.05
ckz6rui7o000n386lh32dwmkr 0 0.5336120516105417 0.9729410688140556 0.0265625 0.0375
ckz6ruj49000p386lndk3j9jv 0 0.6315148305084746 0.5946327683615819 0.0265625 0.0375
ckz6rup8s000r386lkjotnoh0 0 0.48828125 0.86875 0.0265625 0.0375
ckz6rut1n000v386l8rfix41j 0 0.8439417514025246 0.8533309957924263 0.0265625 0.0375
ckz6ruunj000x386l4qiqzsvd 0 0.8345667514025246 0.9783309957924263 0.0265625 0.0375
ckz6ruw8w000z386lc52x10qx 0 0.8515110010518934 0.7531936652641421 0.0265625 0.0375
ckz6ruzco0013386lo3nqjmle 0 0.828125 0.43645833333333334 0.025 0.03958333333333333
ckz6rv4et0015386le3rdpw93 0 0.8663786764705883 0.409375 0.025 0.03958333333333333
ckz6rva9o0019386ll7e0plel 0 0.6614143668831168 0.18371212121212122 0.0265625 0.03333333333333333
ckz6rvlfq001d386lt59x4kz2 0 0.7688723644578312 0.08569277108433736 0.0265625 0.03333333333333333
ckz6rvnb8001f386l63s6p1ys 0 0.71015625 0.6354166666666666 0.0265625 0.03333333333333333
ckz6rvpuj001h386lhrb15el1 0 0.5667163645038168 0.5361641221374046 0.028303912213740467 0.03333333333333333
ckz6rvrjs001j386lscfviwaz 0 0.4820920476653696 0.4062418936446174 0.0265625 0.03333333333333333
ckz6rvxvs001p386l9u5f2w3s 0 0.5796875 0.525 0.028125 0.0375
ckz6rw3in001v386l6bltg9jj 0 0.6953125 0.07760416666666667 0.0265625 0.03333333333333333
ckz6rw56s001x386l432ih3l6 0 0.9752804487179487 0.8606303418803418 0.0234375 0.035416666666666666
cl4ssee0s0008356hd15z4qn8 0 0.58828125 0.11875 0.0296875 0.05
cl4ssegqi000c356hwxoota92 0 0.6015625 0.20625 0.025 0.04583333333333333
cl4uq6b5l0003356p4ou3mrfw 0 0.85625 0.22395833333333334 0.0375 0.04375
cl4uq7un10007356p14ye3ifb 0 0.9389062499999999 0.24833333333333332 0.0328125 0.04166666666666664
cl4uqbjp9000b356p2175vvqw 0 0.4962787828947368 0.7445038377192983 0.0421875 0.04375
cl4ur3vs8000v356pe031p1yo 0 0.5043154761904762 0.024322089947089946 0.025 0.027083333333333334
cl4urtjol000z356puo72ztp3 0 0.125 0.3104166666666667 0.028125 0.0375
cl4uru0kq0013356pt4h9yjm1 0 0.5143702651515152 0.013178661616161618 0.0296875 0.01875
cl4urwkrx0017356pikpviaa9 0 0.3674512768817204 0.02384632616487455 0.0234375 0.027083333333333334
cl4urzbou001b356p2c0bz1ci 0 0.09609375 0.013541666666666667 0.0265625 0.027083333333333334
cl53eq6de000f356i3cjd5jif 1 0.57109375 0.13333333333333333 0.0890625 0.1125
cl53eqa7m000l356ivf26125u 1 0.3203125 0.21041666666666667 0.103125 0.09583333333333334
