ckz3v9nzv00033867jsekqdcl 0 0.26985476321585905 0.4304056534508076 0.0265625 0.0375
ckz6ru2eb0001386lefk6js4m 0 0.23828125 0.5770833333333333 0.0265625 0.0375
ckz6ru3um0003386l39xwv0yk 0 0.242542953187251 0.85625 0.0265625 0.0375
ckz6ru5610005386l8uoys4lc 0 0.19453125 0.8458333333333333 0.0265625 0.0375
ckz6ru6of0007386lhf2t4dtw 0 0.08359375 0.80625 0.0265625 0.0375
ckz6ru83f0009386lx7517dwf 0 0.021622689688715956 0.7444187743190661 0.0265625 0.0375
ckz6ru99l000b386l18xh2byu 0 0.13515625 0.18958333333333333 0.0265625 0.0375
ckz6rub67000d386ld3mx1dyi 0 0.22109375 0.1826388888888889 0.0265625 0.041666666666666664
ckz6ruchb000f386lxxpeu5na 0 0.26753098060344827 0.12330280172413793 0.0265625 0.0375
ckz6rudsb000h386lkwwvc8dz 0 0.28299797661870507 0.2195443645083933 0.0265625 0.0375
ckz6ruf3e000j386lbyqpxw51 0 0.29587587151394423 0.323207171314741 0.0265625 0.0375
ckz6rugcj000l386lzjazem8c 0 0.21145833333333336 0.48333333333333334 0.02812500000000002 0.04583333333333333
ckz6rui7o000n386lh32dwmkr 0 0.554361548013245 0.9309326710816777 0.0265625 0.0375
ckz6ruj49000p386lndk3j9jv 0 0.63828125 0.5750757575757576 0.0265625 0.0375
ckz6rup8s000r386lkjotnoh0 0 0.48828125 0.86875 0.0265625 0.0375
ckz6rut1n000v386l8rfix41j 0 0.8458526910939691 0.8475981767180926 0.0265625 0.0375
ckz6ruunj000x386l4qiqzsvd 0 0.8364776910939691 0.9725981767180926 0.0265625 0.0375
ckz6ruw8w000z386lc52x10qx 0 0.8529442058204768 0.7512827255726975 0.0265625 0.0375
ckz6ruzco0013386lo3nqjmle 0 0.828125 0.43645833333333334 0.025 0.03958333333333333
ckz6rv4et0015386le3rdpw93 0 0.8672373949579832 0.409375 0.025 0.03958333333333333
ckz6rva9o0019386ll7e0plel 0 0.6653055414979757 0.16622807017543859 0.0265625 0.03333333333333333
ckz6rvlfq001d386lt59x4kz2 0 0.7741584993573265 0.07483933161953728 0.0265625 0.03333333333333333
ckz6rvnb8001f386l63s6p1ys 0 0.71015625 0.6354166666666666 0.0265625 0.03333333333333333
ckz6rvpuj001h386lhrb15el1 0 0.5829971590909091 0.5092045454545454 0.0265625 0.03333333333333333
ckz6rvrjs001j386lscfviwaz 0 0.49534593871595334 0.40447470817120623 0.0265625 0.03333333333333333
ckz6rvvx4001n386lwp0hh90g 0 0.010115131578947369 0.27960526315789475 0.020230263157894737 0.03333333333333333
ckz6rvxvs001p386l9u5f2w3s 0 0.38671875 0.4479166666666667 0.028125 0.0375
ckz6rw3in001v386l6bltg9jj 0 0.78828125 0.3597222222222222 0.0265625 0.03333333333333333
ckz6rw56s001x386l432ih3l6 0 0.9855902777777779 0.8195601851851853 0.01736111111111125 0.035416666666666666
cl4sse7t80004356hlgz3o2fx 0 0.77578125 0.8625 0.0390625 0.041666666666666664
cl4ssee0s0008356hd15z4qn8 0 0.58828125 0.11875 0.0296875 0.05
cl4ssegqi000c356hwxoota92 0 0.6015625 0.20625 0.025 0.04583333333333333
cl4sseopo000g356h6ldd8ms6 0 0.16171875 0.26666666666666666 0.0359375 0.04583333333333333
cl4uq6b5l0003356p4ou3mrfw 0 0.85625 0.22395833333333334 0.0375 0.04375
cl4uqbjp9000b356p2175vvqw 0 0.5030016447368422 0.734046052631579 0.0421875 0.04375
cl4ur3tl4000r356p5yynq6lr 0 0.36529017857142854 0.08779761904761905 0.0234375 0.029166666666666667
cl4ur3vs8000v356pe031p1yo 0 0.49782738095238094 0.018554894179894182 0.025 0.027083333333333334
cl4urtjol000z356puo72ztp3 0 0.42957589285714287 0.038839285714285715 0.0296875 0.04375
cl4uru0kq0013356pt4h9yjm1 0 0.5246922348484848 0.009738005050505049 0.0296875 0.01875
cl53eq6de000f356i3cjd5jif 1 0.57109375 0.13333333333333333 0.0890625 0.1125
cl53eqa7m000l356ivf26125u 1 0.3203125 0.21041666666666667 0.103125 0.09583333333333334
