ckz3v9nzv00033867jsekqdcl 0 0.2660276707048458 0.4342327459618209 0.0265625 0.0375
ckz6ru2eb0001386lefk6js4m 0 0.23828125 0.5770833333333333 0.0265625 0.0375
ckz6ru3um0003386l39xwv0yk 0 0.24219683764940242 0.85625 0.0265625 0.0375
ckz6ru5610005386l8uoys4lc 0 0.19453125 0.8458333333333333 0.0265625 0.0375
ckz6ru6of0007386lhf2t4dtw 0 0.08359375 0.80625 0.0265625 0.0375
ckz6ru83f0009386lx7517dwf 0 0.018242339494163422 0.7551232166018159 0.0265625 0.0375
ckz6ru99l000b386l18xh2byu 0 0.13515625 0.18958333333333333 0.0265625 0.0375
ckz6rub67000d386ld3mx1dyi 0 0.24078125 0.18916666666666665 0.0265625 0.041666666666666664
ckz6ruchb000f386lxxpeu5na 0 0.256201171875 0.1365234375 0.0265625 0.0375
ckz6rudsb000h386lkwwvc8dz 0 0.28221672661870506 0.22058603117505995 0.0265625 0.0375
ckz6ruf3e000j386lbyqpxw51 0 0.2846271165338645 0.33820551128818066 0.0265625 0.0375
ckz6rugcj000l386lzjazem8c 0 0.13984375 0.5289583333333333 0.028125 0.04999999999999994
ckz6rui7o000n386lh32dwmkr 0 0.54111328125 0.9584346064814814 0.0265625 0.0375
ckz6ruj49000p386lndk3j9jv 0 0.6351761122881355 0.5862641242937854 0.0265625 0.0375
ckz6rup8s000r386lkjotnoh0 0 0.48828125 0.86875 0.0265625 0.0375
ckz6rut1n000v386l8rfix41j 0 0.8446342478962132 0.8512535063113604 0.0265625 0.0375
ckz6ruunj000x386l4qiqzsvd 0 0.8352592478962132 0.9762535063113604 0.0265625 0.0375
ckz6ruw8w000z386lc52x10qx 0 0.8520303734221599 0.7525011687704535 0.0265625 0.0375
ckz6ruzco0013386lo3nqjmle 0 0.828125 0.43645833333333334 0.025 0.03958333333333333
ckz6rv4et0015386le3rdpw93 0 0.8666898634453781 0.409375 0.025 0.03958333333333333
ckz6rva9o0019386ll7e0plel 0 0.6624830898268399 0.17872474747474745 0.0265625 0.03333333333333333
ckz6rvlfq001d386lt59x4kz2 0 0.7708552961847389 0.08172690763052208 0.0265625 0.033333333333333326
ckz6rvnb8001f386l63s6p1ys 0 0.71015625 0.6354166666666666 0.0265625 0.03333333333333333
ckz6rvpuj001h386lhrb15el1 0 0.5733122614503816 0.5267414122137404 0.027361641221374012 0.03333333333333328
ckz6rvrjs001j386lscfviwaz 0 0.486895063229572 0.4056014915693904 0.0265625 0.03333333333333333
ckz6rvvx4001n386lwp0hh90g 0 0.00546875 0.30520833333333336 0.0109375 0.035416666666666666
ckz6rvxvs001p386l9u5f2w3s 0 0.4796875 0.49166666666666664 0.028125 0.0375
ckz6rw3in001v386l6bltg9jj 0 0.7265625 0.14427083333333332 0.0265625 0.03333333333333333
ckz6rw56s001x386l432ih3l6 0 0.9767978162650601 0.8478037148594377 0.0234375 0.035416666666666666
cl4ssee0s0008356hd15z4qn8 0 0.58828125 0.11875 0.0296875 0.05
cl4ssegqi000c356hwxoota92 0 0.6015625 0.20625 0.025 0.04583333333333333
cl4sseopo000g356h6ldd8ms6 0 0.040781250000000005 0.065625 0.0296875 0.03958333333333333
cl4uq6b5l0003356p4ou3mrfw 0 0.85625 0.22395833333333334 0.0375 0.04375
cl4uq7un10007356p14ye3ifb 0 0.9828125 0.33958333333333335 0.025 0.0375
cl4uqbjp9000b356p2175vvqw 0 0.4987150493421052 0.7407140899122807 0.0421875 0.04375
cl4ur3vs8000v356pe031p1yo 0 0.5019642857142858 0.022232142857142857 0.025 0.027083333333333334
cl4urtjol000z356puo72ztp3 0 0.26614583333333336 0.2826388888888889 0.028125 0.03749999999999997
cl4uru0kq0013356pt4h9yjm1 0 0.5181107954545454 0.01193181818181818 0.0296875 0.01875
cl4urwkrx0017356pikpviaa9 0 0.37051339285714285 0.01720982142857143 0.0234375 0.024538690476190474
cl53eq6de000f356i3cjd5jif 1 0.57109375 0.13333333333333333 0.0890625 0.1125
cl53eqa7m000l356ivf26125u 1 0.3203125 0.21041666666666667 0.103125 0.09583333333333334
