ckz3v9nzv00033867jsekqdcl 0 0.269662031938326 0.43059838472834067 0.0265625 0.0375
ckz6ru2eb0001386lefk6js4m 0 0.23828125 0.5770833333333333 0.0265625 0.0375
ckz6ru3um0003386l39xwv0yk 0 0.24252552290836654 0.85625 0.0265625 0.0375
ckz6ru5610005386l8uoys4lc 0 0.19453125 0.8458333333333333 0.0265625 0.0375
ckz6ru6of0007386lhf2t4dtw 0 0.08359375 0.80625 0.0265625 0.0375
ckz6ru83f0009386lx7517dwf 0 0.021452456225680934 0.7449578469520104 0.0265625 0.0375
ckz6ru99l000b386l18xh2byu 0 0.13515625 0.18958333333333333 0.0265625 0.0375
ckz6rub67000d386ld3mx1dyi 0 0.22109375 0.18020833333333333 0.0265625 0.041666666666666664
ckz6ruchb000f386lxxpeu5na 0 0.2666352370689655 0.12386853448275863 0.0265625 0.0375
ckz6rudsb000h386lkwwvc8dz 0 0.28295863309352515 0.2195968225419664 0.0265625 0.0375
ckz6ruf3e000j386lbyqpxw51 0 0.2953093874501992 0.3239624833997344 0.0265625 0.0375
ckz6rugcj000l386lzjazem8c 0 0.203125 0.50625 0.028125 0.04583333333333333
ckz6rui7o000n386lh32dwmkr 0 0.5537096440397351 0.9323813465783665 0.0265625 0.0375
ckz6ruj49000p386lndk3j9jv 0 0.63828125 0.5754734848484849 0.0265625 0.0375
ckz6rup8s000r386lkjotnoh0 0 0.48828125 0.86875 0.0265625 0.0375
ckz6rut1n000v386l8rfix41j 0 0.8457913306451612 0.8477822580645161 0.0265625 0.0375
ckz6ruunj000x386l4qiqzsvd 0 0.8364163306451612 0.9727822580645161 0.0265625 0.0375
ckz6ruw8w000z386lc52x10qx 0 0.852898185483871 0.7513440860215054 0.0265625 0.0375
ckz6ruzco0013386lo3nqjmle 0 0.828125 0.43645833333333334 0.025 0.03958333333333333
ckz6rv4et0015386le3rdpw93 0 0.8672098214285715 0.409375 0.025 0.03958333333333333
ckz6rva9o0019386ll7e0plel 0 0.6651284159919029 0.16699561403508772 0.0265625 0.03333333333333333
ckz6rvlfq001d386lt59x4kz2 0 0.7741685491967871 0.0751004016064257 0.0265625 0.03333333333333333
ckz6rvnb8001f386l63s6p1ys 0 0.71015625 0.6354166666666666 0.0265625 0.03333333333333333
ckz6rvpuj001h386lhrb15el1 0 0.5825994318181819 0.5101325757575758 0.0265625 0.03333333333333333
ckz6rvrjs001j386lscfviwaz 0 0.49492035505836574 0.4045314526588845 0.0265625 0.03333333333333333
ckz6rvvx4001n386lwp0hh90g 0 0.00971217105263158 0.28098684210526315 0.01942434210526316 0.033333333333333305
ckz6rvxvs001p386l9u5f2w3s 0 0.4 0.47291666666666665 0.028125 0.0375
ckz6rw3in001v386l6bltg9jj 0 0.7640625 0.35104166666666664 0.0265625 0.03333333333333333
ckz6rw56s001x386l432ih3l6 0 0.9850654987373737 0.8210332491582492 0.017747790404040488 0.035416666666666666
cl4sse7t80004356hlgz3o2fx 0 0.78359375 0.8791666666666667 0.0390625 0.041666666666666664
cl4ssee0s0008356hd15z4qn8 0 0.58828125 0.11875 0.0296875 0.05
cl4ssegqi000c356hwxoota92 0 0.6015625 0.20625 0.025 0.04583333333333333
cl4sseopo000g356h6ldd8ms6 0 0.12734375 0.2791666666666667 0.0359375 0.04583333333333333
cl4uq6b5l0003356p4ou3mrfw 0 0.85625 0.22395833333333334 0.0375 0.04375
cl4uqbjp9000b356p2175vvqw 0 0.5027857730263158 0.7343818530701754 0.0421875 0.04375
cl4ur3tl4000r356p5yynq6lr 0 0.36875 0.06354166666666666 0.0234375 0.029166666666666667
cl4ur3vs8000v356pe031p1yo 0 0.49803571428571425 0.018740079365079366 0.025 0.027083333333333334
cl4urtjol000z356puo72ztp3 0 0.40421874999999996 0.04145833333333333 0.0296875 0.04375
cl4uru0kq0013356pt4h9yjm1 0 0.5243607954545454 0.009848484848484848 0.0296875 0.01875
cl53eq6de000f356i3cjd5jif 1 0.57109375 0.13333333333333333 0.0890625 0.1125
cl53eqa7m000l356ivf26125u 1 0.3203125 0.21041666666666667 0.103125 0.09583333333333334
