ckz3v9nzv00033867jsekqdcl 0 0.2705981552863436 0.42966226138032304 0.0265625 0.0375
ckz6ru2eb0001386lefk6js4m 0 0.23828125 0.5770833333333333 0.0265625 0.0375
ckz6ru3um0003386l39xwv0yk 0 0.24261018426294823 0.85625 0.0265625 0.0375
ckz6ru5610005386l8uoys4lc 0 0.19453125 0.8458333333333333 0.0265625 0.0375
ckz6ru6of0007386lhf2t4dtw 0 0.08359375 0.80625 0.0265625 0.0375
ckz6ru83f0009386lx7517dwf 0 0.022279304474708172 0.7423394941634242 0.0265625 0.0375
ckz6ru99l000b386l18xh2byu 0 0.13515625 0.18958333333333333 0.0265625 0.0375
ckz6rub67000d386ld3mx1dyi 0 0.22051809210526313 0.18421052631578946 0.0265625 0.041666666666666664
ckz6ruchb000f386lxxpeu5na 0 0.27098599137931034 0.12112068965517242 0.0265625 0.0375
ckz6rudsb000h386lkwwvc8dz 0 0.28314973021582734 0.21934202637889688 0.0265625 0.0375
ckz6ruf3e000j386lbyqpxw51 0 0.29812814597315435 0.3204837807606264 0.0265625 0.0375
ckz6rugcj000l386lzjazem8c 0 0.228125 0.46875 0.028125 0.04583333333333333
ckz6rui7o000n386lh32dwmkr 0 0.5568760347682119 0.9253449227373068 0.0265625 0.0375
ckz6ruj49000p386lndk3j9jv 0 0.63828125 0.5735416666666667 0.0265625 0.0375
ckz6rup8s000r386lkjotnoh0 0 0.48828125 0.86875 0.0265625 0.0375
ckz6rut1n000v386l8rfix41j 0 0.8460893671107994 0.8468881486676018 0.0265625 0.0375
ckz6ruunj000x386l4qiqzsvd 0 0.8367143671107995 0.9718881486676018 0.0265625 0.0375
ckz6ruw8w000z386lc52x10qx 0 0.8531217128330996 0.7510460495558673 0.0265625 0.0375
ckz6ruzco0013386lo3nqjmle 0 0.828125 0.43645833333333334 0.025 0.03958333333333333
ckz6rv4et0015386le3rdpw93 0 0.8673437500000001 0.409375 0.025 0.03958333333333333
ckz6rva9o0019386ll7e0plel 0 0.6659887398785426 0.16326754385964912 0.0265625 0.03333333333333333
ckz6rvlfq001d386lt59x4kz2 0 0.7738331458868895 0.07397172236503856 0.0265625 0.03333333333333334
ckz6rvnb8001f386l63s6p1ys 0 0.71015625 0.6354166666666666 0.0265625 0.03333333333333333
ckz6rvpuj001h386lhrb15el1 0 0.5845312500000001 0.505625 0.0265625 0.03333333333333333
ckz6rvrjs001j386lscfviwaz 0 0.4969874756809339 0.4042558365758755 0.0265625 0.03333333333333333
ckz6rvvx4001n386lwp0hh90g 0 0.011669407894736843 0.2742763157894737 0.023338815789473687 0.03333333333333333
ckz6rvxvs001p386l9u5f2w3s 0 0.378125 0.43854166666666666 0.028125 0.0375
ckz6rw3in001v386l6bltg9jj 0 0.77265625 0.3958333333333333 0.0265625 0.03333333333333333
ckz6rw56s001x386l432ih3l6 0 0.9876144255050505 0.813878367003367 0.015869633838383735 0.035416666666666666
cl4sse7t80004356hlgz3o2fx 0 0.75078125 0.83125 0.0296875 0.041666666666666664
cl4ssee0s0008356hd15z4qn8 0 0.58828125 0.11875 0.0296875 0.05
cl4ssegqi000c356hwxoota92 0 0.6015625 0.20625 0.025 0.04583333333333333
cl4sseopo000g356h6ldd8ms6 0 0.159375 0.315625 0.0359375 0.04583333333333333
cl4uq6b5l0003356p4ou3mrfw 0 0.85625 0.22395833333333334 0.0375 0.04375
cl4uqbjp9000b356p2175vvqw 0 0.5038342927631578 0.732750822368421 0.0421875 0.04375
cl4ur3tl4000r356p5yynq6lr 0 0.33046875 0.03333333333333333 0.0234375 0.029166666666666667
cl4ur3vs8000v356pe031p1yo 0 0.4970238095238095 0.017840608465608466 0.025 0.027083333333333334
cl4urtjol000z356puo72ztp3 0 0.46234374999999994 0.011666666666666665 0.0296875 0.02333333333333333
cl53eq6de000f356i3cjd5jif 1 0.57109375 0.13333333333333333 0.0890625 0.1125
cl53eqa7m000l356ivf26125u 1 0.3203125 0.21041666666666667 0.103125 0.09583333333333334
