ckz3v9nzv00033867jsekqdcl 0 0.27116288716814163 0.4289208456243854 0.0265625 0.0375
ckz6ru2eb0001386lefk6js4m 0 0.23828125 0.5770833333333333 0.0265625 0.0375
ckz6ru3um0003386l39xwv0yk 0 0.24266745517928284 0.85625 0.0265625 0.0375
ckz6ru5610005386l8uoys4lc 0 0.19453125 0.8458333333333333 0.0265625 0.0375
ckz6ru6of0007386lhf2t4dtw 0 0.08359375 0.80625 0.0265625 0.0375
ckz6ru83f0009386lx7517dwf 0 0.022838642996108948 0.7405682555123216 0.0265625 0.0375
ckz6ru99l000b386l18xh2byu 0 0.13515625 0.18958333333333333 0.0265625 0.0375
ckz6rub67000d386ld3mx1dyi 0 0.2200892857142857 0.1822172619047619 0.0265625 0.041666666666666664
ckz6ruchb000f386lxxpeu5na 0 0.27392914870689655 0.11926185344827586 0.0265625 0.0375
ckz6rudsb000h386lkwwvc8dz 0 0.28327900179856114 0.2191696642685851 0.0265625 0.0375
ckz6ruf3e000j386lbyqpxw51 0 0.3002988674496644 0.3188758389261745 0.0265625 0.0375
ckz6rugcj000l386lzjazem8c 0 0.2697916666666667 0.45902777777777776 0.027083333333333348 0.03888888888888887
ckz6rui7o000n386lh32dwmkr 0 0.5590180049668875 0.9205849889624724 0.0265625 0.0375
ckz6ruj49000p386lndk3j9jv 0 0.6386063945086705 0.572555394990366 0.0265625 0.0375
ckz6rup8s000r386lkjotnoh0 0 0.48828125 0.86875 0.0265625 0.0375
ckz6rut1n000v386l8rfix41j 0 0.8462909800140253 0.8462833099579242 0.0265625 0.0375
ckz6ruunj000x386l4qiqzsvd 0 0.8369159800140252 0.9712833099579242 0.0265625 0.0375
ckz6ruw8w000z386lc52x10qx 0 0.8532729225105189 0.7508444366526414 0.0265625 0.0375
ckz6ruzco0013386lo3nqjmle 0 0.828125 0.43645833333333334 0.025 0.03958333333333333
ckz6rv4et0015386le3rdpw93 0 0.8674343487394959 0.409375 0.025 0.03958333333333333
ckz6rva9o0019386ll7e0plel 0 0.6665707236842106 0.16074561403508772 0.0265625 0.03333333333333333
ckz6rvlfq001d386lt59x4kz2 0 0.7735559929305913 0.07323264781491004 0.0265625 0.03333333333333334
ckz6rvnb8001f386l63s6p1ys 0 0.71015625 0.6354166666666666 0.0265625 0.03333333333333333
ckz6rvpuj001h386lhrb15el1 0 0.585720159774436 0.5032268170426065 0.0265625 0.03333333333333333
ckz6rvrjs001j386lscfviwaz 0 0.49765625 0.40285087719298246 0.0265625 0.03333333333333333
ckz6rvvx4001n386lwp0hh90g 0 0.01299342105263158 0.26973684210526316 0.02598684210526316 0.03333333333333336
ckz6rvxvs001p386l9u5f2w3s 0 0.3328125 0.4375 0.028125 0.0375
ckz6rw3in001v386l6bltg9jj 0 0.75234375 0.44583333333333336 0.0265625 0.03333333333333333
ckz6rw56s001x386l432ih3l6 0 0.9893386994949495 0.8090382996632997 0.014599116161616266 0.035416666666666666
cl4sse7t80004356hlgz3o2fx 0 0.74140625 0.7798611111111111 0.0296875 0.041666666666666664
cl4ssee0s0008356hd15z4qn8 0 0.58828125 0.11875 0.0296875 0.05
cl4ssegqi000c356hwxoota92 0 0.6015625 0.20625 0.025 0.04583333333333333
cl4sseopo000g356h6ldd8ms6 0 0.15859375 0.33125 0.0359375 0.04583333333333333
cl4uq6b5l0003356p4ou3mrfw 0 0.85625 0.22395833333333334 0.0375 0.04375
cl4uqbjp9000b356p2175vvqw 0 0.5045435855263157 0.7316474780701755 0.0421875 0.04375
cl53eq6de000f356i3cjd5jif 1 0.57109375 0.13333333333333333 0.0890625 0.1125
cl53eqa7m000l356ivf26125u 1 0.3203125 0.21041666666666667 0.103125 0.09583333333333334
