ckz3v9nzv00033867jsekqdcl 0 0.2735273783185841 0.42051376597836776 0.0265625 0.0375
ckz6ru2eb0001386lefk6js4m 0 0.23828125 0.5785504694835681 0.0265625 0.0375
ckz6ru3um0003386l39xwv0yk 0 0.24370231807511736 0.8542938184663538 0.0265625 0.0375
ckz6ru5610005386l8uoys4lc 0 0.19453125 0.8458333333333333 0.0265625 0.0375
ckz6ru6of0007386lhf2t4dtw 0 0.08359375 0.80625 0.0265625 0.0375
ckz6ru83f0009386lx7517dwf 0 0.026881602112676057 0.7302719092331768 0.0265625 0.0375
ckz6ru99l000b386l18xh2byu 0 0.13515625 0.18958333333333333 0.0265625 0.0375
ckz6rub67000d386ld3mx1dyi 0 0.21796875 0.16304347826086957 0.0265625 0.0375
ckz6ruchb000f386lxxpeu5na 0 0.295703125 0.10555555555555556 0.0265625 0.0375
ckz6rudsb000h386lkwwvc8dz 0 0.28424010791366905 0.21788818944844124 0.0265625 0.0375
ckz6ruf3e000j386lbyqpxw51 0 0.31245231807511736 0.3089495305164319 0.0265625 0.0375
ckz6rugcj000l386lzjazem8c 0 0.32890625 0.2875 0.0265625 0.041666666666666664
ckz6rui7o000n386lh32dwmkr 0 0.5747615903755869 0.8872652582159624 0.0265625 0.0375
ckz6ruj49000p386lndk3j9jv 0 0.6432397037572255 0.5674072736030829 0.0265625 0.0375
ckz6rup8s000r386lkjotnoh0 0 0.48828125 0.86875 0.0265625 0.0375
ckz6rurv1000t386llsdca8lh 0 0.72734375 0.8145833333333333 0.0234375 0.0375
ckz6rut1n000v386l8rfix41j 0 0.8477899281206172 0.8417864656381487 0.0265625 0.0375
ckz6ruunj000x386l4qiqzsvd 0 0.8384149281206172 0.9667864656381487 0.0265625 0.0375
ckz6ruw8w000z386lc52x10qx 0 0.8543971335904628 0.7493454885460495 0.0265625 0.0375
ckz6ruxwl0011386lwhdpziws 0 0.98671875 0.846875 0.0265625 0.04375
ckz6ruzco0013386lo3nqjmle 0 0.828125 0.43645833333333334 0.025 0.03958333333333333
ckz6rv4et0015386le3rdpw93 0 0.8681079306722689 0.409375 0.025 0.03958333333333333
ckz6rv5s20017386lyas5kerj 0 0.6328125 0.115625 0.0234375 0.035416666666666666
ckz6rva9o0019386ll7e0plel 0 0.6706977246543778 0.14325076804915515 0.0265625 0.03333333333333335
ckz6rvlfq001d386lt59x4kz2 0 0.7714954209511568 0.06773778920308483 0.0265625 0.03333333333333333
ckz6rvnb8001f386l63s6p1ys 0 0.7108898180751174 0.6363947574334898 0.0265625 0.03333333333333333
ckz6rvpuj001h386lhrb15el1 0 0.5906726819248826 0.4903266823161189 0.0265625 0.03333333333333333
ckz6rvrjs001j386lscfviwaz 0 0.4983898180751174 0.3881161971830986 0.0265625 0.03333333333333333
ckz6rvvx4001n386lwp0hh90g 0 0.014676339285714286 0.2390625 0.0265625 0.03333333333333333
ckz6rvxvs001p386l9u5f2w3s 0 0.19583333333333336 0.2715277777777778 0.02812500000000002 0.037500000000000026
ckz6rw3in001v386l6bltg9jj 0 0.7768229166666667 0.6680555555555556 0.0265625 0.03333333333333333
ckz6rw56s001x386l432ih3l6 0 0.9918352399553572 0.7755719866071428 0.016329520089285766 0.03484933035714282
cl4sse7t80004356hlgz3o2fx 0 0.63046875 0.4864583333333333 0.025 0.03333333333333333
cl4ssee0s0008356hd15z4qn8 0 0.58828125 0.11875 0.0296875 0.05
cl4ssegqi000c356hwxoota92 0 0.6015625 0.20625 0.025 0.04583333333333333
cl4sseopo000g356h6ldd8ms6 0 0.25546875 0.55 0.0359375 0.04583333333333333
cl4swkq5u0003356p8vuhc7nn 0 0.36171875 0.51875 0.0328125 0.0375
cl4uq6b5l0003356p4ou3mrfw 0 0.85625 0.22395833333333334 0.0375 0.04375
cl4uqbjp9000b356p2175vvqw 0 0.5098170230263157 0.7234443530701754 0.0421875 0.04375
cl53eq6de000f356i3cjd5jif 1 0.57109375 0.13333333333333333 0.0890625 0.1125
cl53eqa7m000l356ivf26125u 1 0.3203125 0.21041666666666667 0.103125 0.09583333333333334
