ckz3v9nzv00033867jsekqdcl 0 0.26484375 0.4354166666666667 0.0265625 0.0375
ckz6ru2eb0001386lefk6js4m 0 0.23828125 0.5770833333333333 0.0265625 0.0375
ckz6ru3um0003386l39xwv0yk 0 0.2418980328685259 0.85625 0.0265625 0.0375
ckz6ru5610005386l8uoys4lc 0 0.19453125 0.8458333333333333 0.0265625 0.0375
ckz6ru6of0007386lhf2t4dtw 0 0.08359375 0.80625 0.0265625 0.0375
ckz6ru83f0009386lx7517dwf 0 0.015324051556420231 0.7643644617380027 0.0265625 0.0375
ckz6ru99l000b386l18xh2byu 0 0.13515625 0.18958333333333333 0.0265625 0.0375
ckz6rub67000d386ld3mx1dyi 0 0.275 0.246875 0.0265625 0.041666666666666664
ckz6ruchb000f386lxxpeu5na 0 0.247412109375 0.1482421875 0.0265625 0.0375
ckz6rudsb000h386lkwwvc8dz 0 0.28154226618705036 0.22148531175059952 0.0265625 0.0375
ckz6ruf3e000j386lbyqpxw51 0 0.2752878289473684 0.35120614035087716 0.0265625 0.0375
ckz6rugcj000l386lzjazem8c 0 0.06607142857142857 0.5779761904761905 0.028125 0.05
ckz6rui7o000n386lh32dwmkr 0 0.5339872346266471 0.9734413128355295 0.0265625 0.0375
ckz6ruj49000p386lndk3j9jv 0 0.6296146716101695 0.5989759887005649 0.0265625 0.0375
ckz6rup8s000r386lkjotnoh0 0 0.48828125 0.86875 0.0265625 0.0375
ckz6rut1n000v386l8rfix41j 0 0.8435823544880785 0.8544091865357644 0.0265625 0.0375
ckz6ruunj000x386l4qiqzsvd 0 0.8342073544880785 0.9794091865357644 0.0265625 0.0375
ckz6ruw8w000z386lc52x10qx 0 0.8512414533660589 0.7535530621785881 0.0265625 0.0375
ckz6ruzco0013386lo3nqjmle 0 0.828125 0.43645833333333334 0.025 0.03958333333333333
ckz6rv4et0015386le3rdpw93 0 0.866217174369748 0.409375 0.025 0.03958333333333333
ckz6rva9o0019386ll7e0plel 0 0.6608597132034632 0.18630050505050505 0.0265625 0.03333333333333333
ckz6rvlfq001d386lt59x4kz2 0 0.7678432479919679 0.08775100401606425 0.0265625 0.03333333333333333
ckz6rvnb8001f386l63s6p1ys 0 0.71015625 0.6354166666666666 0.0265625 0.03333333333333333
ckz6rvpuj001h386lhrb15el1 0 0.563293177480916 0.5410543893129771 0.02879293893129775 0.03333333333333333
ckz6rvrjs001j386lscfviwaz 0 0.4803756208609271 0.4090093818984547 0.0265625 0.03333333333333333
ckz6rvxvs001p386l9u5f2w3s 0 0.6359375 0.5895833333333333 0.028125 0.0375
ckz6rw3in001v386l6bltg9jj 0 0.6440104166666667 0.07361111111111111 0.0265625 0.03333333333333334
ckz6rw56s001x386l432ih3l6 0 0.9744591346153847 0.8661057692307692 0.0234375 0.035416666666666666
cl4ssee0s0008356hd15z4qn8 0 0.58828125 0.11875 0.0296875 0.05
cl4ssegqi000c356hwxoota92 0 0.6015625 0.20625 0.025 0.04583333333333333
cl4uq6b5l0003356p4ou3mrfw 0 0.85625 0.22395833333333334 0.0375 0.04375
cl4uq7un10007356p14ye3ifb 0 0.91640625 0.23420138888888886 0.0328125 0.04340277777777777
cl4uqbjp9000b356p2175vvqw 0 0.495629171723301 0.745411104368932 0.0421875 0.04375
cl4ur3vs8000v356pe031p1yo 0 0.5055357142857143 0.025406746031746034 0.025 0.027083333333333334
cl4urtjol000z356puo72ztp3 0 0.06953125 0.2760416666666667 0.0296875 0.03958333333333333
cl4uru0kq0013356pt4h9yjm1 0 0.5124289772727273 0.013825757575757576 0.0296875 0.01875
cl4urwkrx0017356pikpviaa9 0 0.36648689516129035 0.027520161290322583 0.0234375 0.027083333333333334
cl4urzbou001b356p2c0bz1ci 0 0.01171875 0.08958333333333333 0.0234375 0.020833333333333332
cl53eq6de000f356i3cjd5jif 1 0.57109375 0.13333333333333333 0.0890625 0.1125
cl53eqa7m000l356ivf26125u 1 0.3203125 0.21041666666666667 0.103125 0.09583333333333334
