ckz3v9nzv00033867jsekqdcl 0 0.26484375 0.4354166666666667 0.0265625 0.0375
ckz6ru2eb0001386lefk6js4m 0 0.23828125 0.5770833333333333 0.0265625 0.0375
ckz6ru3um0003386l39xwv0yk 0 0.2416266185258964 0.85625 0.0265625 0.0375
ckz6ru5610005386l8uoys4lc 0 0.19453125 0.8458333333333333 0.0265625 0.0375
ckz6ru6of0007386lhf2t4dtw 0 0.08359375 0.80625 0.0265625 0.0375
ckz6ru83f0009386lx7517dwf 0 0.011469072164948454 0.7748603951890035 0.02293814432989691 0.035889175257732005
ckz6ru99l000b386l18xh2byu 0 0.13515625 0.18958333333333333 0.0265625 0.0375
ckz6rub67000d386ld3mx1dyi 0 0.3072048611111111 0.2467592592592593 0.0265625 0.0416666666666667
ckz6ruchb000f386lxxpeu5na 0 0.24419791666666665 0.1560666666666667 0.0265625 0.0375
ckz6rudsb000h386lkwwvc8dz 0 0.280929631294964 0.22230215827338132 0.0265625 0.0375
ckz6ruf3e000j386lbyqpxw51 0 0.2656679258241758 0.3621336996336996 0.0265625 0.0375
ckz6rui7o000n386lh32dwmkr 0 0.5349846724011713 0.9747712298682284 0.0265625 0.0375
ckz6ruj49000p386lndk3j9jv 0 0.6278665195167286 0.6050960346964065 0.0265625 0.0375
ckz6rup8s000r386lkjotnoh0 0 0.48828125 0.86875 0.0265625 0.0375
ckz6rut1n000v386l8rfix41j 0 0.84296875 0.85625 0.0265625 0.0375
ckz6ruunj000x386l4qiqzsvd 0 0.83359375 0.98125 0.0265625 0.0375
ckz6ruw8w000z386lc52x10qx 0 0.8497730928308824 0.7541666666666667 0.0265625 0.0375
ckz6ruzco0013386lo3nqjmle 0 0.828125 0.43645833333333334 0.025 0.03958333333333333
ckz6rv4et0015386le3rdpw93 0 0.8657878151260505 0.409375 0.025 0.03958333333333333
ckz6rva9o0019386ll7e0plel 0 0.6588068181818182 0.20397727272727273 0.0265625 0.03333333333333333
ckz6rvlfq001d386lt59x4kz2 0 0.7651073042168675 0.09322289156626505 0.0265625 0.03333333333333333
ckz6rvnb8001f386l63s6p1ys 0 0.71015625 0.6354166666666666 0.0265625 0.03333333333333333
ckz6rvpuj001h386lhrb15el1 0 0.5544523665048544 0.5575647249190939 0.0296875 0.03333333333333333
ckz6rvrjs001j386lscfviwaz 0 0.47586403145695366 0.41652869757174393 0.0265625 0.03333333333333333
ckz6rvxvs001p386l9u5f2w3s 0 0.6515625 0.4975 0.028125 0.0375
ckz6rw56s001x386l432ih3l6 0 0.9624479166666667 0.8909027777777777 0.0234375 0.035416666666666666
cl4ssee0s0008356hd15z4qn8 0 0.58828125 0.11875 0.0296875 0.05
cl4ssegqi000c356hwxoota92 0 0.6015625 0.20625 0.025 0.04583333333333333
cl4uq6b5l0003356p4ou3mrfw 0 0.85625 0.22395833333333334 0.0375 0.04375
cl4uq7un10007356p14ye3ifb 0 0.8591145833333333 0.1173611111111111 0.0328125 0.037499999999999985
cl4uqbjp9000b356p2175vvqw 0 0.4941823422330097 0.747340210355987 0.0421875 0.04375
cl4ur3vs8000v356pe031p1yo 0 0.500316795532646 0.03151847079037801 0.025 0.027083333333333338
cl4uru0kq0013356pt4h9yjm1 0 0.5072679924242424 0.015546085858585856 0.0296875 0.01875
cl4urwkrx0017356pikpviaa9 0 0.3639230510752688 0.03728718637992832 0.0234375 0.027083333333333334
cl53eq6de000f356i3cjd5jif 1 0.57109375 0.13333333333333333 0.0890625 0.1125
cl53eqa7m000l356ivf26125u 1 0.3203125 0.21041666666666667 0.103125 0.09583333333333334
