ckz3v9nzv00033867jsekqdcl 0 0.26864330947136567 0.431617107195301 0.0265625 0.0375
ckz6ru2eb0001386lefk6js4m 0 0.23828125 0.5770833333333333 0.0265625 0.0375
ckz6ru3um0003386l39xwv0yk 0 0.24243339143426296 0.85625 0.0265625 0.0375
ckz6ru5610005386l8uoys4lc 0 0.19453125 0.8458333333333333 0.0265625 0.0375
ckz6ru6of0007386lhf2t4dtw 0 0.08359375 0.80625 0.0265625 0.0375
ckz6ru83f0009386lx7517dwf 0 0.020552650778210113 0.7478072308690014 0.0265625 0.0375
ckz6ru99l000b386l18xh2byu 0 0.13515625 0.18958333333333333 0.0265625 0.0375
ckz6rub67000d386ld3mx1dyi 0 0.22421875 0.18645833333333334 0.0265625 0.041666666666666664
ckz6ruchb000f386lxxpeu5na 0 0.2631591796875 0.12724609375 0.0265625 0.0375
ckz6rudsb000h386lkwwvc8dz 0 0.2827506744604317 0.21987410071942445 0.0265625 0.0375
ckz6ruf3e000j386lbyqpxw51 0 0.2923151145418327 0.32795484727755647 0.0265625 0.0375
ckz6rugcj000l386lzjazem8c 0 0.2015625 0.53125 0.028125 0.04583333333333333
ckz6rui7o000n386lh32dwmkr 0 0.5502638658940397 0.9400386313465784 0.0265625 0.0375
ckz6ruj49000p386lndk3j9jv 0 0.63828125 0.5775757575757576 0.0265625 0.0375
ckz6rup8s000r386lkjotnoh0 0 0.48828125 0.86875 0.0265625 0.0375
ckz6rut1n000v386l8rfix41j 0 0.8454669968443198 0.8487552594670407 0.0265625 0.0375
ckz6ruunj000x386l4qiqzsvd 0 0.8360919968443199 0.9737552594670407 0.0265625 0.0375
ckz6ruw8w000z386lc52x10qx 0 0.8526549351332399 0.7516684198223469 0.0265625 0.0375
ckz6ruzco0013386lo3nqjmle 0 0.828125 0.43645833333333334 0.025 0.03958333333333333
ckz6rv4et0015386le3rdpw93 0 0.8670640756302521 0.409375 0.025 0.03958333333333333
ckz6rva9o0019386ll7e0plel 0 0.6641921811740891 0.17105263157894737 0.0265625 0.03333333333333333
ckz6rvlfq001d386lt59x4kz2 0 0.7732398343373494 0.07695783132530121 0.0265625 0.03333333333333333
ckz6rvnb8001f386l63s6p1ys 0 0.71015625 0.6354166666666666 0.0265625 0.03333333333333333
ckz6rvpuj001h386lhrb15el1 0 0.580497159090909 0.5150378787878788 0.0265625 0.03333333333333333
ckz6rvrjs001j386lscfviwaz 0 0.4926708414396887 0.4048313878080415 0.0265625 0.03333333333333333
ckz6rvvx4001n386lwp0hh90g 0 0.0078125 0.2875 0.015625 0.03333333333333333
ckz6rvxvs001p386l9u5f2w3s 0 0.41312499999999996 0.4479166666666667 0.028124999999999956 0.0375
ckz6rw3in001v386l6bltg9jj 0 0.7611979166666667 0.28541666666666665 0.0265625 0.03333333333333333
ckz6rw56s001x386l432ih3l6 0 0.9822916666666668 0.8288194444444444 0.019791666666666607 0.035416666666666666
cl4sse7t80004356hlgz3o2fx 0 0.81546875 0.9354166666666667 0.0328125 0.041666666666666664
cl4ssee0s0008356hd15z4qn8 0 0.58828125 0.11875 0.0296875 0.05
cl4ssegqi000c356hwxoota92 0 0.6015625 0.20625 0.025 0.04583333333333333
cl4sseopo000g356h6ldd8ms6 0 0.09453125 0.21666666666666667 0.0359375 0.04583333333333333
cl4uq6b5l0003356p4ou3mrfw 0 0.85625 0.22395833333333334 0.0375 0.04375
cl4uqbjp9000b356p2175vvqw 0 0.5016447368421052 0.7361567982456141 0.0421875 0.04375
cl4ur3tl4000r356p5yynq6lr 0 0.4514508928571429 0.026488095238095238 0.0234375 0.027976190476190474
cl4ur3vs8000v356pe031p1yo 0 0.4991369047619048 0.019718915343915344 0.025 0.027083333333333334
cl4urtjol000z356puo72ztp3 0 0.3428125 0.09416666666666668 0.028125 0.0375
cl4uru0kq0013356pt4h9yjm1 0 0.5226089015151516 0.010432449494949496 0.0296875 0.01875
cl4urwkrx0017356pikpviaa9 0 0.3672991071428572 0.010416666666666666 0.0234375 0.020833333333333332
cl53eq6de000f356i3cjd5jif 1 0.57109375 0.13333333333333333 0.0890625 0.1125
cl53eqa7m000l356ivf26125u 1 0.3203125 0.21041666666666667 0.103125 0.09583333333333334
