ckz3v9nzv00033867jsekqdcl 0 0.27200636061946903 0.42592182890855457 0.0265625 0.0375
ckz6ru2eb0001386lefk6js4m 0 0.23828125 0.5770833333333333 0.0265625 0.0375
ckz6ru3um0003386l39xwv0yk 0 0.24281934760956175 0.85625 0.0265625 0.0375
ckz6ru5610005386l8uoys4lc 0 0.19453125 0.8458333333333333 0.0265625 0.0375
ckz6ru6of0007386lhf2t4dtw 0 0.08359375 0.80625 0.0265625 0.0375
ckz6ru83f0009386lx7517dwf 0 0.024322106031128405 0.7358706225680934 0.0265625 0.0375
ckz6ru99l000b386l18xh2byu 0 0.13515625 0.18958333333333333 0.0265625 0.0375
ckz6rub67000d386ld3mx1dyi 0 0.22200969827586206 0.17708333333333334 0.0265625 0.0375
ckz6ruchb000f386lxxpeu5na 0 0.28173491379310345 0.11433189655172414 0.0265625 0.0375
ckz6rudsb000h386lkwwvc8dz 0 0.2836218525179856 0.21871252997601917 0.0265625 0.0375
ckz6ruf3e000j386lbyqpxw51 0 0.3060559983221477 0.3146112975391499 0.0265625 0.0375
ckz6rugcj000l386lzjazem8c 0 0.3 0.39791666666666664 0.0265625 0.041666666666666664
ckz6rui7o000n386lh32dwmkr 0 0.5662642045454546 0.9054924242424243 0.0265625 0.0375
ckz6ruj49000p386lndk3j9jv 0 0.6402592124277457 0.5707189306358381 0.0265625 0.0375
ckz6rup8s000r386lkjotnoh0 0 0.48828125 0.86875 0.0265625 0.0375
ckz6rurv1000t386llsdca8lh 0 0.92890625 0.8895833333333333 0.0234375 0.0375
ckz6rut1n000v386l8rfix41j 0 0.8468256924964936 0.8446791725105189 0.0265625 0.0375
ckz6ruunj000x386l4qiqzsvd 0 0.8374506924964937 0.9696791725105189 0.0265625 0.0375
ckz6ruw8w000z386lc52x10qx 0 0.8536739568723704 0.7503097241701729 0.0265625 0.0375
ckz6ruzco0013386lo3nqjmle 0 0.828125 0.43645833333333334 0.025 0.03958333333333333
ckz6rv4et0015386le3rdpw93 0 0.8676746323529411 0.409375 0.025 0.03958333333333333
ckz6rva9o0019386ll7e0plel 0 0.668114245951417 0.15405701754385964 0.0265625 0.03333333333333333
ckz6rvlfq001d386lt59x4kz2 0 0.7728209350899743 0.07127249357326478 0.0265625 0.03333333333333333
ckz6rvnb8001f386l63s6p1ys 0 0.71015625 0.6354166666666666 0.0265625 0.03333333333333333
ckz6rvpuj001h386lhrb15el1 0 0.5885867011278195 0.4984492481203008 0.0265625 0.03333333333333333
ckz6rvrjs001j386lscfviwaz 0 0.49765625 0.3961622807017544 0.0265625 0.03333333333333333
ckz6rvvx4001n386lwp0hh90g 0 0.01328125 0.261491935483871 0.0265625 0.03333333333333336
ckz6rvxvs001p386l9u5f2w3s 0 0.28359375 0.4239583333333333 0.028125 0.0375
ckz6rw3in001v386l6bltg9jj 0 0.7484375 0.5348958333333333 0.0265625 0.03333333333333333
ckz6rw56s001x386l432ih3l6 0 0.9926866319444445 0.7937210648148147 0.0125 0.035416666666666666
cl4sse7t80004356hlgz3o2fx 0 0.7252604166666667 0.6743055555555556 0.0296875 0.041666666666666664
cl4ssee0s0008356hd15z4qn8 0 0.58828125 0.11875 0.0296875 0.05
cl4ssegqi000c356hwxoota92 0 0.6015625 0.20625 0.025 0.04583333333333333
cl4sseopo000g356h6ldd8ms6 0 0.19453125 0.43125 0.0359375 0.04583333333333333
cl4swkq5u0003356p8vuhc7nn 0 0.08411458333333333 0.30625 0.03281249999999999 0.0375
cl4uq6b5l0003356p4ou3mrfw 0 0.85625 0.22395833333333334 0.0375 0.04375
cl4uqbjp9000b356p2175vvqw 0 0.5064247532894737 0.7287212171052632 0.0421875 0.04375
cl53eq6de000f356i3cjd5jif 1 0.57109375 0.13333333333333333 0.0890625 0.1125
cl53eqa7m000l356ivf26125u 1 0.3203125 0.21041666666666667 0.103125 0.09583333333333334
