ckz3v9nzv00033867jsekqdcl 0 0.27121819690265486 0.4287241887905605 0.0265625 0.0375
ckz6ru2eb0001386lefk6js4m 0 0.23828125 0.5770833333333333 0.0265625 0.0375
ckz6ru3um0003386l39xwv0yk 0 0.24267741533864542 0.85625 0.0265625 0.0375
ckz6ru5610005386l8uoys4lc 0 0.19453125 0.8458333333333333 0.0265625 0.0375
ckz6ru6of0007386lhf2t4dtw 0 0.08359375 0.80625 0.0265625 0.0375
ckz6ru83f0009386lx7517dwf 0 0.022935919260700387 0.7402602140077821 0.0265625 0.0375
ckz6ru99l000b386l18xh2byu 0 0.13515625 0.18958333333333333 0.0265625 0.0375
ckz6rub67000d386ld3mx1dyi 0 0.22053571428571428 0.18132440476190478 0.0265625 0.041666666666666664
ckz6ruchb000f386lxxpeu5na 0 0.2744410021551724 0.1189385775862069 0.0265625 0.03750000000000001
ckz6rudsb000h386lkwwvc8dz 0 0.2833014838129496 0.21913968824940047 0.0265625 0.0375
ckz6ruf3e000j386lbyqpxw51 0 0.30067638422818793 0.318596196868009 0.0265625 0.0375
ckz6rugcj000l386lzjazem8c 0 0.26171875 0.4510416666666667 0.0265625 0.035416666666666666
ckz6rui7o000n386lh32dwmkr 0 0.5593905215231788 0.919757174392936 0.0265625 0.0375
ckz6ruj49000p386lndk3j9jv 0 0.6387147760115607 0.5724349710982659 0.0265625 0.0375
ckz6rup8s000r386lkjotnoh0 0 0.48828125 0.86875 0.0265625 0.0375
ckz6rut1n000v386l8rfix41j 0 0.8463260431276296 0.8461781206171108 0.0265625 0.0375
ckz6ruunj000x386l4qiqzsvd 0 0.8369510431276297 0.9711781206171108 0.0265625 0.0375
ckz6ruw8w000z386lc52x10qx 0 0.8532992198457222 0.7508093735390369 0.0265625 0.0375
ckz6ruzco0013386lo3nqjmle 0 0.828125 0.43645833333333334 0.025 0.03958333333333333
ckz6rv4et0015386le3rdpw93 0 0.8674501050420169 0.409375 0.025 0.03958333333333333
ckz6rva9o0019386ll7e0plel 0 0.6666719382591093 0.16030701754385965 0.0265625 0.03333333333333333
ckz6rvlfq001d386lt59x4kz2 0 0.7735077924164524 0.07310411311053985 0.0265625 0.03333333333333334
ckz6rvnb8001f386l63s6p1ys 0 0.71015625 0.6354166666666666 0.0265625 0.03333333333333333
ckz6rvpuj001h386lhrb15el1 0 0.5859081296992481 0.5029135338345865 0.0265625 0.03333333333333333
ckz6rvrjs001j386lscfviwaz 0 0.49765625 0.4024122807017544 0.0265625 0.03333333333333333
ckz6rvvx4001n386lwp0hh90g 0 0.013223684210526315 0.26894736842105266 0.02644736842105263 0.03333333333333336
ckz6rvxvs001p386l9u5f2w3s 0 0.33046875 0.4479166666666667 0.028125 0.0375
ckz6rw3in001v386l6bltg9jj 0 0.76015625 0.45625 0.0265625 0.03333333333333333
ckz6rw56s001x386l432ih3l6 0 0.9896385732323232 0.8081965488215488 0.014378156565656575 0.035416666666666666
cl4sse7t80004356hlgz3o2fx 0 0.7580729166666667 0.7680555555555556 0.0296875 0.041666666666666664
cl4ssee0s0008356hd15z4qn8 0 0.58828125 0.11875 0.0296875 0.05
cl4ssegqi000c356hwxoota92 0 0.6015625 0.20625 0.025 0.04583333333333333
cl4sseopo000g356h6ldd8ms6 0 0.158984375 0.3515625 0.0359375 0.04583333333333333
cl4uq6b5l0003356p4ou3mrfw 0 0.85625 0.22395833333333334 0.0375 0.04375
cl4uqbjp9000b356p2175vvqw 0 0.5046669407894737 0.7314555921052631 0.0421875 0.04375
cl53eq6de000f356i3cjd5jif 1 0.57109375 0.13333333333333333 0.0890625 0.1125
cl53eqa7m000l356ivf26125u 1 0.3203125 0.21041666666666667 0.103125 0.09583333333333334
