ckz3v9nzv00033867jsekqdcl 0 0.27521432522123895 0.414515732546706 0.0265625 0.0375
ckz6ru2eb0001386lefk6js4m 0 0.23828125 0.5821302816901408 0.0265625 0.0375
ckz6ru3um0003386l39xwv0yk 0 0.24549222417840375 0.8495207355242567 0.0265625 0.0375
ckz6ru5610005386l8uoys4lc 0 0.19453125 0.8458333333333333 0.0265625 0.0375
ckz6ru6of0007386lhf2t4dtw 0 0.08359375 0.80625 0.0265625 0.0375
ckz6ru83f0009386lx7517dwf 0 0.029566461267605638 0.7278853677621283 0.0265625 0.0375
ckz6ru99l000b386l18xh2byu 0 0.13515625 0.18958333333333333 0.0265625 0.0375
ckz6rub67000d386ld3mx1dyi 0 0.1933948863636364 0.12566287878787877 0.026562500000000024 0.037499999999999985
ckz6ruchb000f386lxxpeu5na 0 0.3100088443396226 0.09697327044025157 0.0265625 0.0375
ckz6rudsb000h386lkwwvc8dz 0 0.284925809352518 0.21697392086330936 0.0265625 0.0375
ckz6ruf3e000j386lbyqpxw51 0 0.31424222417840375 0.30536971830985915 0.0265625 0.0375
ckz6rugcj000l386lzjazem8c 0 0.4268229166666667 0.14652777777777776 0.0265625 0.04166666666666665
ckz6rui7o000n386lh32dwmkr 0 0.5837111208920188 0.8765258215962441 0.0265625 0.0375
ckz6ruj49000p386lndk3j9jv 0 0.6465453395953757 0.563734344894027 0.0265625 0.0375
ckz6rup8s000r386lkjotnoh0 0 0.48828125 0.86875 0.0265625 0.0375
ckz6rurv1000t386llsdca8lh 0 0.49453125 0.7791666666666667 0.0265625 0.0375
ckz6rut1n000v386l8rfix41j 0 0.848859353085554 0.838578190743338 0.0265625 0.0375
ckz6ruunj000x386l4qiqzsvd 0 0.839484353085554 0.963578190743338 0.0265625 0.0375
ckz6ruw8w000z386lc52x10qx 0 0.8551992023141655 0.7482760635811126 0.0265625 0.0375
ckz6ruxwl0011386lwhdpziws 0 0.88734375 0.6879166666666666 0.0265625 0.0375
ckz6ruzco0013386lo3nqjmle 0 0.828125 0.43645833333333334 0.025 0.03958333333333333
ckz6rv4et0015386le3rdpw93 0 0.8685884978991597 0.409375 0.025 0.03958333333333333
ckz6rv5s20017386lyas5kerj 0 0.68671875 0.175 0.0234375 0.03333333333333333
ckz6rva9o0019386ll7e0plel 0 0.6733330933179723 0.13270929339477724 0.0265625 0.03333333333333332
ckz6rvjnr001b386l6bprt2rz 0 0.7671875 0.051041666666666666 0.028125 0.022916666666666665
ckz6rvlfq001d386lt59x4kz2 0 0.7700253052699229 0.06381748071979435 0.0265625 0.033333333333333326
ckz6rvnb8001f386l63s6p1ys 0 0.7126797241784038 0.6387812989045384 0.0265625 0.03333333333333333
ckz6rvpuj001h386lhrb15el1 0 0.5888827758215962 0.48197378716744915 0.0265625 0.03333333333333333
ckz6rvrjs001j386lscfviwaz 0 0.5001797241784038 0.3845363849765258 0.0265625 0.03333333333333333
ckz6rvtvy001l386li54we947 0 0.15390625 0.565625 0.0265625 0.03333333333333333
ckz6rvvx4001n386lwp0hh90g 0 0.017052801724137933 0.2175287356321839 0.0265625 0.03333333333333333
ckz6rvxvs001p386l9u5f2w3s 0 0.078125 0.21875 0.0265625 0.03333333333333333
ckz6rw3in001v386l6bltg9jj 0 0.75546875 0.83125 0.0265625 0.03333333333333333
ckz6rw56s001x386l432ih3l6 0 0.9880057198660716 0.7704659598214285 0.023988560267857117 0.033714657738095254
cl4sse7t80004356hlgz3o2fx 0 0.5744791666666667 0.28020833333333334 0.025 0.035416666666666666
cl4ssee0s0008356hd15z4qn8 0 0.58828125 0.11875 0.0296875 0.05
cl4ssegqi000c356hwxoota92 0 0.6015625 0.20625 0.025 0.04583333333333333
cl4sseopo000g356h6ldd8ms6 0 0.33619791666666665 0.75 0.0390625 0.041666666666666664
cl4swkq5u0003356p8vuhc7nn 0 0.75390625 0.6104166666666667 0.028125 0.035416666666666666
cl4uq6b5l0003356p4ou3mrfw 0 0.85625 0.22395833333333334 0.0375 0.04375
cl4uqbjp9000b356p2175vvqw 0 0.5135793585526316 0.717591831140351 0.0421875 0.04375
