ckz3v9nzv00033867jsekqdcl 0 0.26542194383259915 0.43483847283406757 0.0265625 0.0375
ckz6ru2eb0001386lefk6js4m 0 0.23828125 0.5770833333333333 0.0265625 0.0375
ckz6ru3um0003386l39xwv0yk 0 0.24214205677290837 0.85625 0.0265625 0.0375
ckz6ru5610005386l8uoys4lc 0 0.19453125 0.8458333333333333 0.0265625 0.0375
ckz6ru6of0007386lhf2t4dtw 0 0.08359375 0.80625 0.0265625 0.0375
ckz6ru83f0009386lx7517dwf 0 0.017707320038910505 0.7568174448767835 0.0265625 0.0375
ckz6ru99l000b386l18xh2byu 0 0.13515625 0.18958333333333333 0.0265625 0.0375
ckz6rub67000d386ld3mx1dyi 0 0.24874999999999997 0.19499999999999998 0.0265625 0.041666666666666664
ckz6ruchb000f386lxxpeu5na 0 0.25458984375 0.138671875 0.0265625 0.0375
ckz6rudsb000h386lkwwvc8dz 0 0.28209307553956836 0.22075089928057554 0.0265625 0.0375
ckz6ruf3e000j386lbyqpxw51 0 0.28284673804780874 0.3405793492695883 0.0265625 0.0375
ckz6rugcj000l386lzjazem8c 0 0.128125 0.53125 0.028125 0.05
ckz6rui7o000n386lh32dwmkr 0 0.53896484375 0.9625723379629629 0.0265625 0.0375
ckz6ruj49000p386lndk3j9jv 0 0.6341565148305085 0.5885946327683615 0.0265625 0.0375
ckz6rup8s000r386lkjotnoh0 0 0.48828125 0.86875 0.0265625 0.0375
ckz6rut1n000v386l8rfix41j 0 0.8444414007713885 0.8518320476858344 0.0265625 0.0375
ckz6ruunj000x386l4qiqzsvd 0 0.8350664007713885 0.9768320476858344 0.0265625 0.0375
ckz6ruw8w000z386lc52x10qx 0 0.8518857380785414 0.7526940158952782 0.0265625 0.0375
ckz6ruzco0013386lo3nqjmle 0 0.828125 0.43645833333333334 0.025 0.03958333333333333
ckz6rv4et0015386le3rdpw93 0 0.8666032037815127 0.409375 0.025 0.03958333333333333
ckz6rva9o0019386ll7e0plel 0 0.6621854707792207 0.18011363636363636 0.0265625 0.03333333333333333
ckz6rvlfq001d386lt59x4kz2 0 0.7703030873493976 0.08283132530120481 0.0265625 0.033333333333333326
ckz6rvnb8001f386l63s6p1ys 0 0.71015625 0.6354166666666666 0.0265625 0.03333333333333333
ckz6rvpuj001h386lhrb15el1 0 0.571475429389313 0.5293654580152671 0.02762404580152671 0.03333333333333333
ckz6rvrjs001j386lscfviwaz 0 0.4855575145914397 0.40577983138780804 0.0265625 0.03333333333333333
ckz6rvvx4001n386lwp0hh90g 0 0.00546875 0.30520833333333336 0.0109375 0.035416666666666666
ckz6rvxvs001p386l9u5f2w3s 0 0.5119791666666667 0.44236111111111115 0.028125 0.0375
ckz6rw3in001v386l6bltg9jj 0 0.7251562500000001 0.11291666666666668 0.0265625 0.03333333333333333
ckz6rw56s001x386l432ih3l6 0 0.9763836596385541 0.8516691767068274 0.0234375 0.035416666666666666
cl4ssee0s0008356hd15z4qn8 0 0.58828125 0.11875 0.0296875 0.05
cl4ssegqi000c356hwxoota92 0 0.6015625 0.20625 0.025 0.04583333333333333
cl4sseopo000g356h6ldd8ms6 0 0.01640625 0.030208333333333334 0.0265625 0.03125
cl4uq6b5l0003356p4ou3mrfw 0 0.85625 0.22395833333333334 0.0375 0.04375
cl4uq7un10007356p14ye3ifb 0 0.9834375 0.30291666666666667 0.02062500000000007 0.0375
cl4uqbjp9000b356p2175vvqw 0 0.4980365953947368 0.7417694627192983 0.0421875 0.04375
cl4ur3vs8000v356pe031p1yo 0 0.5026190476190476 0.022814153439153436 0.025 0.02708333333333333
cl4urtjol000z356puo72ztp3 0 0.21197916666666666 0.2791666666666667 0.028124999999999976 0.0375
cl4uru0kq0013356pt4h9yjm1 0 0.5170691287878788 0.012279040404040405 0.0296875 0.01875
cl4urwkrx0017356pikpviaa9 0 0.36953125 0.019010416666666665 0.0234375 0.025520833333333333
cl53eq6de000f356i3cjd5jif 1 0.57109375 0.13333333333333333 0.0890625 0.1125
cl53eqa7m000l356ivf26125u 1 0.3203125 0.21041666666666667 0.103125 0.09583333333333334
