ckz3v9nzv00033867jsekqdcl 0 0.26484375 0.4354166666666667 0.0265625 0.0375
ckz6ru2eb0001386lefk6js4m 0 0.23828125 0.5770833333333333 0.0265625 0.0375
ckz6ru3um0003386l39xwv0yk 0 0.24191048306772908 0.85625 0.0265625 0.0375
ckz6ru5610005386l8uoys4lc 0 0.19453125 0.8458333333333333 0.0265625 0.0375
ckz6ru6of0007386lhf2t4dtw 0 0.08359375 0.80625 0.0265625 0.0375
ckz6ru83f0009386lx7517dwf 0 0.015445646887159537 0.7639794098573282 0.0265625 0.0375
ckz6ru99l000b386l18xh2byu 0 0.13515625 0.18958333333333333 0.0265625 0.0375
ckz6rub67000d386ld3mx1dyi 0 0.27193509615384615 0.23525641025641025 0.0265625 0.041666666666666664
ckz6ruchb000f386lxxpeu5na 0 0.2477783203125 0.14775390625 0.0265625 0.0375
ckz6rudsb000h386lkwwvc8dz 0 0.281570368705036 0.2214478417266187 0.0265625 0.0375
ckz6ruf3e000j386lbyqpxw51 0 0.27563048245614036 0.3506578947368421 0.0265625 0.0375
ckz6rugcj000l386lzjazem8c 0 0.0640625 0.56875 0.028125 0.05
ckz6rui7o000n386lh32dwmkr 0 0.5339414806002928 0.9733803074670571 0.0265625 0.0375
ckz6ruj49000p386lndk3j9jv 0 0.6298463983050848 0.5984463276836158 0.0265625 0.0375
ckz6rup8s000r386lkjotnoh0 0 0.48828125 0.86875 0.0265625 0.0375
ckz6rut1n000v386l8rfix41j 0 0.8436261833800842 0.8542776998597474 0.0265625 0.0375
ckz6ruunj000x386l4qiqzsvd 0 0.8342511833800842 0.9792776998597474 0.0265625 0.0375
ckz6ruw8w000z386lc52x10qx 0 0.8512743250350632 0.7535092332865825 0.0265625 0.0375
ckz6ruzco0013386lo3nqjmle 0 0.828125 0.43645833333333334 0.025 0.03958333333333333
ckz6rv4et0015386le3rdpw93 0 0.866236869747899 0.409375 0.025 0.03958333333333333
ckz6rva9o0019386ll7e0plel 0 0.6609273538961039 0.1859848484848485 0.0265625 0.03333333333333333
ckz6rvlfq001d386lt59x4kz2 0 0.76796875 0.0875 0.0265625 0.03333333333333333
ckz6rvnb8001f386l63s6p1ys 0 0.71015625 0.6354166666666666 0.0265625 0.03333333333333333
ckz6rvpuj001h386lhrb15el1 0 0.5637106393129772 0.5404580152671755 0.028733301526717537 0.03333333333333328
ckz6rvrjs001j386lscfviwaz 0 0.4805825745033113 0.4086644591611479 0.0265625 0.03333333333333333
ckz6rvxvs001p386l9u5f2w3s 0 0.6296875 0.5770833333333333 0.028125 0.0375
ckz6rw3in001v386l6bltg9jj 0 0.65546875 0.07291666666666667 0.0265625 0.03333333333333333
ckz6rw56s001x386l432ih3l6 0 0.9745592948717949 0.8654380341880342 0.0234375 0.035416666666666666
cl4ssee0s0008356hd15z4qn8 0 0.58828125 0.11875 0.0296875 0.05
cl4ssegqi000c356hwxoota92 0 0.6015625 0.20625 0.025 0.04583333333333333
cl4uq6b5l0003356p4ou3mrfw 0 0.85625 0.22395833333333334 0.0375 0.04375
cl4uq7un10007356p14ye3ifb 0 0.91640625 0.23333333333333334 0.0328125 0.041666666666666664
cl4uqbjp9000b356p2175vvqw 0 0.49569554004854366 0.7453226132686085 0.0421875 0.04375
cl4ur3vs8000v356pe031p1yo 0 0.5053869047619048 0.0252744708994709 0.025 0.027083333333333338
cl4urtjol000z356puo72ztp3 0 0.07630208333333334 0.30451388888888886 0.0296875 0.03958333333333333
cl4uru0kq0013356pt4h9yjm1 0 0.5126657196969697 0.013746843434343433 0.0296875 0.01875
cl4urwkrx0017356pikpviaa9 0 0.366604502688172 0.027072132616487457 0.0234375 0.027083333333333338
cl4urzbou001b356p2c0bz1ci 0 0.02890625 0.09583333333333334 0.0296875 0.03333333333333333
cl53eq6de000f356i3cjd5jif 1 0.57109375 0.13333333333333333 0.0890625 0.1125
cl53eqa7m000l356ivf26125u 1 0.3203125 0.21041666666666667 0.103125 0.09583333333333334
