ckz3v9nzv00033867jsekqdcl 0 0.2750345685840708 0.4151548672566372 0.0265625 0.0375
ckz6ru2eb0001386lefk6js4m 0 0.23828125 0.5817488262910798 0.0265625 0.0375
ckz6ru3um0003386l39xwv0yk 0 0.24530149647887325 0.8500293427230047 0.0265625 0.0375
ckz6ru5610005386l8uoys4lc 0 0.19453125 0.8458333333333333 0.0265625 0.0375
ckz6ru6of0007386lhf2t4dtw 0 0.08359375 0.80625 0.0265625 0.0375
ckz6ru83f0009386lx7517dwf 0 0.029280369718309864 0.7281396713615024 0.0265625 0.0375
ckz6ru99l000b386l18xh2byu 0 0.13515625 0.18958333333333333 0.0265625 0.0375
ckz6rub67000d386ld3mx1dyi 0 0.19708806818181818 0.1268939393939394 0.02656249999999998 0.0375
ckz6ruchb000f386lxxpeu5na 0 0.3084765625 0.09798611111111111 0.0265625 0.0375
ckz6rudsb000h386lkwwvc8dz 0 0.2848527428057554 0.2170713429256595 0.0265625 0.0375
ckz6ruf3e000j386lbyqpxw51 0 0.31405149647887326 0.3057511737089202 0.0265625 0.0375
ckz6rugcj000l386lzjazem8c 0 0.41640625 0.16041666666666668 0.0265625 0.041666666666666664
ckz6rui7o000n386lh32dwmkr 0 0.5827574823943662 0.8776701877934272 0.0265625 0.0375
ckz6ruj49000p386lndk3j9jv 0 0.6461930997109826 0.5641257225433526 0.0265625 0.0375
ckz6rup8s000r386lkjotnoh0 0 0.48828125 0.86875 0.0265625 0.0375
ckz6rurv1000t386llsdca8lh 0 0.53203125 0.7770833333333333 0.0265625 0.0375
ckz6rut1n000v386l8rfix41j 0 0.8487453979663394 0.8389200561009817 0.0265625 0.0375
ckz6ruunj000x386l4qiqzsvd 0 0.8393703979663394 0.9639200561009817 0.0265625 0.0375
ckz6ruw8w000z386lc52x10qx 0 0.8551137359747546 0.7483900187003273 0.0265625 0.0375
ckz6ruxwl0011386lwhdpziws 0 0.92734375 0.6770833333333334 0.0265625 0.0375
ckz6ruzco0013386lo3nqjmle 0 0.828125 0.43645833333333334 0.025 0.03958333333333333
ckz6rv4et0015386le3rdpw93 0 0.8685372899159663 0.409375 0.025 0.03958333333333333
ckz6rv5s20017386lyas5kerj 0 0.69609375 0.17604166666666668 0.0234375 0.035416666666666666
ckz6rva9o0019386ll7e0plel 0 0.6730522753456222 0.13383256528417817 0.0265625 0.03333333333333332
ckz6rvlfq001d386lt59x4kz2 0 0.770181956940874 0.06423521850899742 0.0265625 0.03333333333333333
ckz6rvnb8001f386l63s6p1ys 0 0.7124889964788732 0.6385269953051643 0.0265625 0.03333333333333333
ckz6rvpuj001h386lhrb15el1 0 0.5890735035211268 0.4828638497652582 0.0265625 0.03333333333333333
ckz6rvrjs001j386lscfviwaz 0 0.4999889964788732 0.38491784037558685 0.0265625 0.03333333333333333
ckz6rvtvy001l386li54we947 0 0.11328125 0.5395833333333333 0.0296875 0.0375
ckz6rvvx4001n386lwp0hh90g 0 0.01775323275862069 0.2184626436781609 0.0265625 0.03333333333333333
ckz6rvxvs001p386l9u5f2w3s 0 0.07421875 0.25 0.028125 0.0375
ckz6rw3in001v386l6bltg9jj 0 0.74453125 0.8 0.0265625 0.03333333333333333
ckz6rw56s001x386l432ih3l6 0 0.9884137834821429 0.7710100446428572 0.023172433035714236 0.03383556547619051
cl4sse7t80004356hlgz3o2fx 0 0.596875 0.28854166666666664 0.025 0.035416666666666666
cl4ssee0s0008356hd15z4qn8 0 0.58828125 0.11875 0.0296875 0.05
cl4ssegqi000c356hwxoota92 0 0.6015625 0.20625 0.025 0.04583333333333333
cl4sseopo000g356h6ldd8ms6 0 0.35435267857142855 0.7282738095238095 0.0390625 0.041666666666666664
cl4swkq5u0003356p8vuhc7nn 0 0.6921875 0.5885416666666666 0.028125 0.035416666666666666
cl4uq6b5l0003356p4ou3mrfw 0 0.85625 0.22395833333333334 0.0375 0.04375
cl4uqbjp9000b356p2175vvqw 0 0.5131784539473684 0.7182154605263158 0.0421875 0.04375
