ckz3v9nzv00033867jsekqdcl 0 0.2751175331858407 0.4148598820058997 0.0265625 0.0375
ckz6ru2eb0001386lefk6js4m 0 0.23828125 0.581924882629108 0.0265625 0.0375
ckz6ru3um0003386l39xwv0yk 0 0.2453895246478873 0.8497946009389672 0.0265625 0.0375
ckz6ru5610005386l8uoys4lc 0 0.19453125 0.8458333333333333 0.0265625 0.0375
ckz6ru6of0007386lhf2t4dtw 0 0.08359375 0.80625 0.0265625 0.0375
ckz6ru83f0009386lx7517dwf 0 0.029412411971830987 0.7280223004694836 0.0265625 0.0375
ckz6ru99l000b386l18xh2byu 0 0.13515625 0.18958333333333333 0.0265625 0.0375
ckz6rub67000d386ld3mx1dyi 0 0.19538352272727272 0.1263257575757576 0.02656249999999998 0.03750000000000001
ckz6ruchb000f386lxxpeu5na 0 0.3091833726415094 0.09752358490566038 0.0265625 0.0375
ckz6rudsb000h386lkwwvc8dz 0 0.2848864658273381 0.2170263788968825 0.0265625 0.0375
ckz6ruf3e000j386lbyqpxw51 0 0.3141395246478873 0.305575117370892 0.0265625 0.0375
ckz6rugcj000l386lzjazem8c 0 0.4091145833333333 0.12708333333333333 0.026562499999999954 0.041666666666666664
ckz6rui7o000n386lh32dwmkr 0 0.5831976232394366 0.8771420187793427 0.0265625 0.0375
ckz6ruj49000p386lndk3j9jv 0 0.646355671965318 0.5639450867052023 0.0265625 0.0375
ckz6rup8s000r386lkjotnoh0 0 0.48828125 0.86875 0.0265625 0.0375
ckz6rurv1000t386llsdca8lh 0 0.52578125 0.7895833333333333 0.0265625 0.0375
ckz6rut1n000v386l8rfix41j 0 0.8487979926367462 0.8387622720897615 0.0265625 0.0375
ckz6ruunj000x386l4qiqzsvd 0 0.8394229926367462 0.9637622720897615 0.0265625 0.0375
ckz6ruw8w000z386lc52x10qx 0 0.8551531819775595 0.7483374240299204 0.0265625 0.0375
ckz6ruxwl0011386lwhdpziws 0 0.90390625 0.6989583333333333 0.0265625 0.0375
ckz6ruzco0013386lo3nqjmle 0 0.828125 0.43645833333333334 0.025 0.03958333333333333
ckz6rv4et0015386le3rdpw93 0 0.868560924369748 0.409375 0.025 0.03958333333333333
ckz6rv5s20017386lyas5kerj 0 0.687890625 0.16875 0.0234375 0.03333333333333333
ckz6rva9o0019386ll7e0plel 0 0.673181883640553 0.1333141321044547 0.0265625 0.03333333333333333
ckz6rvlfq001d386lt59x4kz2 0 0.7701096561696658 0.06404241645244216 0.0265625 0.033333333333333326
ckz6rvnb8001f386l63s6p1ys 0 0.7125770246478873 0.6386443661971831 0.0265625 0.03333333333333333
ckz6rvpuj001h386lhrb15el1 0 0.5889854753521127 0.48245305164319247 0.0265625 0.03333333333333333
ckz6rvrjs001j386lscfviwaz 0 0.5000770246478873 0.38474178403755865 0.0265625 0.03333333333333333
ckz6rvtvy001l386li54we947 0 0.14921875 0.5541666666666667 0.0296875 0.0375
ckz6rvvx4001n386lwp0hh90g 0 0.017429956896551725 0.21803160919540232 0.0265625 0.03333333333333333
ckz6rvxvs001p386l9u5f2w3s 0 0.07578125 0.23541666666666666 0.0265625 0.03333333333333333
ckz6rw3in001v386l6bltg9jj 0 0.75078125 0.8114583333333333 0.0265625 0.03333333333333333
ckz6rw56s001x386l432ih3l6 0 0.9882254464285716 0.7707589285714285 0.023549107142857118 0.033779761904761924
cl4sse7t80004356hlgz3o2fx 0 0.5729910714285714 0.2930059523809524 0.025 0.035416666666666666
cl4ssee0s0008356hd15z4qn8 0 0.58828125 0.11875 0.0296875 0.05
cl4ssegqi000c356hwxoota92 0 0.6015625 0.20625 0.025 0.04583333333333333
cl4sseopo000g356h6ldd8ms6 0 0.34359375000000003 0.73 0.0390625 0.041666666666666664
cl4swkq5u0003356p8vuhc7nn 0 0.73125 0.565625 0.028125 0.035416666666666666
cl4uq6b5l0003356p4ou3mrfw 0 0.85625 0.22395833333333334 0.0375 0.04375
cl4uqbjp9000b356p2175vvqw 0 0.5133634868421052 0.7179276315789473 0.0421875 0.04375
