ckz3v9nzv00033867jsekqdcl 0 0.26484375 0.4354166666666667 0.0265625 0.0375
ckz6ru2eb0001386lefk6js4m 0 0.23828125 0.5770833333333333 0.0265625 0.0375
ckz6ru3um0003386l39xwv0yk 0 0.24192044322709166 0.85625 0.0265625 0.0375
ckz6ru5610005386l8uoys4lc 0 0.19453125 0.8458333333333333 0.0265625 0.0375
ckz6ru6of0007386lhf2t4dtw 0 0.08359375 0.80625 0.0265625 0.0375
ckz6ru83f0009386lx7517dwf 0 0.015542923151750977 0.7636713683527886 0.0265625 0.0375
ckz6ru99l000b386l18xh2byu 0 0.13515625 0.18958333333333333 0.0265625 0.0375
ckz6rub67000d386ld3mx1dyi 0 0.27049278846153846 0.23076923076923078 0.0265625 0.041666666666666664
ckz6ruchb000f386lxxpeu5na 0 0.2480712890625 0.14736328125 0.0265625 0.0375
ckz6rudsb000h386lkwwvc8dz 0 0.28159285071942447 0.22141786570743405 0.0265625 0.0375
ckz6ruf3e000j386lbyqpxw51 0 0.27590460526315785 0.35021929824561404 0.0265625 0.0375
ckz6rugcj000l386lzjazem8c 0 0.064453125 0.5479166666666667 0.028125 0.05
ckz6rui7o000n386lh32dwmkr 0 0.5339048773792093 0.9733315031722791 0.0265625 0.0375
ckz6ruj49000p386lndk3j9jv 0 0.630031779661017 0.5980225988700565 0.0265625 0.0375
ckz6rup8s000r386lkjotnoh0 0 0.48828125 0.86875 0.0265625 0.0375
ckz6rut1n000v386l8rfix41j 0 0.8436612464936886 0.8541725105189341 0.0265625 0.0375
ckz6ruunj000x386l4qiqzsvd 0 0.8342862464936885 0.9791725105189341 0.0265625 0.0375
ckz6ruw8w000z386lc52x10qx 0 0.8513006223702664 0.753474170172978 0.0265625 0.0375
ckz6ruzco0013386lo3nqjmle 0 0.828125 0.43645833333333334 0.025 0.03958333333333333
ckz6rv4et0015386le3rdpw93 0 0.8662526260504201 0.409375 0.025 0.03958333333333333
ckz6rva9o0019386ll7e0plel 0 0.6609814664502165 0.18573232323232325 0.0265625 0.03333333333333333
ckz6rvlfq001d386lt59x4kz2 0 0.7680691516064256 0.08729919678714859 0.0265625 0.03333333333333333
ckz6rvnb8001f386l63s6p1ys 0 0.71015625 0.6354166666666666 0.0265625 0.03333333333333333
ckz6rvpuj001h386lhrb15el1 0 0.5640446087786259 0.5399809160305343 0.028685591603053416 0.03333333333333328
ckz6rvrjs001j386lscfviwaz 0 0.48074813741721856 0.4083885209713024 0.0265625 0.03333333333333333
ckz6rvxvs001p386l9u5f2w3s 0 0.609375 0.58125 0.028125 0.0375
ckz6rw3in001v386l6bltg9jj 0 0.65546875 0.08020833333333334 0.0265625 0.03333333333333333
ckz6rw56s001x386l432ih3l6 0 0.974639423076923 0.8649038461538461 0.0234375 0.035416666666666666
cl4ssee0s0008356hd15z4qn8 0 0.58828125 0.11875 0.0296875 0.05
cl4ssegqi000c356hwxoota92 0 0.6015625 0.20625 0.025 0.04583333333333333
cl4uq6b5l0003356p4ou3mrfw 0 0.85625 0.22395833333333334 0.0375 0.04375
cl4uq7un10007356p14ye3ifb 0 0.9263020833333334 0.21597222222222223 0.0328125 0.041666666666666664
cl4uqbjp9000b356p2175vvqw 0 0.49574863470873787 0.7452518203883495 0.0421875 0.04375
cl4ur3vs8000v356pe031p1yo 0 0.5052678571428572 0.025168650793650795 0.025 0.027083333333333338
cl4urtjol000z356puo72ztp3 0 0.08203125 0.30104166666666665 0.0296875 0.03958333333333333
cl4uru0kq0013356pt4h9yjm1 0 0.5128551136363637 0.01368371212121212 0.0296875 0.01875
cl4urwkrx0017356pikpviaa9 0 0.3666985887096774 0.02671370967741936 0.0234375 0.027083333333333338
cl4urzbou001b356p2c0bz1ci 0 0.034375 0.09895833333333333 0.0296875 0.03333333333333333
cl53eq6de000f356i3cjd5jif 1 0.57109375 0.13333333333333333 0.0890625 0.1125
cl53eqa7m000l356ivf26125u 1 0.3203125 0.21041666666666667 0.103125 0.09583333333333334
