ckz3v9nzv00033867jsekqdcl 0 0.2691939702643172 0.4310664464023495 0.0265625 0.0375
ckz6ru2eb0001386lefk6js4m 0 0.23828125 0.5770833333333333 0.0265625 0.0375
ckz6ru3um0003386l39xwv0yk 0 0.24248319223107567 0.85625 0.0265625 0.0375
ckz6ru5610005386l8uoys4lc 0 0.19453125 0.8458333333333333 0.0265625 0.0375
ckz6ru6of0007386lhf2t4dtw 0 0.08359375 0.80625 0.0265625 0.0375
ckz6ru83f0009386lx7517dwf 0 0.021039032101167317 0.7462670233463036 0.0265625 0.0375
ckz6ru99l000b386l18xh2byu 0 0.13515625 0.18958333333333333 0.0265625 0.0375
ckz6rub67000d386ld3mx1dyi 0 0.22203124999999999 0.18291666666666667 0.0265625 0.041666666666666664
ckz6ruchb000f386lxxpeu5na 0 0.2646240234375 0.12529296875 0.0265625 0.0375
ckz6rudsb000h386lkwwvc8dz 0 0.28286308453237413 0.2197242206235012 0.0265625 0.0375
ckz6ruf3e000j386lbyqpxw51 0 0.293933640438247 0.32579681274900396 0.0265625 0.0375
ckz6rugcj000l386lzjazem8c 0 0.19375 0.5201388888888889 0.028125 0.04583333333333339
ckz6rui7o000n386lh32dwmkr 0 0.5521264486754967 0.9358995584988963 0.0265625 0.0375
ckz6ruj49000p386lndk3j9jv 0 0.63828125 0.5764393939393939 0.0265625 0.0375
ckz6rup8s000r386lkjotnoh0 0 0.48828125 0.86875 0.0265625 0.0375
ckz6rut1n000v386l8rfix41j 0 0.8456423124123422 0.8482293127629733 0.0265625 0.0375
ckz6ruunj000x386l4qiqzsvd 0 0.8362673124123422 0.9732293127629733 0.0265625 0.0375
ckz6ruw8w000z386lc52x10qx 0 0.8527864218092567 0.7514931042543245 0.0265625 0.0375
ckz6ruzco0013386lo3nqjmle 0 0.828125 0.43645833333333334 0.025 0.03958333333333333
ckz6rv4et0015386le3rdpw93 0 0.8671428571428571 0.409375 0.025 0.03958333333333333
ckz6rva9o0019386ll7e0plel 0 0.664698254048583 0.16885964912280702 0.0265625 0.03333333333333333
ckz6rvlfq001d386lt59x4kz2 0 0.7737418423694779 0.07595381526104418 0.0265625 0.03333333333333334
ckz6rvnb8001f386l63s6p1ys 0 0.71015625 0.6354166666666666 0.0265625 0.03333333333333333
ckz6rvpuj001h386lhrb15el1 0 0.5816335227272728 0.5123863636363636 0.0265625 0.03333333333333333
ckz6rvrjs001j386lscfviwaz 0 0.49388679474708175 0.4046692607003891 0.0265625 0.03333333333333333
ckz6rvvx4001n386lwp0hh90g 0 0.008733552631578947 0.2843421052631579 0.017467105263157895 0.03333333333333333
ckz6rvxvs001p386l9u5f2w3s 0 0.396875 0.4666666666666667 0.028125 0.0375
ckz6rw3in001v386l6bltg9jj 0 0.76484375 0.30833333333333335 0.0265625 0.03333333333333333
ckz6rw56s001x386l432ih3l6 0 0.9837910353535353 0.8246106902356902 0.018686868686868686 0.035416666666666666
cl4sse7t80004356hlgz3o2fx 0 0.796875 0.91875 0.0390625 0.041666666666666664
cl4ssee0s0008356hd15z4qn8 0 0.58828125 0.11875 0.0296875 0.05
cl4ssegqi000c356hwxoota92 0 0.6015625 0.20625 0.025 0.04583333333333333
cl4sseopo000g356h6ldd8ms6 0 0.13046875 0.22447916666666667 0.0359375 0.04583333333333333
cl4uq6b5l0003356p4ou3mrfw 0 0.85625 0.22395833333333334 0.0375 0.04375
cl4uqbjp9000b356p2175vvqw 0 0.5022615131578948 0.7351973684210527 0.0421875 0.04375
cl4ur3tl4000r356p5yynq6lr 0 0.41171875 0.11101190476190476 0.0234375 0.029166666666666667
cl4ur3vs8000v356pe031p1yo 0 0.49854166666666666 0.019189814814814816 0.025 0.027083333333333334
cl4urtjol000z356puo72ztp3 0 0.371875 0.05041666666666667 0.028125 0.037500000000000006
cl4uru0kq0013356pt4h9yjm1 0 0.5235558712121212 0.010116792929292929 0.0296875 0.01875
cl53eq6de000f356i3cjd5jif 1 0.57109375 0.13333333333333333 0.0890625 0.1125
cl53eqa7m000l356ivf26125u 1 0.3203125 0.21041666666666667 0.103125 0.09583333333333334
