ckz3v9nzv00033867jsekqdcl 0 0.2656697411894273 0.43459067547723934 0.0265625 0.0375
ckz6ru2eb0001386lefk6js4m 0 0.23828125 0.5770833333333333 0.0265625 0.0375
ckz6ru3um0003386l39xwv0yk 0 0.24216446713147408 0.85625 0.0265625 0.0375
ckz6ru5610005386l8uoys4lc 0 0.19453125 0.8458333333333333 0.0265625 0.0375
ckz6ru6of0007386lhf2t4dtw 0 0.08359375 0.80625 0.0265625 0.0375
ckz6ru83f0009386lx7517dwf 0 0.017926191634241244 0.7561243514915694 0.0265625 0.0375
ckz6ru99l000b386l18xh2byu 0 0.13515625 0.18958333333333333 0.0265625 0.0375
ckz6rub67000d386ld3mx1dyi 0 0.246640625 0.19125 0.0265625 0.041666666666666664
ckz6ruchb000f386lxxpeu5na 0 0.2552490234375 0.13779296875 0.0265625 0.0375
ckz6rudsb000h386lkwwvc8dz 0 0.2821436600719424 0.22068345323741007 0.0265625 0.0375
ckz6ruf3e000j386lbyqpxw51 0 0.28357507470119525 0.3396082337317397 0.0265625 0.0375
ckz6rugcj000l386lzjazem8c 0 0.1353125 0.5295833333333333 0.028125 0.05
ckz6rui7o000n386lh32dwmkr 0 0.53984375 0.9608796296296297 0.0265625 0.0375
ckz6ruj49000p386lndk3j9jv 0 0.634573622881356 0.587641242937853 0.0265625 0.0375
ckz6rup8s000r386lkjotnoh0 0 0.48828125 0.86875 0.0265625 0.0375
ckz6rut1n000v386l8rfix41j 0 0.8445202927769986 0.8515953716690042 0.0265625 0.0375
ckz6ruunj000x386l4qiqzsvd 0 0.8351452927769986 0.9765953716690042 0.0265625 0.0375
ckz6ruw8w000z386lc52x10qx 0 0.851944907082749 0.7526151238896681 0.0265625 0.0375
ckz6ruzco0013386lo3nqjmle 0 0.828125 0.43645833333333334 0.025 0.03958333333333333
ckz6rv4et0015386le3rdpw93 0 0.8666386554621848 0.409375 0.025 0.03958333333333333
ckz6rva9o0019386ll7e0plel 0 0.6623072240259741 0.17954545454545456 0.0265625 0.03333333333333333
ckz6rvlfq001d386lt59x4kz2 0 0.7705289909638554 0.08237951807228915 0.0265625 0.033333333333333326
ckz6rvnb8001f386l63s6p1ys 0 0.71015625 0.6354166666666666 0.0265625 0.03333333333333333
ckz6rvpuj001h386lhrb15el1 0 0.5722268606870229 0.5282919847328245 0.027516698473282464 0.033333333333333395
ckz6rvrjs001j386lscfviwaz 0 0.4861046935797665 0.40570687418936446 0.0265625 0.03333333333333333
ckz6rvvx4001n386lwp0hh90g 0 0.00546875 0.30520833333333336 0.0109375 0.035416666666666666
ckz6rvxvs001p386l9u5f2w3s 0 0.5109375 0.4756944444444445 0.028125 0.0375
ckz6rw3in001v386l6bltg9jj 0 0.74296875 0.12916666666666668 0.0265625 0.03333333333333333
ckz6rw56s001x386l432ih3l6 0 0.9765530873493976 0.8500878514056225 0.0234375 0.035416666666666666
cl4ssee0s0008356hd15z4qn8 0 0.58828125 0.11875 0.0296875 0.05
cl4ssegqi000c356hwxoota92 0 0.6015625 0.20625 0.025 0.04583333333333333
cl4sseopo000g356h6ldd8ms6 0 0.02265625 0.05520833333333333 0.0296875 0.03958333333333333
cl4uq6b5l0003356p4ou3mrfw 0 0.85625 0.22395833333333334 0.0375 0.04375
cl4uq7un10007356p14ye3ifb 0 0.9921875 0.30416666666666664 0.015104166666666785 0.0375
cl4uqbjp9000b356p2175vvqw 0 0.4983141447368421 0.7413377192982457 0.0421875 0.04375
cl4ur3vs8000v356pe031p1yo 0 0.5023511904761905 0.022576058201058197 0.025 0.02708333333333333
cl4urtjol000z356puo72ztp3 0 0.23125 0.2604166666666667 0.028125 0.0375
cl4uru0kq0013356pt4h9yjm1 0 0.5174952651515151 0.01213699494949495 0.0296875 0.01875
cl4urwkrx0017356pikpviaa9 0 0.3699330357142857 0.018273809523809526 0.0234375 0.025119047619047617
cl53eq6de000f356i3cjd5jif 1 0.57109375 0.13333333333333333 0.0890625 0.1125
cl53eqa7m000l356ivf26125u 1 0.3203125 0.21041666666666667 0.103125 0.09583333333333334
