ckz3v9nzv00033867jsekqdcl 0 0.27439850663716814 0.41741642084562436 0.0265625 0.0375
ckz6ru2eb0001386lefk6js4m 0 0.23828125 0.5803990610328639 0.0265625 0.0375
ckz6ru3um0003386l39xwv0yk 0 0.24462661384976525 0.8518290297339594 0.0265625 0.0375
ckz6ru5610005386l8uoys4lc 0 0.19453125 0.8458333333333333 0.0265625 0.0375
ckz6ru6of0007386lhf2t4dtw 0 0.08359375 0.80625 0.0265625 0.0375
ckz6ru83f0009386lx7517dwf 0 0.028268045774647886 0.7290395148669796 0.0265625 0.0375
ckz6ru99l000b386l18xh2byu 0 0.13515625 0.18958333333333333 0.0265625 0.0375
ckz6rub67000d386ld3mx1dyi 0 0.20362215909090908 0.14090909090909093 0.0265625 0.03750000000000001
ckz6ruchb000f386lxxpeu5na 0 0.3030859375 0.10118055555555557 0.0265625 0.0375
ckz6rudsb000h386lkwwvc8dz 0 0.28459419964028776 0.21741606714628298 0.0265625 0.0375
ckz6ruf3e000j386lbyqpxw51 0 0.31337661384976523 0.30710093896713614 0.0265625 0.0375
ckz6rugcj000l386lzjazem8c 0 0.37265625 0.2125 0.0265625 0.041666666666666664
ckz6rui7o000n386lh32dwmkr 0 0.5793830692488263 0.8817194835680751 0.0265625 0.0375
ckz6ruj49000p386lndk3j9jv 0 0.6449467124277457 0.5655105973025047 0.0265625 0.0375
ckz6rup8s000r386lkjotnoh0 0 0.48828125 0.86875 0.0265625 0.0375
ckz6rurv1000t386llsdca8lh 0 0.61796875 0.8130208333333333 0.0234375 0.0375
ckz6rut1n000v386l8rfix41j 0 0.8483421721598878 0.8401297335203366 0.0265625 0.0375
ckz6ruunj000x386l4qiqzsvd 0 0.8389671721598878 0.9651297335203366 0.0265625 0.0375
ckz6ruw8w000z386lc52x10qx 0 0.8548113166199158 0.7487932445067789 0.0265625 0.0375
ckz6ruxwl0011386lwhdpziws 0 0.93515625 0.7822916666666667 0.0265625 0.04375
ckz6ruzco0013386lo3nqjmle 0 0.828125 0.43645833333333334 0.025 0.03958333333333333
ckz6rv4et0015386le3rdpw93 0 0.8683560924369749 0.409375 0.025 0.03958333333333333
ckz6rv5s20017386lyas5kerj 0 0.65859375 0.14270833333333333 0.0234375 0.035416666666666666
ckz6rva9o0019386ll7e0plel 0 0.672058611751152 0.13780721966205836 0.0265625 0.03333333333333332
ckz6rvlfq001d386lt59x4kz2 0 0.7707362628534704 0.0657133676092545 0.0265625 0.03333333333333334
ckz6rvnb8001f386l63s6p1ys 0 0.7118141138497653 0.6376271517996871 0.0265625 0.03333333333333333
ckz6rvpuj001h386lhrb15el1 0 0.5897483861502347 0.4860133020344288 0.0265625 0.03333333333333333
ckz6rvrjs001j386lscfviwaz 0 0.4993141138497653 0.3862676056338028 0.0265625 0.03333333333333333
ckz6rvtvy001l386li54we947 0 0.048593750000000005 0.47708333333333336 0.0296875 0.0375
ckz6rvvx4001n386lwp0hh90g 0 0.0166015625 0.226953125 0.0265625 0.03333333333333333
ckz6rvxvs001p386l9u5f2w3s 0 0.13177083333333334 0.2798611111111111 0.028125 0.037500000000000026
ckz6rw3in001v386l6bltg9jj 0 0.776171875 0.75 0.0265625 0.03333333333333333
ckz6rw56s001x386l432ih3l6 0 0.9898577008928571 0.7729352678571428 0.020284598214285764 0.034263392857142826
cl4sse7t80004356hlgz3o2fx 0 0.621875 0.38333333333333336 0.025 0.035416666666666666
cl4ssee0s0008356hd15z4qn8 0 0.58828125 0.11875 0.0296875 0.05
cl4ssegqi000c356hwxoota92 0 0.6015625 0.20625 0.025 0.04583333333333333
cl4sseopo000g356h6ldd8ms6 0 0.2950520833333333 0.6708333333333333 0.0390625 0.041666666666666664
cl4swkq5u0003356p8vuhc7nn 0 0.57109375 0.590625 0.028125 0.035416666666666666
cl4uq6b5l0003356p4ou3mrfw 0 0.85625 0.22395833333333334 0.0375 0.04375
cl4uqbjp9000b356p2175vvqw 0 0.5117598684210527 0.720422149122807 0.0421875 0.04375
