ckz3v9nzv00033867jsekqdcl 0 0.2716191924778761 0.42729842674532936 0.0265625 0.0375
ckz6ru2eb0001386lefk6js4m 0 0.23828125 0.5770833333333333 0.0265625 0.0375
ckz6ru3um0003386l39xwv0yk 0 0.24274962649402393 0.85625 0.0265625 0.0375
ckz6ru5610005386l8uoys4lc 0 0.19453125 0.8458333333333333 0.0265625 0.0375
ckz6ru6of0007386lhf2t4dtw 0 0.08359375 0.80625 0.0265625 0.0375
ckz6ru83f0009386lx7517dwf 0 0.023641172178988323 0.7380269130998703 0.0265625 0.0375
ckz6ru99l000b386l18xh2byu 0 0.13515625 0.18958333333333333 0.0265625 0.0375
ckz6rub67000d386ld3mx1dyi 0 0.22265625 0.17407407407407408 0.0265625 0.039814814814814824
ckz6ruchb000f386lxxpeu5na 0 0.27815193965517243 0.11659482758620691 0.0265625 0.03750000000000001
ckz6rudsb000h386lkwwvc8dz 0 0.2834644784172662 0.21892236211031174 0.0265625 0.0375
ckz6ruf3e000j386lbyqpxw51 0 0.3034133808724832 0.3165687919463087 0.0265625 0.0375
ckz6rugcj000l386lzjazem8c 0 0.28203125 0.41458333333333336 0.0265625 0.041666666666666664
ckz6rui7o000n386lh32dwmkr 0 0.5622869318181818 0.9134469696969697 0.0265625 0.0375
ckz6ruj49000p386lndk3j9jv 0 0.6395005419075145 0.5715618978805395 0.0265625 0.0375
ckz6rup8s000r386lkjotnoh0 0 0.48828125 0.86875 0.0265625 0.0375
ckz6rurv1000t386llsdca8lh 0 0.97109375 0.9541666666666667 0.0234375 0.0375
ckz6rut1n000v386l8rfix41j 0 0.8465802507012622 0.8454154978962133 0.0265625 0.0375
ckz6ruunj000x386l4qiqzsvd 0 0.8372052507012622 0.9704154978962133 0.0265625 0.0375
ckz6ruw8w000z386lc52x10qx 0 0.8534898755259468 0.7505551659654045 0.0265625 0.0375
ckz6ruzco0013386lo3nqjmle 0 0.828125 0.43645833333333334 0.025 0.03958333333333333
ckz6rv4et0015386le3rdpw93 0 0.8675643382352941 0.409375 0.025 0.03958333333333333
ckz6rva9o0019386ll7e0plel 0 0.6674057439271255 0.15712719298245614 0.0265625 0.03333333333333333
ckz6rvlfq001d386lt59x4kz2 0 0.773158338688946 0.07217223650385604 0.0265625 0.03333333333333334
ckz6rvnb8001f386l63s6p1ys 0 0.71015625 0.6354166666666666 0.0265625 0.03333333333333333
ckz6rvpuj001h386lhrb15el1 0 0.5872709116541353 0.5006422305764411 0.0265625 0.03333333333333333
ckz6rvrjs001j386lscfviwaz 0 0.49765625 0.39923245614035086 0.0265625 0.03333333333333333
ckz6rvvx4001n386lwp0hh90g 0 0.01328125 0.26875 0.0265625 0.03333333333333333
ckz6rvxvs001p386l9u5f2w3s 0 0.315625 0.41458333333333336 0.028125 0.0375
ckz6rw3in001v386l6bltg9jj 0 0.7765625 0.50625 0.0265625 0.03333333333333333
ckz6rw56s001x386l432ih3l6 0 0.9918126578282829 0.8020938552188552 0.012776199494949481 0.035416666666666666
cl4sse7t80004356hlgz3o2fx 0 0.73984375 0.7197916666666667 0.0296875 0.041666666666666664
cl4ssee0s0008356hd15z4qn8 0 0.58828125 0.11875 0.0296875 0.05
cl4ssegqi000c356hwxoota92 0 0.6015625 0.20625 0.025 0.04583333333333333
cl4sseopo000g356h6ldd8ms6 0 0.19609375 0.4083333333333333 0.0359375 0.04583333333333333
cl4swkq5u0003356p8vuhc7nn 0 0.01901041666666667 0.24375 0.028645833333333336 0.03194444444444446
cl4uq6b5l0003356p4ou3mrfw 0 0.85625 0.22395833333333334 0.0375 0.04375
cl4uqbjp9000b356p2175vvqw 0 0.5055612664473684 0.7300644188596491 0.0421875 0.04375
cl53eq6de000f356i3cjd5jif 1 0.57109375 0.13333333333333333 0.0890625 0.1125
cl53eqa7m000l356ivf26125u 1 0.3203125 0.21041666666666667 0.103125 0.09583333333333334
