ckz3v9nzv00033867jsekqdcl 0 0.2716883296460177 0.4270526057030482 0.0265625 0.0375
ckz6ru2eb0001386lefk6js4m 0 0.23828125 0.5770833333333333 0.0265625 0.0375
ckz6ru3um0003386l39xwv0yk 0 0.2427620766932271 0.85625 0.0265625 0.0375
ckz6ru5610005386l8uoys4lc 0 0.19453125 0.8458333333333333 0.0265625 0.0375
ckz6ru6of0007386lhf2t4dtw 0 0.08359375 0.80625 0.0265625 0.0375
ckz6ru83f0009386lx7517dwf 0 0.02376276750972763 0.7376418612191958 0.0265625 0.0375
ckz6ru99l000b386l18xh2byu 0 0.13515625 0.18958333333333333 0.0265625 0.0375
ckz6rub67000d386ld3mx1dyi 0 0.22265625 0.17291666666666666 0.0265625 0.0375
ckz6ruchb000f386lxxpeu5na 0 0.27879175646551724 0.1161907327586207 0.0265625 0.03750000000000001
ckz6rudsb000h386lkwwvc8dz 0 0.2834925809352518 0.21888489208633094 0.0265625 0.0375
ckz6ruf3e000j386lbyqpxw51 0 0.3038852768456376 0.3162192393736018 0.0265625 0.0375
ckz6rugcj000l386lzjazem8c 0 0.29713541666666665 0.43125 0.0265625 0.041666666666666664
ckz6rui7o000n386lh32dwmkr 0 0.5629971590909091 0.9120265151515151 0.0265625 0.0375
ckz6ruj49000p386lndk3j9jv 0 0.6396360187861272 0.5714113680154143 0.0265625 0.0375
ckz6rup8s000r386lkjotnoh0 0 0.48828125 0.86875 0.0265625 0.0375
ckz6rurv1000t386llsdca8lh 0 0.9434895833333334 0.9388888888888889 0.0234375 0.0375
ckz6rut1n000v386l8rfix41j 0 0.8466240795932679 0.8452840112201964 0.0265625 0.0375
ckz6ruunj000x386l4qiqzsvd 0 0.8372490795932679 0.9702840112201964 0.0265625 0.0375
ckz6ruw8w000z386lc52x10qx 0 0.8535227471949509 0.7505113370733988 0.0265625 0.0375
ckz6ruzco0013386lo3nqjmle 0 0.828125 0.43645833333333334 0.025 0.03958333333333333
ckz6rv4et0015386le3rdpw93 0 0.8675840336134455 0.409375 0.025 0.03958333333333333
ckz6rva9o0019386ll7e0plel 0 0.6675322621457489 0.15657894736842107 0.0265625 0.03333333333333333
ckz6rvlfq001d386lt59x4kz2 0 0.7730980880462724 0.07201156812339331 0.0265625 0.033333333333333326
ckz6rvnb8001f386l63s6p1ys 0 0.71015625 0.6354166666666666 0.0265625 0.03333333333333333
ckz6rvpuj001h386lhrb15el1 0 0.5875058740601504 0.5002506265664161 0.0265625 0.03333333333333333
ckz6rvrjs001j386lscfviwaz 0 0.49765625 0.3986842105263158 0.0265625 0.03333333333333333
ckz6rvvx4001n386lwp0hh90g 0 0.01328125 0.26767473118279567 0.0265625 0.033333333333333305
ckz6rvxvs001p386l9u5f2w3s 0 0.309375 0.39166666666666666 0.028125 0.0375
ckz6rw3in001v386l6bltg9jj 0 0.7721354166666667 0.4965277777777778 0.0265625 0.03333333333333333
ckz6rw56s001x386l432ih3l6 0 0.9921875 0.8010416666666667 0.0125 0.035416666666666666
cl4sse7t80004356hlgz3o2fx 0 0.73515625 0.6916666666666667 0.0296875 0.041666666666666664
cl4ssee0s0008356hd15z4qn8 0 0.58828125 0.11875 0.0296875 0.05
cl4ssegqi000c356hwxoota92 0 0.6015625 0.20625 0.025 0.04583333333333333
cl4sseopo000g356h6ldd8ms6 0 0.19973958333333336 0.39305555555555555 0.035937500000000025 0.04583333333333333
cl4swkq5u0003356p8vuhc7nn 0 0.03984375 0.22916666666666666 0.0328125 0.0375
cl4uq6b5l0003356p4ou3mrfw 0 0.85625 0.22395833333333334 0.0375 0.04375
cl4uqbjp9000b356p2175vvqw 0 0.5057154605263158 0.7298245614035088 0.0421875 0.04375
cl53eq6de000f356i3cjd5jif 1 0.57109375 0.13333333333333333 0.0890625 0.1125
cl53eqa7m000l356ivf26125u 1 0.3203125 0.21041666666666667 0.103125 0.09583333333333334
