ckz3v9nzv00033867jsekqdcl 0 0.2701576266519824 0.4301027900146843 0.0265625 0.0375
ckz6ru2eb0001386lefk6js4m 0 0.23828125 0.5770833333333333 0.0265625 0.0375
ckz6ru3um0003386l39xwv0yk 0 0.242570343625498 0.85625 0.0265625 0.0375
ckz6ru5610005386l8uoys4lc 0 0.19453125 0.8458333333333333 0.0265625 0.0375
ckz6ru6of0007386lhf2t4dtw 0 0.08359375 0.80625 0.0265625 0.0375
ckz6ru83f0009386lx7517dwf 0 0.021890199416342414 0.7435716601815823 0.0265625 0.0375
ckz6ru99l000b386l18xh2byu 0 0.13515625 0.18958333333333333 0.0265625 0.0375
ckz6rub67000d386ld3mx1dyi 0 0.22109375 0.175 0.0265625 0.041666666666666664
ckz6ruchb000f386lxxpeu5na 0 0.2689385775862069 0.12241379310344828 0.0265625 0.0375
ckz6rudsb000h386lkwwvc8dz 0 0.2830598021582734 0.2194619304556355 0.0265625 0.0375
ckz6ruf3e000j386lbyqpxw51 0 0.2967660607569721 0.3220202523240372 0.0265625 0.0375
ckz6rugcj000l386lzjazem8c 0 0.221875 0.45208333333333334 0.028125 0.04583333333333333
ckz6rui7o000n386lh32dwmkr 0 0.5553859685430463 0.9286561810154524 0.0265625 0.0375
ckz6ruj49000p386lndk3j9jv 0 0.63828125 0.5744507575757576 0.0265625 0.0375
ckz6rup8s000r386lkjotnoh0 0 0.48828125 0.86875 0.0265625 0.0375
ckz6rut1n000v386l8rfix41j 0 0.8459491146563816 0.8473089060308555 0.0265625 0.0375
ckz6ruunj000x386l4qiqzsvd 0 0.8365741146563815 0.9723089060308555 0.0265625 0.0375
ckz6ruw8w000z386lc52x10qx 0 0.8530165234922862 0.7511863020102852 0.0265625 0.0375
ckz6ruzco0013386lo3nqjmle 0 0.828125 0.43645833333333334 0.025 0.03958333333333333
ckz6rv4et0015386le3rdpw93 0 0.8672807247899159 0.409375 0.025 0.03958333333333333
ckz6rva9o0019386ll7e0plel 0 0.6655838815789473 0.1650219298245614 0.0265625 0.03333333333333333
ckz6rvlfq001d386lt59x4kz2 0 0.7740259479434448 0.07448586118251928 0.0265625 0.03333333333333333
ckz6rvnb8001f386l63s6p1ys 0 0.71015625 0.6354166666666666 0.0265625 0.03333333333333333
ckz6rvpuj001h386lhrb15el1 0 0.5836221590909091 0.5077462121212121 0.0265625 0.03333333333333333
ckz6rvrjs001j386lscfviwaz 0 0.4960147130350195 0.4043855382619974 0.0265625 0.03333333333333333
ckz6rvvx4001n386lwp0hh90g 0 0.010748355263157896 0.2774342105263158 0.021496710526315792 0.03333333333333333
ckz6rvxvs001p386l9u5f2w3s 0 0.3796875 0.4375 0.028125 0.0375
ckz6rw3in001v386l6bltg9jj 0 0.77109375 0.36875 0.0265625 0.03333333333333333
ckz6rw56s001x386l432ih3l6 0 0.9864149305555555 0.8172453703703704 0.016753472222222142 0.035416666666666666
cl4sse7t80004356hlgz3o2fx 0 0.75859375 0.85625 0.0296875 0.041666666666666664
cl4ssee0s0008356hd15z4qn8 0 0.58828125 0.11875 0.0296875 0.05
cl4ssegqi000c356hwxoota92 0 0.6015625 0.20625 0.025 0.04583333333333333
cl4sseopo000g356h6ldd8ms6 0 0.15130208333333334 0.3222222222222222 0.0359375 0.04583333333333333
cl4uq6b5l0003356p4ou3mrfw 0 0.85625 0.22395833333333334 0.0375 0.04375
cl4uqbjp9000b356p2175vvqw 0 0.5033408717105263 0.7335183662280702 0.0421875 0.04375
cl4ur3tl4000r356p5yynq6lr 0 0.34921875 0.0625 0.0234375 0.029166666666666667
cl4ur3vs8000v356pe031p1yo 0 0.49749999999999994 0.01826388888888889 0.025 0.027083333333333334
cl4urtjol000z356puo72ztp3 0 0.440625 0.0109375 0.0296875 0.019791666666666666
cl4uru0kq0013356pt4h9yjm1 0 0.5252130681818181 0.00956439393939394 0.0296875 0.01875
cl53eq6de000f356i3cjd5jif 1 0.57109375 0.13333333333333333 0.0890625 0.1125
cl53eqa7m000l356ivf26125u 1 0.3203125 0.21041666666666667 0.103125 0.09583333333333334
