ckz3v9nzv00033867jsekqdcl 0 0.26845057819383256 0.43180983847283405 0.0265625 0.0375
ckz6ru2eb0001386lefk6js4m 0 0.23828125 0.5770833333333333 0.0265625 0.0375
ckz6ru3um0003386l39xwv0yk 0 0.2424159611553785 0.85625 0.0265625 0.0375
ckz6ru5610005386l8uoys4lc 0 0.19453125 0.8458333333333333 0.0265625 0.0375
ckz6ru6of0007386lhf2t4dtw 0 0.08359375 0.80625 0.0265625 0.0375
ckz6ru83f0009386lx7517dwf 0 0.020382417315175094 0.7483463035019455 0.0265625 0.0375
ckz6ru99l000b386l18xh2byu 0 0.13515625 0.18958333333333333 0.0265625 0.0375
ckz6rub67000d386ld3mx1dyi 0 0.23046875 0.17916666666666667 0.0265625 0.041666666666666664
ckz6ruchb000f386lxxpeu5na 0 0.262646484375 0.1279296875 0.0265625 0.0375
ckz6rudsb000h386lkwwvc8dz 0 0.2827113309352518 0.2199265587529976 0.0265625 0.0375
ckz6ruf3e000j386lbyqpxw51 0 0.29174863047808763 0.3287101593625498 0.0265625 0.0375
ckz6rugcj000l386lzjazem8c 0 0.1765625 0.5229166666666667 0.028125 0.04583333333333333
ckz6rui7o000n386lh32dwmkr 0 0.5496119619205297 0.9414873068432671 0.0265625 0.0375
ckz6ruj49000p386lndk3j9jv 0 0.63828125 0.5779734848484849 0.0265625 0.0375
ckz6rup8s000r386lkjotnoh0 0 0.48828125 0.86875 0.0265625 0.0375
ckz6rut1n000v386l8rfix41j 0 0.845405636395512 0.8489393408134642 0.0265625 0.0375
ckz6ruunj000x386l4qiqzsvd 0 0.836030636395512 0.9739393408134642 0.0265625 0.0375
ckz6ruw8w000z386lc52x10qx 0 0.8526089147966338 0.7517297802711548 0.0265625 0.0375
ckz6ruzco0013386lo3nqjmle 0 0.828125 0.43645833333333334 0.025 0.03958333333333333
ckz6rv4et0015386le3rdpw93 0 0.8670365021008404 0.409375 0.025 0.03958333333333333
ckz6rva9o0019386ll7e0plel 0 0.6640150556680162 0.17182017543859648 0.0265625 0.03333333333333333
ckz6rvlfq001d386lt59x4kz2 0 0.7730641315261044 0.07730923694779117 0.0265625 0.03333333333333333
ckz6rvnb8001f386l63s6p1ys 0 0.71015625 0.6354166666666666 0.0265625 0.03333333333333333
ckz6rvpuj001h386lhrb15el1 0 0.5800994318181818 0.5159659090909091 0.0265625 0.03333333333333333
ckz6rvrjs001j386lscfviwaz 0 0.49224525778210115 0.40488813229571985 0.0265625 0.03333333333333333
ckz6rvvx4001n386lwp0hh90g 0 0.0078125 0.2875 0.015625 0.03333333333333333
ckz6rvxvs001p386l9u5f2w3s 0 0.4265625 0.44236111111111115 0.028125 0.0375
ckz6rw3in001v386l6bltg9jj 0 0.77734375 0.26666666666666666 0.0265625 0.03333333333333333
ckz6rw56s001x386l432ih3l6 0 0.9817668876262626 0.8302925084175085 0.020178345959595844 0.035416666666666666
cl4sse7t80004356hlgz3o2fx 0 0.81953125 0.9541666666666667 0.0328125 0.041666666666666664
cl4ssee0s0008356hd15z4qn8 0 0.58828125 0.11875 0.0296875 0.05
cl4ssegqi000c356hwxoota92 0 0.6015625 0.20625 0.025 0.04583333333333333
cl4sseopo000g356h6ldd8ms6 0 0.08828125 0.1923611111111111 0.0359375 0.04583333333333333
cl4uq6b5l0003356p4ou3mrfw 0 0.85625 0.22395833333333334 0.0375 0.04375
cl4uqbjp9000b356p2175vvqw 0 0.5014288651315789 0.7364925986842105 0.0421875 0.04375
cl4ur3tl4000r356p5yynq6lr 0 0.45546875 0.008333333333333333 0.0234375 0.016666666666666666
cl4ur3vs8000v356pe031p1yo 0 0.4993452380952381 0.019904100529100528 0.025 0.027083333333333334
cl4urtjol000z356puo72ztp3 0 0.32625000000000004 0.08041666666666666 0.028125 0.0375
cl4uru0kq0013356pt4h9yjm1 0 0.5222774621212121 0.010542929292929293 0.0296875 0.01875
cl4urwkrx0017356pikpviaa9 0 0.3707465277777778 0.010416666666666666 0.0234375 0.020833333333333332
cl53eq6de000f356i3cjd5jif 1 0.57109375 0.13333333333333333 0.0890625 0.1125
cl53eqa7m000l356ivf26125u 1 0.3203125 0.21041666666666667 0.103125 0.09583333333333334
