ckz3v9nzv00033867jsekqdcl 0 0.26613780286343613 0.4341226138032306 0.0265625 0.0375
ckz6ru2eb0001386lefk6js4m 0 0.23828125 0.5770833333333333 0.0265625 0.0375
ckz6ru3um0003386l39xwv0yk 0 0.24220679780876492 0.85625 0.0265625 0.0375
ckz6ru5610005386l8uoys4lc 0 0.19453125 0.8458333333333333 0.0265625 0.0375
ckz6ru6of0007386lhf2t4dtw 0 0.08359375 0.80625 0.0265625 0.0375
ckz6ru83f0009386lx7517dwf 0 0.01833961575875486 0.7548151750972762 0.0265625 0.0375
ckz6ru99l000b386l18xh2byu 0 0.13515625 0.18958333333333333 0.0265625 0.0375
ckz6rub67000d386ld3mx1dyi 0 0.238671875 0.18958333333333333 0.0265625 0.041666666666666664
ckz6ruchb000f386lxxpeu5na 0 0.256494140625 0.1361328125 0.0265625 0.0375
ckz6rudsb000h386lkwwvc8dz 0 0.2822392086330935 0.22055605515587529 0.0265625 0.0375
ckz6ruf3e000j386lbyqpxw51 0 0.28495082171314745 0.33777390438247007 0.0265625 0.0375
ckz6rugcj000l386lzjazem8c 0 0.142578125 0.5307291666666667 0.028125 0.05
ckz6rui7o000n386lh32dwmkr 0 0.54150390625 0.9576822916666666 0.0265625 0.0375
ckz6ruj49000p386lndk3j9jv 0 0.6353614936440678 0.5858403954802259 0.0265625 0.0375
ckz6rup8s000r386lkjotnoh0 0 0.48828125 0.86875 0.0265625 0.0375
ckz6rut1n000v386l8rfix41j 0 0.8446693110098178 0.851148316970547 0.0265625 0.0375
ckz6ruunj000x386l4qiqzsvd 0 0.8352943110098178 0.976148316970547 0.0265625 0.0375
ckz6ruw8w000z386lc52x10qx 0 0.8520566707573632 0.752466105656849 0.0265625 0.0375
ckz6ruzco0013386lo3nqjmle 0 0.828125 0.43645833333333334 0.025 0.03958333333333333
ckz6rv4et0015386le3rdpw93 0 0.8667056197478992 0.409375 0.025 0.03958333333333333
ckz6rva9o0019386ll7e0plel 0 0.6625372023809524 0.17847222222222223 0.0265625 0.03333333333333333
ckz6rvlfq001d386lt59x4kz2 0 0.7709556977911647 0.08152610441767069 0.0265625 0.03333333333333334
ckz6rvnb8001f386l63s6p1ys 0 0.71015625 0.6354166666666666 0.0265625 0.03333333333333333
ckz6rvpuj001h386lhrb15el1 0 0.5736462309160306 0.5262643129770993 0.02731393129770998 0.033333333333333395
ckz6rvrjs001j386lscfviwaz 0 0.4871382538910506 0.40556906614785987 0.0265625 0.03333333333333333
ckz6rvvx4001n386lwp0hh90g 0 0.00546875 0.30520833333333336 0.0109375 0.035416666666666666
ckz6rvxvs001p386l9u5f2w3s 0 0.478125 0.49930555555555556 0.028125 0.0375
ckz6rw3in001v386l6bltg9jj 0 0.73203125 0.14791666666666667 0.0265625 0.03333333333333333
ckz6rw56s001x386l432ih3l6 0 0.9768731174698795 0.8471009036144578 0.0234375 0.035416666666666666
cl4ssee0s0008356hd15z4qn8 0 0.58828125 0.11875 0.0296875 0.05
cl4ssegqi000c356hwxoota92 0 0.6015625 0.20625 0.025 0.04583333333333333
cl4sseopo000g356h6ldd8ms6 0 0.03046875 0.071875 0.0296875 0.03958333333333333
cl4uq6b5l0003356p4ou3mrfw 0 0.85625 0.22395833333333334 0.0375 0.04375
cl4uqbjp9000b356p2175vvqw 0 0.4988384046052632 0.7405222039473683 0.0421875 0.04375
cl4ur3vs8000v356pe031p1yo 0 0.5018452380952381 0.02212632275132275 0.025 0.027083333333333334
cl4urtjol000z356puo72ztp3 0 0.2671875 0.25486111111111115 0.028125 0.037500000000000026
cl4uru0kq0013356pt4h9yjm1 0 0.5183001893939394 0.011868686868686869 0.0296875 0.01875
cl4urwkrx0017356pikpviaa9 0 0.37069196428571427 0.016882440476190474 0.0234375 0.024360119047619047
cl53eq6de000f356i3cjd5jif 1 0.57109375 0.13333333333333333 0.0890625 0.1125
cl53eqa7m000l356ivf26125u 1 0.3203125 0.21041666666666667 0.103125 0.09583333333333334
