ckz3v9nzv00033867jsekqdcl 0 0.2739836836283186 0.4188913470993117 0.0265625 0.0375
ckz6ru2eb0001386lefk6js4m 0 0.23828125 0.5795187793427231 0.0265625 0.0375
ckz6ru3um0003386l39xwv0yk 0 0.24418647300469484 0.8530027386541471 0.0265625 0.0375
ckz6ru5610005386l8uoys4lc 0 0.19453125 0.8458333333333333 0.0265625 0.0375
ckz6ru6of0007386lhf2t4dtw 0 0.08359375 0.80625 0.0265625 0.0375
ckz6ru83f0009386lx7517dwf 0 0.02760783450704225 0.7296263693270736 0.0265625 0.0375
ckz6ru99l000b386l18xh2byu 0 0.13515625 0.18958333333333333 0.0265625 0.0375
ckz6rub67000d386ld3mx1dyi 0 0.20963541666666666 0.15228174603174605 0.02656249999999998 0.0375
ckz6ruchb000f386lxxpeu5na 0 0.2995703125 0.10326388888888889 0.0265625 0.0375
ckz6rudsb000h386lkwwvc8dz 0 0.2844255845323741 0.21764088729016787 0.0265625 0.0375
ckz6ruf3e000j386lbyqpxw51 0 0.31293647300469485 0.307981220657277 0.0265625 0.0375
ckz6rugcj000l386lzjazem8c 0 0.35390625 0.26458333333333334 0.0265625 0.041666666666666664
ckz6rui7o000n386lh32dwmkr 0 0.5771823650234742 0.8843603286384976 0.0265625 0.0375
ckz6ruj49000p386lndk3j9jv 0 0.6441338511560694 0.5664137764932563 0.0265625 0.0375
ckz6rup8s000r386lkjotnoh0 0 0.48828125 0.86875 0.0265625 0.0375
ckz6rurv1000t386llsdca8lh 0 0.66328125 0.790625 0.0234375 0.0375
ckz6rut1n000v386l8rfix41j 0 0.8480791988078542 0.8409186535764376 0.0265625 0.0375
ckz6ruunj000x386l4qiqzsvd 0 0.8387041988078542 0.9659186535764376 0.0265625 0.0375
ckz6ruw8w000z386lc52x10qx 0 0.8546140866058906 0.7490562178588126 0.0265625 0.0375
ckz6ruxwl0011386lwhdpziws 0 0.9518229166666666 0.8149305555555556 0.0265625 0.04375
ckz6ruzco0013386lo3nqjmle 0 0.828125 0.43645833333333334 0.025 0.03958333333333333
ckz6rv4et0015386le3rdpw93 0 0.8682379201680673 0.409375 0.025 0.03958333333333333
ckz6rv5s20017386lyas5kerj 0 0.634375 0.159375 0.0234375 0.035416666666666666
ckz6rva9o0019386ll7e0plel 0 0.6714105702764976 0.14039938556067588 0.0265625 0.03333333333333333
ckz6rvlfq001d386lt59x4kz2 0 0.7710977667095116 0.06667737789203085 0.0265625 0.03333333333333333
ckz6rvnb8001f386l63s6p1ys 0 0.7113739730046948 0.6370402973395931 0.0265625 0.03333333333333333
ckz6rvpuj001h386lhrb15el1 0 0.5901885269953052 0.48806729264475746 0.0265625 0.03333333333333333
ckz6rvrjs001j386lscfviwaz 0 0.4988739730046948 0.3871478873239437 0.0265625 0.03333333333333333
ckz6rvtvy001l386li54we947 0 0.01484375 0.509375 0.0296875 0.0375
ckz6rvvx4001n386lwp0hh90g 0 0.015625 0.2328125 0.0265625 0.03333333333333333
ckz6rvxvs001p386l9u5f2w3s 0 0.1640625 0.27291666666666664 0.028125 0.0375
ckz6rw3in001v386l6bltg9jj 0 0.7875 0.7072916666666667 0.0265625 0.03333333333333333
ckz6rw56s001x386l432ih3l6 0 0.9907993861607143 0.7741908482142856 0.01840122767857135 0.034542410714285765
cl4sse7t80004356hlgz3o2fx 0 0.6302083333333333 0.4440972222222222 0.025 0.035416666666666666
cl4ssee0s0008356hd15z4qn8 0 0.58828125 0.11875 0.0296875 0.05
cl4ssegqi000c356hwxoota92 0 0.6015625 0.20625 0.025 0.04583333333333333
cl4sseopo000g356h6ldd8ms6 0 0.29609375 0.5958333333333333 0.0375 0.04375
cl4swkq5u0003356p8vuhc7nn 0 0.47890625 0.5489583333333333 0.0328125 0.0375
cl4uq6b5l0003356p4ou3mrfw 0 0.85625 0.22395833333333334 0.0375 0.04375
cl4uqbjp9000b356p2175vvqw 0 0.5108347039473684 0.721861293859649 0.0421875 0.04375
cl53eq6de000f356i3cjd5jif 1 0.57109375 0.13333333333333333 0.0890625 0.1125
cl53eqa7m000l356ivf26125u 1 0.3203125 0.21041666666666667 0.103125 0.09583333333333334
