ckz3v9nzv00033867jsekqdcl 0 0.26484375 0.4354166666666667 0.0265625 0.0375
ckz6ru2eb0001386lefk6js4m 0 0.23828125 0.5770833333333333 0.0265625 0.0375
ckz6ru3um0003386l39xwv0yk 0 0.24173867031872512 0.85625 0.0265625 0.0375
ckz6ru5610005386l8uoys4lc 0 0.19453125 0.8458333333333333 0.0265625 0.0375
ckz6ru6of0007386lhf2t4dtw 0 0.08359375 0.80625 0.0265625 0.0375
ckz6ru83f0009386lx7517dwf 0 0.013767631322957196 0.7692931258106356 0.0265625 0.0375
ckz6ru99l000b386l18xh2byu 0 0.13515625 0.18958333333333333 0.0265625 0.0375
ckz6rub67000d386ld3mx1dyi 0 0.29453125 0.24166666666666667 0.0265625 0.041666666666666664
ckz6ruchb000f386lxxpeu5na 0 0.24513541666666666 0.15306666666666666 0.0265625 0.0375
ckz6rudsb000h386lkwwvc8dz 0 0.28118255395683456 0.22196492805755394 0.0265625 0.0375
ckz6ruf3e000j386lbyqpxw51 0 0.2709018640350877 0.3582236842105263 0.0265625 0.0375
ckz6rugcj000l386lzjazem8c 0 0.0138671875 0.5466145833333333 0.024609375 0.0515625
ckz6rui7o000n386lh32dwmkr 0 0.5345728861639825 0.9742221815519766 0.0265625 0.0375
ckz6ruj49000p386lndk3j9jv 0 0.6274744423791822 0.6043990086741017 0.0265625 0.0375
ckz6rup8s000r386lkjotnoh0 0 0.48828125 0.86875 0.0265625 0.0375
ckz6rut1n000v386l8rfix41j 0 0.8430213446704068 0.8560922159887797 0.0265625 0.0375
ckz6ruunj000x386l4qiqzsvd 0 0.8336463446704068 0.9810922159887797 0.0265625 0.0375
ckz6ruw8w000z386lc52x10qx 0 0.8508206960028051 0.7541140719962599 0.0265625 0.0375
ckz6ruzco0013386lo3nqjmle 0 0.828125 0.43645833333333334 0.025 0.03958333333333333
ckz6rv4et0015386le3rdpw93 0 0.8659650735294118 0.409375 0.025 0.03958333333333333
ckz6rva9o0019386ll7e0plel 0 0.6598721590909091 0.19261363636363635 0.0265625 0.03333333333333333
ckz6rvlfq001d386lt59x4kz2 0 0.7662368222891567 0.09096385542168675 0.0265625 0.03333333333333333
ckz6rvnb8001f386l63s6p1ys 0 0.71015625 0.6354166666666666 0.0265625 0.03333333333333333
ckz6rvpuj001h386lhrb15el1 0 0.5579496660305343 0.5486879770992367 0.02955629770992374 0.033333333333333395
ckz6rvrjs001j386lscfviwaz 0 0.4777266142384106 0.4134243929359823 0.0265625 0.03333333333333333
ckz6rvxvs001p386l9u5f2w3s 0 0.665625 0.5208333333333334 0.028125 0.0375
ckz6rw3in001v386l6bltg9jj 0 0.5705729166666667 0.02986111111111111 0.0265625 0.03333333333333333
ckz6rw56s001x386l432ih3l6 0 0.9666796874999999 0.8804166666666667 0.0234375 0.035416666666666666
cl4ssee0s0008356hd15z4qn8 0 0.58828125 0.11875 0.0296875 0.05
cl4ssegqi000c356hwxoota92 0 0.6015625 0.20625 0.025 0.04583333333333333
cl4uq6b5l0003356p4ou3mrfw 0 0.85625 0.22395833333333334 0.0375 0.04375
cl4uq7un10007356p14ye3ifb 0 0.8794270833333334 0.17881944444444445 0.0328125 0.04375
cl4uqbjp9000b356p2175vvqw 0 0.49477965716019423 0.7465437904530744 0.0421875 0.04375
cl4ur3vs8000v356pe031p1yo 0 0.5034579037800687 0.02861898625429553 0.025 0.027083333333333334
cl4uru0kq0013356pt4h9yjm1 0 0.5093986742424242 0.014835858585858586 0.0296875 0.01875
cl4urwkrx0017356pikpviaa9 0 0.3649815188172043 0.033254928315412186 0.0234375 0.02708333333333333
cl53eq6de000f356i3cjd5jif 1 0.57109375 0.13333333333333333 0.0890625 0.1125
cl53eqa7m000l356ivf26125u 1 0.3203125 0.21041666666666667 0.103125 0.09583333333333334
