ckz3v9nzv00033867jsekqdcl 0 0.26484375 0.4354166666666667 0.0265625 0.0375
ckz6ru2eb0001386lefk6js4m 0 0.23828125 0.5770833333333333 0.0265625 0.0375
ckz6ru3um0003386l39xwv0yk 0 0.24184574203187253 0.85625 0.0265625 0.0375
ckz6ru5610005386l8uoys4lc 0 0.19453125 0.8458333333333333 0.0265625 0.0375
ckz6ru6of0007386lhf2t4dtw 0 0.08359375 0.80625 0.0265625 0.0375
ckz6ru83f0009386lx7517dwf 0 0.014813351167315175 0.7659816796368353 0.0265625 0.0375
ckz6ru99l000b386l18xh2byu 0 0.13515625 0.18958333333333333 0.0265625 0.0375
ckz6rub67000d386ld3mx1dyi 0 0.28203125 0.24097222222222223 0.0265625 0.041666666666666664
ckz6ruchb000f386lxxpeu5na 0 0.24603125 0.1502 0.0265625 0.03750000000000001
ckz6rudsb000h386lkwwvc8dz 0 0.28142423561151075 0.22164268585131894 0.0265625 0.0375
ckz6ruf3e000j386lbyqpxw51 0 0.2738486842105263 0.35350877192982455 0.0265625 0.0375
ckz6rugcj000l386lzjazem8c 0 0.0484375 0.5458333333333333 0.028125 0.05
ckz6rui7o000n386lh32dwmkr 0 0.5341794015373352 0.9736975353831137 0.0265625 0.0375
ckz6ruj49000p386lndk3j9jv 0 0.6286414194915254 0.6012005649717514 0.0265625 0.0375
ckz6rup8s000r386lkjotnoh0 0 0.48828125 0.86875 0.0265625 0.0375
ckz6rut1n000v386l8rfix41j 0 0.8433982731416549 0.854961430575035 0.0265625 0.0375
ckz6ruunj000x386l4qiqzsvd 0 0.8340232731416549 0.979961430575035 0.0265625 0.0375
ckz6ruw8w000z386lc52x10qx 0 0.8511033923562412 0.7537371435250116 0.0265625 0.0375
ckz6ruzco0013386lo3nqjmle 0 0.828125 0.43645833333333334 0.025 0.03958333333333333
ckz6rv4et0015386le3rdpw93 0 0.8661344537815125 0.409375 0.025 0.03958333333333333
ckz6rva9o0019386ll7e0plel 0 0.6605756222943723 0.18762626262626264 0.0265625 0.03333333333333333
ckz6rvlfq001d386lt59x4kz2 0 0.7673161395582329 0.08880522088353414 0.0265625 0.03333333333333333
ckz6rvnb8001f386l63s6p1ys 0 0.71015625 0.6354166666666666 0.0265625 0.03333333333333333
ckz6rvpuj001h386lhrb15el1 0 0.5615398377862595 0.5435591603053436 0.029043416030534352 0.03333333333333333
ckz6rvrjs001j386lscfviwaz 0 0.4795064155629139 0.41045805739514346 0.0265625 0.03333333333333333
ckz6rvxvs001p386l9u5f2w3s 0 0.6453125 0.56875 0.028125 0.0375
ckz6rw3in001v386l6bltg9jj 0 0.6182291666666667 0.05069444444444445 0.0265625 0.03333333333333334
ckz6rw56s001x386l432ih3l6 0 0.9728467987804879 0.869994918699187 0.0234375 0.035416666666666666
cl4ssee0s0008356hd15z4qn8 0 0.58828125 0.11875 0.0296875 0.05
cl4ssegqi000c356hwxoota92 0 0.6015625 0.20625 0.025 0.04583333333333333
cl4uq6b5l0003356p4ou3mrfw 0 0.85625 0.22395833333333334 0.0375 0.04375
cl4uq7un10007356p14ye3ifb 0 0.91171875 0.21354166666666666 0.0328125 0.04375
cl4uqbjp9000b356p2175vvqw 0 0.4953504247572815 0.7457827669902913 0.0421875 0.04375
cl4ur3vs8000v356pe031p1yo 0 0.5061607142857143 0.025962301587301586 0.025 0.027083333333333334
cl4urtjol000z356puo72ztp3 0 0.03125 0.27708333333333335 0.0296875 0.03958333333333333
cl4uru0kq0013356pt4h9yjm1 0 0.5114346590909091 0.014157196969696969 0.0296875 0.01875
cl4urwkrx0017356pikpviaa9 0 0.36599294354838713 0.02940188172043011 0.0234375 0.027083333333333334
cl53eq6de000f356i3cjd5jif 1 0.57109375 0.13333333333333333 0.0890625 0.1125
cl53eqa7m000l356ivf26125u 1 0.3203125 0.21041666666666667 0.103125 0.09583333333333334
