ckz3v9nzv00033867jsekqdcl 0 0.2748962942477876 0.41564650934119957 0.0265625 0.0375
ckz6ru2eb0001386lefk6js4m 0 0.23828125 0.5814553990610328 0.0265625 0.0375
ckz6ru3um0003386l39xwv0yk 0 0.24515478286384976 0.850420579029734 0.0265625 0.0375
ckz6ru5610005386l8uoys4lc 0 0.19453125 0.8458333333333333 0.0265625 0.0375
ckz6ru6of0007386lhf2t4dtw 0 0.08359375 0.80625 0.0265625 0.0375
ckz6ru83f0009386lx7517dwf 0 0.02906029929577465 0.7283352895148669 0.0265625 0.0375
ckz6ru99l000b386l18xh2byu 0 0.13515625 0.18958333333333333 0.0265625 0.0375
ckz6rub67000d386ld3mx1dyi 0 0.20249999999999999 0.13666666666666666 0.0265625 0.037499999999999985
ckz6ruchb000f386lxxpeu5na 0 0.3073046875 0.09868055555555556 0.0265625 0.0375
ckz6rudsb000h386lkwwvc8dz 0 0.2847965377697842 0.2171462829736211 0.0265625 0.0375
ckz6ruf3e000j386lbyqpxw51 0 0.31390478286384976 0.3060446009389671 0.0265625 0.0375
ckz6rugcj000l386lzjazem8c 0 0.40859375 0.17291666666666666 0.0265625 0.041666666666666664
ckz6rui7o000n386lh32dwmkr 0 0.5820239143192488 0.8785504694835681 0.0265625 0.0375
ckz6ruj49000p386lndk3j9jv 0 0.6459221459537572 0.5644267822736031 0.0265625 0.0375
ckz6rup8s000r386lkjotnoh0 0 0.48828125 0.86875 0.0265625 0.0375
ckz6rurv1000t386llsdca8lh 0 0.55234375 0.8125 0.0265625 0.0375
ckz6rut1n000v386l8rfix41j 0 0.8486577401823283 0.8391830294530155 0.0265625 0.0375
ckz6ruunj000x386l4qiqzsvd 0 0.8392827401823283 0.9641830294530155 0.0265625 0.0375
ckz6ruw8w000z386lc52x10qx 0 0.8550479926367462 0.7484776764843385 0.0265625 0.0375
ckz6ruxwl0011386lwhdpziws 0 0.90078125 0.7177083333333333 0.0265625 0.0375
ckz6ruzco0013386lo3nqjmle 0 0.828125 0.43645833333333334 0.025 0.03958333333333333
ckz6rv4et0015386le3rdpw93 0 0.8684978991596639 0.409375 0.025 0.03958333333333333
ckz6rv5s20017386lyas5kerj 0 0.69609375 0.165625 0.0234375 0.035416666666666666
ckz6rva9o0019386ll7e0plel 0 0.6728362615207374 0.13469662058371734 0.0265625 0.03333333333333332
ckz6rvlfq001d386lt59x4kz2 0 0.7703024582262211 0.06455655526992289 0.0265625 0.03333333333333334
ckz6rvnb8001f386l63s6p1ys 0 0.7123422828638498 0.6383313771517998 0.0265625 0.03333333333333333
ckz6rvpuj001h386lhrb15el1 0 0.5892202171361502 0.4835485133020344 0.0265625 0.03333333333333333
ckz6rvrjs001j386lscfviwaz 0 0.4998422828638498 0.3852112676056338 0.0265625 0.03333333333333333
ckz6rvtvy001l386li54we947 0 0.09578125 0.5141666666666667 0.0296875 0.0375
ckz6rvvx4001n386lwp0hh90g 0 0.0177734375 0.219921875 0.0265625 0.03333333333333333
ckz6rvxvs001p386l9u5f2w3s 0 0.0828125 0.2682291666666667 0.028125 0.0375
ckz6rw3in001v386l6bltg9jj 0 0.74765625 0.7916666666666666 0.0265625 0.03333333333333333
ckz6rw56s001x386l432ih3l6 0 0.9887276785714285 0.7714285714285716 0.02254464285714288 0.03392857142857141
cl4sse7t80004356hlgz3o2fx 0 0.5963541666666667 0.3211805555555555 0.025 0.035416666666666666
cl4ssee0s0008356hd15z4qn8 0 0.58828125 0.11875 0.0296875 0.05
cl4ssegqi000c356hwxoota92 0 0.6015625 0.20625 0.025 0.04583333333333333
cl4sseopo000g356h6ldd8ms6 0 0.34765625 0.69375 0.0390625 0.041666666666666664
cl4swkq5u0003356p8vuhc7nn 0 0.6625 0.5947916666666667 0.028125 0.035416666666666666
cl4uq6b5l0003356p4ou3mrfw 0 0.85625 0.22395833333333334 0.0375 0.04375
cl4uqbjp9000b356p2175vvqw 0 0.5128700657894737 0.7186951754385965 0.0421875 0.04375
