ckz3v9nzv00033867jsekqdcl 0 0.27417726769911505 0.4182030481809243 0.0265625 0.0375
ckz6ru2eb0001386lefk6js4m 0 0.23828125 0.5799295774647887 0.0265625 0.0375
ckz6ru3um0003386l39xwv0yk 0 0.2443918720657277 0.8524550078247262 0.0265625 0.0375
ckz6ru5610005386l8uoys4lc 0 0.19453125 0.8458333333333333 0.0265625 0.0375
ckz6ru6of0007386lhf2t4dtw 0 0.08359375 0.80625 0.0265625 0.0375
ckz6ru83f0009386lx7517dwf 0 0.02791593309859155 0.7293525039123631 0.0265625 0.0375
ckz6ru99l000b386l18xh2byu 0 0.13515625 0.18958333333333333 0.0265625 0.0375
ckz6rub67000d386ld3mx1dyi 0 0.2074100378787879 0.1398989898989899 0.0265625 0.03750000000000001
ckz6ruchb000f386lxxpeu5na 0 0.3012109375 0.10229166666666667 0.0265625 0.0375
ckz6rudsb000h386lkwwvc8dz 0 0.28450427158273384 0.21753597122302157 0.0265625 0.0375
ckz6ruf3e000j386lbyqpxw51 0 0.3131418720657277 0.3075704225352113 0.0265625 0.0375
ckz6rugcj000l386lzjazem8c 0 0.35494791666666664 0.21805555555555556 0.0265625 0.041666666666666664
ckz6rui7o000n386lh32dwmkr 0 0.5782093603286385 0.8831279342723005 0.0265625 0.0375
ckz6ruj49000p386lndk3j9jv 0 0.6445131864161849 0.5659922928709056 0.0265625 0.0375
ckz6rup8s000r386lkjotnoh0 0 0.48828125 0.86875 0.0265625 0.0375
ckz6rurv1000t386llsdca8lh 0 0.64609375 0.8166666666666667 0.0234375 0.0375
ckz6rut1n000v386l8rfix41j 0 0.8482019197054699 0.8405504908835905 0.0265625 0.0375
ckz6ruunj000x386l4qiqzsvd 0 0.8388269197054699 0.9655504908835905 0.0265625 0.0375
ckz6ruw8w000z386lc52x10qx 0 0.8547061272791024 0.7489334969611968 0.0265625 0.0375
ckz6ruxwl0011386lwhdpziws 0 0.97578125 0.7864583333333334 0.0265625 0.04375
ckz6ruzco0013386lo3nqjmle 0 0.828125 0.43645833333333334 0.025 0.03958333333333333
ckz6rv4et0015386le3rdpw93 0 0.8682930672268908 0.409375 0.025 0.03958333333333333
ckz6rv5s20017386lyas5kerj 0 0.6559895833333333 0.14583333333333334 0.0234375 0.035416666666666666
ckz6rva9o0019386ll7e0plel 0 0.6717129896313364 0.13918970814132106 0.0265625 0.03333333333333335
ckz6rvlfq001d386lt59x4kz2 0 0.7709290649100258 0.06622750642673522 0.0265625 0.03333333333333333
ckz6rvnb8001f386l63s6p1ys 0 0.7115793720657277 0.6373141627543036 0.0265625 0.03333333333333333
ckz6rvpuj001h386lhrb15el1 0 0.5899831279342723 0.4871087636932707 0.0265625 0.03333333333333333
ckz6rvrjs001j386lscfviwaz 0 0.4990793720657277 0.38673708920187794 0.0265625 0.03333333333333333
ckz6rvtvy001l386li54we947 0 0.02265625 0.475 0.0296875 0.0375
ckz6rvvx4001n386lwp0hh90g 0 0.01608072916666667 0.230078125 0.0265625 0.03333333333333333
ckz6rvxvs001p386l9u5f2w3s 0 0.13125 0.3104166666666667 0.028125 0.0375
ckz6rw3in001v386l6bltg9jj 0 0.74609375 0.7333333333333333 0.0265625 0.03333333333333333
ckz6rw56s001x386l432ih3l6 0 0.9903599330357142 0.7736049107142856 0.019280133928571353 0.03441220238095243
cl4sse7t80004356hlgz3o2fx 0 0.635546875 0.40625 0.025 0.035416666666666666
cl4ssee0s0008356hd15z4qn8 0 0.58828125 0.11875 0.0296875 0.05
cl4ssegqi000c356hwxoota92 0 0.6015625 0.20625 0.025 0.04583333333333333
cl4sseopo000g356h6ldd8ms6 0 0.29140625 0.6229166666666667 0.0390625 0.041666666666666664
cl4swkq5u0003356p8vuhc7nn 0 0.528125 0.5791666666666667 0.028125 0.035416666666666666
cl4uq6b5l0003356p4ou3mrfw 0 0.85625 0.22395833333333334 0.0375 0.04375
cl4uqbjp9000b356p2175vvqw 0 0.5112664473684211 0.7211896929824562 0.0421875 0.04375
cl53eq6de000f356i3cjd5jif 1 0.57109375 0.13333333333333333 0.0890625 0.1125
cl53eqa7m000l356ivf26125u 1 0.3203125 0.21041666666666667 0.103125 0.09583333333333334
