ckz3v9nzv00033867jsekqdcl 0 0.26652326541850224 0.4337371512481644 0.0265625 0.0375
ckz6ru2eb0001386lefk6js4m 0 0.23828125 0.5770833333333333 0.0265625 0.0375
ckz6ru3um0003386l39xwv0yk 0 0.24224165836653389 0.85625 0.0265625 0.0375
ckz6ru5610005386l8uoys4lc 0 0.19453125 0.8458333333333333 0.0265625 0.0375
ckz6ru6of0007386lhf2t4dtw 0 0.08359375 0.80625 0.0265625 0.0375
ckz6ru83f0009386lx7517dwf 0 0.018680082684824906 0.7537370298313878 0.0265625 0.0375
ckz6ru99l000b386l18xh2byu 0 0.13515625 0.18958333333333333 0.0265625 0.0375
ckz6rub67000d386ld3mx1dyi 0 0.2339543269230769 0.18798076923076923 0.0265625 0.041666666666666664
ckz6ruchb000f386lxxpeu5na 0 0.25751953125 0.134765625 0.0265625 0.0375
ckz6rudsb000h386lkwwvc8dz 0 0.2823178956834532 0.22045113908872901 0.0265625 0.0375
ckz6ruf3e000j386lbyqpxw51 0 0.2860837898406375 0.33626328021248336 0.0265625 0.0375
ckz6rugcj000l386lzjazem8c 0 0.1540625 0.5270833333333333 0.028125 0.05
ckz6rui7o000n386lh32dwmkr 0 0.54287109375 0.9550491898148148 0.0265625 0.0375
ckz6ruj49000p386lndk3j9jv 0 0.6360103283898305 0.5843573446327684 0.0265625 0.0375
ckz6rup8s000r386lkjotnoh0 0 0.48828125 0.86875 0.0265625 0.0375
ckz6rut1n000v386l8rfix41j 0 0.8447920319074333 0.8507801542776999 0.0265625 0.0375
ckz6ruunj000x386l4qiqzsvd 0 0.8354170319074333 0.9757801542776999 0.0265625 0.0375
ckz6ruw8w000z386lc52x10qx 0 0.8521487114305751 0.7523433847592333 0.0265625 0.0375
ckz6ruzco0013386lo3nqjmle 0 0.828125 0.43645833333333334 0.025 0.03958333333333333
ckz6rv4et0015386le3rdpw93 0 0.8667607668067226 0.409375 0.025 0.03958333333333333
ckz6rva9o0019386ll7e0plel 0 0.6627265963203464 0.17758838383838385 0.0265625 0.03333333333333333
ckz6rvlfq001d386lt59x4kz2 0 0.7713071034136546 0.08082329317269075 0.0265625 0.03333333333333333
ckz6rvnb8001f386l63s6p1ys 0 0.71015625 0.6354166666666666 0.0265625 0.03333333333333333
ckz6rvpuj001h386lhrb15el1 0 0.5748151240458015 0.5245944656488549 0.027146946564885432 0.03333333333333328
ckz6rvrjs001j386lscfviwaz 0 0.4879894212062257 0.40545557717250325 0.0265625 0.03333333333333333
ckz6rvvx4001n386lwp0hh90g 0 0.005703125 0.30343749999999997 0.01140625 0.03520833333333335
ckz6rvxvs001p386l9u5f2w3s 0 0.46875 0.48541666666666666 0.028125 0.0375
ckz6rw3in001v386l6bltg9jj 0 0.753125 0.15625 0.0265625 0.03333333333333333
ckz6rw56s001x386l432ih3l6 0 0.9771366716867471 0.8446410642570281 0.0234375 0.035416666666666666
cl4ssee0s0008356hd15z4qn8 0 0.58828125 0.11875 0.0296875 0.05
cl4ssegqi000c356hwxoota92 0 0.6015625 0.20625 0.025 0.04583333333333333
cl4sseopo000g356h6ldd8ms6 0 0.06171875 0.08993055555555556 0.0296875 0.03958333333333333
cl4uq6b5l0003356p4ou3mrfw 0 0.85625 0.22395833333333334 0.0375 0.04375
cl4uqbjp9000b356p2175vvqw 0 0.49927014802631575 0.7398506030701755 0.0421875 0.04375
cl4ur3vs8000v356pe031p1yo 0 0.5014285714285714 0.021755952380952383 0.025 0.027083333333333334
cl4urtjol000z356puo72ztp3 0 0.2765625 0.22916666666666666 0.028125 0.0375
cl4uru0kq0013356pt4h9yjm1 0 0.5189630681818181 0.011647727272727271 0.0296875 0.01875
cl4urwkrx0017356pikpviaa9 0 0.37131696428571426 0.015736607142857142 0.0234375 0.023735119047619047
cl53eq6de000f356i3cjd5jif 1 0.57109375 0.13333333333333333 0.0890625 0.1125
cl53eqa7m000l356ivf26125u 1 0.3203125 0.21041666666666667 0.103125 0.09583333333333334
