ckz3v9nzv00033867jsekqdcl 0 0.26484375 0.4354166666666667 0.0265625 0.0375
ckz6ru2eb0001386lefk6js4m 0 0.23828125 0.5770833333333333 0.0265625 0.0375
ckz6ru3um0003386l39xwv0yk 0 0.24193787350597612 0.85625 0.0265625 0.0375
ckz6ru5610005386l8uoys4lc 0 0.19453125 0.8458333333333333 0.0265625 0.0375
ckz6ru6of0007386lhf2t4dtw 0 0.08359375 0.80625 0.0265625 0.0375
ckz6ru83f0009386lx7517dwf 0 0.015713156614785995 0.7631322957198443 0.0265625 0.0375
ckz6ru99l000b386l18xh2byu 0 0.13515625 0.18958333333333333 0.0265625 0.0375
ckz6rub67000d386ld3mx1dyi 0 0.26796875 0.22291666666666668 0.0265625 0.041666666666666664
ckz6ruchb000f386lxxpeu5na 0 0.248583984375 0.1466796875 0.0265625 0.0375
ckz6rudsb000h386lkwwvc8dz 0 0.28163219424460434 0.2213654076738609 0.0265625 0.0375
ckz6ruf3e000j386lbyqpxw51 0 0.2763843201754386 0.3494517543859649 0.0265625 0.0375
ckz6rugcj000l386lzjazem8c 0 0.0796875 0.535 0.028125 0.05
ckz6rui7o000n386lh32dwmkr 0 0.5338408217423133 0.9732460956564177 0.0265625 0.0375
ckz6ruj49000p386lndk3j9jv 0 0.6303561970338982 0.5972810734463276 0.0265625 0.0375
ckz6rup8s000r386lkjotnoh0 0 0.48828125 0.86875 0.0265625 0.0375
ckz6rut1n000v386l8rfix41j 0 0.8437226069424965 0.8539884291725105 0.0265625 0.0375
ckz6ruunj000x386l4qiqzsvd 0 0.8343476069424964 0.9789884291725105 0.0265625 0.0375
ckz6ruw8w000z386lc52x10qx 0 0.8513466427068724 0.7534128097241701 0.0265625 0.0375
ckz6ruzco0013386lo3nqjmle 0 0.828125 0.43645833333333334 0.025 0.03958333333333333
ckz6rv4et0015386le3rdpw93 0 0.8662801995798318 0.409375 0.025 0.03958333333333333
ckz6rva9o0019386ll7e0plel 0 0.6610761634199134 0.18529040404040403 0.0265625 0.03333333333333333
ckz6rvlfq001d386lt59x4kz2 0 0.7682448544176708 0.08694779116465863 0.0265625 0.03333333333333333
ckz6rvnb8001f386l63s6p1ys 0 0.71015625 0.6354166666666666 0.0265625 0.03333333333333333
ckz6rvpuj001h386lhrb15el1 0 0.5646290553435114 0.5391459923664123 0.028602099236641188 0.03333333333333333
ckz6rvrjs001j386lscfviwaz 0 0.48103787251655633 0.40790562913907286 0.0265625 0.03333333333333333
ckz6rvxvs001p386l9u5f2w3s 0 0.6234375 0.5333333333333333 0.028125 0.0375
ckz6rw3in001v386l6bltg9jj 0 0.6674479166666667 0.0625 0.0265625 0.03333333333333333
ckz6rw56s001x386l432ih3l6 0 0.9747796474358974 0.8639690170940172 0.0234375 0.035416666666666666
cl4ssee0s0008356hd15z4qn8 0 0.58828125 0.11875 0.0296875 0.05
cl4ssegqi000c356hwxoota92 0 0.6015625 0.20625 0.025 0.04583333333333333
cl4uq6b5l0003356p4ou3mrfw 0 0.85625 0.22395833333333334 0.0375 0.04375
cl4uq7un10007356p14ye3ifb 0 0.9377604166666667 0.2298611111111111 0.0328125 0.041666666666666664
cl4uqbjp9000b356p2175vvqw 0 0.4958415503640777 0.7451279328478965 0.0421875 0.04375
cl4ur3vs8000v356pe031p1yo 0 0.5050595238095238 0.02498346560846561 0.025 0.027083333333333338
cl4urtjol000z356puo72ztp3 0 0.09609375 0.271875 0.0296875 0.03958333333333333
cl4uru0kq0013356pt4h9yjm1 0 0.513186553030303 0.013573232323232324 0.0296875 0.01875
cl4urwkrx0017356pikpviaa9 0 0.3668632392473118 0.026086469534050184 0.0234375 0.027083333333333338
cl4urzbou001b356p2c0bz1ci 0 0.04296875 0.07916666666666666 0.0296875 0.03333333333333333
cl53eq6de000f356i3cjd5jif 1 0.57109375 0.13333333333333333 0.0890625 0.1125
cl53eqa7m000l356ivf26125u 1 0.3203125 0.21041666666666667 0.103125 0.09583333333333334
