ckz3v9nzv00033867jsekqdcl 0 0.2691664372246696 0.43109397944199707 0.0265625 0.0375
ckz6ru2eb0001386lefk6js4m 0 0.23828125 0.5770833333333333 0.0265625 0.0375
ckz6ru3um0003386l39xwv0yk 0 0.24248070219123505 0.85625 0.0265625 0.0375
ckz6ru5610005386l8uoys4lc 0 0.19453125 0.8458333333333333 0.0265625 0.0375
ckz6ru6of0007386lhf2t4dtw 0 0.08359375 0.80625 0.0265625 0.0375
ckz6ru83f0009386lx7517dwf 0 0.021014713035019457 0.7463440337224384 0.0265625 0.0375
ckz6ru99l000b386l18xh2byu 0 0.13515625 0.18958333333333333 0.0265625 0.0375
ckz6rub67000d386ld3mx1dyi 0 0.22296875 0.18041666666666664 0.0265625 0.041666666666666664
ckz6ruchb000f386lxxpeu5na 0 0.26455078125 0.125390625 0.0265625 0.0375
ckz6rudsb000h386lkwwvc8dz 0 0.282857464028777 0.21973171462829735 0.0265625 0.0375
ckz6ruf3e000j386lbyqpxw51 0 0.2938527141434263 0.32590471447543157 0.0265625 0.0375
ckz6rugcj000l386lzjazem8c 0 0.196875 0.5194444444444444 0.028125 0.045833333333333275
ckz6rui7o000n386lh32dwmkr 0 0.5520333195364239 0.9361065121412804 0.0265625 0.0375
ckz6ruj49000p386lndk3j9jv 0 0.63828125 0.576496212121212 0.0265625 0.0375
ckz6rup8s000r386lkjotnoh0 0 0.48828125 0.86875 0.0265625 0.0375
ckz6rut1n000v386l8rfix41j 0 0.8456335466339411 0.8482556100981767 0.0265625 0.0375
ckz6ruunj000x386l4qiqzsvd 0 0.8362585466339411 0.9732556100981767 0.0265625 0.0375
ckz6ruw8w000z386lc52x10qx 0 0.8527798474754558 0.7515018700327256 0.0265625 0.0375
ckz6ruzco0013386lo3nqjmle 0 0.828125 0.43645833333333334 0.025 0.03958333333333333
ckz6rv4et0015386le3rdpw93 0 0.867138918067227 0.409375 0.025 0.03958333333333333
ckz6rva9o0019386ll7e0plel 0 0.6646729504048583 0.16896929824561405 0.0265625 0.03333333333333333
ckz6rvlfq001d386lt59x4kz2 0 0.7737167419678715 0.07600401606425702 0.0265625 0.03333333333333333
ckz6rvnb8001f386l63s6p1ys 0 0.71015625 0.6354166666666666 0.0265625 0.03333333333333333
ckz6rvpuj001h386lhrb15el1 0 0.5815767045454545 0.5125189393939393 0.0265625 0.03333333333333333
ckz6rvrjs001j386lscfviwaz 0 0.49382599708171204 0.40467736705577173 0.0265625 0.03333333333333333
ckz6rvvx4001n386lwp0hh90g 0 0.008675986842105262 0.2845394736842105 0.017351973684210525 0.03333333333333333
ckz6rvxvs001p386l9u5f2w3s 0 0.4 0.4666666666666667 0.028125 0.0375
ckz6rw3in001v386l6bltg9jj 0 0.77109375 0.3020833333333333 0.0265625 0.03333333333333333
ckz6rw56s001x386l432ih3l6 0 0.983716066919192 0.8248211279461279 0.018742108585858654 0.035416666666666666
cl4sse7t80004356hlgz3o2fx 0 0.79609375 0.9208333333333333 0.0390625 0.041666666666666664
cl4ssee0s0008356hd15z4qn8 0 0.58828125 0.11875 0.0296875 0.05
cl4ssegqi000c356hwxoota92 0 0.6015625 0.20625 0.025 0.04583333333333333
cl4sseopo000g356h6ldd8ms6 0 0.12734375 0.221875 0.0359375 0.04583333333333333
cl4uq6b5l0003356p4ou3mrfw 0 0.85625 0.22395833333333334 0.0375 0.04375
cl4uqbjp9000b356p2175vvqw 0 0.5022306743421052 0.7352453399122807 0.0421875 0.04375
cl4ur3tl4000r356p5yynq6lr 0 0.41328125 0.10744047619047618 0.0234375 0.029166666666666667
cl4ur3vs8000v356pe031p1yo 0 0.49857142857142855 0.019216269841269843 0.025 0.027083333333333334
cl4urtjol000z356puo72ztp3 0 0.3703125 0.04708333333333334 0.028125 0.0375
cl4uru0kq0013356pt4h9yjm1 0 0.5235085227272728 0.010132575757575757 0.0296875 0.01875
cl53eq6de000f356i3cjd5jif 1 0.57109375 0.13333333333333333 0.0890625 0.1125
cl53eqa7m000l356ivf26125u 1 0.3203125 0.21041666666666667 0.103125 0.09583333333333334
