ckz3v9nzv00033867jsekqdcl 0 0.26484375 0.4354166666666667 0.0265625 0.0375
ckz6ru2eb0001386lefk6js4m 0 0.23828125 0.5770833333333333 0.0265625 0.0375
ckz6ru3um0003386l39xwv0yk 0 0.24194783366533862 0.85625 0.0265625 0.0375
ckz6ru5610005386l8uoys4lc 0 0.19453125 0.8458333333333333 0.0265625 0.0375
ckz6ru6of0007386lhf2t4dtw 0 0.08359375 0.80625 0.0265625 0.0375
ckz6ru83f0009386lx7517dwf 0 0.015810432879377435 0.7628242542153049 0.0265625 0.0375
ckz6ru99l000b386l18xh2byu 0 0.13515625 0.18958333333333333 0.0265625 0.0375
ckz6rub67000d386ld3mx1dyi 0 0.26640625 0.23645833333333333 0.0265625 0.041666666666666664
ckz6ruchb000f386lxxpeu5na 0 0.248876953125 0.1462890625 0.0265625 0.0375
ckz6rudsb000h386lkwwvc8dz 0 0.28165467625899276 0.22133543165467626 0.0265625 0.0375
ckz6ruf3e000j386lbyqpxw51 0 0.2766584429824561 0.3490131578947368 0.0265625 0.0375
ckz6rugcj000l386lzjazem8c 0 0.0859375 0.5333333333333333 0.028125 0.05
ckz6rui7o000n386lh32dwmkr 0 0.5338042185212298 0.9731972913616398 0.0265625 0.0375
ckz6ruj49000p386lndk3j9jv 0 0.6305415783898305 0.5968573446327684 0.0265625 0.0375
ckz6rup8s000r386lkjotnoh0 0 0.48828125 0.86875 0.0265625 0.0375
ckz6rut1n000v386l8rfix41j 0 0.843757670056101 0.8538832398316971 0.0265625 0.0375
ckz6ruunj000x386l4qiqzsvd 0 0.834382670056101 0.9788832398316971 0.0265625 0.0375
ckz6ruw8w000z386lc52x10qx 0 0.8513729400420758 0.7533777466105657 0.0265625 0.0375
ckz6ruzco0013386lo3nqjmle 0 0.828125 0.43645833333333334 0.025 0.03958333333333333
ckz6rv4et0015386le3rdpw93 0 0.8662959558823529 0.409375 0.025 0.03958333333333333
ckz6rva9o0019386ll7e0plel 0 0.661130275974026 0.18503787878787878 0.0265625 0.03333333333333333
ckz6rvlfq001d386lt59x4kz2 0 0.7683452560240964 0.08674698795180723 0.0265625 0.03333333333333333
ckz6rvnb8001f386l63s6p1ys 0 0.71015625 0.6354166666666666 0.0265625 0.03333333333333333
ckz6rvpuj001h386lhrb15el1 0 0.5649630248091603 0.538668893129771 0.028554389312977067 0.03333333333333333
ckz6rvrjs001j386lscfviwaz 0 0.4812034354304636 0.4076296909492274 0.0265625 0.03333333333333333
ckz6rvxvs001p386l9u5f2w3s 0 0.6171875 0.5291666666666667 0.028125 0.0375
ckz6rw3in001v386l6bltg9jj 0 0.6747395833333333 0.06666666666666667 0.0265625 0.03333333333333333
ckz6rw56s001x386l432ih3l6 0 0.9748597756410258 0.863434829059829 0.0234375 0.035416666666666666
cl4ssee0s0008356hd15z4qn8 0 0.58828125 0.11875 0.0296875 0.05
cl4ssegqi000c356hwxoota92 0 0.6015625 0.20625 0.025 0.04583333333333333
cl4uq6b5l0003356p4ou3mrfw 0 0.85625 0.22395833333333334 0.0375 0.04375
cl4uq7un10007356p14ye3ifb 0 0.9325520833333334 0.2451388888888889 0.0328125 0.041666666666666664
cl4uqbjp9000b356p2175vvqw 0 0.4958946450242719 0.7450571399676374 0.0421875 0.04375
cl4ur3vs8000v356pe031p1yo 0 0.5049404761904761 0.024877645502645505 0.025 0.027083333333333338
cl4urtjol000z356puo72ztp3 0 0.09765625 0.28020833333333334 0.0296875 0.03958333333333333
cl4uru0kq0013356pt4h9yjm1 0 0.513375946969697 0.013510101010101009 0.0296875 0.01875
cl4urwkrx0017356pikpviaa9 0 0.3669573252688172 0.025728046594982075 0.0234375 0.02708333333333333
cl4urzbou001b356p2c0bz1ci 0 0.04453125 0.075 0.0296875 0.03333333333333333
cl53eq6de000f356i3cjd5jif 1 0.57109375 0.13333333333333333 0.0890625 0.1125
cl53eqa7m000l356ivf26125u 1 0.3203125 0.21041666666666667 0.103125 0.09583333333333334
