ckz3v9nzv00033867jsekqdcl 0 0.2702952918502203 0.4299651248164464 0.0265625 0.0375
ckz6ru2eb0001386lefk6js4m 0 0.23828125 0.5770833333333333 0.0265625 0.0375
ckz6ru3um0003386l39xwv0yk 0 0.24258279382470121 0.85625 0.0265625 0.0375
ckz6ru5610005386l8uoys4lc 0 0.19453125 0.8458333333333333 0.0265625 0.0375
ckz6ru6of0007386lhf2t4dtw 0 0.08359375 0.80625 0.0265625 0.0375
ckz6ru83f0009386lx7517dwf 0 0.022011794747081714 0.7431866083009079 0.0265625 0.0375
ckz6ru99l000b386l18xh2byu 0 0.13515625 0.18958333333333333 0.0265625 0.0375
ckz6rub67000d386ld3mx1dyi 0 0.22109375 0.18095238095238095 0.0265625 0.041666666666666664
ckz6ruchb000f386lxxpeu5na 0 0.26957839439655173 0.12200969827586207 0.0265625 0.0375
ckz6rudsb000h386lkwwvc8dz 0 0.283087904676259 0.21942446043165467 0.0265625 0.0375
ckz6ruf3e000j386lbyqpxw51 0 0.2971706922310757 0.3214807436918991 0.0265625 0.0375
ckz6rugcj000l386lzjazem8c 0 0.22745535714285717 0.46458333333333335 0.028125 0.04583333333333333
ckz6rui7o000n386lh32dwmkr 0 0.5558516142384107 0.927621412803532 0.0265625 0.0375
ckz6ruj49000p386lndk3j9jv 0 0.63828125 0.5741666666666667 0.0265625 0.0375
ckz6rup8s000r386lkjotnoh0 0 0.48828125 0.86875 0.0265625 0.0375
ckz6rut1n000v386l8rfix41j 0 0.845992943548387 0.8471774193548387 0.0265625 0.0375
ckz6ruunj000x386l4qiqzsvd 0 0.836617943548387 0.9721774193548387 0.0265625 0.0375
ckz6ruw8w000z386lc52x10qx 0 0.8530493951612904 0.7511424731182796 0.0265625 0.0375
ckz6ruzco0013386lo3nqjmle 0 0.828125 0.43645833333333334 0.025 0.03958333333333333
ckz6rv4et0015386le3rdpw93 0 0.8673004201680673 0.409375 0.025 0.03958333333333333
ckz6rva9o0019386ll7e0plel 0 0.6657103997975709 0.1644736842105263 0.0265625 0.03333333333333333
ckz6rvlfq001d386lt59x4kz2 0 0.7739656973007711 0.07432519280205656 0.0265625 0.03333333333333334
ckz6rvnb8001f386l63s6p1ys 0 0.71015625 0.6354166666666666 0.0265625 0.03333333333333333
ckz6rvpuj001h386lhrb15el1 0 0.58390625 0.5070833333333333 0.0265625 0.03333333333333333
ckz6rvrjs001j386lscfviwaz 0 0.49631870136186773 0.4043450064850843 0.0265625 0.03333333333333333
ckz6rvvx4001n386lwp0hh90g 0 0.011036184210526316 0.27644736842105266 0.022072368421052632 0.03333333333333336
ckz6rvxvs001p386l9u5f2w3s 0 0.36964285714285716 0.4419642857142857 0.028125 0.0375
ckz6rw3in001v386l6bltg9jj 0 0.77109375 0.3875 0.0265625 0.03333333333333333
ckz6rw56s001x386l432ih3l6 0 0.9867897727272726 0.8161931818181818 0.01647727272727284 0.035416666666666666
cl4sse7t80004356hlgz3o2fx 0 0.77890625 0.8333333333333334 0.0296875 0.041666666666666664
cl4ssee0s0008356hd15z4qn8 0 0.58828125 0.11875 0.0296875 0.05
cl4ssegqi000c356hwxoota92 0 0.6015625 0.20625 0.025 0.04583333333333333
cl4sseopo000g356h6ldd8ms6 0 0.1546875 0.32083333333333336 0.0359375 0.04583333333333333
cl4uq6b5l0003356p4ou3mrfw 0 0.85625 0.22395833333333334 0.0375 0.04375
cl4uqbjp9000b356p2175vvqw 0 0.5034950657894737 0.7332785087719298 0.0421875 0.04375
cl4ur3tl4000r356p5yynq6lr 0 0.3294921875 0.06744791666666666 0.0234375 0.029166666666666667
cl4ur3vs8000v356pe031p1yo 0 0.4973511904761905 0.018131613756613756 0.025 0.027083333333333334
cl4urtjol000z356puo72ztp3 0 0.4463169642857142 0.007738095238095238 0.028794642857142793 0.015476190476190477
cl4uru0kq0013356pt4h9yjm1 0 0.5254498106060607 0.009485479797979797 0.0296875 0.01875
cl53eq6de000f356i3cjd5jif 1 0.57109375 0.13333333333333333 0.0890625 0.1125
cl53eqa7m000l356ivf26125u 1 0.3203125 0.21041666666666667 0.103125 0.09583333333333334
