ckz3v9nzv00033867jsekqdcl 0 0.2653393447136564 0.4349210719530103 0.0265625 0.0375
ckz6ru2eb0001386lefk6js4m 0 0.23828125 0.5770833333333333 0.0265625 0.0375
ckz6ru3um0003386l39xwv0yk 0 0.24213458665338647 0.85625 0.0265625 0.0375
ckz6ru5610005386l8uoys4lc 0 0.19453125 0.8458333333333333 0.0265625 0.0375
ckz6ru6of0007386lhf2t4dtw 0 0.08359375 0.80625 0.0265625 0.0375
ckz6ru83f0009386lx7517dwf 0 0.017634362840466926 0.7570484760051881 0.0265625 0.0375
ckz6ru99l000b386l18xh2byu 0 0.13515625 0.18958333333333333 0.0265625 0.0375
ckz6rub67000d386ld3mx1dyi 0 0.24906250000000002 0.19708333333333333 0.0265625 0.041666666666666664
ckz6ruchb000f386lxxpeu5na 0 0.2543701171875 0.13896484375 0.0265625 0.0375
ckz6rudsb000h386lkwwvc8dz 0 0.282076214028777 0.22077338129496402 0.0265625 0.0375
ckz6ruf3e000j386lbyqpxw51 0 0.2826039591633466 0.3409030544488712 0.0265625 0.0375
ckz6rugcj000l386lzjazem8c 0 0.12678571428571428 0.5285714285714286 0.028125 0.05
ckz6rui7o000n386lh32dwmkr 0 0.538671875 0.963136574074074 0.0265625 0.0375
ckz6ruj49000p386lndk3j9jv 0 0.6340174788135593 0.588912429378531 0.0265625 0.0375
ckz6rup8s000r386lkjotnoh0 0 0.48828125 0.86875 0.0265625 0.0375
ckz6rut1n000v386l8rfix41j 0 0.8444151034361852 0.8519109396914446 0.0265625 0.0375
ckz6ruunj000x386l4qiqzsvd 0 0.8350401034361852 0.9769109396914446 0.0265625 0.0375
ckz6ruw8w000z386lc52x10qx 0 0.8518660150771389 0.7527203132304815 0.0265625 0.0375
ckz6ruzco0013386lo3nqjmle 0 0.828125 0.43645833333333334 0.025 0.03958333333333333
ckz6rv4et0015386le3rdpw93 0 0.866591386554622 0.409375 0.025 0.03958333333333333
ckz6rva9o0019386ll7e0plel 0 0.6621448863636363 0.1803030303030303 0.0265625 0.03333333333333333
ckz6rvlfq001d386lt59x4kz2 0 0.7702277861445783 0.08298192771084338 0.0265625 0.03333333333333333
ckz6rvnb8001f386l63s6p1ys 0 0.71015625 0.6354166666666666 0.0265625 0.03333333333333333
ckz6rvpuj001h386lhrb15el1 0 0.5712249522900763 0.5297232824427481 0.02765982824427482 0.03333333333333333
ckz6rvrjs001j386lscfviwaz 0 0.48537512159533075 0.4058041504539559 0.0265625 0.03333333333333333
ckz6rvvx4001n386lwp0hh90g 0 0.00546875 0.30520833333333336 0.0109375 0.035416666666666666
ckz6rvxvs001p386l9u5f2w3s 0 0.5203125 0.4479166666666667 0.028125 0.0375
ckz6rw3in001v386l6bltg9jj 0 0.71640625 0.1125 0.0265625 0.03333333333333333
ckz6rw56s001x386l432ih3l6 0 0.9763271837349399 0.8521962851405623 0.0234375 0.035416666666666666
cl4ssee0s0008356hd15z4qn8 0 0.58828125 0.11875 0.0296875 0.05
cl4ssegqi000c356hwxoota92 0 0.6015625 0.20625 0.025 0.04583333333333333
cl4sseopo000g356h6ldd8ms6 0 0.02265625 0.027083333333333334 0.0265625 0.03125
cl4uq6b5l0003356p4ou3mrfw 0 0.85625 0.22395833333333334 0.0375 0.04375
cl4uq7un10007356p14ye3ifb 0 0.97828125 0.30541666666666667 0.02156249999999993 0.0375
cl4uqbjp9000b356p2175vvqw 0 0.4979440789473684 0.7419133771929824 0.0421875 0.04375
cl4ur3vs8000v356pe031p1yo 0 0.5027083333333333 0.022893518518518514 0.025 0.02708333333333333
cl4urtjol000z356puo72ztp3 0 0.21614583333333334 0.2652777777777778 0.028125 0.037500000000000026
cl4uru0kq0013356pt4h9yjm1 0 0.5169270833333333 0.012326388888888888 0.0296875 0.01875
cl4urwkrx0017356pikpviaa9 0 0.3693973214285714 0.019255952380952384 0.0234375 0.025654761904761906
cl53eq6de000f356i3cjd5jif 1 0.57109375 0.13333333333333333 0.0890625 0.1125
cl53eqa7m000l356ivf26125u 1 0.3203125 0.21041666666666667 0.103125 0.09583333333333334
