ckz3v9nzv00033867jsekqdcl 0 0.26878097466960355 0.4314794419970632 0.0265625 0.0375
ckz6ru2eb0001386lefk6js4m 0 0.23828125 0.5770833333333333 0.0265625 0.0375
ckz6ru3um0003386l39xwv0yk 0 0.24244584163346614 0.85625 0.0265625 0.0375
ckz6ru5610005386l8uoys4lc 0 0.19453125 0.8458333333333333 0.0265625 0.0375
ckz6ru6of0007386lhf2t4dtw 0 0.08359375 0.80625 0.0265625 0.0375
ckz6ru83f0009386lx7517dwf 0 0.02067424610894942 0.7474221789883269 0.0265625 0.0375
ckz6ru99l000b386l18xh2byu 0 0.13515625 0.18958333333333333 0.0265625 0.0375
ckz6rub67000d386ld3mx1dyi 0 0.22209821428571427 0.184375 0.0265625 0.041666666666666664
ckz6ruchb000f386lxxpeu5na 0 0.263525390625 0.1267578125 0.0265625 0.0375
ckz6rudsb000h386lkwwvc8dz 0 0.28277877697841725 0.21983663069544365 0.0265625 0.0375
ckz6ruf3e000j386lbyqpxw51 0 0.29271974601593626 0.32741533864541833 0.0265625 0.0375
ckz6rugcj000l386lzjazem8c 0 0.2064453125 0.5286458333333334 0.028125 0.04583333333333333
ckz6rui7o000n386lh32dwmkr 0 0.550729511589404 0.9390038631346579 0.0265625 0.0375
ckz6ruj49000p386lndk3j9jv 0 0.63828125 0.5772916666666668 0.0265625 0.0375
ckz6rup8s000r386lkjotnoh0 0 0.48828125 0.86875 0.0265625 0.0375
ckz6rut1n000v386l8rfix41j 0 0.8455108257363253 0.8486237727910239 0.0265625 0.0375
ckz6ruunj000x386l4qiqzsvd 0 0.8361358257363254 0.9736237727910239 0.0265625 0.0375
ckz6ruw8w000z386lc52x10qx 0 0.8526878068022441 0.7516245909303413 0.0265625 0.0375
ckz6ruzco0013386lo3nqjmle 0 0.828125 0.43645833333333334 0.025 0.03958333333333333
ckz6rv4et0015386le3rdpw93 0 0.8670837710084033 0.409375 0.025 0.03958333333333333
ckz6rva9o0019386ll7e0plel 0 0.6643186993927126 0.17050438596491227 0.0265625 0.03333333333333333
ckz6rvlfq001d386lt59x4kz2 0 0.7733653363453815 0.07670682730923696 0.0265625 0.03333333333333334
ckz6rvnb8001f386l63s6p1ys 0 0.71015625 0.6354166666666666 0.0265625 0.03333333333333333
ckz6rvpuj001h386lhrb15el1 0 0.58078125 0.514375 0.0265625 0.03333333333333333
ckz6rvrjs001j386lscfviwaz 0 0.49297482976653695 0.40479085603112835 0.0265625 0.03333333333333333
ckz6rvvx4001n386lwp0hh90g 0 0.007870065789473685 0.2873026315789474 0.01574013157894737 0.03333333333333333
ckz6rvxvs001p386l9u5f2w3s 0 0.4078125 0.4583333333333333 0.028125 0.0375
ckz6rw3in001v386l6bltg9jj 0 0.77890625 0.2833333333333333 0.0265625 0.03333333333333333
ckz6rw56s001x386l432ih3l6 0 0.9826665088383837 0.827767255892256 0.019515467171717128 0.035416666666666666
cl4sse7t80004356hlgz3o2fx 0 0.809375 0.9354166666666667 0.034375 0.041666666666666664
cl4ssee0s0008356hd15z4qn8 0 0.58828125 0.11875 0.0296875 0.05
cl4ssegqi000c356hwxoota92 0 0.6015625 0.20625 0.025 0.04583333333333333
cl4sseopo000g356h6ldd8ms6 0 0.09192708333333333 0.24097222222222223 0.03593749999999999 0.04583333333333333
cl4uq6b5l0003356p4ou3mrfw 0 0.85625 0.22395833333333334 0.0375 0.04375
cl4uqbjp9000b356p2175vvqw 0 0.5017989309210527 0.7359169407894737 0.0421875 0.04375
cl4ur3tl4000r356p5yynq6lr 0 0.437890625 0.0390625 0.0234375 0.029166666666666667
cl4ur3vs8000v356pe031p1yo 0 0.49898809523809523 0.01958664021164021 0.025 0.027083333333333334
cl4urtjol000z356puo72ztp3 0 0.355859375 0.09479166666666666 0.028125 0.0375
cl4uru0kq0013356pt4h9yjm1 0 0.5228456439393939 0.010353535353535353 0.0296875 0.01875
cl4urwkrx0017356pikpviaa9 0 0.36618303571428573 0.010416666666666666 0.0234375 0.020833333333333332
cl53eq6de000f356i3cjd5jif 1 0.57109375 0.13333333333333333 0.0890625 0.1125
cl53eqa7m000l356ivf26125u 1 0.3203125 0.21041666666666667 0.103125 0.09583333333333334
