ckz3v9nzv00033867jsekqdcl 0 0.26484375 0.4354166666666667 0.0265625 0.0375
ckz6ru2eb0001386lefk6js4m 0 0.23828125 0.5770833333333333 0.0265625 0.0375
ckz6ru3um0003386l39xwv0yk 0 0.24204743525896416 0.85625 0.0265625 0.0375
ckz6ru5610005386l8uoys4lc 0 0.19453125 0.8458333333333333 0.0265625 0.0375
ckz6ru6of0007386lhf2t4dtw 0 0.08359375 0.80625 0.0265625 0.0375
ckz6ru83f0009386lx7517dwf 0 0.016783195525291828 0.7597438391699092 0.0265625 0.0375
ckz6ru99l000b386l18xh2byu 0 0.13515625 0.18958333333333333 0.0265625 0.0375
ckz6rub67000d386ld3mx1dyi 0 0.25546875 0.2136574074074074 0.0265625 0.041666666666666664
ckz6ruchb000f386lxxpeu5na 0 0.251806640625 0.1423828125 0.0265625 0.0375
ckz6rudsb000h386lkwwvc8dz 0 0.2818794964028777 0.22103567146282974 0.0265625 0.0375
ckz6ruf3e000j386lbyqpxw51 0 0.27977153884462147 0.344679614873838 0.0265625 0.0375
ckz6rugcj000l386lzjazem8c 0 0.12281249999999999 0.5233333333333333 0.028125 0.05
ckz6rui7o000n386lh32dwmkr 0 0.53525390625 0.9697193287037037 0.0265625 0.0375
ckz6ruj49000p386lndk3j9jv 0 0.6323953919491525 0.5926200564971751 0.0265625 0.0375
ckz6rup8s000r386lkjotnoh0 0 0.48828125 0.86875 0.0265625 0.0375
ckz6rut1n000v386l8rfix41j 0 0.8441083011921459 0.8528313464235624 0.0265625 0.0375
ckz6ruunj000x386l4qiqzsvd 0 0.8347333011921458 0.9778313464235624 0.0265625 0.0375
ckz6ruw8w000z386lc52x10qx 0 0.8516359133941094 0.7530271154745207 0.0265625 0.0375
ckz6ruzco0013386lo3nqjmle 0 0.828125 0.43645833333333334 0.025 0.03958333333333333
ckz6rv4et0015386le3rdpw93 0 0.8664535189075631 0.409375 0.025 0.03958333333333333
ckz6rva9o0019386ll7e0plel 0 0.6616714015151516 0.18251262626262627 0.0265625 0.03333333333333333
ckz6rvlfq001d386lt59x4kz2 0 0.7693492720883535 0.08473895582329317 0.0265625 0.03333333333333333
ckz6rvnb8001f386l63s6p1ys 0 0.71015625 0.6354166666666666 0.0265625 0.03333333333333333
ckz6rvpuj001h386lhrb15el1 0 0.5683027194656489 0.5338979007633587 0.02807729007633588 0.03333333333333333
ckz6rvrjs001j386lscfviwaz 0 0.483247203307393 0.40608787289234755 0.0265625 0.03333333333333333
ckz6rvxvs001p386l9u5f2w3s 0 0.5484375 0.5145833333333333 0.028125 0.0375
ckz6rw3in001v386l6bltg9jj 0 0.70234375 0.08958333333333333 0.0265625 0.03333333333333333
ckz6rw56s001x386l432ih3l6 0 0.9756610576923077 0.8580929487179486 0.0234375 0.035416666666666666
cl4ssee0s0008356hd15z4qn8 0 0.58828125 0.11875 0.0296875 0.05
cl4ssegqi000c356hwxoota92 0 0.6015625 0.20625 0.025 0.04583333333333333
cl4uq6b5l0003356p4ou3mrfw 0 0.85625 0.22395833333333334 0.0375 0.04375
cl4uq7un10007356p14ye3ifb 0 0.94234375 0.28833333333333333 0.0390625 0.041666666666666664
cl4uqbjp9000b356p2175vvqw 0 0.49686472039473684 0.743592379385965 0.0421875 0.04375
cl4ur3vs8000v356pe031p1yo 0 0.5037499999999999 0.023819444444444445 0.025 0.027083333333333334
cl4urtjol000z356puo72ztp3 0 0.159375 0.30416666666666664 0.028125 0.0375
cl4uru0kq0013356pt4h9yjm1 0 0.5152698863636364 0.012878787878787878 0.0296875 0.01875
cl4urwkrx0017356pikpviaa9 0 0.367898185483871 0.022143817204301076 0.0234375 0.027083333333333334
cl53eq6de000f356i3cjd5jif 1 0.57109375 0.13333333333333333 0.0890625 0.1125
cl53eqa7m000l356ivf26125u 1 0.3203125 0.21041666666666667 0.103125 0.09583333333333334
