ckz3v9nzv00033867jsekqdcl 0 0.27112140486725667 0.4290683382497542 0.0265625 0.0375
ckz6ru2eb0001386lefk6js4m 0 0.23828125 0.5770833333333333 0.0265625 0.0375
ckz6ru3um0003386l39xwv0yk 0 0.24265998505976097 0.85625 0.0265625 0.0375
ckz6ru5610005386l8uoys4lc 0 0.19453125 0.8458333333333333 0.0265625 0.0375
ckz6ru6of0007386lhf2t4dtw 0 0.08359375 0.80625 0.0265625 0.0375
ckz6ru83f0009386lx7517dwf 0 0.02276568579766537 0.7407992866407264 0.0265625 0.0375
ckz6ru99l000b386l18xh2byu 0 0.13515625 0.18958333333333333 0.0265625 0.0375
ckz6rub67000d386ld3mx1dyi 0 0.21975446428571427 0.18288690476190478 0.0265625 0.041666666666666664
ckz6ruchb000f386lxxpeu5na 0 0.2735452586206897 0.11950431034482759 0.0265625 0.0375
ckz6rudsb000h386lkwwvc8dz 0 0.2832621402877698 0.21919214628297362 0.0265625 0.0375
ckz6ruf3e000j386lbyqpxw51 0 0.30001572986577185 0.3190855704697987 0.0265625 0.0375
ckz6rugcj000l386lzjazem8c 0 0.26875 0.46770833333333334 0.028125 0.04583333333333333
ckz6rui7o000n386lh32dwmkr 0 0.5587386175496689 0.9212058498896247 0.0265625 0.0375
ckz6ruj49000p386lndk3j9jv 0 0.6385251083815029 0.5726457129094412 0.0265625 0.0375
ckz6rup8s000r386lkjotnoh0 0 0.48828125 0.86875 0.0265625 0.0375
ckz6rut1n000v386l8rfix41j 0 0.8462646826788219 0.8463622019635344 0.0265625 0.0375
ckz6ruunj000x386l4qiqzsvd 0 0.8368896826788219 0.9713622019635344 0.0265625 0.0375
ckz6ruw8w000z386lc52x10qx 0 0.8532531995091164 0.7508707339878449 0.0265625 0.0375
ckz6ruzco0013386lo3nqjmle 0 0.828125 0.43645833333333334 0.025 0.03958333333333333
ckz6rv4et0015386le3rdpw93 0 0.867422531512605 0.409375 0.025 0.03958333333333333
ckz6rva9o0019386ll7e0plel 0 0.6664948127530365 0.16107456140350876 0.0265625 0.03333333333333333
ckz6rvlfq001d386lt59x4kz2 0 0.7735921433161954 0.07332904884318767 0.0265625 0.03333333333333333
ckz6rvnb8001f386l63s6p1ys 0 0.71015625 0.6354166666666666 0.0265625 0.03333333333333333
ckz6rvpuj001h386lhrb15el1 0 0.5855791823308271 0.5034617794486216 0.0265625 0.03333333333333333
ckz6rvrjs001j386lscfviwaz 0 0.49765625 0.4031798245614035 0.0265625 0.03333333333333333
ckz6rvvx4001n386lwp0hh90g 0 0.012820723684210528 0.27032894736842106 0.025641447368421055 0.03333333333333333
ckz6rvxvs001p386l9u5f2w3s 0 0.34427083333333336 0.4395833333333333 0.028125 0.0375
ckz6rw3in001v386l6bltg9jj 0 0.76328125 0.43854166666666666 0.0265625 0.03333333333333333
ckz6rw56s001x386l432ih3l6 0 0.9891137941919192 0.8096696127946128 0.014764835858585812 0.035416666666666666
cl4sse7t80004356hlgz3o2fx 0 0.7401041666666667 0.784375 0.0296875 0.041666666666666664
cl4ssee0s0008356hd15z4qn8 0 0.58828125 0.11875 0.0296875 0.05
cl4ssegqi000c356hwxoota92 0 0.6015625 0.20625 0.025 0.04583333333333333
cl4sseopo000g356h6ldd8ms6 0 0.16640625 0.325 0.0359375 0.04583333333333333
cl4uq6b5l0003356p4ou3mrfw 0 0.85625 0.22395833333333334 0.0375 0.04375
cl4uqbjp9000b356p2175vvqw 0 0.5044510690789473 0.7317913925438597 0.0421875 0.04375
cl53eq6de000f356i3cjd5jif 1 0.57109375 0.13333333333333333 0.0890625 0.1125
cl53eqa7m000l356ivf26125u 1 0.3203125 0.21041666666666667 0.103125 0.09583333333333334
