ckz3v9nzv00033867jsekqdcl 0 0.26759705396475775 0.43266336270190897 0.0265625 0.0375
ckz6ru2eb0001386lefk6js4m 0 0.23828125 0.5770833333333333 0.0265625 0.0375
ckz6ru3um0003386l39xwv0yk 0 0.24233876992031872 0.85625 0.0265625 0.0375
ckz6ru5610005386l8uoys4lc 0 0.19453125 0.8458333333333333 0.0265625 0.0375
ckz6ru6of0007386lhf2t4dtw 0 0.08359375 0.80625 0.0265625 0.0375
ckz6ru83f0009386lx7517dwf 0 0.01962852626459144 0.750733625162127 0.0265625 0.0375
ckz6ru99l000b386l18xh2byu 0 0.13515625 0.18958333333333333 0.0265625 0.0375
ckz6rub67000d386ld3mx1dyi 0 0.22918198529411765 0.18731617647058824 0.0265625 0.041666666666666664
ckz6ruchb000f386lxxpeu5na 0 0.2603759765625 0.13095703125 0.0265625 0.0375
ckz6rudsb000h386lkwwvc8dz 0 0.28253709532374105 0.22015887290167865 0.0265625 0.0375
ckz6ruf3e000j386lbyqpxw51 0 0.28923991533864546 0.33205511288180606 0.0265625 0.0375
ckz6rugcj000l386lzjazem8c 0 0.166875 0.5279166666666666 0.028125 0.04999999999999994
ckz6rui7o000n386lh32dwmkr 0 0.5466796875 0.9477141203703704 0.0265625 0.0375
ckz6ruj49000p386lndk3j9jv 0 0.6378177966101695 0.580225988700565 0.0265625 0.0375
ckz6rup8s000r386lkjotnoh0 0 0.48828125 0.86875 0.0265625 0.0375
ckz6rut1n000v386l8rfix41j 0 0.8451338972650773 0.8497545582047685 0.0265625 0.0375
ckz6ruunj000x386l4qiqzsvd 0 0.8357588972650772 0.9747545582047685 0.0265625 0.0375
ckz6ruw8w000z386lc52x10qx 0 0.8524051104488078 0.7520015194015895 0.0265625 0.0375
ckz6ruzco0013386lo3nqjmle 0 0.828125 0.43645833333333334 0.025 0.03958333333333333
ckz6rv4et0015386le3rdpw93 0 0.8669143907563026 0.409375 0.025 0.03958333333333333
ckz6rva9o0019386ll7e0plel 0 0.6632541937229437 0.17512626262626263 0.0265625 0.03333333333333333
ckz6rvlfq001d386lt59x4kz2 0 0.7722860190763052 0.07886546184738956 0.0265625 0.03333333333333333
ckz6rvnb8001f386l63s6p1ys 0 0.71015625 0.6354166666666666 0.0265625 0.03333333333333333
ckz6rvpuj001h386lhrb15el1 0 0.5780713263358779 0.519942748091603 0.02668177480916025 0.03333333333333328
ckz6rvrjs001j386lscfviwaz 0 0.49036053015564207 0.40513942931258107 0.0265625 0.03333333333333333
ckz6rvvx4001n386lwp0hh90g 0 0.007531250000000001 0.289625 0.015062500000000001 0.03358333333333334
ckz6rvxvs001p386l9u5f2w3s 0 0.42734375 0.41041666666666665 0.028125 0.0375
ckz6rw3in001v386l6bltg9jj 0 0.7625 0.23229166666666667 0.0265625 0.03333333333333333
ckz6rw56s001x386l432ih3l6 0 0.9794428661616162 0.8368160774410774 0.021890782828282874 0.035416666666666666
cl4sse7t80004356hlgz3o2fx 0 0.828125 0.9875 0.028125 0.020833333333333332
cl4ssee0s0008356hd15z4qn8 0 0.58828125 0.11875 0.0296875 0.05
cl4ssegqi000c356hwxoota92 0 0.6015625 0.20625 0.025 0.04583333333333333
cl4sseopo000g356h6ldd8ms6 0 0.05609375 0.15875 0.0359375 0.04583333333333333
cl4uq6b5l0003356p4ou3mrfw 0 0.85625 0.22395833333333334 0.0375 0.04375
cl4uqbjp9000b356p2175vvqw 0 0.5004728618421053 0.7379797149122808 0.0421875 0.04375
cl4ur3vs8000v356pe031p1yo 0 0.5002678571428572 0.020724206349206346 0.025 0.02708333333333333
cl4urtjol000z356puo72ztp3 0 0.2986979166666667 0.14270833333333333 0.028125 0.0375
cl4uru0kq0013356pt4h9yjm1 0 0.520809659090909 0.011032196969696968 0.0296875 0.01875
cl4urwkrx0017356pikpviaa9 0 0.37305803571428575 0.012544642857142858 0.0234375 0.021994047619047618
cl53eq6de000f356i3cjd5jif 1 0.57109375 0.13333333333333333 0.0890625 0.1125
cl53eqa7m000l356ivf26125u 1 0.3203125 0.21041666666666667 0.103125 0.09583333333333334
