ckz3v9nzv00033867jsekqdcl 0 0.27390071902654867 0.4191863323500492 0.0265625 0.0375
ckz6ru2eb0001386lefk6js4m 0 0.23828125 0.5793427230046948 0.0265625 0.0375
ckz6ru3um0003386l39xwv0yk 0 0.24409844483568074 0.8532374804381847 0.0265625 0.0375
ckz6ru5610005386l8uoys4lc 0 0.19453125 0.8458333333333333 0.0265625 0.0375
ckz6ru6of0007386lhf2t4dtw 0 0.08359375 0.80625 0.0265625 0.0375
ckz6ru83f0009386lx7517dwf 0 0.027475792253521127 0.7297437402190923 0.0265625 0.0375
ckz6ru99l000b386l18xh2byu 0 0.13515625 0.18958333333333333 0.0265625 0.0375
ckz6rub67000d386ld3mx1dyi 0 0.21276041666666665 0.1528769841269841 0.02656249999999998 0.0375
ckz6ruchb000f386lxxpeu5na 0 0.2988671875 0.10368055555555555 0.0265625 0.0375
ckz6rudsb000h386lkwwvc8dz 0 0.2843918615107914 0.21768585131894486 0.0265625 0.0375
ckz6ruf3e000j386lbyqpxw51 0 0.31284844483568075 0.30815727699530515 0.0265625 0.0375
ckz6rugcj000l386lzjazem8c 0 0.36171875 0.26666666666666666 0.0265625 0.041666666666666664
ckz6rui7o000n386lh32dwmkr 0 0.5767422241784038 0.8848884976525822 0.0265625 0.0375
ckz6ruj49000p386lndk3j9jv 0 0.6439712789017341 0.5665944123314065 0.0265625 0.0375
ckz6rup8s000r386lkjotnoh0 0 0.48828125 0.86875 0.0265625 0.0375
ckz6rurv1000t386llsdca8lh 0 0.6841145833333333 0.820138888888889 0.0234375 0.0375
ckz6rut1n000v386l8rfix41j 0 0.8480266041374473 0.8410764375876578 0.0265625 0.0375
ckz6ruunj000x386l4qiqzsvd 0 0.8386516041374474 0.9660764375876578 0.0265625 0.0375
ckz6ruw8w000z386lc52x10qx 0 0.8545746406030856 0.7491088125292192 0.0265625 0.0375
ckz6ruxwl0011386lwhdpziws 0 0.9690104166666667 0.8086805555555556 0.0265625 0.04375
ckz6ruzco0013386lo3nqjmle 0 0.828125 0.43645833333333334 0.025 0.03958333333333333
ckz6rv4et0015386le3rdpw93 0 0.8682142857142857 0.409375 0.025 0.03958333333333333
ckz6rv5s20017386lyas5kerj 0 0.6342187499999999 0.16395833333333334 0.0234375 0.035416666666666666
ckz6rva9o0019386ll7e0plel 0 0.6712809619815668 0.14091781874039938 0.0265625 0.03333333333333333
ckz6rvlfq001d386lt59x4kz2 0 0.7711700674807198 0.06687017994858611 0.0265625 0.03333333333333333
ckz6rvnb8001f386l63s6p1ys 0 0.7112859448356808 0.6369229264475744 0.0265625 0.03333333333333333
ckz6rvpuj001h386lhrb15el1 0 0.5902765551643192 0.48847809076682314 0.0265625 0.03333333333333333
ckz6rvrjs001j386lscfviwaz 0 0.4987859448356808 0.3873239436619718 0.0265625 0.03333333333333333
ckz6rvtvy001l386li54we947 0 0.01328125 0.5244791666666667 0.01875 0.040625
ckz6rvvx4001n386lwp0hh90g 0 0.0154296875 0.233984375 0.0265625 0.03333333333333333
ckz6rvxvs001p386l9u5f2w3s 0 0.16484375 0.2635416666666667 0.028125 0.0375
ckz6rw3in001v386l6bltg9jj 0 0.76171875 0.7041666666666667 0.0265625 0.03333333333333333
ckz6rw56s001x386l432ih3l6 0 0.9909877232142857 0.7744419642857143 0.018024553571428646 0.03459821428571423
cl4sse7t80004356hlgz3o2fx 0 0.6296875 0.45208333333333334 0.025 0.03333333333333333
cl4ssee0s0008356hd15z4qn8 0 0.58828125 0.11875 0.0296875 0.05
cl4ssegqi000c356hwxoota92 0 0.6015625 0.20625 0.025 0.04583333333333333
cl4sseopo000g356h6ldd8ms6 0 0.28411458333333334 0.5805555555555556 0.0359375 0.04583333333333333
cl4swkq5u0003356p8vuhc7nn 0 0.45078125 0.55625 0.0328125 0.0375
cl4uq6b5l0003356p4ou3mrfw 0 0.85625 0.22395833333333334 0.0375 0.04375
cl4uqbjp9000b356p2175vvqw 0 0.5106496710526316 0.7221491228070176 0.0421875 0.04375
cl53eq6de000f356i3cjd5jif 1 0.57109375 0.13333333333333333 0.0890625 0.1125
cl53eqa7m000l356ivf26125u 1 0.3203125 0.21041666666666667 0.103125 0.09583333333333334
