ckz3v9nzv00033867jsekqdcl 0 0.26484375 0.4354166666666667 0.0265625 0.0375
ckz6ru2eb0001386lefk6js4m 0 0.23828125 0.5770833333333333 0.0265625 0.0375
ckz6ru3um0003386l39xwv0yk 0 0.24000809262948208 0.85625 0.0265625 0.0375
ckz6ru5610005386l8uoys4lc 0 0.19453125 0.8458333333333333 0.0265625 0.0375
ckz6ru6of0007386lhf2t4dtw 0 0.08359375 0.80625 0.0265625 0.0375
ckz6ru99l000b386l18xh2byu 0 0.13515625 0.18958333333333333 0.0265625 0.0375
ckz6rub67000d386ld3mx1dyi 0 0.21640625 0.22708333333333333 0.0265625 0.041666666666666664
ckz6ruchb000f386lxxpeu5na 0 0.20875736256544503 0.19269197207678884 0.0265625 0.0375
ckz6rudsb000h386lkwwvc8dz 0 0.26295572916666665 0.26569444444444446 0.0265625 0.0375
ckz6ruf3e000j386lbyqpxw51 0 0.21799015410958905 0.3999714611872146 0.0265625 0.0375
ckz6rui7o000n386lh32dwmkr 0 0.53984375 0.98125 0.0265625 0.0375
ckz6ruj49000p386lndk3j9jv 0 0.6286578190376569 0.6065027894002789 0.0265625 0.0375
ckz6rup8s000r386lkjotnoh0 0 0.48828125 0.86875 0.0265625 0.0375
ckz6rut1n000v386l8rfix41j 0 0.84296875 0.85625 0.0265625 0.0375
ckz6ruunj000x386l4qiqzsvd 0 0.83359375 0.98125 0.0265625 0.0375
ckz6ruw8w000z386lc52x10qx 0 0.84140625 0.7776960784313726 0.0265625 0.0375
ckz6ruzco0013386lo3nqjmle 0 0.828125 0.43645833333333334 0.025 0.03958333333333333
ckz6rv4et0015386le3rdpw93 0 0.8640625 0.409375 0.025 0.03958333333333333
ckz6rva9o0019386ll7e0plel 0 0.628069067551963 0.2389386066204773 0.0265625 0.03333333333333333
ckz6rvlfq001d386lt59x4kz2 0 0.73671875 0.1505787037037037 0.0265625 0.03333333333333333
ckz6rvnb8001f386l63s6p1ys 0 0.71015625 0.6354166666666666 0.0265625 0.03333333333333333
ckz6rvpuj001h386lhrb15el1 0 0.49478072478991597 0.6111169467787115 0.0296875 0.03333333333333333
ckz6rvrjs001j386lscfviwaz 0 0.45886179393305443 0.46970013947001393 0.0265625 0.03333333333333333
cl4ssee0s0008356hd15z4qn8 0 0.58828125 0.11875 0.0296875 0.05
cl4ssegqi000c356hwxoota92 0 0.6015625 0.20625 0.025 0.04583333333333333
cl4uq6b5l0003356p4ou3mrfw 0 0.85625 0.22395833333333334 0.0375 0.04375
cl4uqbjp9000b356p2175vvqw 0 0.48555445995145635 0.7588440533980582 0.0421875 0.04375
cl4uqf5bj000f356p05tutl57 0 0.7045922256097561 0.9532266260162602 0.0296875 0.03958333333333333
cl4uqu10i000j356pw85hd2yi 0 0.20667613636363638 0.7295770202020202 0.025 0.03958333333333333
cl4ur3vs8000v356pe031p1yo 0 0.4818646037181996 0.050222195042400525 0.025 0.027083333333333334
cl4uru0kq0013356pt4h9yjm1 0 0.509744094488189 0.029109251968503936 0.0296875 0.03125
cl4urwkrx0017356pikpviaa9 0 0.35703125 0.06354166666666666 0.0234375 0.027083333333333334
cl4us4ype001h356pnyet3ts9 0 0.7881944444444444 0.36400462962962965 0.034375 0.03958333333333333
cl4us8aru001l356p2sc1k1bh 0 0.9721149553571429 0.037557043650793646 0.02425223214285719 0.03659226190476191
cl53eq6de000f356i3cjd5jif 1 0.57109375 0.13333333333333333 0.0890625 0.1125
cl53eqa7m000l356ivf26125u 1 0.3203125 0.21041666666666667 0.103125 0.09583333333333334
