ckz3v9nzv00033867jsekqdcl 0 0.27434319690265485 0.4176130776794494 0.0265625 0.0375
ckz6ru2eb0001386lefk6js4m 0 0.23828125 0.5802816901408451 0.0265625 0.0375
ckz6ru3um0003386l39xwv0yk 0 0.24456792840375585 0.8519855242566511 0.0265625 0.0375
ckz6ru5610005386l8uoys4lc 0 0.19453125 0.8458333333333333 0.0265625 0.0375
ckz6ru6of0007386lhf2t4dtw 0 0.08359375 0.80625 0.0265625 0.0375
ckz6ru83f0009386lx7517dwf 0 0.0281800176056338 0.7291177621283255 0.0265625 0.0375
ckz6ru99l000b386l18xh2byu 0 0.13515625 0.18958333333333333 0.0265625 0.0375
ckz6rub67000d386ld3mx1dyi 0 0.2045691287878788 0.14065656565656565 0.026562500000000024 0.0375
ckz6ruchb000f386lxxpeu5na 0 0.3026171875 0.10145833333333334 0.0265625 0.0375
ckz6rudsb000h386lkwwvc8dz 0 0.2845717176258993 0.21744604316546762 0.0265625 0.0375
ckz6ruf3e000j386lbyqpxw51 0 0.31331792840375583 0.30721830985915494 0.0265625 0.0375
ckz6rugcj000l386lzjazem8c 0 0.36744791666666665 0.20972222222222223 0.0265625 0.041666666666666664
ckz6rui7o000n386lh32dwmkr 0 0.5790896420187793 0.8820715962441315 0.0265625 0.0375
ckz6ruj49000p386lndk3j9jv 0 0.6448383309248554 0.565631021194605 0.0265625 0.0375
ckz6rup8s000r386lkjotnoh0 0 0.48828125 0.86875 0.0265625 0.0375
ckz6rurv1000t386llsdca8lh 0 0.6197916666666666 0.8208333333333333 0.019791666666666697 0.0375
ckz6rut1n000v386l8rfix41j 0 0.8483071090462833 0.8402349228611501 0.0265625 0.0375
ckz6ruunj000x386l4qiqzsvd 0 0.8389321090462832 0.9652349228611501 0.0265625 0.0375
ckz6ruw8w000z386lc52x10qx 0 0.8547850192847125 0.7488283076203834 0.0265625 0.0375
ckz6ruxwl0011386lwhdpziws 0 0.95078125 0.7739583333333333 0.0265625 0.04375
ckz6ruzco0013386lo3nqjmle 0 0.828125 0.43645833333333334 0.025 0.03958333333333333
ckz6rv4et0015386le3rdpw93 0 0.8683403361344538 0.409375 0.025 0.03958333333333333
ckz6rv5s20017386lyas5kerj 0 0.65734375 0.14770833333333336 0.0234375 0.03541666666666668
ckz6rva9o0019386ll7e0plel 0 0.6719722062211981 0.13815284178187406 0.0265625 0.03333333333333335
ckz6rvlfq001d386lt59x4kz2 0 0.7707844633676093 0.06584190231362468 0.0265625 0.033333333333333326
ckz6rvnb8001f386l63s6p1ys 0 0.7117554284037559 0.6375489045383412 0.0265625 0.03333333333333333
ckz6rvpuj001h386lhrb15el1 0 0.5898070715962441 0.48628716744913925 0.0265625 0.03333333333333333
ckz6rvrjs001j386lscfviwaz 0 0.4992554284037559 0.3863849765258216 0.0265625 0.03333333333333333
ckz6rvtvy001l386li54we947 0 0.03984375 0.47708333333333336 0.0296875 0.0375
ckz6rvvx4001n386lwp0hh90g 0 0.016471354166666667 0.227734375 0.0265625 0.03333333333333333
ckz6rvxvs001p386l9u5f2w3s 0 0.134375 0.28541666666666665 0.028125 0.0375
ckz6rw3in001v386l6bltg9jj 0 0.78203125 0.75625 0.0265625 0.03333333333333333
ckz6rw56s001x386l432ih3l6 0 0.9899832589285715 0.7731026785714284 0.020033482142857117 0.034300595238095255
cl4sse7t80004356hlgz3o2fx 0 0.6328125 0.403125 0.025 0.035416666666666666
cl4ssee0s0008356hd15z4qn8 0 0.58828125 0.11875 0.0296875 0.05
cl4ssegqi000c356hwxoota92 0 0.6015625 0.20625 0.025 0.04583333333333333
cl4sseopo000g356h6ldd8ms6 0 0.29921875 0.6416666666666667 0.0390625 0.041666666666666664
cl4swkq5u0003356p8vuhc7nn 0 0.5463541666666667 0.6003472222222223 0.028125 0.035416666666666666
cl4uq6b5l0003356p4ou3mrfw 0 0.85625 0.22395833333333334 0.0375 0.04375
cl4uqbjp9000b356p2175vvqw 0 0.5116365131578948 0.7206140350877193 0.0421875 0.04375
