ckz3v9nzv00033867jsekqdcl 0 0.27383158185840706 0.41943215339233036 0.0265625 0.0375
ckz6ru2eb0001386lefk6js4m 0 0.23828125 0.5791960093896713 0.0265625 0.0375
ckz6ru3um0003386l39xwv0yk 0 0.244025088028169 0.8534330985915494 0.0265625 0.0375
ckz6ru5610005386l8uoys4lc 0 0.19453125 0.8458333333333333 0.0265625 0.0375
ckz6ru6of0007386lhf2t4dtw 0 0.08359375 0.80625 0.0265625 0.0375
ckz6ru83f0009386lx7517dwf 0 0.027365757042253525 0.7298415492957747 0.0265625 0.0375
ckz6ru99l000b386l18xh2byu 0 0.13515625 0.18958333333333333 0.0265625 0.0375
ckz6rub67000d386ld3mx1dyi 0 0.21536458333333336 0.15337301587301588 0.0265625 0.0375
ckz6ruchb000f386lxxpeu5na 0 0.29828125 0.10402777777777777 0.0265625 0.0375
ckz6rudsb000h386lkwwvc8dz 0 0.28436375899280575 0.21772332134292566 0.0265625 0.0375
ckz6ruf3e000j386lbyqpxw51 0 0.312775088028169 0.30830399061032865 0.0265625 0.0375
ckz6rugcj000l386lzjazem8c 0 0.37703125000000004 0.27166666666666667 0.0265625 0.041666666666666664
ckz6rui7o000n386lh32dwmkr 0 0.5763754401408451 0.8853286384976525 0.0265625 0.0375
ckz6ruj49000p386lndk3j9jv 0 0.6438358020231214 0.5667449421965318 0.0265625 0.0375
ckz6rup8s000r386lkjotnoh0 0 0.48828125 0.86875 0.0265625 0.0375
ckz6rurv1000t386llsdca8lh 0 0.7046875 0.8229166666666666 0.0234375 0.0375
ckz6rut1n000v386l8rfix41j 0 0.8479827752454417 0.8412079242636746 0.0265625 0.0375
ckz6ruunj000x386l4qiqzsvd 0 0.8386077752454417 0.9662079242636746 0.0265625 0.0375
ckz6ruw8w000z386lc52x10qx 0 0.8545417689340814 0.7491526414212248 0.0265625 0.0375
ckz6ruxwl0011386lwhdpziws 0 0.98671875 0.815625 0.0265625 0.04375
ckz6ruzco0013386lo3nqjmle 0 0.828125 0.43645833333333334 0.025 0.03958333333333333
ckz6rv4et0015386le3rdpw93 0 0.8681945903361343 0.409375 0.025 0.03958333333333333
ckz6rv5s20017386lyas5kerj 0 0.62578125 0.15729166666666666 0.0234375 0.035416666666666666
ckz6rva9o0019386ll7e0plel 0 0.6711729550691244 0.14134984639016898 0.0265625 0.03333333333333335
ckz6rvlfq001d386lt59x4kz2 0 0.7712303181233933 0.06703084832904885 0.0265625 0.03333333333333333
ckz6rvnb8001f386l63s6p1ys 0 0.711212588028169 0.636825117370892 0.0265625 0.03333333333333333
ckz6rvpuj001h386lhrb15el1 0 0.590349911971831 0.48882042253521124 0.0265625 0.03333333333333333
ckz6rvrjs001j386lscfviwaz 0 0.498712588028169 0.3874706572769953 0.0265625 0.03333333333333333
ckz6rvtvy001l386li54we947 0 0.0265625 0.559375 0.03125 0.03958333333333333
ckz6rvvx4001n386lwp0hh90g 0 0.015266927083333331 0.2349609375 0.0265625 0.03333333333333333
ckz6rvxvs001p386l9u5f2w3s 0 0.16999999999999998 0.25708333333333333 0.028125 0.0375
ckz6rw3in001v386l6bltg9jj 0 0.7653645833333333 0.6868055555555556 0.0265625 0.03333333333333333
ckz6rw56s001x386l432ih3l6 0 0.9911446707589284 0.7746512276785715 0.017710658482142882 0.034644717261904746
cl4sse7t80004356hlgz3o2fx 0 0.6253124999999999 0.45249999999999996 0.025 0.03333333333333333
cl4ssee0s0008356hd15z4qn8 0 0.58828125 0.11875 0.0296875 0.05
cl4ssegqi000c356hwxoota92 0 0.6015625 0.20625 0.025 0.04583333333333333
cl4sseopo000g356h6ldd8ms6 0 0.271875 0.6 0.0359375 0.04583333333333333
cl4swkq5u0003356p8vuhc7nn 0 0.425390625 0.5447916666666667 0.0328125 0.0375
cl4uq6b5l0003356p4ou3mrfw 0 0.85625 0.22395833333333334 0.0375 0.04375
cl4uqbjp9000b356p2175vvqw 0 0.5104954769736842 0.7223889802631579 0.0421875 0.04375
cl53eq6de000f356i3cjd5jif 1 0.57109375 0.13333333333333333 0.0890625 0.1125
cl53eqa7m000l356ivf26125u 1 0.3203125 0.21041666666666667 0.103125 0.09583333333333334
