ckz3v9nzv00033867jsekqdcl 0 0.26484375 0.4354166666666667 0.0265625 0.0375
ckz6ru2eb0001386lefk6js4m 0 0.23828125 0.5770833333333333 0.0265625 0.0375
ckz6ru3um0003386l39xwv0yk 0 0.24183578187250995 0.85625 0.0265625 0.0375
ckz6ru5610005386l8uoys4lc 0 0.19453125 0.8458333333333333 0.0265625 0.0375
ckz6ru6of0007386lhf2t4dtw 0 0.08359375 0.80625 0.0265625 0.0375
ckz6ru83f0009386lx7517dwf 0 0.014716074902723735 0.7662897211413748 0.0265625 0.0375
ckz6ru99l000b386l18xh2byu 0 0.13515625 0.18958333333333333 0.0265625 0.0375
ckz6rub67000d386ld3mx1dyi 0 0.28515625 0.246875 0.0265625 0.041666666666666664
ckz6ruchb000f386lxxpeu5na 0 0.24594791666666665 0.15046666666666667 0.0265625 0.03750000000000001
ckz6rudsb000h386lkwwvc8dz 0 0.28140175359712233 0.2216726618705036 0.0265625 0.0375
ckz6ruf3e000j386lbyqpxw51 0 0.2735745614035088 0.3539473684210526 0.0265625 0.0375
ckz6rugcj000l386lzjazem8c 0 0.0390625 0.5583333333333333 0.028125 0.05
ckz6rui7o000n386lh32dwmkr 0 0.5342160047584187 0.9737463396778916 0.0265625 0.0375
ckz6ruj49000p386lndk3j9jv 0 0.6284560381355933 0.6016242937853107 0.0265625 0.0375
ckz6rup8s000r386lkjotnoh0 0 0.48828125 0.86875 0.0265625 0.0375
ckz6rut1n000v386l8rfix41j 0 0.8433632100280505 0.8550666199158485 0.0265625 0.0375
ckz6ruunj000x386l4qiqzsvd 0 0.8339882100280505 0.9800666199158485 0.0265625 0.0375
ckz6ruw8w000z386lc52x10qx 0 0.8510770950210379 0.7537722066386162 0.0265625 0.0375
ckz6ruzco0013386lo3nqjmle 0 0.828125 0.43645833333333334 0.025 0.03958333333333333
ckz6rv4et0015386le3rdpw93 0 0.8661186974789915 0.409375 0.025 0.03958333333333333
ckz6rva9o0019386ll7e0plel 0 0.6605215097402597 0.1878787878787879 0.0265625 0.03333333333333333
ckz6rvlfq001d386lt59x4kz2 0 0.7672157379518072 0.08900602409638554 0.0265625 0.03333333333333333
ckz6rvnb8001f386l63s6p1ys 0 0.71015625 0.6354166666666666 0.0265625 0.03333333333333333
ckz6rvpuj001h386lhrb15el1 0 0.5612058683206106 0.5440362595419848 0.029091125954198473 0.033333333333333395
ckz6rvrjs001j386lscfviwaz 0 0.4793408526490066 0.41073399558498896 0.0265625 0.03333333333333333
ckz6rvxvs001p386l9u5f2w3s 0 0.6565624999999999 0.5716666666666667 0.028125 0.0375
ckz6rw3in001v386l6bltg9jj 0 0.6192708333333333 0.05347222222222222 0.0265625 0.033333333333333326
ckz6rw56s001x386l432ih3l6 0 0.9722370426829269 0.8710111788617886 0.0234375 0.035416666666666666
cl4ssee0s0008356hd15z4qn8 0 0.58828125 0.11875 0.0296875 0.05
cl4ssegqi000c356hwxoota92 0 0.6015625 0.20625 0.025 0.04583333333333333
cl4uq6b5l0003356p4ou3mrfw 0 0.85625 0.22395833333333334 0.0375 0.04375
cl4uq7un10007356p14ye3ifb 0 0.9049479166666666 0.19409722222222223 0.0328125 0.04375
cl4uqbjp9000b356p2175vvqw 0 0.49529733009708743 0.7458535598705501 0.0421875 0.04375
cl4ur3vs8000v356pe031p1yo 0 0.5061801975945017 0.02610609965635739 0.025 0.027083333333333334
cl4urtjol000z356puo72ztp3 0 0.03723958333333334 0.2586805555555555 0.0296875 0.039583333333333304
cl4uru0kq0013356pt4h9yjm1 0 0.5112452651515151 0.014220328282828284 0.0296875 0.01875
cl4urwkrx0017356pikpviaa9 0 0.3658988575268817 0.029760304659498207 0.0234375 0.027083333333333334
cl53eq6de000f356i3cjd5jif 1 0.57109375 0.13333333333333333 0.0890625 0.1125
cl53eqa7m000l356ivf26125u 1 0.3203125 0.21041666666666667 0.103125 0.09583333333333334
