ckz3v9nzv00033867jsekqdcl 0 0.26484375 0.4354166666666667 0.0265625 0.0375
ckz6ru2eb0001386lefk6js4m 0 0.23828125 0.5770833333333333 0.0265625 0.0375
ckz6ru3um0003386l39xwv0yk 0 0.24193289342629481 0.85625 0.0265625 0.0375
ckz6ru5610005386l8uoys4lc 0 0.19453125 0.8458333333333333 0.0265625 0.0375
ckz6ru6of0007386lhf2t4dtw 0 0.08359375 0.80625 0.0265625 0.0375
ckz6ru83f0009386lx7517dwf 0 0.015664518482490276 0.7632863164721141 0.0265625 0.0375
ckz6ru99l000b386l18xh2byu 0 0.13515625 0.18958333333333333 0.0265625 0.0375
ckz6rub67000d386ld3mx1dyi 0 0.2686899038461538 0.22516025641025642 0.0265625 0.041666666666666664
ckz6ruchb000f386lxxpeu5na 0 0.2484375 0.146875 0.0265625 0.0375
ckz6rudsb000h386lkwwvc8dz 0 0.28162095323741004 0.22138039568345322 0.0265625 0.0375
ckz6ruf3e000j386lbyqpxw51 0 0.27624725877192985 0.34967105263157894 0.0265625 0.0375
ckz6rugcj000l386lzjazem8c 0 0.07552083333333334 0.5375 0.028125 0.05
ckz6rui7o000n386lh32dwmkr 0 0.533859123352855 0.9732704978038067 0.0265625 0.0375
ckz6ruj49000p386lndk3j9jv 0 0.6302635063559322 0.5974929378531074 0.0265625 0.0375
ckz6rup8s000r386lkjotnoh0 0 0.48828125 0.86875 0.0265625 0.0375
ckz6rut1n000v386l8rfix41j 0 0.8437050753856943 0.8540410238429172 0.0265625 0.0375
ckz6ruunj000x386l4qiqzsvd 0 0.8343300753856943 0.9790410238429172 0.0265625 0.0375
ckz6ruw8w000z386lc52x10qx 0 0.8513334940392706 0.7534303412809724 0.0265625 0.0375
ckz6ruzco0013386lo3nqjmle 0 0.828125 0.43645833333333334 0.025 0.03958333333333333
ckz6rv4et0015386le3rdpw93 0 0.8662723214285715 0.409375 0.025 0.03958333333333333
ckz6rva9o0019386ll7e0plel 0 0.6610491071428571 0.18541666666666667 0.0265625 0.03333333333333333
ckz6rvlfq001d386lt59x4kz2 0 0.7681946536144578 0.08704819277108435 0.0265625 0.03333333333333333
ckz6rvnb8001f386l63s6p1ys 0 0.71015625 0.6354166666666666 0.0265625 0.03333333333333333
ckz6rvpuj001h386lhrb15el1 0 0.5644620706106871 0.5393845419847328 0.028625954198473292 0.03333333333333333
ckz6rvrjs001j386lscfviwaz 0 0.48095509105960266 0.4080435982339956 0.0265625 0.03333333333333333
ckz6rvxvs001p386l9u5f2w3s 0 0.62109375 0.54375 0.028125 0.0375
ckz6rw3in001v386l6bltg9jj 0 0.66015625 0.07083333333333333 0.0265625 0.03333333333333333
ckz6rw56s001x386l432ih3l6 0 0.9747395833333334 0.8642361111111111 0.0234375 0.035416666666666666
cl4ssee0s0008356hd15z4qn8 0 0.58828125 0.11875 0.0296875 0.05
cl4ssegqi000c356hwxoota92 0 0.6015625 0.20625 0.025 0.04583333333333333
cl4uq6b5l0003356p4ou3mrfw 0 0.85625 0.22395833333333334 0.0375 0.04375
cl4uq7un10007356p14ye3ifb 0 0.937109375 0.22239583333333332 0.0328125 0.041666666666666664
cl4uqbjp9000b356p2175vvqw 0 0.49581500303398063 0.7451633292880259 0.0421875 0.04375
cl4ur3vs8000v356pe031p1yo 0 0.5051190476190477 0.025036375661375666 0.025 0.027083333333333338
cl4urtjol000z356puo72ztp3 0 0.08880208333333332 0.2746527777777778 0.029687499999999988 0.039583333333333366
cl4uru0kq0013356pt4h9yjm1 0 0.513091856060606 0.013604797979797982 0.0296875 0.01875
cl4urwkrx0017356pikpviaa9 0 0.36681619623655914 0.026265681003584233 0.0234375 0.027083333333333338
cl4urzbou001b356p2c0bz1ci 0 0.03984375 0.08194444444444444 0.0296875 0.03333333333333334
cl53eq6de000f356i3cjd5jif 1 0.57109375 0.13333333333333333 0.0890625 0.1125
cl53eqa7m000l356ivf26125u 1 0.3203125 0.21041666666666667 0.103125 0.09583333333333334
