ckz3v9nzv00033867jsekqdcl 0 0.26484375 0.4354166666666667 0.0265625 0.0375
ckz6ru2eb0001386lefk6js4m 0 0.23828125 0.5770833333333333 0.0265625 0.0375
ckz6ru3um0003386l39xwv0yk 0 0.24187064243027886 0.85625 0.0265625 0.0375
ckz6ru5610005386l8uoys4lc 0 0.19453125 0.8458333333333333 0.0265625 0.0375
ckz6ru6of0007386lhf2t4dtw 0 0.08359375 0.80625 0.0265625 0.0375
ckz6ru83f0009386lx7517dwf 0 0.015056541828793773 0.7652115758754864 0.0265625 0.0375
ckz6ru99l000b386l18xh2byu 0 0.13515625 0.18958333333333333 0.0265625 0.0375
ckz6rub67000d386ld3mx1dyi 0 0.27578125 0.23333333333333334 0.0265625 0.041666666666666664
ckz6ruchb000f386lxxpeu5na 0 0.2466064453125 0.14931640625 0.0265625 0.0375
ckz6rudsb000h386lkwwvc8dz 0 0.281480440647482 0.2215677458033573 0.0265625 0.0375
ckz6ruf3e000j386lbyqpxw51 0 0.27453399122807015 0.3524122807017544 0.0265625 0.0375
ckz6rugcj000l386lzjazem8c 0 0.051953125 0.5598958333333334 0.028125 0.05
ckz6rui7o000n386lh32dwmkr 0 0.5340878934846266 0.9735755246461688 0.0265625 0.0375
ckz6ruj49000p386lndk3j9jv 0 0.629104872881356 0.6001412429378531 0.0265625 0.0375
ckz6rup8s000r386lkjotnoh0 0 0.48828125 0.86875 0.0265625 0.0375
ckz6rut1n000v386l8rfix41j 0 0.8434859309256663 0.8546984572230014 0.0265625 0.0375
ckz6ruunj000x386l4qiqzsvd 0 0.8341109309256662 0.9796984572230014 0.0265625 0.0375
ckz6ruw8w000z386lc52x10qx 0 0.8511691356942496 0.7536494857410004 0.0265625 0.0375
ckz6ruzco0013386lo3nqjmle 0 0.828125 0.43645833333333334 0.025 0.03958333333333333
ckz6rv4et0015386le3rdpw93 0 0.8661738445378152 0.409375 0.025 0.03958333333333333
ckz6rva9o0019386ll7e0plel 0 0.6607109036796537 0.1869949494949495 0.0265625 0.03333333333333333
ckz6rvlfq001d386lt59x4kz2 0 0.7675671435742972 0.08830321285140562 0.0265625 0.03333333333333333
ckz6rvnb8001f386l63s6p1ys 0 0.71015625 0.6354166666666666 0.0265625 0.03333333333333333
ckz6rvpuj001h386lhrb15el1 0 0.5623747614503817 0.5423664122137404 0.02892414122137401 0.03333333333333328
ckz6rvrjs001j386lscfviwaz 0 0.4799203228476821 0.4097682119205298 0.0265625 0.03333333333333333
ckz6rvxvs001p386l9u5f2w3s 0 0.63828125 0.584375 0.028125 0.0375
ckz6rw3in001v386l6bltg9jj 0 0.6388020833333333 0.04305555555555555 0.0265625 0.03333333333333333
ckz6rw56s001x386l432ih3l6 0 0.9742387820512821 0.8675747863247864 0.0234375 0.035416666666666666
cl4ssee0s0008356hd15z4qn8 0 0.58828125 0.11875 0.0296875 0.05
cl4ssegqi000c356hwxoota92 0 0.6015625 0.20625 0.025 0.04583333333333333
cl4uq6b5l0003356p4ou3mrfw 0 0.85625 0.22395833333333334 0.0375 0.04375
cl4uq7un10007356p14ye3ifb 0 0.8919270833333334 0.23506944444444444 0.0328125 0.04375
cl4uqbjp9000b356p2175vvqw 0 0.495483161407767 0.745605784789644 0.0421875 0.04375
cl4ur3vs8000v356pe031p1yo 0 0.5058630952380953 0.025697751322751324 0.025 0.027083333333333334
cl4urtjol000z356puo72ztp3 0 0.045572916666666664 0.2940972222222222 0.029687499999999995 0.03958333333333333
cl4uru0kq0013356pt4h9yjm1 0 0.511908143939394 0.013999368686868685 0.0296875 0.01875
cl4urwkrx0017356pikpviaa9 0 0.3662281586021505 0.028505824372759857 0.0234375 0.027083333333333334
cl53eq6de000f356i3cjd5jif 1 0.57109375 0.13333333333333333 0.0890625 0.1125
cl53eqa7m000l356ivf26125u 1 0.3203125 0.21041666666666667 0.103125 0.09583333333333334
