ckz3v9nzv00033867jsekqdcl 0 0.2680926486784141 0.43216776798825257 0.0265625 0.0375
ckz6ru2eb0001386lefk6js4m 0 0.23828125 0.5770833333333333 0.0265625 0.0375
ckz6ru3um0003386l39xwv0yk 0 0.2423835906374502 0.85625 0.0265625 0.0375
ckz6ru5610005386l8uoys4lc 0 0.19453125 0.8458333333333333 0.0265625 0.0375
ckz6ru6of0007386lhf2t4dtw 0 0.08359375 0.80625 0.0265625 0.0375
ckz6ru83f0009386lx7517dwf 0 0.020066269455252916 0.749347438391699 0.0265625 0.0375
ckz6ru99l000b386l18xh2byu 0 0.13515625 0.18958333333333333 0.0265625 0.0375
ckz6rub67000d386ld3mx1dyi 0 0.226875 0.18583333333333335 0.0265625 0.041666666666666664
ckz6ruchb000f386lxxpeu5na 0 0.2616943359375 0.12919921875 0.0265625 0.0375
ckz6rudsb000h386lkwwvc8dz 0 0.2826382643884892 0.22002398081534774 0.0265625 0.0375
ckz6ruf3e000j386lbyqpxw51 0 0.29069658864541836 0.33011288180610887 0.0265625 0.0375
ckz6rugcj000l386lzjazem8c 0 0.1671875 0.5270833333333333 0.028125 0.04583333333333333
ckz6rui7o000n386lh32dwmkr 0 0.5484012831125827 0.9441777041942605 0.0265625 0.0375
ckz6ruj49000p386lndk3j9jv 0 0.63828125 0.5787121212121212 0.0265625 0.0375
ckz6rup8s000r386lkjotnoh0 0 0.48828125 0.86875 0.0265625 0.0375
ckz6rut1n000v386l8rfix41j 0 0.8452916812762974 0.849281206171108 0.0265625 0.0375
ckz6ruunj000x386l4qiqzsvd 0 0.8359166812762974 0.974281206171108 0.0265625 0.0375
ckz6ruw8w000z386lc52x10qx 0 0.852523448457223 0.7518437353903694 0.0265625 0.0375
ckz6ruzco0013386lo3nqjmle 0 0.828125 0.43645833333333334 0.025 0.03958333333333333
ckz6rv4et0015386le3rdpw93 0 0.866985294117647 0.409375 0.025 0.03958333333333333
ckz6rva9o0019386ll7e0plel 0 0.6636861082995951 0.17324561403508773 0.0265625 0.03333333333333333
ckz6rvlfq001d386lt59x4kz2 0 0.7727378263052209 0.07796184738955823 0.0265625 0.03333333333333333
ckz6rvnb8001f386l63s6p1ys 0 0.71015625 0.6354166666666666 0.0265625 0.03333333333333333
ckz6rvpuj001h386lhrb15el1 0 0.5793607954545454 0.517689393939394 0.0265625 0.03333333333333333
ckz6rvrjs001j386lscfviwaz 0 0.49145488813229576 0.4049935149156939 0.0265625 0.03333333333333333
ckz6rvvx4001n386lwp0hh90g 0 0.0078125 0.2875 0.015625 0.03333333333333333
ckz6rvxvs001p386l9u5f2w3s 0 0.43125 0.43125 0.028125 0.0375
ckz6rw3in001v386l6bltg9jj 0 0.7528645833333333 0.25416666666666665 0.0265625 0.03333333333333333
ckz6rw56s001x386l432ih3l6 0 0.980792297979798 0.8330281986531987 0.02089646464646453 0.035416666666666666
cl4sse7t80004356hlgz3o2fx 0 0.80859375 0.9766666666666667 0.0328125 0.041666666666666664
cl4ssee0s0008356hd15z4qn8 0 0.58828125 0.11875 0.0296875 0.05
cl4ssegqi000c356hwxoota92 0 0.6015625 0.20625 0.025 0.04583333333333333
cl4sseopo000g356h6ldd8ms6 0 0.07890625 0.1875 0.0359375 0.04583333333333333
cl4uq6b5l0003356p4ou3mrfw 0 0.85625 0.22395833333333334 0.0375 0.04375
cl4uqbjp9000b356p2175vvqw 0 0.5010279605263157 0.7371162280701754 0.0421875 0.04375
cl4ur3vs8000v356pe031p1yo 0 0.49973214285714285 0.020248015873015873 0.025 0.027083333333333334
cl4urtjol000z356puo72ztp3 0 0.3165178571428572 0.11547619047619048 0.028125 0.0375
cl4uru0kq0013356pt4h9yjm1 0 0.5216619318181819 0.010748106060606059 0.0296875 0.01875
cl4urwkrx0017356pikpviaa9 0 0.37386160714285716 0.01107142857142857 0.0234375 0.021190476190476194
cl53eq6de000f356i3cjd5jif 1 0.57109375 0.13333333333333333 0.0890625 0.1125
cl53eqa7m000l356ivf26125u 1 0.3203125 0.21041666666666667 0.103125 0.09583333333333334
