ckz3v9nzv00033867jsekqdcl 0 0.2681752477973568 0.4320851688693098 0.0265625 0.0375
ckz6ru2eb0001386lefk6js4m 0 0.23828125 0.5770833333333333 0.0265625 0.0375
ckz6ru3um0003386l39xwv0yk 0 0.2423910607569721 0.85625 0.0265625 0.0375
ckz6ru5610005386l8uoys4lc 0 0.19453125 0.8458333333333333 0.0265625 0.0375
ckz6ru6of0007386lhf2t4dtw 0 0.08359375 0.80625 0.0265625 0.0375
ckz6ru83f0009386lx7517dwf 0 0.020139226653696496 0.7491164072632944 0.0265625 0.0375
ckz6ru99l000b386l18xh2byu 0 0.13515625 0.18958333333333333 0.0265625 0.0375
ckz6rub67000d386ld3mx1dyi 0 0.22640625 0.18833333333333335 0.0265625 0.041666666666666664
ckz6ruchb000f386lxxpeu5na 0 0.2619140625 0.12890625 0.0265625 0.0375
ckz6rudsb000h386lkwwvc8dz 0 0.28265512589928055 0.22000149880095923 0.0265625 0.0375
ckz6ruf3e000j386lbyqpxw51 0 0.2909393675298805 0.329789176626826 0.0265625 0.0375
ckz6rugcj000l386lzjazem8c 0 0.165625 0.5375 0.028125 0.04583333333333333
ckz6rui7o000n386lh32dwmkr 0 0.5486806705298013 0.9435568432671082 0.0265625 0.0375
ckz6ruj49000p386lndk3j9jv 0 0.63828125 0.5785416666666666 0.0265625 0.0375
ckz6rup8s000r386lkjotnoh0 0 0.48828125 0.86875 0.0265625 0.0375
ckz6rut1n000v386l8rfix41j 0 0.8453179786115006 0.8492023141654979 0.0265625 0.0375
ckz6ruunj000x386l4qiqzsvd 0 0.8359429786115007 0.9742023141654979 0.0265625 0.0375
ckz6ruw8w000z386lc52x10qx 0 0.8525431714586255 0.751817438055166 0.0265625 0.0375
ckz6ruzco0013386lo3nqjmle 0 0.828125 0.43645833333333334 0.025 0.03958333333333333
ckz6rv4et0015386le3rdpw93 0 0.8669971113445378 0.409375 0.025 0.03958333333333333
ckz6rva9o0019386ll7e0plel 0 0.6637620192307693 0.17291666666666666 0.0265625 0.03333333333333333
ckz6rvlfq001d386lt59x4kz2 0 0.7728131275100402 0.07781124497991969 0.0265625 0.03333333333333334
ckz6rvnb8001f386l63s6p1ys 0 0.71015625 0.6354166666666666 0.0265625 0.03333333333333333
ckz6rvpuj001h386lhrb15el1 0 0.5795312499999999 0.5172916666666667 0.0265625 0.03333333333333333
ckz6rvrjs001j386lscfviwaz 0 0.4916372811284047 0.40496919584954605 0.0265625 0.03333333333333333
ckz6rvvx4001n386lwp0hh90g 0 0.0078125 0.2875 0.015625 0.03333333333333333
ckz6rvxvs001p386l9u5f2w3s 0 0.4260416666666667 0.4256944444444445 0.028125 0.0375
ckz6rw3in001v386l6bltg9jj 0 0.76015625 0.2520833333333333 0.0265625 0.03333333333333333
ckz6rw56s001x386l432ih3l6 0 0.9810172032828284 0.8323968855218855 0.020730744949494985 0.035416666666666666
cl4sse7t80004356hlgz3o2fx 0 0.81796875 0.9754166666666666 0.0328125 0.041666666666666664
cl4ssee0s0008356hd15z4qn8 0 0.58828125 0.11875 0.0296875 0.05
cl4ssegqi000c356hwxoota92 0 0.6015625 0.20625 0.025 0.04583333333333333
cl4sseopo000g356h6ldd8ms6 0 0.06692708333333333 0.19930555555555557 0.035937500000000004 0.04583333333333333
cl4uq6b5l0003356p4ou3mrfw 0 0.85625 0.22395833333333334 0.0375 0.04375
cl4uqbjp9000b356p2175vvqw 0 0.5011204769736842 0.7369723135964912 0.0421875 0.04375
cl4ur3vs8000v356pe031p1yo 0 0.4996428571428571 0.02016865079365079 0.025 0.027083333333333334
cl4urtjol000z356puo72ztp3 0 0.31909722222222225 0.10902777777777777 0.028125 0.0375
cl4uru0kq0013356pt4h9yjm1 0 0.5218039772727272 0.010700757575757577 0.0296875 0.01875
cl4urwkrx0017356pikpviaa9 0 0.37399553571428573 0.010825892857142857 0.0234375 0.02105654761904762
cl53eq6de000f356i3cjd5jif 1 0.57109375 0.13333333333333333 0.0890625 0.1125
cl53eqa7m000l356ivf26125u 1 0.3203125 0.21041666666666667 0.103125 0.09583333333333334
