ckz3v9nzv00033867jsekqdcl 0 0.2668536618942731 0.43340675477239354 0.0265625 0.0375
ckz6ru2eb0001386lefk6js4m 0 0.23828125 0.5770833333333333 0.0265625 0.0375
ckz6ru3um0003386l39xwv0yk 0 0.2422715388446215 0.85625 0.0265625 0.0375
ckz6ru5610005386l8uoys4lc 0 0.19453125 0.8458333333333333 0.0265625 0.0375
ckz6ru6of0007386lhf2t4dtw 0 0.08359375 0.80625 0.0265625 0.0375
ckz6ru83f0009386lx7517dwf 0 0.018971911478599224 0.7528129053177691 0.0265625 0.0375
ckz6ru99l000b386l18xh2byu 0 0.13515625 0.18958333333333333 0.0265625 0.0375
ckz6rub67000d386ld3mx1dyi 0 0.23166360294117644 0.18566176470588236 0.0265625 0.041666666666666664
ckz6ruchb000f386lxxpeu5na 0 0.2583984375 0.13359375 0.0265625 0.0375
ckz6rudsb000h386lkwwvc8dz 0 0.2823853417266187 0.22036121103117506 0.0265625 0.0375
ckz6ruf3e000j386lbyqpxw51 0 0.28705490537848605 0.3349684594953519 0.0265625 0.0375
ckz6rugcj000l386lzjazem8c 0 0.15625 0.5340277777777778 0.028125 0.04999999999999994
ckz6rui7o000n386lh32dwmkr 0 0.54404296875 0.9527922453703703 0.0265625 0.0375
ckz6ruj49000p386lndk3j9jv 0 0.6365664724576271 0.5830861581920904 0.0265625 0.0375
ckz6rup8s000r386lkjotnoh0 0 0.48828125 0.86875 0.0265625 0.0375
ckz6rut1n000v386l8rfix41j 0 0.8448972212482468 0.8504645862552594 0.0265625 0.0375
ckz6ruunj000x386l4qiqzsvd 0 0.8355222212482468 0.9754645862552594 0.0265625 0.0375
ckz6ruw8w000z386lc52x10qx 0 0.8522276034361852 0.7522381954184197 0.0265625 0.0375
ckz6ruzco0013386lo3nqjmle 0 0.828125 0.43645833333333334 0.025 0.03958333333333333
ckz6rv4et0015386le3rdpw93 0 0.8668080357142858 0.409375 0.025 0.03958333333333333
ckz6rva9o0019386ll7e0plel 0 0.662888933982684 0.17683080808080806 0.0265625 0.03333333333333333
ckz6rvlfq001d386lt59x4kz2 0 0.7716083082329317 0.08022088353413655 0.0265625 0.03333333333333334
ckz6rvnb8001f386l63s6p1ys 0 0.71015625 0.6354166666666666 0.0265625 0.03333333333333333
ckz6rvpuj001h386lhrb15el1 0 0.5758170324427481 0.5231631679389313 0.027003816793893166 0.03333333333333333
ckz6rvrjs001j386lscfviwaz 0 0.48871899319066153 0.4053583009079118 0.0265625 0.03333333333333333
ckz6rvvx4001n386lwp0hh90g 0 0.0062656249999999995 0.29918750000000005 0.012531249999999999 0.03470833333333333
ckz6rvxvs001p386l9u5f2w3s 0 0.4640625 0.4640625 0.028125 0.0375
ckz6rw3in001v386l6bltg9jj 0 0.734375 0.18125 0.0265625 0.03333333333333333
ckz6rw56s001x386l432ih3l6 0 0.9774187184343435 0.8424978956228956 0.023382260101010032 0.035416666666666666
cl4ssee0s0008356hd15z4qn8 0 0.58828125 0.11875 0.0296875 0.05
cl4ssegqi000c356hwxoota92 0 0.6015625 0.20625 0.025 0.04583333333333333
cl4sseopo000g356h6ldd8ms6 0 0.03671875 0.121875 0.0296875 0.03958333333333333
cl4uq6b5l0003356p4ou3mrfw 0 0.85625 0.22395833333333334 0.0375 0.04375
cl4uqbjp9000b356p2175vvqw 0 0.4996402138157895 0.7392749451754386 0.0421875 0.04375
cl4ur3vs8000v356pe031p1yo 0 0.5010714285714286 0.021438492063492066 0.025 0.027083333333333334
cl4urtjol000z356puo72ztp3 0 0.273046875 0.18802083333333333 0.028125 0.0375
cl4uru0kq0013356pt4h9yjm1 0 0.51953125 0.011458333333333333 0.0296875 0.01875
cl4urwkrx0017356pikpviaa9 0 0.37185267857142856 0.014754464285714286 0.0234375 0.02319940476190476
cl53eq6de000f356i3cjd5jif 1 0.57109375 0.13333333333333333 0.0890625 0.1125
cl53eqa7m000l356ivf26125u 1 0.3203125 0.21041666666666667 0.103125 0.09583333333333334
