ckz3v9nzv00033867jsekqdcl 0 0.27474419247787607 0.4161873156342183 0.0265625 0.0375
ckz6ru2eb0001386lefk6js4m 0 0.23828125 0.5811326291079812 0.0265625 0.0375
ckz6ru3um0003386l39xwv0yk 0 0.24499339788732394 0.8508509389671362 0.0265625 0.0375
ckz6ru5610005386l8uoys4lc 0 0.19453125 0.8458333333333333 0.0265625 0.0375
ckz6ru6of0007386lhf2t4dtw 0 0.08359375 0.80625 0.0265625 0.0375
ckz6ru83f0009386lx7517dwf 0 0.028818221830985914 0.7285504694835682 0.0265625 0.0375
ckz6ru99l000b386l18xh2byu 0 0.13515625 0.18958333333333333 0.0265625 0.0375
ckz6rub67000d386ld3mx1dyi 0 0.20171875 0.13625 0.0265625 0.03750000000000001
ckz6ruchb000f386lxxpeu5na 0 0.306015625 0.09944444444444445 0.0265625 0.0375
ckz6rudsb000h386lkwwvc8dz 0 0.28473471223021585 0.2172287170263789 0.0265625 0.0375
ckz6ruf3e000j386lbyqpxw51 0 0.31374339788732397 0.3063673708920188 0.0265625 0.0375
ckz6rugcj000l386lzjazem8c 0 0.38515625 0.14791666666666667 0.0265625 0.041666666666666664
ckz6rui7o000n386lh32dwmkr 0 0.5812169894366197 0.879518779342723 0.0265625 0.0375
ckz6ruj49000p386lndk3j9jv 0 0.6456240968208092 0.5647579479768786 0.0265625 0.0375
ckz6rup8s000r386lkjotnoh0 0 0.48828125 0.86875 0.0265625 0.0375
ckz6rurv1000t386llsdca8lh 0 0.57578125 0.7854166666666667 0.0265625 0.0375
ckz6rut1n000v386l8rfix41j 0 0.8485613166199159 0.8394723001402524 0.0265625 0.0375
ckz6ruunj000x386l4qiqzsvd 0 0.8391863166199158 0.9644723001402524 0.0265625 0.0375
ckz6ruw8w000z386lc52x10qx 0 0.8549756749649369 0.7485741000467508 0.0265625 0.0375
ckz6ruxwl0011386lwhdpziws 0 0.91328125 0.75625 0.0265625 0.0375
ckz6ruzco0013386lo3nqjmle 0 0.828125 0.43645833333333334 0.025 0.03958333333333333
ckz6rv4et0015386le3rdpw93 0 0.8684545693277311 0.409375 0.025 0.03958333333333333
ckz6rv5s20017386lyas5kerj 0 0.69140625 0.14270833333333333 0.0234375 0.035416666666666666
ckz6rva9o0019386ll7e0plel 0 0.6725986463133641 0.13564708141321044 0.0265625 0.03333333333333333
ckz6rvlfq001d386lt59x4kz2 0 0.7704350096401028 0.06491002570694088 0.0265625 0.03333333333333334
ckz6rvnb8001f386l63s6p1ys 0 0.7121808978873239 0.6381161971830985 0.0265625 0.03333333333333333
ckz6rvpuj001h386lhrb15el1 0 0.5893816021126761 0.48430164319248825 0.0265625 0.03333333333333333
ckz6rvrjs001j386lscfviwaz 0 0.4996808978873239 0.3855340375586855 0.0265625 0.03333333333333333
ckz6rvtvy001l386li54we947 0 0.087109375 0.5348958333333333 0.0296875 0.0375
ckz6rvvx4001n386lwp0hh90g 0 0.017415364583333332 0.2220703125 0.0265625 0.03333333333333333
ckz6rvxvs001p386l9u5f2w3s 0 0.1140625 0.2708333333333333 0.028125 0.0375
ckz6rw3in001v386l6bltg9jj 0 0.74140625 0.790625 0.0265625 0.03333333333333333
ckz6rw56s001x386l432ih3l6 0 0.9890729631696429 0.7718889508928571 0.021854073660714235 0.03403087797619051
cl4sse7t80004356hlgz3o2fx 0 0.60078125 0.33958333333333335 0.025 0.035416666666666666
cl4ssee0s0008356hd15z4qn8 0 0.58828125 0.11875 0.0296875 0.05
cl4ssegqi000c356hwxoota92 0 0.6015625 0.20625 0.025 0.04583333333333333
cl4sseopo000g356h6ldd8ms6 0 0.31953125 0.703125 0.0390625 0.041666666666666664
cl4swkq5u0003356p8vuhc7nn 0 0.64375 0.5791666666666667 0.028125 0.035416666666666666
cl4uq6b5l0003356p4ou3mrfw 0 0.85625 0.22395833333333334 0.0375 0.04375
cl4uqbjp9000b356p2175vvqw 0 0.5125308388157894 0.7192228618421053 0.0421875 0.04375
