ckz3v9nzv00033867jsekqdcl 0 0.26484375 0.4354166666666667 0.0265625 0.0375
ckz6ru2eb0001386lefk6js4m 0 0.23828125 0.5770833333333333 0.0265625 0.0375
ckz6ru3um0003386l39xwv0yk 0 0.24186068227091634 0.85625 0.0265625 0.0375
ckz6ru5610005386l8uoys4lc 0 0.19453125 0.8458333333333333 0.0265625 0.0375
ckz6ru6of0007386lhf2t4dtw 0 0.08359375 0.80625 0.0265625 0.0375
ckz6ru83f0009386lx7517dwf 0 0.014959265564202334 0.7655196173800259 0.0265625 0.0375
ckz6ru99l000b386l18xh2byu 0 0.13515625 0.18958333333333333 0.0265625 0.0375
ckz6rub67000d386ld3mx1dyi 0 0.27786458333333336 0.2361111111111111 0.0265625 0.041666666666666664
ckz6ruchb000f386lxxpeu5na 0 0.2463134765625 0.14970703125 0.0265625 0.0375
ckz6rudsb000h386lkwwvc8dz 0 0.28145795863309353 0.22159772182254195 0.0265625 0.0375
ckz6ruf3e000j386lbyqpxw51 0 0.2742598684210526 0.35285087719298247 0.0265625 0.0375
ckz6rugcj000l386lzjazem8c 0 0.05390625 0.546875 0.028125 0.05
ckz6rui7o000n386lh32dwmkr 0 0.53412449670571 0.9736243289409467 0.0265625 0.0375
ckz6ruj49000p386lndk3j9jv 0 0.6289194915254237 0.6005649717514124 0.0265625 0.0375
ckz6rup8s000r386lkjotnoh0 0 0.48828125 0.86875 0.0265625 0.0375
ckz6rut1n000v386l8rfix41j 0 0.8434508678120617 0.8548036465638148 0.0265625 0.0375
ckz6ruunj000x386l4qiqzsvd 0 0.8340758678120617 0.9798036465638148 0.0265625 0.0375
ckz6ruw8w000z386lc52x10qx 0 0.8511428383590462 0.7536845488546049 0.0265625 0.0375
ckz6ruzco0013386lo3nqjmle 0 0.828125 0.43645833333333334 0.025 0.03958333333333333
ckz6rv4et0015386le3rdpw93 0 0.8661580882352942 0.409375 0.025 0.03958333333333333
ckz6rva9o0019386ll7e0plel 0 0.6606567911255412 0.18724747474747475 0.0265625 0.03333333333333333
ckz6rvlfq001d386lt59x4kz2 0 0.7674667419678716 0.08850401606425702 0.0265625 0.03333333333333333
ckz6rvnb8001f386l63s6p1ys 0 0.71015625 0.6354166666666666 0.0265625 0.03333333333333333
ckz6rvpuj001h386lhrb15el1 0 0.5620407919847328 0.5428435114503817 0.02897185114503813 0.03333333333333333
ckz6rvrjs001j386lscfviwaz 0 0.4797547599337748 0.41004415011037526 0.0265625 0.03333333333333333
ckz6rvxvs001p386l9u5f2w3s 0 0.6421875 0.5854166666666667 0.028125 0.0375
ckz6rw3in001v386l6bltg9jj 0 0.628515625 0.04739583333333333 0.0265625 0.03333333333333333
ckz6rw56s001x386l432ih3l6 0 0.9737614329268294 0.8684705284552846 0.0234375 0.035416666666666666
cl4ssee0s0008356hd15z4qn8 0 0.58828125 0.11875 0.0296875 0.05
cl4ssegqi000c356hwxoota92 0 0.6015625 0.20625 0.025 0.04583333333333333
cl4uq6b5l0003356p4ou3mrfw 0 0.85625 0.22395833333333334 0.0375 0.04375
cl4uq7un10007356p14ye3ifb 0 0.896484375 0.2203125 0.0328125 0.04375
cl4uqbjp9000b356p2175vvqw 0 0.4954300667475728 0.7456765776699029 0.0421875 0.04375
cl4ur3vs8000v356pe031p1yo 0 0.5059821428571428 0.02580357142857143 0.025 0.027083333333333334
cl4urtjol000z356puo72ztp3 0 0.043359375 0.29375 0.0296875 0.03958333333333333
cl4uru0kq0013356pt4h9yjm1 0 0.51171875 0.0140625 0.0296875 0.01875
cl4urwkrx0017356pikpviaa9 0 0.3661340725806451 0.02886424731182796 0.0234375 0.027083333333333334
cl53eq6de000f356i3cjd5jif 1 0.57109375 0.13333333333333333 0.0890625 0.1125
cl53eqa7m000l356ivf26125u 1 0.3203125 0.21041666666666667 0.103125 0.09583333333333334
