ckz3v9nzv00033867jsekqdcl 0 0.2730157632743363 0.4223328416912488 0.0265625 0.0375
ckz6ru2eb0001386lefk6js4m 0 0.23828125 0.5774647887323944 0.0265625 0.0375
ckz6ru3um0003386l39xwv0yk 0 0.2431594776995305 0.8557413928012519 0.0265625 0.0375
ckz6ru5610005386l8uoys4lc 0 0.19453125 0.8458333333333333 0.0265625 0.0375
ckz6ru6of0007386lhf2t4dtw 0 0.08359375 0.80625 0.0265625 0.0375
ckz6ru83f0009386lx7517dwf 0 0.026067341549295776 0.730995696400626 0.0265625 0.0375
ckz6ru99l000b386l18xh2byu 0 0.13515625 0.18958333333333333 0.0265625 0.0375
ckz6rub67000d386ld3mx1dyi 0 0.21796875 0.16807065217391307 0.0265625 0.0375
ckz6ruchb000f386lxxpeu5na 0 0.29107623922413794 0.10843211206896551 0.0265625 0.0375
ckz6rudsb000h386lkwwvc8dz 0 0.2840321492805755 0.21816546762589928 0.0265625 0.0375
ckz6ruf3e000j386lbyqpxw51 0 0.3119094776995305 0.3100352112676056 0.0265625 0.0375
ckz6rugcj000l386lzjazem8c 0 0.36796875 0.3541666666666667 0.0265625 0.041666666666666664
ckz6rui7o000n386lh32dwmkr 0 0.5720473884976526 0.8905223004694836 0.0265625 0.0375
ckz6ruj49000p386lndk3j9jv 0 0.6422371748554914 0.5685211946050096 0.0265625 0.0375
ckz6rup8s000r386lkjotnoh0 0 0.48828125 0.86875 0.0265625 0.0375
ckz6rurv1000t386llsdca8lh 0 0.78828125 0.8166666666666667 0.0234375 0.0375
ckz6rut1n000v386l8rfix41j 0 0.8474655943197756 0.8427594670406733 0.0265625 0.0375
ckz6ruunj000x386l4qiqzsvd 0 0.8380905943197756 0.9677594670406733 0.0265625 0.0375
ckz6ruw8w000z386lc52x10qx 0 0.8541538832398317 0.7496698223468912 0.0265625 0.0375
ckz6ruzco0013386lo3nqjmle 0 0.828125 0.43645833333333334 0.025 0.03958333333333333
ckz6rv4et0015386le3rdpw93 0 0.8679621848739496 0.409375 0.025 0.03958333333333333
ckz6rv5s20017386lyas5kerj 0 0.61796875 0.071875 0.0234375 0.035416666666666666
ckz6rva9o0019386ll7e0plel 0 0.6698984735023041 0.1464477726574501 0.0265625 0.03333333333333335
ckz6rvlfq001d386lt59x4kz2 0 0.7719412757069409 0.06892673521850899 0.0265625 0.033333333333333326
ckz6rvnb8001f386l63s6p1ys 0 0.7103469776995305 0.6356709702660407 0.0265625 0.03333333333333333
ckz6rvpuj001h386lhrb15el1 0 0.5912155223004695 0.4928599374021909 0.0265625 0.03333333333333333
ckz6rvrjs001j386lscfviwaz 0 0.4978469776995305 0.38920187793427224 0.0265625 0.03333333333333333
ckz6rvvx4001n386lwp0hh90g 0 0.013988095238095239 0.2454861111111111 0.0265625 0.03333333333333333
ckz6rvxvs001p386l9u5f2w3s 0 0.21171875 0.3338541666666667 0.028125 0.0375
ckz6rw3in001v386l6bltg9jj 0 0.78984375 0.6208333333333333 0.0265625 0.03333333333333333
ckz6rw56s001x386l432ih3l6 0 0.9929966517857143 0.7771205357142856 0.014006696428571353 0.03519345238095243
cl4sse7t80004356hlgz3o2fx 0 0.64921875 0.5416666666666666 0.025 0.041666666666666664
cl4ssee0s0008356hd15z4qn8 0 0.58828125 0.11875 0.0296875 0.05
cl4ssegqi000c356hwxoota92 0 0.6015625 0.20625 0.025 0.04583333333333333
cl4sseopo000g356h6ldd8ms6 0 0.26484375 0.5291666666666667 0.0359375 0.04583333333333333
cl4swkq5u0003356p8vuhc7nn 0 0.262890625 0.44635416666666666 0.0328125 0.0375
cl4uq6b5l0003356p4ou3mrfw 0 0.85625 0.22395833333333334 0.0375 0.04375
cl4uqbjp9000b356p2175vvqw 0 0.5086759868421052 0.725219298245614 0.0421875 0.04375
cl53eq6de000f356i3cjd5jif 1 0.57109375 0.13333333333333333 0.0890625 0.1125
cl53eqa7m000l356ivf26125u 1 0.3203125 0.21041666666666667 0.103125 0.09583333333333334
