ckz3v9nzv00033867jsekqdcl 0 0.2756429756637168 0.4129916420845624 0.0265625 0.0375
ckz6ru2eb0001386lefk6js4m 0 0.23828125 0.5830399061032864 0.0265625 0.0375
ckz6ru3um0003386l39xwv0yk 0 0.24594703638497656 0.8483079029733959 0.0265625 0.0375
ckz6ru5610005386l8uoys4lc 0 0.19453125 0.8458333333333333 0.0265625 0.0375
ckz6ru6of0007386lhf2t4dtw 0 0.08359375 0.80625 0.0265625 0.0375
ckz6ru83f0009386lx7517dwf 0 0.03024867957746479 0.727278951486698 0.0265625 0.0375
ckz6ru99l000b386l18xh2byu 0 0.13515625 0.18958333333333333 0.0265625 0.0375
ckz6rub67000d386ld3mx1dyi 0 0.1915798611111111 0.10671296296296297 0.0265625 0.0375
ckz6ruchb000f386lxxpeu5na 0 0.31366450471698115 0.09453616352201258 0.0265625 0.0375
ckz6rudsb000h386lkwwvc8dz 0 0.28510004496402874 0.21674160671462828 0.0265625 0.0375
ckz6ruf3e000j386lbyqpxw51 0 0.31469703638497654 0.3044600938967136 0.0265625 0.0375
ckz6rugcj000l386lzjazem8c 0 0.45703125 0.11041666666666666 0.0265625 0.0375
ckz6rui7o000n386lh32dwmkr 0 0.5859851819248826 0.8737969483568074 0.0265625 0.0375
ckz6ruj49000p386lndk3j9jv 0 0.6473852962427745 0.5628010597302505 0.0265625 0.0375
ckz6rup8s000r386lkjotnoh0 0 0.48828125 0.86875 0.0265625 0.0375
ckz6rurv1000t386llsdca8lh 0 0.43984375 0.7451388888888889 0.0265625 0.0375
ckz6rut1n000v386l8rfix41j 0 0.8491310922159888 0.8377629733520336 0.0265625 0.0375
ckz6ruunj000x386l4qiqzsvd 0 0.8397560922159888 0.9627629733520336 0.0265625 0.0375
ckz6ruw8w000z386lc52x10qx 0 0.8554030066619915 0.7480043244506779 0.0265625 0.0375
ckz6ruxwl0011386lwhdpziws 0 0.86640625 0.6402777777777777 0.0265625 0.0375
ckz6ruzco0013386lo3nqjmle 0 0.828125 0.43645833333333334 0.025 0.03958333333333333
ckz6rv4et0015386le3rdpw93 0 0.8687106092436976 0.409375 0.025 0.03958333333333333
ckz6rv5s20017386lyas5kerj 0 0.67734375 0.19114583333333332 0.0234375 0.03333333333333333
ckz6rva9o0019386ll7e0plel 0 0.6740027361751152 0.13003072196620585 0.0265625 0.03333333333333333
ckz6rvjnr001b386l6bprt2rz 0 0.73203125 0.11875 0.0265625 0.03333333333333333
ckz6rvlfq001d386lt59x4kz2 0 0.7696517512853471 0.06282133676092544 0.0265625 0.033333333333333326
ckz6rvnb8001f386l63s6p1ys 0 0.7131345363849765 0.6393877151799686 0.0265625 0.03333333333333333
ckz6rvpuj001h386lhrb15el1 0 0.5884279636150235 0.4798513302034429 0.0265625 0.03333333333333333
ckz6rvrjs001j386lscfviwaz 0 0.5006345363849765 0.38362676056338024 0.0265625 0.03333333333333333
ckz6rvtvy001l386li54we947 0 0.20078125 0.61875 0.0265625 0.03333333333333333
ckz6rvvx4001n386lwp0hh90g 0 0.015382543103448276 0.21530172413793103 0.0265625 0.03333333333333333
ckz6rvxvs001p386l9u5f2w3s 0 0.03828125 0.20729166666666668 0.0265625 0.03333333333333333
ckz6rvzvz001r386lcw1fqa7h 0 0.75078125 0.9770833333333333 0.0265625 0.03333333333333333
ckz6rw1y9001t386ll8rr5ixq 0 0.66953125 0.9625 0.0265625 0.03333333333333333
ckz6rw3in001v386l6bltg9jj 0 0.73203125 0.85 0.0265625 0.03333333333333333
ckz6rw56s001x386l432ih3l6 0 0.9870326450892858 0.7691685267857143 0.025934709821428648 0.033426339285714236
cl4sse7t80004356hlgz3o2fx 0 0.5633680555555556 0.2179398148148148 0.025 0.035416666666666666
cl4ssee0s0008356hd15z4qn8 0 0.58828125 0.11875 0.0296875 0.05
cl4ssegqi000c356hwxoota92 0 0.6015625 0.20625 0.025 0.04583333333333333
cl4sseopo000g356h6ldd8ms6 0 0.38125 0.7833333333333333 0.0328125 0.035416666666666666
cl4swkq5u0003356p8vuhc7nn 0 0.8140625 0.675 0.028125 0.03333333333333333
cl4uq6b5l0003356p4ou3mrfw 0 0.85625 0.22395833333333334 0.0375 0.04375
cl4uqbjp9000b356p2175vvqw 0 0.5145353618421052 0.7161047149122807 0.0421875 0.04375
