ckz3v9nzv00033867jsekqdcl 0 0.2743846792035398 0.41746558505408066 0.0265625 0.0375
ckz6ru2eb0001386lefk6js4m 0 0.23828125 0.5803697183098592 0.0265625 0.0375
ckz6ru3um0003386l39xwv0yk 0 0.2446119424882629 0.8518681533646323 0.0265625 0.0375
ckz6ru5610005386l8uoys4lc 0 0.19453125 0.8458333333333333 0.0265625 0.0375
ckz6ru6of0007386lhf2t4dtw 0 0.08359375 0.80625 0.0265625 0.0375
ckz6ru83f0009386lx7517dwf 0 0.02824603873239436 0.7290590766823162 0.0265625 0.0375
ckz6ru99l000b386l18xh2byu 0 0.13515625 0.18958333333333333 0.0265625 0.0375
ckz6rub67000d386ld3mx1dyi 0 0.2038589015151515 0.1408459595959596 0.0265625 0.0375
ckz6ruchb000f386lxxpeu5na 0 0.30296875 0.10125 0.0265625 0.0375
ckz6rudsb000h386lkwwvc8dz 0 0.28458857913669067 0.21742356115107914 0.0265625 0.0375
ckz6ruf3e000j386lbyqpxw51 0 0.3133619424882629 0.30713028169014084 0.0265625 0.0375
ckz6rugcj000l386lzjazem8c 0 0.37161458333333336 0.21319444444444444 0.0265625 0.041666666666666664
ckz6rui7o000n386lh32dwmkr 0 0.5793097124413146 0.8818075117370892 0.0265625 0.0375
ckz6ruj49000p386lndk3j9jv 0 0.6449196170520232 0.56554070327553 0.0265625 0.0375
ckz6rup8s000r386lkjotnoh0 0 0.48828125 0.86875 0.0265625 0.0375
ckz6rurv1000t386llsdca8lh 0 0.61796875 0.815625 0.0234375 0.0375
ckz6rut1n000v386l8rfix41j 0 0.8483334063814867 0.84015603085554 0.0265625 0.0375
ckz6ruunj000x386l4qiqzsvd 0 0.8389584063814868 0.96515603085554 0.0265625 0.0375
ckz6ruw8w000z386lc52x10qx 0 0.8548047422861151 0.74880201028518 0.0265625 0.0375
ckz6ruxwl0011386lwhdpziws 0 0.94140625 0.7854166666666667 0.0265625 0.04375
ckz6ruzco0013386lo3nqjmle 0 0.828125 0.43645833333333334 0.025 0.03958333333333333
ckz6rv4et0015386le3rdpw93 0 0.8683521533613445 0.409375 0.025 0.03958333333333333
ckz6rv5s20017386lyas5kerj 0 0.65828125 0.14395833333333333 0.0234375 0.03541666666666665
ckz6rva9o0019386ll7e0plel 0 0.6720370103686636 0.1378936251920123 0.0265625 0.03333333333333332
ckz6rvlfq001d386lt59x4kz2 0 0.7707483129820052 0.06574550128534704 0.0265625 0.03333333333333333
ckz6rvnb8001f386l63s6p1ys 0 0.7117994424882629 0.6376075899843505 0.0265625 0.03333333333333333
ckz6rvpuj001h386lhrb15el1 0 0.5897630575117371 0.4860817683881064 0.0265625 0.03333333333333333
ckz6rvrjs001j386lscfviwaz 0 0.4992994424882629 0.38629694835680756 0.0265625 0.03333333333333333
ckz6rvtvy001l386li54we947 0 0.04640625 0.47708333333333336 0.029687500000000006 0.0375
ckz6rvvx4001n386lwp0hh90g 0 0.01656901041666667 0.2271484375 0.0265625 0.03333333333333333
ckz6rvxvs001p386l9u5f2w3s 0 0.13315972222222222 0.28032407407407406 0.028125 0.03749999999999997
ckz6rw3in001v386l6bltg9jj 0 0.778125 0.75 0.0265625 0.03333333333333333
ckz6rw56s001x386l432ih3l6 0 0.9898890904017857 0.7729771205357143 0.020221819196428646 0.034272693452380903
cl4sse7t80004356hlgz3o2fx 0 0.6265625 0.390625 0.025 0.035416666666666666
cl4ssee0s0008356hd15z4qn8 0 0.58828125 0.11875 0.0296875 0.05
cl4ssegqi000c356hwxoota92 0 0.6015625 0.20625 0.025 0.04583333333333333
cl4sseopo000g356h6ldd8ms6 0 0.29453125 0.6666666666666666 0.0390625 0.041666666666666664
cl4swkq5u0003356p8vuhc7nn 0 0.566015625 0.5927083333333333 0.028125 0.035416666666666666
cl4uq6b5l0003356p4ou3mrfw 0 0.85625 0.22395833333333334 0.0375 0.04375
cl4uqbjp9000b356p2175vvqw 0 0.5117290296052632 0.720470120614035 0.0421875 0.04375
