ckz3v9nzv00033867jsekqdcl 0 0.27351355088495577 0.420562930186824 0.0265625 0.0375
ckz6ru2eb0001386lefk6js4m 0 0.23828125 0.5785211267605633 0.0265625 0.0375
ckz6ru3um0003386l39xwv0yk 0 0.243687646713615 0.8543329420970267 0.0265625 0.0375
ckz6ru5610005386l8uoys4lc 0 0.19453125 0.8458333333333333 0.0265625 0.0375
ckz6ru6of0007386lhf2t4dtw 0 0.08359375 0.80625 0.0265625 0.0375
ckz6ru83f0009386lx7517dwf 0 0.026859595070422536 0.7302914710485133 0.0265625 0.0375
ckz6ru99l000b386l18xh2byu 0 0.13515625 0.18958333333333333 0.0265625 0.0375
ckz6rub67000d386ld3mx1dyi 0 0.21796875 0.16317934782608695 0.0265625 0.0375
ckz6ruchb000f386lxxpeu5na 0 0.2955859375 0.10562500000000001 0.0265625 0.0375
ckz6rudsb000h386lkwwvc8dz 0 0.28423448741007196 0.21789568345323743 0.0265625 0.0375
ckz6ruf3e000j386lbyqpxw51 0 0.312437646713615 0.3089788732394366 0.0265625 0.0375
ckz6rugcj000l386lzjazem8c 0 0.3328125 0.29375 0.0265625 0.041666666666666664
ckz6rui7o000n386lh32dwmkr 0 0.5746882335680751 0.8873532863849766 0.0265625 0.0375
ckz6ruj49000p386lndk3j9jv 0 0.6432126083815028 0.5674373795761078 0.0265625 0.0375
ckz6rup8s000r386lkjotnoh0 0 0.48828125 0.86875 0.0265625 0.0375
ckz6rurv1000t386llsdca8lh 0 0.72421875 0.8083333333333333 0.0234375 0.0375
ckz6rut1n000v386l8rfix41j 0 0.8477811623422159 0.841812762973352 0.0265625 0.0375
ckz6ruunj000x386l4qiqzsvd 0 0.8384061623422159 0.966812762973352 0.0265625 0.0375
ckz6ruw8w000z386lc52x10qx 0 0.8543905592566621 0.7493542543244506 0.0265625 0.0375
ckz6ruxwl0011386lwhdpziws 0 0.990625 0.8458333333333333 0.01875 0.041666666666666664
ckz6ruzco0013386lo3nqjmle 0 0.828125 0.43645833333333334 0.025 0.03958333333333333
ckz6rv4et0015386le3rdpw93 0 0.8681039915966388 0.409375 0.025 0.03958333333333333
ckz6rv5s20017386lyas5kerj 0 0.63359375 0.11354166666666667 0.0234375 0.035416666666666666
ckz6rva9o0019386ll7e0plel 0 0.6706761232718894 0.14333717357910908 0.0265625 0.03333333333333335
ckz6rvlfq001d386lt59x4kz2 0 0.7715074710796915 0.06776992287917737 0.0265625 0.033333333333333326
ckz6rvnb8001f386l63s6p1ys 0 0.710875146713615 0.6363751956181534 0.0265625 0.03333333333333333
ckz6rvpuj001h386lhrb15el1 0 0.590687353286385 0.49039514866979655 0.0265625 0.03333333333333333
ckz6rvrjs001j386lscfviwaz 0 0.498375146713615 0.3881455399061033 0.0265625 0.03333333333333333
ckz6rvtvy001l386li54we947 0 0.00703125 0.5802083333333333 0.0140625 0.03958333333333333
ckz6rvvx4001n386lwp0hh90g 0 0.014657738095238093 0.2392361111111111 0.0265625 0.03333333333333333
ckz6rvxvs001p386l9u5f2w3s 0 0.19635416666666666 0.2743055555555555 0.028124999999999976 0.03749999999999997
ckz6rw3in001v386l6bltg9jj 0 0.7763020833333333 0.6673611111111111 0.0265625 0.03333333333333333
ckz6rw56s001x386l432ih3l6 0 0.9918666294642857 0.7756138392857144 0.01626674107142865 0.034858630952380905
cl4sse7t80004356hlgz3o2fx 0 0.6328125 0.49166666666666664 0.025 0.03333333333333333
cl4ssee0s0008356hd15z4qn8 0 0.58828125 0.11875 0.0296875 0.05
cl4ssegqi000c356hwxoota92 0 0.6015625 0.20625 0.025 0.04583333333333333
cl4sseopo000g356h6ldd8ms6 0 0.25338541666666664 0.5541666666666667 0.0359375 0.04583333333333333
cl4swkq5u0003356p8vuhc7nn 0 0.35807291666666663 0.5180555555555556 0.0328125 0.03750000000000006
cl4uq6b5l0003356p4ou3mrfw 0 0.85625 0.22395833333333334 0.0375 0.04375
cl4uqbjp9000b356p2175vvqw 0 0.5097861842105262 0.7234923245614036 0.0421875 0.04375
cl53eq6de000f356i3cjd5jif 1 0.57109375 0.13333333333333333 0.0890625 0.1125
cl53eqa7m000l356ivf26125u 1 0.3203125 0.21041666666666667 0.103125 0.09583333333333334
