ckz3v9nzv00033867jsekqdcl 0 0.2696344988986784 0.43062591776798825 0.0265625 0.0375
ckz6ru2eb0001386lefk6js4m 0 0.23828125 0.5770833333333333 0.0265625 0.0375
ckz6ru3um0003386l39xwv0yk 0 0.2425230328685259 0.85625 0.0265625 0.0375
ckz6ru5610005386l8uoys4lc 0 0.19453125 0.8458333333333333 0.0265625 0.0375
ckz6ru6of0007386lhf2t4dtw 0 0.08359375 0.80625 0.0265625 0.0375
ckz6ru83f0009386lx7517dwf 0 0.021428137159533074 0.7450348573281452 0.0265625 0.0375
ckz6ru99l000b386l18xh2byu 0 0.13515625 0.18958333333333333 0.0265625 0.0375
ckz6rub67000d386ld3mx1dyi 0 0.22109375 0.1796875 0.0265625 0.041666666666666664
ckz6ruchb000f386lxxpeu5na 0 0.26650727370689653 0.12394935344827586 0.0265625 0.0375
ckz6rudsb000h386lkwwvc8dz 0 0.28295301258992805 0.21960431654676257 0.0265625 0.0375
ckz6ruf3e000j386lbyqpxw51 0 0.2952284611553785 0.324070385126162 0.0265625 0.0375
ckz6rugcj000l386lzjazem8c 0 0.19947916666666665 0.5069444444444444 0.028124999999999976 0.04583333333333333
ckz6rui7o000n386lh32dwmkr 0 0.5536165149006622 0.9325883002207506 0.0265625 0.0375
ckz6ruj49000p386lndk3j9jv 0 0.63828125 0.5755303030303031 0.0265625 0.0375
ckz6rup8s000r386lkjotnoh0 0 0.48828125 0.86875 0.0265625 0.0375
ckz6rut1n000v386l8rfix41j 0 0.8457825648667601 0.8478085553997196 0.0265625 0.0375
ckz6ruunj000x386l4qiqzsvd 0 0.8364075648667602 0.9728085553997196 0.0265625 0.0375
ckz6ruw8w000z386lc52x10qx 0 0.8528916111500701 0.7513528517999065 0.0265625 0.0375
ckz6ruzco0013386lo3nqjmle 0 0.828125 0.43645833333333334 0.025 0.03958333333333333
ckz6rv4et0015386le3rdpw93 0 0.8672058823529412 0.409375 0.025 0.03958333333333333
ckz6rva9o0019386ll7e0plel 0 0.6651031123481781 0.16710526315789476 0.0265625 0.03333333333333333
ckz6rvlfq001d386lt59x4kz2 0 0.7741434487951807 0.07515060240963854 0.0265625 0.033333333333333326
ckz6rvnb8001f386l63s6p1ys 0 0.71015625 0.6354166666666666 0.0265625 0.03333333333333333
ckz6rvpuj001h386lhrb15el1 0 0.5825426136363636 0.5102651515151515 0.0265625 0.03333333333333333
ckz6rvrjs001j386lscfviwaz 0 0.49485955739299614 0.4045395590142672 0.0265625 0.03333333333333333
ckz6rvvx4001n386lwp0hh90g 0 0.009654605263157895 0.2811842105263158 0.01930921052631579 0.03333333333333333
ckz6rvxvs001p386l9u5f2w3s 0 0.4026041666666667 0.47361111111111115 0.028125000000000046 0.0375
ckz6rw3in001v386l6bltg9jj 0 0.76484375 0.3458333333333333 0.0265625 0.03333333333333333
ckz6rw56s001x386l432ih3l6 0 0.9849905303030304 0.8212436868686869 0.017803030303030275 0.035416666666666666
cl4sse7t80004356hlgz3o2fx 0 0.78828125 0.878125 0.0390625 0.041666666666666664
cl4ssee0s0008356hd15z4qn8 0 0.58828125 0.11875 0.0296875 0.05
cl4ssegqi000c356hwxoota92 0 0.6015625 0.20625 0.025 0.04583333333333333
cl4sseopo000g356h6ldd8ms6 0 0.125390625 0.278125 0.0359375 0.04583333333333333
cl4uq6b5l0003356p4ou3mrfw 0 0.85625 0.22395833333333334 0.0375 0.04375
cl4uqbjp9000b356p2175vvqw 0 0.5027549342105263 0.7344298245614035 0.0421875 0.04375
cl4ur3tl4000r356p5yynq6lr 0 0.37890625 0.0625 0.0234375 0.029166666666666667
cl4ur3vs8000v356pe031p1yo 0 0.4980654761904762 0.018766534391534393 0.025 0.027083333333333334
cl4urtjol000z356puo72ztp3 0 0.40046875000000004 0.03979166666666667 0.0296875 0.04375
cl4uru0kq0013356pt4h9yjm1 0 0.524313446969697 0.009864267676767676 0.0296875 0.01875
cl53eq6de000f356i3cjd5jif 1 0.57109375 0.13333333333333333 0.0890625 0.1125
cl53eqa7m000l356ivf26125u 1 0.3203125 0.21041666666666667 0.103125 0.09583333333333334
