ckz3v9nzv00033867jsekqdcl 0 0.26514661343612334 0.43511380323054333 0.0265625 0.0375
ckz6ru2eb0001386lefk6js4m 0 0.23828125 0.5770833333333333 0.0265625 0.0375
ckz6ru3um0003386l39xwv0yk 0 0.24211715637450199 0.85625 0.0265625 0.0375
ckz6ru5610005386l8uoys4lc 0 0.19453125 0.8458333333333333 0.0265625 0.0375
ckz6ru6of0007386lhf2t4dtw 0 0.08359375 0.80625 0.0265625 0.0375
ckz6ru83f0009386lx7517dwf 0 0.017464129377431907 0.7575875486381324 0.0265625 0.0375
ckz6ru99l000b386l18xh2byu 0 0.13515625 0.18958333333333333 0.0265625 0.0375
ckz6rub67000d386ld3mx1dyi 0 0.24796875 0.20583333333333334 0.0265625 0.041666666666666664
ckz6ruchb000f386lxxpeu5na 0 0.253857421875 0.1396484375 0.0265625 0.0375
ckz6rudsb000h386lkwwvc8dz 0 0.2820368705035971 0.2208258393285372 0.0265625 0.0375
ckz6ruf3e000j386lbyqpxw51 0 0.2820374750996016 0.34165836653386455 0.0265625 0.0375
ckz6rugcj000l386lzjazem8c 0 0.1270089285714286 0.5258928571428572 0.028125 0.05000000000000006
ckz6rui7o000n386lh32dwmkr 0 0.53798828125 0.964453125 0.0265625 0.0375
ckz6ruj49000p386lndk3j9jv 0 0.6336930614406779 0.5896539548022599 0.0265625 0.0375
ckz6rup8s000r386lkjotnoh0 0 0.48828125 0.86875 0.0265625 0.0375
ckz6rut1n000v386l8rfix41j 0 0.8443537429873773 0.8520950210378682 0.0265625 0.0375
ckz6ruunj000x386l4qiqzsvd 0 0.8349787429873773 0.9770950210378682 0.0265625 0.0375
ckz6ruw8w000z386lc52x10qx 0 0.851819994740533 0.7527816736792894 0.0265625 0.0375
ckz6ruzco0013386lo3nqjmle 0 0.828125 0.43645833333333334 0.025 0.03958333333333333
ckz6rv4et0015386le3rdpw93 0 0.86656381302521 0.409375 0.025 0.03958333333333333
ckz6rva9o0019386ll7e0plel 0 0.6620501893939393 0.1807449494949495 0.0265625 0.03333333333333333
ckz6rvlfq001d386lt59x4kz2 0 0.7700520833333333 0.08333333333333333 0.0265625 0.03333333333333333
ckz6rvnb8001f386l63s6p1ys 0 0.71015625 0.6354166666666666 0.0265625 0.03333333333333333
ckz6rvpuj001h386lhrb15el1 0 0.5706405057251909 0.5305582061068702 0.02774332061068705 0.033333333333333395
ckz6rvrjs001j386lscfviwaz 0 0.4849495379377432 0.40586089494163424 0.0265625 0.03333333333333333
ckz6rvvx4001n386lwp0hh90g 0 0.00546875 0.30520833333333336 0.0109375 0.035416666666666666
ckz6rvxvs001p386l9u5f2w3s 0 0.534375 0.46875 0.028125 0.0375
ckz6rw3in001v386l6bltg9jj 0 0.72109375 0.11041666666666666 0.0265625 0.03333333333333333
ckz6rw56s001x386l432ih3l6 0 0.9761954066265061 0.8534262048192771 0.0234375 0.035416666666666666
cl4ssee0s0008356hd15z4qn8 0 0.58828125 0.11875 0.0296875 0.05
cl4ssegqi000c356hwxoota92 0 0.6015625 0.20625 0.025 0.04583333333333333
cl4sseopo000g356h6ldd8ms6 0 0.0296875 0.021614583333333333 0.0265625 0.03125
cl4uq6b5l0003356p4ou3mrfw 0 0.85625 0.22395833333333334 0.0375 0.04375
cl4uq7un10007356p14ye3ifb 0 0.968359375 0.3065972222222222 0.023697916666666784 0.0375
cl4uqbjp9000b356p2175vvqw 0 0.49772820723684214 0.742249177631579 0.0421875 0.04375
cl4ur3vs8000v356pe031p1yo 0 0.5029166666666667 0.023078703703703705 0.025 0.027083333333333338
cl4urtjol000z356puo72ztp3 0 0.19739583333333335 0.2694444444444445 0.02812500000000002 0.037500000000000026
cl4uru0kq0013356pt4h9yjm1 0 0.516595643939394 0.012436868686868685 0.0296875 0.01875
cl4urwkrx0017356pikpviaa9 0 0.36908482142857146 0.019828869047619047 0.0234375 0.025967261904761906
cl53eq6de000f356i3cjd5jif 1 0.57109375 0.13333333333333333 0.0890625 0.1125
cl53eqa7m000l356ivf26125u 1 0.3203125 0.21041666666666667 0.103125 0.09583333333333334
