ckz3v9nzv00033867jsekqdcl 0 0.27485481194690264 0.41579400196656835 0.0265625 0.0375
ckz6ru2eb0001386lefk6js4m 0 0.23828125 0.5813673708920188 0.0265625 0.0375
ckz6ru3um0003386l39xwv0yk 0 0.2451107687793427 0.8505379499217528 0.0265625 0.0375
ckz6ru5610005386l8uoys4lc 0 0.19453125 0.8458333333333333 0.0265625 0.0375
ckz6ru6of0007386lhf2t4dtw 0 0.08359375 0.80625 0.0265625 0.0375
ckz6ru83f0009386lx7517dwf 0 0.028994278169014086 0.7283939749608764 0.0265625 0.0375
ckz6ru99l000b386l18xh2byu 0 0.13515625 0.18958333333333333 0.0265625 0.0375
ckz6rub67000d386ld3mx1dyi 0 0.20109375 0.13791666666666666 0.02656249999999998 0.0375
ckz6ruchb000f386lxxpeu5na 0 0.306953125 0.09888888888888889 0.0265625 0.0375
ckz6rudsb000h386lkwwvc8dz 0 0.2847796762589928 0.21716876498800958 0.0265625 0.0375
ckz6ruf3e000j386lbyqpxw51 0 0.3138607687793427 0.3061326291079812 0.0265625 0.0375
ckz6rugcj000l386lzjazem8c 0 0.39609375 0.17708333333333334 0.0265625 0.041666666666666664
ckz6rui7o000n386lh32dwmkr 0 0.5818038438967136 0.8788145539906103 0.0265625 0.0375
ckz6ruj49000p386lndk3j9jv 0 0.6458408598265896 0.5645171001926782 0.0265625 0.0375
ckz6rup8s000r386lkjotnoh0 0 0.48828125 0.86875 0.0265625 0.0375
ckz6rurv1000t386llsdca8lh 0 0.56015625 0.8013888888888889 0.0265625 0.0375
ckz6rut1n000v386l8rfix41j 0 0.8486314428471248 0.8392619214586255 0.0265625 0.0375
ckz6ruunj000x386l4qiqzsvd 0 0.8392564428471248 0.9642619214586255 0.0265625 0.0375
ckz6ruw8w000z386lc52x10qx 0 0.8550282696353436 0.7485039738195418 0.0265625 0.0375
ckz6ruxwl0011386lwhdpziws 0 0.9018229166666666 0.7090277777777777 0.0265625 0.0375
ckz6ruzco0013386lo3nqjmle 0 0.828125 0.43645833333333334 0.025 0.03958333333333333
ckz6rv4et0015386le3rdpw93 0 0.8684860819327731 0.409375 0.025 0.03958333333333333
ckz6rv5s20017386lyas5kerj 0 0.69609375 0.159375 0.0234375 0.035416666666666666
ckz6rva9o0019386ll7e0plel 0 0.6727714573732719 0.13495583717357912 0.0265625 0.03333333333333335
ckz6rvlfq001d386lt59x4kz2 0 0.7703386086118252 0.06465295629820052 0.0265625 0.03333333333333333
ckz6rvnb8001f386l63s6p1ys 0 0.7122982687793427 0.6382726917057903 0.0265625 0.03333333333333333
ckz6rvpuj001h386lhrb15el1 0 0.5892642312206573 0.48375391236306725 0.0265625 0.03333333333333333
ckz6rvrjs001j386lscfviwaz 0 0.4997982687793427 0.3852992957746479 0.0265625 0.03333333333333333
ckz6rvtvy001l386li54we947 0 0.08828125 0.5041666666666667 0.0296875 0.0375
ckz6rvvx4001n386lwp0hh90g 0 0.01767578125 0.2205078125 0.0265625 0.03333333333333333
ckz6rvxvs001p386l9u5f2w3s 0 0.0921875 0.2643229166666667 0.028125 0.0375
ckz6rw3in001v386l6bltg9jj 0 0.73515625 0.79375 0.0265625 0.03333333333333333
ckz6rw56s001x386l432ih3l6 0 0.9888218470982142 0.7715541294642857 0.022356305803571352 0.033956473214285764
cl4sse7t80004356hlgz3o2fx 0 0.5828125 0.321875 0.025 0.035416666666666666
cl4ssee0s0008356hd15z4qn8 0 0.58828125 0.11875 0.0296875 0.05
cl4ssegqi000c356hwxoota92 0 0.6015625 0.20625 0.025 0.04583333333333333
cl4sseopo000g356h6ldd8ms6 0 0.33359375 0.696875 0.0390625 0.041666666666666664
cl4swkq5u0003356p8vuhc7nn 0 0.64375 0.6135416666666667 0.028125 0.035416666666666666
cl4uq6b5l0003356p4ou3mrfw 0 0.85625 0.22395833333333334 0.0375 0.04375
cl4uqbjp9000b356p2175vvqw 0 0.5127775493421052 0.7188390899122807 0.0421875 0.04375
