ckz3v9nzv00033867jsekqdcl 0 0.27322317477876107 0.42159537856440515 0.0265625 0.0375
ckz6ru2eb0001386lefk6js4m 0 0.23828125 0.5779049295774648 0.0265625 0.0375
ckz6ru3um0003386l39xwv0yk 0 0.24337954812206575 0.855154538341158 0.0265625 0.0375
ckz6ru5610005386l8uoys4lc 0 0.19453125 0.8458333333333333 0.0265625 0.0375
ckz6ru6of0007386lhf2t4dtw 0 0.08359375 0.80625 0.0265625 0.0375
ckz6ru83f0009386lx7517dwf 0 0.02639744718309859 0.730702269170579 0.0265625 0.0375
ckz6ru99l000b386l18xh2byu 0 0.13515625 0.18958333333333333 0.0265625 0.0375
ckz6rub67000d386ld3mx1dyi 0 0.21796875 0.16603260869565217 0.0265625 0.0375
ckz6ruchb000f386lxxpeu5na 0 0.2929956896551724 0.10721982758620689 0.0265625 0.0375
ckz6rudsb000h386lkwwvc8dz 0 0.28411645683453235 0.21805305755395685 0.0265625 0.0375
ckz6ruf3e000j386lbyqpxw51 0 0.3121295481220657 0.3095950704225352 0.0265625 0.0375
ckz6rugcj000l386lzjazem8c 0 0.346875 0.35885416666666664 0.0265625 0.041666666666666664
ckz6rui7o000n386lh32dwmkr 0 0.5731477406103286 0.8892018779342723 0.0265625 0.0375
ckz6ruj49000p386lndk3j9jv 0 0.6426436054913295 0.568069605009634 0.0265625 0.0375
ckz6rup8s000r386lkjotnoh0 0 0.48828125 0.86875 0.0265625 0.0375
ckz6rurv1000t386llsdca8lh 0 0.76328125 0.8020833333333334 0.0234375 0.0375
ckz6rut1n000v386l8rfix41j 0 0.8475970809957925 0.8423650070126227 0.0265625 0.0375
ckz6ruunj000x386l4qiqzsvd 0 0.8382220809957925 0.9673650070126227 0.0265625 0.0375
ckz6ruw8w000z386lc52x10qx 0 0.8542524982468442 0.7495383356708742 0.0265625 0.0375
ckz6ruzco0013386lo3nqjmle 0 0.828125 0.43645833333333334 0.025 0.03958333333333333
ckz6rv4et0015386le3rdpw93 0 0.8680212710084033 0.409375 0.025 0.03958333333333333
ckz6rv5s20017386lyas5kerj 0 0.60546875 0.10260416666666666 0.0234375 0.035416666666666666
ckz6rva9o0019386ll7e0plel 0 0.6702224942396313 0.14515168970814132 0.0265625 0.03333333333333332
ckz6rvlfq001d386lt59x4kz2 0 0.7717605237789203 0.06844473007712083 0.0265625 0.03333333333333333
ckz6rvnb8001f386l63s6p1ys 0 0.7105670481220657 0.6359643974960876 0.0265625 0.03333333333333333
ckz6rvpuj001h386lhrb15el1 0 0.5909954518779343 0.4918329420970266 0.0265625 0.03333333333333333
ckz6rvrjs001j386lscfviwaz 0 0.4980670481220657 0.38876173708920186 0.0265625 0.03333333333333333
ckz6rvtvy001l386li54we947 0 0.009375 0.65 0.015625 0.041666666666666664
ckz6rvvx4001n386lwp0hh90g 0 0.014267113095238093 0.24288194444444444 0.0265625 0.03333333333333333
ckz6rvxvs001p386l9u5f2w3s 0 0.20703125 0.3104166666666667 0.028125 0.0375
ckz6rw3in001v386l6bltg9jj 0 0.78828125 0.6375 0.0265625 0.03333333333333333
ckz6rw56s001x386l432ih3l6 0 0.9925258091517858 0.7764927455357143 0.014948381696428648 0.0350539434523809
cl4sse7t80004356hlgz3o2fx 0 0.6578125 0.5020833333333333 0.025 0.041666666666666664
cl4ssee0s0008356hd15z4qn8 0 0.58828125 0.11875 0.0296875 0.05
cl4ssegqi000c356hwxoota92 0 0.6015625 0.20625 0.025 0.04583333333333333
cl4sseopo000g356h6ldd8ms6 0 0.248828125 0.5510416666666667 0.0359375 0.04583333333333333
cl4swkq5u0003356p8vuhc7nn 0 0.29921875 0.4625 0.0328125 0.0375
cl4uq6b5l0003356p4ou3mrfw 0 0.85625 0.22395833333333334 0.0375 0.04375
cl4uqbjp9000b356p2175vvqw 0 0.5091385690789474 0.724499725877193 0.0421875 0.04375
cl53eq6de000f356i3cjd5jif 1 0.57109375 0.13333333333333333 0.0890625 0.1125
cl53eqa7m000l356ivf26125u 1 0.3203125 0.21041666666666667 0.103125 0.09583333333333334
