ckz3v9nzv00033867jsekqdcl 0 0.2708459526431718 0.42941446402349487 0.0265625 0.0375
ckz6ru2eb0001386lefk6js4m 0 0.23828125 0.5770833333333333 0.0265625 0.0375
ckz6ru3um0003386l39xwv0yk 0 0.24263259462151393 0.85625 0.0265625 0.0375
ckz6ru5610005386l8uoys4lc 0 0.19453125 0.8458333333333333 0.0265625 0.0375
ckz6ru6of0007386lhf2t4dtw 0 0.08359375 0.80625 0.0265625 0.0375
ckz6ru83f0009386lx7517dwf 0 0.02249817607003891 0.7416464007782101 0.0265625 0.0375
ckz6ru99l000b386l18xh2byu 0 0.13515625 0.18958333333333333 0.0265625 0.0375
ckz6rub67000d386ld3mx1dyi 0 0.22199835526315786 0.1792763157894737 0.0265625 0.041666666666666664
ckz6ruchb000f386lxxpeu5na 0 0.27213766163793107 0.12039331896551723 0.0265625 0.037499999999999985
ckz6rudsb000h386lkwwvc8dz 0 0.28320031474820145 0.2192745803357314 0.0265625 0.0375
ckz6ruf3e000j386lbyqpxw51 0 0.2989775587248322 0.3198545861297539 0.0265625 0.0375
ckz6rugcj000l386lzjazem8c 0 0.24270833333333336 0.4597222222222222 0.028125 0.04583333333333333
ckz6rui7o000n386lh32dwmkr 0 0.5577141970198676 0.9234823399558499 0.0265625 0.0375
ckz6ruj49000p386lndk3j9jv 0 0.63828125 0.573030303030303 0.0265625 0.0375
ckz6rup8s000r386lkjotnoh0 0 0.48828125 0.86875 0.0265625 0.0375
ckz6rut1n000v386l8rfix41j 0 0.8461682591164095 0.8466514726507713 0.0265625 0.0375
ckz6ruunj000x386l4qiqzsvd 0 0.8367932591164096 0.9716514726507713 0.0265625 0.0375
ckz6ruw8w000z386lc52x10qx 0 0.8531808818373072 0.7509671575502571 0.0265625 0.0375
ckz6ruzco0013386lo3nqjmle 0 0.828125 0.43645833333333334 0.025 0.03958333333333333
ckz6rv4et0015386le3rdpw93 0 0.8673792016806722 0.409375 0.025 0.03958333333333333
ckz6rva9o0019386ll7e0plel 0 0.6662164726720647 0.16228070175438597 0.0265625 0.03333333333333333
ckz6rvlfq001d386lt59x4kz2 0 0.7737246947300771 0.07368251928020567 0.0265625 0.03333333333333334
ckz6rvnb8001f386l63s6p1ys 0 0.71015625 0.6354166666666666 0.0265625 0.03333333333333333
ckz6rvpuj001h386lhrb15el1 0 0.5850426136363637 0.5044318181818181 0.0265625 0.03333333333333333
ckz6rvrjs001j386lscfviwaz 0 0.49753465466926067 0.4041828793774319 0.0265625 0.03333333333333333
ckz6rvvx4001n386lwp0hh90g 0 0.0121875 0.2725 0.024375 0.03333333333333336
ckz6rvxvs001p386l9u5f2w3s 0 0.35 0.4222222222222222 0.028125 0.0375
ckz6rw3in001v386l6bltg9jj 0 0.77890625 0.42083333333333334 0.0265625 0.03333333333333333
ckz6rw56s001x386l432ih3l6 0 0.9882891414141414 0.8119844276094276 0.01537247474747474 0.035416666666666666
cl4sse7t80004356hlgz3o2fx 0 0.7577008928571429 0.8145833333333333 0.0296875 0.041666666666666664
cl4ssee0s0008356hd15z4qn8 0 0.58828125 0.11875 0.0296875 0.05
cl4ssegqi000c356hwxoota92 0 0.6015625 0.20625 0.025 0.04583333333333333
cl4sseopo000g356h6ldd8ms6 0 0.18203125 0.3222222222222222 0.0359375 0.04583333333333333
cl4uq6b5l0003356p4ou3mrfw 0 0.85625 0.22395833333333334 0.0375 0.04375
cl4uqbjp9000b356p2175vvqw 0 0.5041118421052632 0.7323190789473684 0.0421875 0.04375
cl53eq6de000f356i3cjd5jif 1 0.57109375 0.13333333333333333 0.0890625 0.1125
cl53eqa7m000l356ivf26125u 1 0.3203125 0.21041666666666667 0.103125 0.09583333333333334
