ckz3v9nzv00033867jsekqdcl 0 0.27366565265486725 0.4200221238938053 0.0265625 0.0375
ckz6ru2eb0001386lefk6js4m 0 0.23828125 0.578843896713615 0.0265625 0.0375
ckz6ru3um0003386l39xwv0yk 0 0.24384903169014085 0.8539025821596244 0.0265625 0.0375
ckz6ru5610005386l8uoys4lc 0 0.19453125 0.8458333333333333 0.0265625 0.0375
ckz6ru6of0007386lhf2t4dtw 0 0.08359375 0.80625 0.0265625 0.0375
ckz6ru83f0009386lx7517dwf 0 0.027101672535211268 0.7300762910798123 0.0265625 0.0375
ckz6ru99l000b386l18xh2byu 0 0.13515625 0.18958333333333333 0.0265625 0.0375
ckz6rub67000d386ld3mx1dyi 0 0.21814236111111113 0.16157407407407406 0.0265625 0.0375
ckz6ruchb000f386lxxpeu5na 0 0.296875 0.10486111111111111 0.0265625 0.0375
ckz6rudsb000h386lkwwvc8dz 0 0.2842963129496403 0.2178132494004796 0.0265625 0.0375
ckz6ruf3e000j386lbyqpxw51 0 0.31259903169014086 0.308656103286385 0.0265625 0.0375
ckz6rugcj000l386lzjazem8c 0 0.36067708333333337 0.2972222222222222 0.0265625 0.041666666666666664
ckz6rui7o000n386lh32dwmkr 0 0.5754951584507042 0.8863849765258216 0.0265625 0.0375
ckz6ruj49000p386lndk3j9jv 0 0.6435106575144508 0.5671062138728324 0.0265625 0.0375
ckz6rup8s000r386lkjotnoh0 0 0.48828125 0.86875 0.0265625 0.0375
ckz6rurv1000t386llsdca8lh 0 0.71171875 0.79375 0.0234375 0.0375
ckz6rut1n000v386l8rfix41j 0 0.8478775859046284 0.841523492286115 0.0265625 0.0375
ckz6ruunj000x386l4qiqzsvd 0 0.8385025859046283 0.966523492286115 0.0265625 0.0375
ckz6ruw8w000z386lc52x10qx 0 0.8544628769284712 0.7492578307620383 0.0265625 0.0375
ckz6ruxwl0011386lwhdpziws 0 0.97265625 0.8510416666666667 0.0265625 0.04375
ckz6ruzco0013386lo3nqjmle 0 0.828125 0.43645833333333334 0.025 0.03958333333333333
ckz6rv4et0015386le3rdpw93 0 0.8681473214285715 0.409375 0.025 0.03958333333333333
ckz6rv5s20017386lyas5kerj 0 0.62578125 0.13229166666666667 0.0234375 0.035416666666666666
ckz6rva9o0019386ll7e0plel 0 0.6709137384792626 0.14238671274961598 0.0265625 0.03333333333333335
ckz6rvlfq001d386lt59x4kz2 0 0.7713749196658097 0.06741645244215938 0.0265625 0.033333333333333326
ckz6rvnb8001f386l63s6p1ys 0 0.7110365316901408 0.6365903755868544 0.0265625 0.03333333333333333
ckz6rvpuj001h386lhrb15el1 0 0.5905259683098592 0.4896420187793427 0.0265625 0.03333333333333333
ckz6rvrjs001j386lscfviwaz 0 0.4985365316901408 0.38782276995305165 0.0265625 0.03333333333333333
ckz6rvtvy001l386li54we947 0 0.0078125 0.578125 0.0140625 0.03958333333333333
ckz6rvvx4001n386lwp0hh90g 0 0.01487630208333333 0.2373046875 0.0265625 0.03333333333333333
ckz6rvxvs001p386l9u5f2w3s 0 0.18229166666666669 0.2652777777777778 0.028125 0.037500000000000026
ckz6rw3in001v386l6bltg9jj 0 0.78515625 0.6895833333333333 0.0265625 0.03333333333333333
ckz6rw56s001x386l432ih3l6 0 0.9915213448660716 0.7751534598214285 0.016957310267857118 0.034756324404761924
cl4sse7t80004356hlgz3o2fx 0 0.65 0.45729166666666665 0.025 0.03333333333333333
cl4ssee0s0008356hd15z4qn8 0 0.58828125 0.11875 0.0296875 0.05
cl4ssegqi000c356hwxoota92 0 0.6015625 0.20625 0.025 0.04583333333333333
cl4sseopo000g356h6ldd8ms6 0 0.27578125 0.5708333333333333 0.0359375 0.04583333333333333
cl4swkq5u0003356p8vuhc7nn 0 0.387890625 0.5317708333333333 0.0328125 0.0375
cl4uq6b5l0003356p4ou3mrfw 0 0.85625 0.22395833333333334 0.0375 0.04375
cl4uqbjp9000b356p2175vvqw 0 0.5101254111842105 0.7229646381578948 0.0421875 0.04375
cl53eq6de000f356i3cjd5jif 1 0.57109375 0.13333333333333333 0.0890625 0.1125
cl53eqa7m000l356ivf26125u 1 0.3203125 0.21041666666666667 0.103125 0.09583333333333334
