ckz3v9nzv00033867jsekqdcl 0 0.26561467511013215 0.43464574155653446 0.0265625 0.0375
ckz6ru2eb0001386lefk6js4m 0 0.23828125 0.5770833333333333 0.0265625 0.0375
ckz6ru3um0003386l39xwv0yk 0 0.24215948705179283 0.85625 0.0265625 0.0375
ckz6ru5610005386l8uoys4lc 0 0.19453125 0.8458333333333333 0.0265625 0.0375
ckz6ru6of0007386lhf2t4dtw 0 0.08359375 0.80625 0.0265625 0.0375
ckz6ru83f0009386lx7517dwf 0 0.017877553501945524 0.7562783722438392 0.0265625 0.0375
ckz6ru99l000b386l18xh2byu 0 0.13515625 0.18958333333333333 0.0265625 0.0375
ckz6rub67000d386ld3mx1dyi 0 0.24710937500000002 0.19208333333333333 0.0265625 0.041666666666666664
ckz6ruchb000f386lxxpeu5na 0 0.2551025390625 0.13798828125 0.0265625 0.0375
ckz6rudsb000h386lkwwvc8dz 0 0.2821324190647482 0.2206984412470024 0.0265625 0.0375
ckz6ruf3e000j386lbyqpxw51 0 0.2834132221115538 0.339824037184595 0.0265625 0.0375
ckz6rugcj000l386lzjazem8c 0 0.135625 0.5283333333333334 0.028125 0.05000000000000006
ckz6rui7o000n386lh32dwmkr 0 0.5396484375 0.9612557870370371 0.0265625 0.0375
ckz6ruj49000p386lndk3j9jv 0 0.6344809322033897 0.5878531073446328 0.0265625 0.0375
ckz6rup8s000r386lkjotnoh0 0 0.48828125 0.86875 0.0265625 0.0375
ckz6rut1n000v386l8rfix41j 0 0.8445027612201963 0.8516479663394109 0.0265625 0.0375
ckz6ruunj000x386l4qiqzsvd 0 0.8351277612201964 0.9766479663394109 0.0265625 0.0375
ckz6ruw8w000z386lc52x10qx 0 0.8519317584151473 0.7526326554464703 0.0265625 0.0375
ckz6ruzco0013386lo3nqjmle 0 0.828125 0.43645833333333334 0.025 0.03958333333333333
ckz6rv4et0015386le3rdpw93 0 0.8666307773109244 0.409375 0.025 0.03958333333333333
ckz6rva9o0019386ll7e0plel 0 0.6622801677489177 0.17967171717171718 0.0265625 0.03333333333333333
ckz6rvlfq001d386lt59x4kz2 0 0.7704787901606426 0.08247991967871486 0.0265625 0.03333333333333333
ckz6rvnb8001f386l63s6p1ys 0 0.71015625 0.6354166666666666 0.0265625 0.03333333333333333
ckz6rvpuj001h386lhrb15el1 0 0.5720598759541985 0.528530534351145 0.027540553435114568 0.033333333333333395
ckz6rvrjs001j386lscfviwaz 0 0.4859830982490273 0.4057230869001297 0.0265625 0.03333333333333333
ckz6rvvx4001n386lwp0hh90g 0 0.00546875 0.30520833333333336 0.0109375 0.035416666666666666
ckz6rvxvs001p386l9u5f2w3s 0 0.50859375 0.46770833333333334 0.028125 0.0375
ckz6rw3in001v386l6bltg9jj 0 0.7377604166666667 0.125 0.0265625 0.03333333333333333
ckz6rw56s001x386l432ih3l6 0 0.9765154367469879 0.8504392570281124 0.0234375 0.035416666666666666
cl4ssee0s0008356hd15z4qn8 0 0.58828125 0.11875 0.0296875 0.05
cl4ssegqi000c356hwxoota92 0 0.6015625 0.20625 0.025 0.04583333333333333
cl4sseopo000g356h6ldd8ms6 0 0.01953125 0.058333333333333334 0.0296875 0.03958333333333333
cl4uq6b5l0003356p4ou3mrfw 0 0.85625 0.22395833333333334 0.0375 0.04375
cl4uq7un10007356p14ye3ifb 0 0.9916015625 0.296875 0.016015625 0.0375
cl4uqbjp9000b356p2175vvqw 0 0.49825246710526316 0.7414336622807017 0.0421875 0.04375
cl4ur3vs8000v356pe031p1yo 0 0.5024107142857143 0.022628968253968252 0.025 0.02708333333333333
cl4urtjol000z356puo72ztp3 0 0.22916666666666666 0.2701388888888889 0.028125 0.03749999999999997
cl4uru0kq0013356pt4h9yjm1 0 0.5174005681818181 0.012168560606060605 0.0296875 0.01875
cl4urwkrx0017356pikpviaa9 0 0.36984374999999997 0.0184375 0.0234375 0.02520833333333333
cl53eq6de000f356i3cjd5jif 1 0.57109375 0.13333333333333333 0.0890625 0.1125
cl53eqa7m000l356ivf26125u 1 0.3203125 0.21041666666666667 0.103125 0.09583333333333334
