ckz3v9nzv00033867jsekqdcl 0 0.27343058628318584 0.42085791543756146 0.0265625 0.0375
ckz6ru2eb0001386lefk6js4m 0 0.23828125 0.5783450704225352 0.0265625 0.0375
ckz6ru3um0003386l39xwv0yk 0 0.24359961854460094 0.8545676838810642 0.0265625 0.0375
ckz6ru5610005386l8uoys4lc 0 0.19453125 0.8458333333333333 0.0265625 0.0375
ckz6ru6of0007386lhf2t4dtw 0 0.08359375 0.80625 0.0265625 0.0375
ckz6ru83f0009386lx7517dwf 0 0.026727552816901413 0.7304088419405321 0.0265625 0.0375
ckz6ru99l000b386l18xh2byu 0 0.13515625 0.18958333333333333 0.0265625 0.0375
ckz6rub67000d386ld3mx1dyi 0 0.21796875 0.1639945652173913 0.0265625 0.0375
ckz6ruchb000f386lxxpeu5na 0 0.2948828125 0.10604166666666666 0.0265625 0.0375
ckz6rudsb000h386lkwwvc8dz 0 0.28420076438848924 0.2179406474820144 0.0265625 0.0375
ckz6ruf3e000j386lbyqpxw51 0 0.31234961854460097 0.3091549295774648 0.0265625 0.0375
ckz6rugcj000l386lzjazem8c 0 0.35546875 0.3229166666666667 0.0265625 0.041666666666666664
ckz6rui7o000n386lh32dwmkr 0 0.5742480927230047 0.887881455399061 0.0265625 0.0375
ckz6ruj49000p386lndk3j9jv 0 0.6430500361271676 0.5676180154142582 0.0265625 0.0375
ckz6rup8s000r386lkjotnoh0 0 0.48828125 0.86875 0.0265625 0.0375
ckz6rurv1000t386llsdca8lh 0 0.7497395833333333 0.7979166666666667 0.0234375 0.0375
ckz6rut1n000v386l8rfix41j 0 0.8477285676718094 0.8419705469845723 0.0265625 0.0375
ckz6ruunj000x386l4qiqzsvd 0 0.8383535676718094 0.9669705469845723 0.0265625 0.0375
ckz6ruw8w000z386lc52x10qx 0 0.8543511132538569 0.7494068489948574 0.0265625 0.0375
ckz6ruzco0013386lo3nqjmle 0 0.828125 0.43645833333333334 0.025 0.03958333333333333
ckz6rv4et0015386le3rdpw93 0 0.8680803571428571 0.409375 0.025 0.03958333333333333
ckz6rv5s20017386lyas5kerj 0 0.63203125 0.10052083333333334 0.0234375 0.035416666666666666
ckz6rva9o0019386ll7e0plel 0 0.6705465149769585 0.14385560675883255 0.0265625 0.03333333333333333
ckz6rvlfq001d386lt59x4kz2 0 0.7715797718508998 0.06796272493573265 0.0265625 0.03333333333333333
ckz6rvnb8001f386l63s6p1ys 0 0.7107871185446009 0.6362578247261346 0.0265625 0.03333333333333333
ckz6rvpuj001h386lhrb15el1 0 0.5907753814553991 0.4908059467918623 0.0265625 0.03333333333333333
ckz6rvrjs001j386lscfviwaz 0 0.4982871185446009 0.3883215962441315 0.0265625 0.03333333333333333
ckz6rvtvy001l386li54we947 0 0.0125 0.6083333333333333 0.021875 0.0375
ckz6rvvx4001n386lwp0hh90g 0 0.014546130952380953 0.24027777777777776 0.0265625 0.03333333333333333
ckz6rvxvs001p386l9u5f2w3s 0 0.196875 0.2825 0.028125 0.0375
ckz6rw3in001v386l6bltg9jj 0 0.78046875 0.6541666666666667 0.0265625 0.03333333333333333
ckz6rw56s001x386l432ih3l6 0 0.9920549665178571 0.7758649553571428 0.015890066964285764 0.03491443452380949
cl4sse7t80004356hlgz3o2fx 0 0.6484375 0.50625 0.025 0.03333333333333333
cl4ssee0s0008356hd15z4qn8 0 0.58828125 0.11875 0.0296875 0.05
cl4ssegqi000c356hwxoota92 0 0.6015625 0.20625 0.025 0.04583333333333333
cl4sseopo000g356h6ldd8ms6 0 0.24765625 0.5717592592592593 0.0359375 0.04583333333333333
cl4swkq5u0003356p8vuhc7nn 0 0.34296875 0.5104166666666666 0.0328125 0.0375
cl4uq6b5l0003356p4ou3mrfw 0 0.85625 0.22395833333333334 0.0375 0.04375
cl4uqbjp9000b356p2175vvqw 0 0.5096011513157894 0.7237801535087719 0.0421875 0.04375
cl53eq6de000f356i3cjd5jif 1 0.57109375 0.13333333333333333 0.0890625 0.1125
cl53eqa7m000l356ivf26125u 1 0.3203125 0.21041666666666667 0.103125 0.09583333333333334
