ckz3v9nzv00033867jsekqdcl 0 0.2706532213656388 0.42960719530102787 0.0265625 0.0375
ckz6ru2eb0001386lefk6js4m 0 0.23828125 0.5770833333333333 0.0265625 0.0375
ckz6ru3um0003386l39xwv0yk 0 0.24261516434262947 0.85625 0.0265625 0.0375
ckz6ru5610005386l8uoys4lc 0 0.19453125 0.8458333333333333 0.0265625 0.0375
ckz6ru6of0007386lhf2t4dtw 0 0.08359375 0.80625 0.0265625 0.0375
ckz6ru83f0009386lx7517dwf 0 0.02232794260700389 0.7421854734111544 0.0265625 0.0375
ckz6ru99l000b386l18xh2byu 0 0.13515625 0.18958333333333333 0.0265625 0.0375
ckz6rub67000d386ld3mx1dyi 0 0.2208470394736842 0.18311403508771928 0.0265625 0.041666666666666664
ckz6ruchb000f386lxxpeu5na 0 0.2712419181034483 0.12095905172413793 0.0265625 0.0375
ckz6rudsb000h386lkwwvc8dz 0 0.2831609712230216 0.21932703836930456 0.0265625 0.0375
ckz6ruf3e000j386lbyqpxw51 0 0.2983169043624161 0.3203439597315436 0.0265625 0.0375
ckz6rugcj000l386lzjazem8c 0 0.2296875 0.46145833333333336 0.028125 0.04583333333333333
ckz6rui7o000n386lh32dwmkr 0 0.5570622930463577 0.9249310154525385 0.0265625 0.0375
ckz6ruj49000p386lndk3j9jv 0 0.63828125 0.5734280303030304 0.0265625 0.0375
ckz6rup8s000r386lkjotnoh0 0 0.48828125 0.86875 0.0265625 0.0375
ckz6rut1n000v386l8rfix41j 0 0.8461068986676017 0.846835553997195 0.0265625 0.0375
ckz6ruunj000x386l4qiqzsvd 0 0.8367318986676017 0.971835553997195 0.0265625 0.0375
ckz6ruw8w000z386lc52x10qx 0 0.8531348615007012 0.751028517999065 0.0265625 0.0375
ckz6ruzco0013386lo3nqjmle 0 0.828125 0.43645833333333334 0.025 0.03958333333333333
ckz6rv4et0015386le3rdpw93 0 0.8673516281512604 0.409375 0.025 0.03958333333333333
ckz6rva9o0019386ll7e0plel 0 0.6660393471659919 0.1630482456140351 0.0265625 0.03333333333333333
ckz6rvlfq001d386lt59x4kz2 0 0.7738090456298201 0.07390745501285348 0.0265625 0.03333333333333333
ckz6rvnb8001f386l63s6p1ys 0 0.71015625 0.6354166666666666 0.0265625 0.03333333333333333
ckz6rvpuj001h386lhrb15el1 0 0.5846448863636364 0.5053598484848485 0.0265625 0.03333333333333333
ckz6rvrjs001j386lscfviwaz 0 0.4971090710116732 0.40423962386511025 0.0265625 0.03333333333333333
ckz6rvvx4001n386lwp0hh90g 0 0.01178453947368421 0.2738815789473684 0.02356907894736842 0.03333333333333333
ckz6rvxvs001p386l9u5f2w3s 0 0.37109375 0.434375 0.028125 0.0375
ckz6rw3in001v386l6bltg9jj 0 0.76796875 0.4 0.0265625 0.03333333333333333
ckz6rw56s001x386l432ih3l6 0 0.9877643623737373 0.8134574915824916 0.015759154040404157 0.035416666666666666
cl4sse7t80004356hlgz3o2fx 0 0.75078125 0.81875 0.0296875 0.041666666666666664
cl4ssee0s0008356hd15z4qn8 0 0.58828125 0.11875 0.0296875 0.05
cl4ssegqi000c356hwxoota92 0 0.6015625 0.20625 0.025 0.04583333333333333
cl4sseopo000g356h6ldd8ms6 0 0.16223958333333333 0.30625 0.0359375 0.04583333333333333
cl4uq6b5l0003356p4ou3mrfw 0 0.85625 0.22395833333333334 0.0375 0.04375
cl4uqbjp9000b356p2175vvqw 0 0.5038959703947368 0.732654879385965 0.0421875 0.04375
cl4ur3tl4000r356p5yynq6lr 0 0.32734375 0.02583333333333333 0.0234375 0.029166666666666667
cl4ur3vs8000v356pe031p1yo 0 0.49696428571428575 0.01778769841269841 0.025 0.027083333333333334
cl4urtjol000z356puo72ztp3 0 0.46875 0.0125 0.0296875 0.025
cl53eq6de000f356i3cjd5jif 1 0.57109375 0.13333333333333333 0.0890625 0.1125
cl53eqa7m000l356ivf26125u 1 0.3203125 0.21041666666666667 0.103125 0.09583333333333334
