ckz3v9nzv00033867jsekqdcl 0 0.2711490597345133 0.42897000983284167 0.0265625 0.0375
ckz6ru2eb0001386lefk6js4m 0 0.23828125 0.5770833333333333 0.0265625 0.0375
ckz6ru3um0003386l39xwv0yk 0 0.24266496513944222 0.85625 0.0265625 0.0375
ckz6ru5610005386l8uoys4lc 0 0.19453125 0.8458333333333333 0.0265625 0.0375
ckz6ru6of0007386lhf2t4dtw 0 0.08359375 0.80625 0.0265625 0.0375
ckz6ru83f0009386lx7517dwf 0 0.022814323929961088 0.7406452658884566 0.0265625 0.0375
ckz6ru99l000b386l18xh2byu 0 0.13515625 0.18958333333333333 0.0265625 0.0375
ckz6rub67000d386ld3mx1dyi 0 0.21997767857142855 0.18244047619047618 0.0265625 0.041666666666666664
ckz6ruchb000f386lxxpeu5na 0 0.27380118534482756 0.1193426724137931 0.0265625 0.037499999999999985
ckz6rudsb000h386lkwwvc8dz 0 0.28327338129496404 0.2191771582733813 0.0265625 0.0375
ckz6ruf3e000j386lbyqpxw51 0 0.30020448825503354 0.3189457494407159 0.0265625 0.0375
ckz6rugcj000l386lzjazem8c 0 0.2700520833333333 0.4607638888888889 0.027604166666666652 0.042361111111111134
ckz6rui7o000n386lh32dwmkr 0 0.5589248758278146 0.9207919426048564 0.0265625 0.0375
ckz6ruj49000p386lndk3j9jv 0 0.638579299132948 0.5725855009633912 0.0265625 0.0375
ckz6rup8s000r386lkjotnoh0 0 0.48828125 0.86875 0.0265625 0.0375
ckz6rut1n000v386l8rfix41j 0 0.8462822142356241 0.8463096072931277 0.0265625 0.0375
ckz6ruunj000x386l4qiqzsvd 0 0.8369072142356242 0.9713096072931277 0.0265625 0.0375
ckz6ruw8w000z386lc52x10qx 0 0.853266348176718 0.7508532024310425 0.0265625 0.0375
ckz6ruzco0013386lo3nqjmle 0 0.828125 0.43645833333333334 0.025 0.03958333333333333
ckz6rv4et0015386le3rdpw93 0 0.8674304096638655 0.409375 0.025 0.03958333333333333
ckz6rva9o0019386ll7e0plel 0 0.6665454200404859 0.16085526315789475 0.0265625 0.03333333333333333
ckz6rvlfq001d386lt59x4kz2 0 0.773568043059126 0.07326478149100257 0.0265625 0.03333333333333333
ckz6rvnb8001f386l63s6p1ys 0 0.71015625 0.6354166666666666 0.0265625 0.03333333333333333
ckz6rvpuj001h386lhrb15el1 0 0.5856731672932332 0.5033051378446115 0.0265625 0.03333333333333333
ckz6rvrjs001j386lscfviwaz 0 0.49765625 0.4029605263157895 0.0265625 0.03333333333333333
ckz6rvvx4001n386lwp0hh90g 0 0.012935855263157894 0.2699342105263158 0.02587171052631579 0.03333333333333333
ckz6rvxvs001p386l9u5f2w3s 0 0.3375 0.43645833333333334 0.028125 0.0375
ckz6rw3in001v386l6bltg9jj 0 0.75625 0.44375 0.0265625 0.03333333333333333
ckz6rw56s001x386l432ih3l6 0 0.9892637310606063 0.8092487373737374 0.014654356060606055 0.035416666666666666
cl4sse7t80004356hlgz3o2fx 0 0.73984375 0.7805555555555556 0.0296875 0.041666666666666664
cl4ssee0s0008356hd15z4qn8 0 0.58828125 0.11875 0.0296875 0.05
cl4ssegqi000c356hwxoota92 0 0.6015625 0.20625 0.025 0.04583333333333333
cl4sseopo000g356h6ldd8ms6 0 0.1609375 0.328125 0.0359375 0.04583333333333333
cl4uq6b5l0003356p4ou3mrfw 0 0.85625 0.22395833333333334 0.0375 0.04375
cl4uqbjp9000b356p2175vvqw 0 0.5045127467105263 0.7316954495614035 0.0421875 0.04375
cl53eq6de000f356i3cjd5jif 1 0.57109375 0.13333333333333333 0.0890625 0.1125
cl53eqa7m000l356ivf26125u 1 0.3203125 0.21041666666666667 0.103125 0.09583333333333334
