ckz3v9nzv00033867jsekqdcl 0 0.2751866703539823 0.41461406096361847 0.0265625 0.0375
ckz6ru2eb0001386lefk6js4m 0 0.23828125 0.5820715962441315 0.0265625 0.0375
ckz6ru3um0003386l39xwv0yk 0 0.24546288145539905 0.8495989827856025 0.0265625 0.0375
ckz6ru5610005386l8uoys4lc 0 0.19453125 0.8458333333333333 0.0265625 0.0375
ckz6ru6of0007386lhf2t4dtw 0 0.08359375 0.80625 0.0265625 0.0375
ckz6ru83f0009386lx7517dwf 0 0.02952244718309859 0.7279244913928012 0.0265625 0.0375
ckz6ru99l000b386l18xh2byu 0 0.13515625 0.18958333333333333 0.0265625 0.0375
ckz6rub67000d386ld3mx1dyi 0 0.19396306818181816 0.12585227272727273 0.02656249999999998 0.0375
ckz6ruchb000f386lxxpeu5na 0 0.3097729952830189 0.09713050314465409 0.0265625 0.0375
ckz6rudsb000h386lkwwvc8dz 0 0.28491456834532375 0.21698890887290168 0.0265625 0.0375
ckz6ruf3e000j386lbyqpxw51 0 0.31421288145539905 0.30542840375586855 0.0265625 0.0375
ckz6rugcj000l386lzjazem8c 0 0.41953125 0.13958333333333334 0.0265625 0.041666666666666664
ckz6rui7o000n386lh32dwmkr 0 0.5835644072769953 0.8767018779342722 0.0265625 0.0375
ckz6ruj49000p386lndk3j9jv 0 0.6464911488439307 0.5637945568400771 0.0265625 0.0375
ckz6rup8s000r386lkjotnoh0 0 0.48828125 0.86875 0.0265625 0.0375
ckz6rurv1000t386llsdca8lh 0 0.49296875 0.7729166666666667 0.0265625 0.0375
ckz6rut1n000v386l8rfix41j 0 0.8488418215287516 0.8386307854137448 0.0265625 0.0375
ckz6ruunj000x386l4qiqzsvd 0 0.8394668215287517 0.9636307854137448 0.0265625 0.0375
ckz6ruw8w000z386lc52x10qx 0 0.8551860536465637 0.7482935951379149 0.0265625 0.0375
ckz6ruxwl0011386lwhdpziws 0 0.8893229166666666 0.6916666666666667 0.0265625 0.0375
ckz6ruzco0013386lo3nqjmle 0 0.828125 0.43645833333333334 0.025 0.03958333333333333
ckz6rv4et0015386le3rdpw93 0 0.8685806197478991 0.409375 0.025 0.03958333333333333
ckz6rv5s20017386lyas5kerj 0 0.68984375 0.17916666666666667 0.0234375 0.03333333333333333
ckz6rva9o0019386ll7e0plel 0 0.6732898905529954 0.13288210445468512 0.0265625 0.03333333333333335
ckz6rvlfq001d386lt59x4kz2 0 0.7700494055269923 0.06388174807197942 0.0265625 0.03333333333333333
ckz6rvnb8001f386l63s6p1ys 0 0.712650381455399 0.6387421752738655 0.0265625 0.03333333333333333
ckz6rvpuj001h386lhrb15el1 0 0.5889121185446009 0.4821107198748044 0.0265625 0.03333333333333333
ckz6rvrjs001j386lscfviwaz 0 0.5001503814553991 0.3845950704225352 0.0265625 0.03333333333333333
ckz6rvtvy001l386li54we947 0 0.15078125 0.55625 0.0265625 0.03333333333333333
ckz6rvvx4001n386lwp0hh90g 0 0.017160560344827585 0.21767241379310345 0.0265625 0.03333333333333333
ckz6rvxvs001p386l9u5f2w3s 0 0.07526041666666666 0.2236111111111111 0.0265625 0.03333333333333333
ckz6rw3in001v386l6bltg9jj 0 0.73828125 0.825 0.0265625 0.03333333333333333
ckz6rw56s001x386l432ih3l6 0 0.9880684988839284 0.7705496651785715 0.023863002232142883 0.03373325892857141
cl4sse7t80004356hlgz3o2fx 0 0.5640625 0.28854166666666664 0.025 0.035416666666666666
cl4ssee0s0008356hd15z4qn8 0 0.58828125 0.11875 0.0296875 0.05
cl4ssegqi000c356hwxoota92 0 0.6015625 0.20625 0.025 0.04583333333333333
cl4sseopo000g356h6ldd8ms6 0 0.33515625 0.7458333333333333 0.0390625 0.041666666666666664
cl4swkq5u0003356p8vuhc7nn 0 0.7484375 0.6135416666666667 0.028125 0.035416666666666666
cl4uq6b5l0003356p4ou3mrfw 0 0.85625 0.22395833333333334 0.0375 0.04375
cl4uqbjp9000b356p2175vvqw 0 0.5135176809210527 0.7176877741228069 0.0421875 0.04375
