ckz3v9nzv00033867jsekqdcl 0 0.27538025442477876 0.41392576204523107 0.0265625 0.0375
ckz6ru2eb0001386lefk6js4m 0 0.23828125 0.5824823943661972 0.0265625 0.0375
ckz6ru3um0003386l39xwv0yk 0 0.24566828051643191 0.8490512519561816 0.0265625 0.0375
ckz6ru5610005386l8uoys4lc 0 0.19453125 0.8458333333333333 0.0265625 0.0375
ckz6ru6of0007386lhf2t4dtw 0 0.08359375 0.80625 0.0265625 0.0375
ckz6ru83f0009386lx7517dwf 0 0.029830545774647887 0.7276506259780908 0.0265625 0.0375
ckz6ru99l000b386l18xh2byu 0 0.13515625 0.18958333333333333 0.0265625 0.0375
ckz6rub67000d386ld3mx1dyi 0 0.19363839285714285 0.11755952380952381 0.02656249999999998 0.0375
ckz6ruchb000f386lxxpeu5na 0 0.3114239386792453 0.09602987421383648 0.0265625 0.0375
ckz6rudsb000h386lkwwvc8dz 0 0.28499325539568343 0.2168839928057554 0.0265625 0.0375
ckz6ruf3e000j386lbyqpxw51 0 0.3144182805164319 0.3050176056338028 0.0265625 0.0375
ckz6rugcj000l386lzjazem8c 0 0.433203125 0.12447916666666667 0.0265625 0.041666666666666664
ckz6rui7o000n386lh32dwmkr 0 0.5845914025821596 0.8754694835680751 0.0265625 0.0375
ckz6ruj49000p386lndk3j9jv 0 0.6468704841040462 0.5633730732177263 0.0265625 0.0375
ckz6rup8s000r386lkjotnoh0 0 0.48828125 0.86875 0.0265625 0.0375
ckz6rurv1000t386llsdca8lh 0 0.48671875 0.7791666666666667 0.0265625 0.0375
ckz6rut1n000v386l8rfix41j 0 0.8489645424263674 0.8382626227208976 0.0265625 0.0375
ckz6ruunj000x386l4qiqzsvd 0 0.8395895424263674 0.9632626227208976 0.0265625 0.0375
ckz6ruw8w000z386lc52x10qx 0 0.8552780943197756 0.7481708742402993 0.0265625 0.0375
ckz6ruxwl0011386lwhdpziws 0 0.8997395833333334 0.6368055555555556 0.0265625 0.0375
ckz6ruzco0013386lo3nqjmle 0 0.828125 0.43645833333333334 0.025 0.03958333333333333
ckz6rv4et0015386le3rdpw93 0 0.8686357668067227 0.409375 0.025 0.03958333333333333
ckz6rv5s20017386lyas5kerj 0 0.66484375 0.18333333333333332 0.0234375 0.03333333333333333
ckz6rva9o0019386ll7e0plel 0 0.673592309907834 0.13167242703533025 0.0265625 0.03333333333333332
ckz6rvjnr001b386l6bprt2rz 0 0.75390625 0.058333333333333334 0.0265625 0.03333333333333333
ckz6rvlfq001d386lt59x4kz2 0 0.7698807037275064 0.0634318766066838 0.0265625 0.03333333333333333
ckz6rvnb8001f386l63s6p1ys 0 0.712855780516432 0.6390160406885759 0.0265625 0.03333333333333333
ckz6rvpuj001h386lhrb15el1 0 0.5887067194835681 0.4811521909233177 0.0265625 0.03333333333333333
ckz6rvrjs001j386lscfviwaz 0 0.5003557805164319 0.3841842723004695 0.0265625 0.03333333333333333
ckz6rvtvy001l386li54we947 0 0.18203125 0.5770833333333333 0.0265625 0.03333333333333333
ckz6rvvx4001n386lwp0hh90g 0 0.01640625 0.21666666666666667 0.0265625 0.03333333333333333
ckz6rvxvs001p386l9u5f2w3s 0 0.071875 0.20677083333333332 0.0265625 0.03333333333333333
ckz6rw1y9001t386ll8rr5ixq 0 0.65546875 0.9822916666666667 0.0265625 0.03333333333333333
ckz6rw3in001v386l6bltg9jj 0 0.75078125 0.8479166666666667 0.0265625 0.03333333333333333
ckz6rw56s001x386l432ih3l6 0 0.9876290457589285 0.7699637276785716 0.02474190848214288 0.033603050595238076
cl4sse7t80004356hlgz3o2fx 0 0.57578125 0.2552083333333333 0.025 0.035416666666666666
cl4ssee0s0008356hd15z4qn8 0 0.58828125 0.11875 0.0296875 0.05
cl4ssegqi000c356hwxoota92 0 0.6015625 0.20625 0.025 0.04583333333333333
cl4sseopo000g356h6ldd8ms6 0 0.38359375 0.7375 0.0390625 0.041666666666666664
cl4swkq5u0003356p8vuhc7nn 0 0.764375 0.6077083333333333 0.028125 0.035416666666666666
cl4uq6b5l0003356p4ou3mrfw 0 0.85625 0.22395833333333334 0.0375 0.04375
cl4uqbjp9000b356p2175vvqw 0 0.5139494243421052 0.7170161732456141 0.0421875 0.04375
