ckz3v9nzv00033867jsekqdcl 0 0.26484375 0.4354166666666667 0.0265625 0.0375
ckz6ru2eb0001386lefk6js4m 0 0.23828125 0.5770833333333333 0.0265625 0.0375
ckz6ru3um0003386l39xwv0yk 0 0.24206735557768924 0.85625 0.0265625 0.0375
ckz6ru5610005386l8uoys4lc 0 0.19453125 0.8458333333333333 0.0265625 0.0375
ckz6ru6of0007386lhf2t4dtw 0 0.08359375 0.80625 0.0265625 0.0375
ckz6ru83f0009386lx7517dwf 0 0.016977748054474707 0.7591277561608301 0.0265625 0.0375
ckz6ru99l000b386l18xh2byu 0 0.13515625 0.18958333333333333 0.0265625 0.0375
ckz6rub67000d386ld3mx1dyi 0 0.252734375 0.2109375 0.0265625 0.041666666666666664
ckz6ruchb000f386lxxpeu5na 0 0.252392578125 0.1416015625 0.0265625 0.0375
ckz6rudsb000h386lkwwvc8dz 0 0.2819244604316547 0.22097571942446045 0.0265625 0.0375
ckz6ruf3e000j386lbyqpxw51 0 0.2804189492031873 0.343816401062417 0.0265625 0.0375
ckz6rugcj000l386lzjazem8c 0 0.1190625 0.52 0.028125 0.05000000000000006
ckz6rui7o000n386lh32dwmkr 0 0.53603515625 0.9682146990740741 0.0265625 0.0375
ckz6ruj49000p386lndk3j9jv 0 0.6327661546610169 0.5917725988700565 0.0265625 0.0375
ckz6rup8s000r386lkjotnoh0 0 0.48828125 0.86875 0.0265625 0.0375
ckz6rut1n000v386l8rfix41j 0 0.8441784274193548 0.8526209677419355 0.0265625 0.0375
ckz6ruunj000x386l4qiqzsvd 0 0.8348034274193548 0.9776209677419355 0.0265625 0.0375
ckz6ruw8w000z386lc52x10qx 0 0.8516885080645162 0.7529569892473119 0.0265625 0.0375
ckz6ruzco0013386lo3nqjmle 0 0.828125 0.43645833333333334 0.025 0.03958333333333333
ckz6rv4et0015386le3rdpw93 0 0.8664850315126051 0.409375 0.025 0.03958333333333333
ckz6rva9o0019386ll7e0plel 0 0.6617796266233766 0.18200757575757576 0.0265625 0.03333333333333333
ckz6rvlfq001d386lt59x4kz2 0 0.7695500753012048 0.08433734939759036 0.0265625 0.03333333333333333
ckz6rvnb8001f386l63s6p1ys 0 0.71015625 0.6354166666666666 0.0265625 0.03333333333333333
ckz6rvpuj001h386lhrb15el1 0 0.5689706583969466 0.5329437022900764 0.027981870229007645 0.033333333333333395
ckz6rvrjs001j386lscfviwaz 0 0.4837335846303502 0.4060230220492866 0.0265625 0.03333333333333333
ckz6rvxvs001p386l9u5f2w3s 0 0.5640625 0.50625 0.028125 0.0375
ckz6rw3in001v386l6bltg9jj 0 0.70703125 0.09722222222222222 0.0265625 0.03333333333333333
ckz6rw56s001x386l432ih3l6 0 0.9758189006024096 0.8569402610441766 0.0234375 0.035416666666666666
cl4ssee0s0008356hd15z4qn8 0 0.58828125 0.11875 0.0296875 0.05
cl4ssegqi000c356hwxoota92 0 0.6015625 0.20625 0.025 0.04583333333333333
cl4uq6b5l0003356p4ou3mrfw 0 0.85625 0.22395833333333334 0.0375 0.04375
cl4uq7un10007356p14ye3ifb 0 0.9546875 0.28125 0.0390625 0.041666666666666664
cl4uqbjp9000b356p2175vvqw 0 0.49711143092105264 0.7432086074561403 0.0421875 0.04375
cl4ur3vs8000v356pe031p1yo 0 0.5035119047619048 0.023607804232804234 0.025 0.027083333333333334
cl4urtjol000z356puo72ztp3 0 0.1609375 0.27361111111111114 0.028125 0.037500000000000026
cl4uru0kq0013356pt4h9yjm1 0 0.5156486742424242 0.012752525252525253 0.0296875 0.01875
cl4urwkrx0017356pikpviaa9 0 0.36819196428571427 0.02146577380952381 0.0234375 0.026860119047619046
cl53eq6de000f356i3cjd5jif 1 0.57109375 0.13333333333333333 0.0890625 0.1125
cl53eqa7m000l356ivf26125u 1 0.3203125 0.21041666666666667 0.103125 0.09583333333333334
