ckz3v9nzv00033867jsekqdcl 0 0.26484375 0.4354166666666667 0.0265625 0.0375
ckz6ru2eb0001386lefk6js4m 0 0.23828125 0.5770833333333333 0.0265625 0.0375
ckz6ru3um0003386l39xwv0yk 0 0.24036665836653387 0.85625 0.0265625 0.0375
ckz6ru5610005386l8uoys4lc 0 0.19453125 0.8458333333333333 0.0265625 0.0375
ckz6ru6of0007386lhf2t4dtw 0 0.08359375 0.80625 0.0265625 0.0375
ckz6ru99l000b386l18xh2byu 0 0.13515625 0.18958333333333333 0.0265625 0.0375
ckz6rub67000d386ld3mx1dyi 0 0.28046875 0.19375 0.0265625 0.041666666666666664
ckz6ruchb000f386lxxpeu5na 0 0.21672952586206895 0.1780890804597701 0.0265625 0.0375
ckz6rudsb000h386lkwwvc8dz 0 0.2681640625 0.2513020833333333 0.0265625 0.0375
ckz6ruf3e000j386lbyqpxw51 0 0.227392578125 0.3887803819444445 0.0265625 0.0375
ckz6rui7o000n386lh32dwmkr 0 0.5396149798682284 0.9809449731576378 0.0265625 0.0375
ckz6ruj49000p386lndk3j9jv 0 0.6314820868200837 0.611523709902371 0.0265625 0.0375
ckz6rup8s000r386lkjotnoh0 0 0.48828125 0.86875 0.0265625 0.0375
ckz6rut1n000v386l8rfix41j 0 0.84296875 0.85625 0.0265625 0.0375
ckz6ruunj000x386l4qiqzsvd 0 0.83359375 0.98125 0.0265625 0.0375
ckz6ruw8w000z386lc52x10qx 0 0.8368039772727272 0.7543939393939394 0.0265625 0.0375
ckz6ruzco0013386lo3nqjmle 0 0.828125 0.43645833333333334 0.025 0.03958333333333333
ckz6rv4et0015386le3rdpw93 0 0.8640625 0.409375 0.025 0.03958333333333333
ckz6rva9o0019386ll7e0plel 0 0.6296279590069285 0.23755292532717476 0.0265625 0.03333333333333333
ckz6rvlfq001d386lt59x4kz2 0 0.7499300373134329 0.12661691542288558 0.0265625 0.03333333333333333
ckz6rvnb8001f386l63s6p1ys 0 0.71015625 0.6354166666666666 0.0265625 0.03333333333333333
ckz6rvpuj001h386lhrb15el1 0 0.5089613970588236 0.6035539215686274 0.0296875 0.03333333333333333
ckz6rvrjs001j386lscfviwaz 0 0.4598032165271967 0.4584030683403068 0.0265625 0.03333333333333333
ckz6rw56s001x386l432ih3l6 0 0.91015625 0.9927083333333333 0.0265625 0.014583333333333334
cl4ssee0s0008356hd15z4qn8 0 0.58828125 0.11875 0.0296875 0.05
cl4ssegqi000c356hwxoota92 0 0.6015625 0.20625 0.025 0.04583333333333333
cl4uq6b5l0003356p4ou3mrfw 0 0.85625 0.22395833333333334 0.0375 0.04375
cl4uqbjp9000b356p2175vvqw 0 0.4874658677184466 0.7562955097087378 0.0421875 0.04375
cl4uqf5bj000f356p05tutl57 0 0.7957812499999999 0.861875 0.029687499999999912 0.03958333333333333
cl4uqu10i000j356pw85hd2yi 0 0.1857536764705882 0.8543504901960783 0.025 0.03958333333333333
cl4uqxtok000n356p228e7wni 0 0.0294921875 0.8098958333333334 0.0265625 0.03333333333333333
cl4ur3vs8000v356pe031p1yo 0 0.48318554305283756 0.04846094259621657 0.025 0.027083333333333334
cl4uru0kq0013356pt4h9yjm1 0 0.5088582677165354 0.02674704724409449 0.0296875 0.03125000000000001
cl4urwkrx0017356pikpviaa9 0 0.35703125 0.06354166666666666 0.0234375 0.027083333333333334
cl4us4ype001h356pnyet3ts9 0 0.7901041666666666 0.15659722222222222 0.03437499999999991 0.03958333333333333
cl4us8aru001l356p2sc1k1bh 0 0.9793470982142857 0.02648561507936508 0.022645089285714272 0.030163690476190476
cl53eq6de000f356i3cjd5jif 1 0.57109375 0.13333333333333333 0.0890625 0.1125
cl53eqa7m000l356ivf26125u 1 0.3203125 0.21041666666666667 0.103125 0.09583333333333334
