ckz3v9nzv00033867jsekqdcl 0 0.26484375 0.4354166666666667 0.0265625 0.0375
ckz6ru2eb0001386lefk6js4m 0 0.23828125 0.5770833333333333 0.0265625 0.0375
ckz6ru3um0003386l39xwv0yk 0 0.24168139940239045 0.85625 0.0265625 0.0375
ckz6ru5610005386l8uoys4lc 0 0.19453125 0.8458333333333333 0.0265625 0.0375
ckz6ru6of0007386lhf2t4dtw 0 0.08359375 0.80625 0.0265625 0.0375
ckz6ru83f0009386lx7517dwf 0 0.013063788659793815 0.7713165807560138 0.02612757731958763 0.03730670103092789
ckz6ru99l000b386l18xh2byu 0 0.13515625 0.18958333333333333 0.0265625 0.0375
ckz6rub67000d386ld3mx1dyi 0 0.3025669642857143 0.24940476190476193 0.0265625 0.0416666666666667
ckz6ruchb000f386lxxpeu5na 0 0.24465625000000002 0.1546 0.0265625 0.0375
ckz6rudsb000h386lkwwvc8dz 0 0.2810532823741007 0.2221372901678657 0.0265625 0.0375
ckz6ruf3e000j386lbyqpxw51 0 0.2690676510989011 0.3606227106227106 0.0265625 0.0375
ckz6rui7o000n386lh32dwmkr 0 0.5347833546852123 0.9745028062469497 0.0265625 0.0375
ckz6ruj49000p386lndk3j9jv 0 0.6276748373605948 0.6047552664188351 0.0265625 0.0375
ckz6rup8s000r386lkjotnoh0 0 0.48828125 0.86875 0.0265625 0.0375
ckz6rut1n000v386l8rfix41j 0 0.84296875 0.85625 0.0265625 0.0375
ckz6ruunj000x386l4qiqzsvd 0 0.83359375 0.98125 0.0265625 0.0375
ckz6ruw8w000z386lc52x10qx 0 0.850341796875 0.7541666666666667 0.0265625 0.0375
ckz6ruzco0013386lo3nqjmle 0 0.828125 0.43645833333333334 0.025 0.03958333333333333
ckz6rv4et0015386le3rdpw93 0 0.865874474789916 0.409375 0.025 0.03958333333333333
ckz6rva9o0019386ll7e0plel 0 0.6593276515151516 0.1984217171717172 0.0265625 0.03333333333333333
ckz6rvlfq001d386lt59x4kz2 0 0.7656595130522088 0.09211847389558232 0.0265625 0.03333333333333333
ckz6rvnb8001f386l63s6p1ys 0 0.71015625 0.6354166666666666 0.0265625 0.03333333333333333
ckz6rvpuj001h386lhrb15el1 0 0.5561210558252427 0.5526699029126213 0.0296875 0.03333333333333333
ckz6rvrjs001j386lscfviwaz 0 0.4767746274834437 0.41501103752759383 0.0265625 0.03333333333333333
ckz6rvxvs001p386l9u5f2w3s 0 0.669921875 0.5041666666666667 0.028125 0.0375
ckz6rw3in001v386l6bltg9jj 0 0.54140625 0.025347222222222226 0.0203125 0.027083333333333338
ckz6rw56s001x386l432ih3l6 0 0.9639843750000001 0.8852083333333333 0.0234375 0.035416666666666666
cl4ssee0s0008356hd15z4qn8 0 0.58828125 0.11875 0.0296875 0.05
cl4ssegqi000c356hwxoota92 0 0.6015625 0.20625 0.025 0.04583333333333333
cl4uq6b5l0003356p4ou3mrfw 0 0.85625 0.22395833333333334 0.0375 0.04375
cl4uq7un10007356p14ye3ifb 0 0.86953125 0.13833333333333334 0.0328125 0.03750000000000001
cl4uqbjp9000b356p2175vvqw 0 0.49447436286407764 0.7469508495145631 0.0421875 0.04375
cl4ur3vs8000v356pe031p1yo 0 0.5018524484536082 0.03010094501718213 0.025 0.027083333333333334
cl4uru0kq0013356pt4h9yjm1 0 0.5083096590909091 0.015198863636363635 0.0296875 0.01875
cl4urwkrx0017356pikpviaa9 0 0.3644405241935484 0.035315860215053764 0.0234375 0.027083333333333338
cl53eq6de000f356i3cjd5jif 1 0.57109375 0.13333333333333333 0.0890625 0.1125
cl53eqa7m000l356ivf26125u 1 0.3203125 0.21041666666666667 0.103125 0.09583333333333334
