ckz3v9nzv00033867jsekqdcl 0 0.2734720685840708 0.42071042281219273 0.0265625 0.0375
ckz6ru2eb0001386lefk6js4m 0 0.23828125 0.5784330985915493 0.0265625 0.0375
ckz6ru3um0003386l39xwv0yk 0 0.243643632629108 0.8544503129890454 0.0265625 0.0375
ckz6ru5610005386l8uoys4lc 0 0.19453125 0.8458333333333333 0.0265625 0.0375
ckz6ru6of0007386lhf2t4dtw 0 0.08359375 0.80625 0.0265625 0.0375
ckz6ru83f0009386lx7517dwf 0 0.026793573943661976 0.7303501564945226 0.0265625 0.0375
ckz6ru99l000b386l18xh2byu 0 0.13515625 0.18958333333333333 0.0265625 0.0375
ckz6rub67000d386ld3mx1dyi 0 0.21796875 0.16358695652173913 0.0265625 0.0375
ckz6ruchb000f386lxxpeu5na 0 0.295234375 0.10583333333333332 0.0265625 0.0375
ckz6rudsb000h386lkwwvc8dz 0 0.28421762589928057 0.2179181654676259 0.0265625 0.0375
ckz6ruf3e000j386lbyqpxw51 0 0.312393632629108 0.3090669014084507 0.0265625 0.0375
ckz6rugcj000l386lzjazem8c 0 0.3377604166666667 0.3125 0.0265625 0.041666666666666664
ckz6rui7o000n386lh32dwmkr 0 0.57446816314554 0.8876173708920188 0.0265625 0.0375
ckz6ruj49000p386lndk3j9jv 0 0.6431313222543353 0.5675276974951831 0.0265625 0.0375
ckz6rup8s000r386lkjotnoh0 0 0.48828125 0.86875 0.0265625 0.0375
ckz6rurv1000t386llsdca8lh 0 0.72578125 0.7875 0.0234375 0.0375
ckz6rut1n000v386l8rfix41j 0 0.8477548650070126 0.8418916549789621 0.0265625 0.0375
ckz6ruunj000x386l4qiqzsvd 0 0.8383798650070127 0.9668916549789621 0.0265625 0.0375
ckz6ruw8w000z386lc52x10qx 0 0.8543708362552594 0.749380551659654 0.0265625 0.0375
ckz6ruzco0013386lo3nqjmle 0 0.828125 0.43645833333333334 0.025 0.03958333333333333
ckz6rv4et0015386le3rdpw93 0 0.8680921743697478 0.409375 0.025 0.03958333333333333
ckz6rv5s20017386lyas5kerj 0 0.63671875 0.11145833333333334 0.0234375 0.035416666666666666
ckz6rva9o0019386ll7e0plel 0 0.670611319124424 0.14359639016897083 0.0265625 0.03333333333333333
ckz6rvlfq001d386lt59x4kz2 0 0.7715436214652956 0.06786632390745502 0.0265625 0.03333333333333333
ckz6rvnb8001f386l63s6p1ys 0 0.710831132629108 0.636316510172144 0.0265625 0.03333333333333333
ckz6rvpuj001h386lhrb15el1 0 0.590731367370892 0.4906005477308294 0.0265625 0.03333333333333333
ckz6rvrjs001j386lscfviwaz 0 0.498331132629108 0.3882335680751174 0.0265625 0.03333333333333333
ckz6rvtvy001l386li54we947 0 0.012109375 0.5895833333333333 0.02109375 0.0375
ckz6rvvx4001n386lwp0hh90g 0 0.014601934523809524 0.23975694444444443 0.0265625 0.03333333333333333
ckz6rvxvs001p386l9u5f2w3s 0 0.19479166666666664 0.2784722222222222 0.028124999999999976 0.03749999999999997
ckz6rw3in001v386l6bltg9jj 0 0.7734375 0.6604166666666667 0.0265625 0.03333333333333333
ckz6rw56s001x386l432ih3l6 0 0.9919607979910715 0.7757393973214285 0.016078404017857116 0.034886532738095256
cl4sse7t80004356hlgz3o2fx 0 0.6390625 0.5020833333333333 0.025 0.03333333333333333
cl4ssee0s0008356hd15z4qn8 0 0.58828125 0.11875 0.0296875 0.05
cl4ssegqi000c356hwxoota92 0 0.6015625 0.20625 0.025 0.04583333333333333
cl4sseopo000g356h6ldd8ms6 0 0.2484375 0.5666666666666667 0.0359375 0.04583333333333333
cl4swkq5u0003356p8vuhc7nn 0 0.35703125 0.5020833333333333 0.0328125 0.0375
cl4uq6b5l0003356p4ou3mrfw 0 0.85625 0.22395833333333334 0.0375 0.04375
cl4uqbjp9000b356p2175vvqw 0 0.5096936677631578 0.7236362390350877 0.0421875 0.04375
cl53eq6de000f356i3cjd5jif 1 0.57109375 0.13333333333333333 0.0890625 0.1125
cl53eqa7m000l356ivf26125u 1 0.3203125 0.21041666666666667 0.103125 0.09583333333333334
