ckz3v9nzv00033867jsekqdcl 0 0.27377627212389377 0.41962881022615534 0.0265625 0.0375
ckz6ru2eb0001386lefk6js4m 0 0.23828125 0.5790786384976525 0.0265625 0.0375
ckz6ru3um0003386l39xwv0yk 0 0.2439664025821596 0.8535895931142411 0.0265625 0.0375
ckz6ru5610005386l8uoys4lc 0 0.19453125 0.8458333333333333 0.0265625 0.0375
ckz6ru6of0007386lhf2t4dtw 0 0.08359375 0.80625 0.0265625 0.0375
ckz6ru83f0009386lx7517dwf 0 0.027277728873239437 0.7299197965571206 0.0265625 0.0375
ckz6ru99l000b386l18xh2byu 0 0.13515625 0.18958333333333333 0.0265625 0.0375
ckz6rub67000d386ld3mx1dyi 0 0.21744791666666666 0.15376984126984128 0.0265625 0.0375
ckz6ruchb000f386lxxpeu5na 0 0.2978125 0.10430555555555557 0.0265625 0.0375
ckz6rudsb000h386lkwwvc8dz 0 0.28434127697841727 0.2177532973621103 0.0265625 0.0375
ckz6ruf3e000j386lbyqpxw51 0 0.3127164025821596 0.3084213615023474 0.0265625 0.0375
ckz6rugcj000l386lzjazem8c 0 0.38307291666666665 0.27569444444444446 0.0265625 0.0416666666666667
ckz6rui7o000n386lh32dwmkr 0 0.5760820129107981 0.8856807511737089 0.0265625 0.0375
ckz6ruj49000p386lndk3j9jv 0 0.6437274205202312 0.5668653660886319 0.0265625 0.0375
ckz6rup8s000r386lkjotnoh0 0 0.48828125 0.86875 0.0265625 0.0375
ckz6rurv1000t386llsdca8lh 0 0.68515625 0.7895833333333333 0.0234375 0.0375
ckz6rut1n000v386l8rfix41j 0 0.8479477121318373 0.8413131136044881 0.0265625 0.0375
ckz6ruunj000x386l4qiqzsvd 0 0.8385727121318374 0.9663131136044881 0.0265625 0.0375
ckz6ruw8w000z386lc52x10qx 0 0.854515471598878 0.7491877045348294 0.0265625 0.0375
ckz6ruxwl0011386lwhdpziws 0 0.98671875 0.8197916666666667 0.0265625 0.04375
ckz6ruzco0013386lo3nqjmle 0 0.828125 0.43645833333333334 0.025 0.03958333333333333
ckz6rv4et0015386le3rdpw93 0 0.8681788340336135 0.409375 0.025 0.03958333333333333
ckz6rv5s20017386lyas5kerj 0 0.63078125 0.14895833333333333 0.0234375 0.035416666666666666
ckz6rva9o0019386ll7e0plel 0 0.6710865495391705 0.14169546850998463 0.0265625 0.03333333333333333
ckz6rvlfq001d386lt59x4kz2 0 0.7712785186375322 0.06715938303341902 0.0265625 0.03333333333333333
ckz6rvnb8001f386l63s6p1ys 0 0.7111539025821596 0.6367468701095461 0.0265625 0.03333333333333333
ckz6rvpuj001h386lhrb15el1 0 0.5904085974178404 0.4890942879499217 0.0265625 0.03333333333333333
ckz6rvrjs001j386lscfviwaz 0 0.4986539025821596 0.38758802816901405 0.0265625 0.03333333333333333
ckz6rvtvy001l386li54we947 0 0.0109375 0.5697916666666667 0.01875 0.03958333333333333
ckz6rvvx4001n386lwp0hh90g 0 0.01513671875 0.2357421875 0.0265625 0.03333333333333333
ckz6rvxvs001p386l9u5f2w3s 0 0.17708333333333331 0.2569444444444445 0.028125 0.037500000000000026
ckz6rw3in001v386l6bltg9jj 0 0.75703125 0.684375 0.0265625 0.03333333333333333
ckz6rw56s001x386l432ih3l6 0 0.9912702287946429 0.7748186383928571 0.017459542410714235 0.034681919642857176
cl4sse7t80004356hlgz3o2fx 0 0.6328125 0.46041666666666664 0.025 0.03333333333333333
cl4ssee0s0008356hd15z4qn8 0 0.58828125 0.11875 0.0296875 0.05
cl4ssegqi000c356hwxoota92 0 0.6015625 0.20625 0.025 0.04583333333333333
cl4sseopo000g356h6ldd8ms6 0 0.26484375 0.6034722222222223 0.0359375 0.04583333333333333
cl4swkq5u0003356p8vuhc7nn 0 0.416015625 0.5328125 0.0328125 0.0375
cl4uq6b5l0003356p4ou3mrfw 0 0.85625 0.22395833333333334 0.0375 0.04375
cl4uqbjp9000b356p2175vvqw 0 0.5103721217105263 0.7225808662280702 0.0421875 0.04375
cl53eq6de000f356i3cjd5jif 1 0.57109375 0.13333333333333333 0.0890625 0.1125
cl53eqa7m000l356ivf26125u 1 0.3203125 0.21041666666666667 0.103125 0.09583333333333334
