ckz3v9nzv00033867jsekqdcl 0 0.2719925331858407 0.42597099311701087 0.0265625 0.0375
ckz6ru2eb0001386lefk6js4m 0 0.23828125 0.5770833333333333 0.0265625 0.0375
ckz6ru3um0003386l39xwv0yk 0 0.2428168575697211 0.85625 0.0265625 0.0375
ckz6ru5610005386l8uoys4lc 0 0.19453125 0.8458333333333333 0.0265625 0.0375
ckz6ru6of0007386lhf2t4dtw 0 0.08359375 0.80625 0.0265625 0.0375
ckz6ru83f0009386lx7517dwf 0 0.024297786964980545 0.7359476329442283 0.0265625 0.0375
ckz6ru99l000b386l18xh2byu 0 0.13515625 0.18958333333333333 0.0265625 0.0375
ckz6rub67000d386ld3mx1dyi 0 0.2220635775862069 0.17708333333333334 0.0265625 0.0375
ckz6ruchb000f386lxxpeu5na 0 0.28160695043103445 0.11441271551724139 0.0265625 0.0375
ckz6rudsb000h386lkwwvc8dz 0 0.2836162320143885 0.21872002398081536 0.0265625 0.0375
ckz6ruf3e000j386lbyqpxw51 0 0.3059616191275168 0.31468120805369126 0.0265625 0.0375
ckz6rugcj000l386lzjazem8c 0 0.30078125 0.4 0.0265625 0.041666666666666664
ckz6rui7o000n386lh32dwmkr 0 0.5661221590909091 0.9057765151515151 0.0265625 0.0375
ckz6ruj49000p386lndk3j9jv 0 0.6402321170520231 0.5707490366088632 0.0265625 0.0375
ckz6rup8s000r386lkjotnoh0 0 0.48828125 0.86875 0.0265625 0.0375
ckz6rurv1000t386llsdca8lh 0 0.92890625 0.896875 0.0234375 0.0375
ckz6rut1n000v386l8rfix41j 0 0.8468169267180926 0.8447054698457224 0.0265625 0.0375
ckz6ruunj000x386l4qiqzsvd 0 0.8374419267180926 0.9697054698457224 0.0265625 0.0375
ckz6ruw8w000z386lc52x10qx 0 0.8536673825385694 0.7503184899485741 0.0265625 0.0375
ckz6ruzco0013386lo3nqjmle 0 0.828125 0.43645833333333334 0.025 0.03958333333333333
ckz6rv4et0015386le3rdpw93 0 0.867670693277311 0.409375 0.025 0.03958333333333333
ckz6rva9o0019386ll7e0plel 0 0.6680889423076923 0.15416666666666667 0.0265625 0.03333333333333333
ckz6rvlfq001d386lt59x4kz2 0 0.772832985218509 0.07130462724935732 0.0265625 0.033333333333333326
ckz6rvnb8001f386l63s6p1ys 0 0.71015625 0.6354166666666666 0.0265625 0.03333333333333333
ckz6rvpuj001h386lhrb15el1 0 0.5885397086466165 0.49852756892230576 0.0265625 0.03333333333333333
ckz6rvrjs001j386lscfviwaz 0 0.49765625 0.39627192982456144 0.0265625 0.03333333333333333
ckz6rvvx4001n386lwp0hh90g 0 0.01328125 0.26176075268817206 0.0265625 0.03333333333333336
ckz6rvxvs001p386l9u5f2w3s 0 0.2890625 0.42291666666666666 0.028125 0.0375
ckz6rw3in001v386l6bltg9jj 0 0.74765625 0.534375 0.0265625 0.03333333333333333
ckz6rw56s001x386l432ih3l6 0 0.9926649305555555 0.7940393518518519 0.0125 0.035416666666666666
cl4sse7t80004356hlgz3o2fx 0 0.72890625 0.6770833333333334 0.0296875 0.041666666666666664
cl4ssee0s0008356hd15z4qn8 0 0.58828125 0.11875 0.0296875 0.05
cl4ssegqi000c356hwxoota92 0 0.6015625 0.20625 0.025 0.04583333333333333
cl4sseopo000g356h6ldd8ms6 0 0.196875 0.42604166666666665 0.0359375 0.04583333333333333
cl4swkq5u0003356p8vuhc7nn 0 0.08463541666666667 0.29791666666666666 0.03281250000000001 0.0375
cl4uq6b5l0003356p4ou3mrfw 0 0.85625 0.22395833333333334 0.0375 0.04375
cl4uqbjp9000b356p2175vvqw 0 0.5063939144736842 0.7287691885964912 0.0421875 0.04375
cl53eq6de000f356i3cjd5jif 1 0.57109375 0.13333333333333333 0.0890625 0.1125
cl53eqa7m000l356ivf26125u 1 0.3203125 0.21041666666666667 0.103125 0.09583333333333334
