ckz3v9nzv00033867jsekqdcl 0 0.27372096238938054 0.41982546705998036 0.0265625 0.0375
ckz6ru2eb0001386lefk6js4m 0 0.23828125 0.5789612676056338 0.0265625 0.0375
ckz6ru3um0003386l39xwv0yk 0 0.24390771713615025 0.8537460876369327 0.0265625 0.0375
ckz6ru5610005386l8uoys4lc 0 0.19453125 0.8458333333333333 0.0265625 0.0375
ckz6ru6of0007386lhf2t4dtw 0 0.08359375 0.80625 0.0265625 0.0375
ckz6ru83f0009386lx7517dwf 0 0.02718970070422535 0.7299980438184664 0.0265625 0.0375
ckz6ru99l000b386l18xh2byu 0 0.13515625 0.18958333333333333 0.0265625 0.0375
ckz6rub67000d386ld3mx1dyi 0 0.21953125 0.15416666666666667 0.0265625 0.0375
ckz6ruchb000f386lxxpeu5na 0 0.29734375 0.10458333333333333 0.0265625 0.0375
ckz6rudsb000h386lkwwvc8dz 0 0.2843187949640288 0.21778327338129494 0.0265625 0.0375
ckz6ruf3e000j386lbyqpxw51 0 0.31265771713615026 0.3085387323943662 0.0265625 0.0375
ckz6rugcj000l386lzjazem8c 0 0.3768229166666667 0.28680555555555554 0.0265625 0.04166666666666664
ckz6rui7o000n386lh32dwmkr 0 0.5757885856807512 0.8860328638497652 0.0265625 0.0375
ckz6ruj49000p386lndk3j9jv 0 0.6436190390173411 0.5669857899807322 0.0265625 0.0375
ckz6rup8s000r386lkjotnoh0 0 0.48828125 0.86875 0.0265625 0.0375
ckz6rurv1000t386llsdca8lh 0 0.71640625 0.7791666666666667 0.0234375 0.0375
ckz6rut1n000v386l8rfix41j 0 0.8479126490182327 0.8414183029453015 0.0265625 0.0375
ckz6ruunj000x386l4qiqzsvd 0 0.8385376490182328 0.9664183029453015 0.0265625 0.0375
ckz6ruw8w000z386lc52x10qx 0 0.8544891742636747 0.7492227676484338 0.0265625 0.0375
ckz6ruxwl0011386lwhdpziws 0 0.98203125 0.8385416666666666 0.0265625 0.04375
ckz6ruzco0013386lo3nqjmle 0 0.828125 0.43645833333333334 0.025 0.03958333333333333
ckz6rv4et0015386le3rdpw93 0 0.8681630777310925 0.409375 0.025 0.03958333333333333
ckz6rv5s20017386lyas5kerj 0 0.63203125 0.13854166666666667 0.0234375 0.035416666666666666
ckz6rva9o0019386ll7e0plel 0 0.6710001440092166 0.1420410906298003 0.0265625 0.03333333333333332
ckz6rvlfq001d386lt59x4kz2 0 0.771326719151671 0.06728791773778921 0.0265625 0.03333333333333334
ckz6rvnb8001f386l63s6p1ys 0 0.7110952171361502 0.6366686228482002 0.0265625 0.03333333333333333
ckz6rvpuj001h386lhrb15el1 0 0.5904672828638498 0.48936815336463224 0.0265625 0.03333333333333333
ckz6rvrjs001j386lscfviwaz 0 0.4985952171361502 0.38770539906103285 0.0265625 0.03333333333333333
ckz6rvtvy001l386li54we947 0 0.009765625 0.584375 0.01640625 0.03958333333333333
ckz6rvvx4001n386lwp0hh90g 0 0.015006510416666669 0.2365234375 0.0265625 0.03333333333333333
ckz6rvxvs001p386l9u5f2w3s 0 0.18125 0.25833333333333336 0.028125 0.0375
ckz6rw3in001v386l6bltg9jj 0 0.77265625 0.6833333333333333 0.0265625 0.03333333333333333
ckz6rw56s001x386l432ih3l6 0 0.9913957868303571 0.7749860491071429 0.017208426339285765 0.03471912202380949
cl4sse7t80004356hlgz3o2fx 0 0.6484375 0.4395833333333333 0.025 0.03333333333333333
cl4ssee0s0008356hd15z4qn8 0 0.58828125 0.11875 0.0296875 0.05
cl4ssegqi000c356hwxoota92 0 0.6015625 0.20625 0.025 0.04583333333333333
cl4sseopo000g356h6ldd8ms6 0 0.25703125 0.5708333333333333 0.0359375 0.04583333333333333
cl4swkq5u0003356p8vuhc7nn 0 0.40234375 0.5291666666666667 0.0328125 0.0375
cl4uq6b5l0003356p4ou3mrfw 0 0.85625 0.22395833333333334 0.0375 0.04375
cl4uqbjp9000b356p2175vvqw 0 0.5102487664473684 0.7227727521929824 0.0421875 0.04375
cl53eq6de000f356i3cjd5jif 1 0.57109375 0.13333333333333333 0.0890625 0.1125
cl53eqa7m000l356ivf26125u 1 0.3203125 0.21041666666666667 0.103125 0.09583333333333334
