ckz3v9nzv00033867jsekqdcl 0 0.26726665748898676 0.43299375917767985 0.0265625 0.0375
ckz6ru2eb0001386lefk6js4m 0 0.23828125 0.5770833333333333 0.0265625 0.0375
ckz6ru3um0003386l39xwv0yk 0 0.24230888944223108 0.85625 0.0265625 0.0375
ckz6ru5610005386l8uoys4lc 0 0.19453125 0.8458333333333333 0.0265625 0.0375
ckz6ru6of0007386lhf2t4dtw 0 0.08359375 0.80625 0.0265625 0.0375
ckz6ru83f0009386lx7517dwf 0 0.01933669747081712 0.7516577496757457 0.0265625 0.0375
ckz6ru99l000b386l18xh2byu 0 0.13515625 0.18958333333333333 0.0265625 0.0375
ckz6rub67000d386ld3mx1dyi 0 0.23028492647058824 0.18658088235294118 0.0265625 0.041666666666666664
ckz6ruchb000f386lxxpeu5na 0 0.2594970703125 0.13212890625 0.0265625 0.0375
ckz6rudsb000h386lkwwvc8dz 0 0.2824696492805755 0.2202488009592326 0.0265625 0.0375
ckz6ruf3e000j386lbyqpxw51 0 0.2882687998007968 0.3333499335989376 0.0265625 0.0375
ckz6rugcj000l386lzjazem8c 0 0.16354166666666667 0.5288194444444444 0.028125 0.04999999999999994
ckz6rui7o000n386lh32dwmkr 0 0.5455078125 0.9499710648148147 0.0265625 0.0375
ckz6ruj49000p386lndk3j9jv 0 0.6372616525423729 0.5814971751412429 0.0265625 0.0375
ckz6rup8s000r386lkjotnoh0 0 0.48828125 0.86875 0.0265625 0.0375
ckz6rut1n000v386l8rfix41j 0 0.8450287079242637 0.850070126227209 0.0265625 0.0375
ckz6ruunj000x386l4qiqzsvd 0 0.8356537079242636 0.975070126227209 0.0265625 0.0375
ckz6ruw8w000z386lc52x10qx 0 0.8523262184431978 0.752106708742403 0.0265625 0.0375
ckz6ruzco0013386lo3nqjmle 0 0.828125 0.43645833333333334 0.025 0.03958333333333333
ckz6rv4et0015386le3rdpw93 0 0.8668671218487395 0.409375 0.025 0.03958333333333333
ckz6rva9o0019386ll7e0plel 0 0.663091856060606 0.1758838383838384 0.0265625 0.03333333333333333
ckz6rvlfq001d386lt59x4kz2 0 0.771984814257028 0.07946787148594378 0.0265625 0.03333333333333333
ckz6rvnb8001f386l63s6p1ys 0 0.71015625 0.6354166666666666 0.0265625 0.03333333333333333
ckz6rvpuj001h386lhrb15el1 0 0.5770694179389313 0.5213740458015267 0.026824904580152697 0.03333333333333333
ckz6rvrjs001j386lscfviwaz 0 0.4896309581712062 0.4052367055771725 0.0265625 0.03333333333333333
ckz6rvvx4001n386lwp0hh90g 0 0.00696875 0.293875 0.0139375 0.03408333333333336
ckz6rvxvs001p386l9u5f2w3s 0 0.440625 0.4125 0.028125 0.0375
ckz6rw3in001v386l6bltg9jj 0 0.73203125 0.21041666666666667 0.0265625 0.03333333333333333
ckz6rw56s001x386l432ih3l6 0 0.978543244949495 0.83934132996633 0.02255366161616159 0.035416666666666666
cl4ssee0s0008356hd15z4qn8 0 0.58828125 0.11875 0.0296875 0.05
cl4ssegqi000c356hwxoota92 0 0.6015625 0.20625 0.025 0.04583333333333333
cl4sseopo000g356h6ldd8ms6 0 0.08359375 0.13020833333333334 0.0296875 0.03958333333333333
cl4uq6b5l0003356p4ou3mrfw 0 0.85625 0.22395833333333334 0.0375 0.04375
cl4uqbjp9000b356p2175vvqw 0 0.5001027960526316 0.7385553728070176 0.0421875 0.04375
cl4ur3vs8000v356pe031p1yo 0 0.500625 0.02104166666666667 0.025 0.027083333333333338
cl4urtjol000z356puo72ztp3 0 0.30625 0.17708333333333334 0.028125 0.0375
cl4uru0kq0013356pt4h9yjm1 0 0.5202414772727273 0.01122159090909091 0.0296875 0.01875
cl4urwkrx0017356pikpviaa9 0 0.37252232142857145 0.013526785714285715 0.0234375 0.022529761904761907
cl53eq6de000f356i3cjd5jif 1 0.57109375 0.13333333333333333 0.0890625 0.1125
cl53eqa7m000l356ivf26125u 1 0.3203125 0.21041666666666667 0.103125 0.09583333333333334
