ckz3v9nzv00033867jsekqdcl 0 0.2696069658590309 0.43065345080763584 0.0265625 0.0375
ckz6ru2eb0001386lefk6js4m 0 0.23828125 0.5770833333333333 0.0265625 0.0375
ckz6ru3um0003386l39xwv0yk 0 0.24252054282868526 0.85625 0.0265625 0.0375
ckz6ru5610005386l8uoys4lc 0 0.19453125 0.8458333333333333 0.0265625 0.0375
ckz6ru6of0007386lhf2t4dtw 0 0.08359375 0.80625 0.0265625 0.0375
ckz6ru83f0009386lx7517dwf 0 0.021403818093385214 0.7451118677042802 0.0265625 0.0375
ckz6ru99l000b386l18xh2byu 0 0.13515625 0.18958333333333333 0.0265625 0.0375
ckz6rub67000d386ld3mx1dyi 0 0.22109375 0.17916666666666667 0.0265625 0.041666666666666664
ckz6ruchb000f386lxxpeu5na 0 0.2663793103448276 0.12403017241379312 0.0265625 0.03750000000000001
ckz6rudsb000h386lkwwvc8dz 0 0.2829473920863309 0.21961181055155876 0.0265625 0.0375
ckz6ruf3e000j386lbyqpxw51 0 0.2951475348605578 0.32417828685258965 0.0265625 0.0375
ckz6rugcj000l386lzjazem8c 0 0.19583333333333336 0.5076388888888889 0.02812500000000002 0.04583333333333333
ckz6rui7o000n386lh32dwmkr 0 0.5535233857615893 0.9327952538631347 0.0265625 0.0375
ckz6ruj49000p386lndk3j9jv 0 0.63828125 0.5755871212121213 0.0265625 0.0375
ckz6rup8s000r386lkjotnoh0 0 0.48828125 0.86875 0.0265625 0.0375
ckz6rut1n000v386l8rfix41j 0 0.845773799088359 0.8478348527349229 0.0265625 0.0375
ckz6ruunj000x386l4qiqzsvd 0 0.836398799088359 0.9728348527349229 0.0265625 0.0375
ckz6ruw8w000z386lc52x10qx 0 0.8528850368162694 0.7513616175783077 0.0265625 0.0375
ckz6ruzco0013386lo3nqjmle 0 0.828125 0.43645833333333334 0.025 0.03958333333333333
ckz6rv4et0015386le3rdpw93 0 0.8672019432773108 0.409375 0.025 0.03958333333333333
ckz6rva9o0019386ll7e0plel 0 0.6650778087044534 0.16721491228070173 0.0265625 0.03333333333333333
ckz6rvlfq001d386lt59x4kz2 0 0.7741183483935743 0.07520080321285141 0.0265625 0.03333333333333333
ckz6rvnb8001f386l63s6p1ys 0 0.71015625 0.6354166666666666 0.0265625 0.03333333333333333
ckz6rvpuj001h386lhrb15el1 0 0.5824857954545455 0.5103977272727273 0.0265625 0.03333333333333333
ckz6rvrjs001j386lscfviwaz 0 0.49479875972762644 0.4045476653696498 0.0265625 0.03333333333333333
ckz6rvvx4001n386lwp0hh90g 0 0.00959703947368421 0.2813815789473684 0.01919407894736842 0.033333333333333305
ckz6rvxvs001p386l9u5f2w3s 0 0.4052083333333333 0.47430555555555554 0.028124999999999956 0.0375
ckz6rw3in001v386l6bltg9jj 0 0.77578125 0.34270833333333334 0.0265625 0.03333333333333333
ckz6rw56s001x386l432ih3l6 0 0.9849155618686869 0.8214541245791246 0.017858270202020066 0.035416666666666666
cl4sse7t80004356hlgz3o2fx 0 0.79296875 0.8770833333333333 0.0390625 0.041666666666666664
cl4ssee0s0008356hd15z4qn8 0 0.58828125 0.11875 0.0296875 0.05
cl4ssegqi000c356hwxoota92 0 0.6015625 0.20625 0.025 0.04583333333333333
cl4sseopo000g356h6ldd8ms6 0 0.1234375 0.27708333333333335 0.0359375 0.04583333333333333
cl4uq6b5l0003356p4ou3mrfw 0 0.85625 0.22395833333333334 0.0375 0.04375
cl4uqbjp9000b356p2175vvqw 0 0.5027240953947368 0.7344777960526316 0.0421875 0.04375
cl4ur3tl4000r356p5yynq6lr 0 0.38203125 0.06631944444444444 0.0234375 0.029166666666666674
cl4ur3vs8000v356pe031p1yo 0 0.4980952380952381 0.018792989417989417 0.025 0.027083333333333334
cl4urtjol000z356puo72ztp3 0 0.39671874999999995 0.038125 0.029687499999999957 0.04375
cl4uru0kq0013356pt4h9yjm1 0 0.5242660984848484 0.009880050505050504 0.0296875 0.01875
cl53eq6de000f356i3cjd5jif 1 0.57109375 0.13333333333333333 0.0890625 0.1125
cl53eqa7m000l356ivf26125u 1 0.3203125 0.21041666666666667 0.103125 0.09583333333333334
