ckz3v9nzv00033867jsekqdcl 0 0.26484375 0.4354166666666667 0.0265625 0.0375
ckz6ru2eb0001386lefk6js4m 0 0.23828125 0.5770833333333333 0.0265625 0.0375
ckz6ru3um0003386l39xwv0yk 0 0.2420723356573705 0.85625 0.0265625 0.0375
ckz6ru5610005386l8uoys4lc 0 0.19453125 0.8458333333333333 0.0265625 0.0375
ckz6ru6of0007386lhf2t4dtw 0 0.08359375 0.80625 0.0265625 0.0375
ckz6ru83f0009386lx7517dwf 0 0.017026386186770427 0.7589737354085603 0.0265625 0.0375
ckz6ru99l000b386l18xh2byu 0 0.13515625 0.18958333333333333 0.0265625 0.0375
ckz6rub67000d386ld3mx1dyi 0 0.2519176136363636 0.20946969696969697 0.0265625 0.041666666666666664
ckz6ruchb000f386lxxpeu5na 0 0.2525390625 0.14140625 0.0265625 0.0375
ckz6rudsb000h386lkwwvc8dz 0 0.28193570143884894 0.2209607314148681 0.0265625 0.0375
ckz6ruf3e000j386lbyqpxw51 0 0.2805808017928287 0.3436005976095618 0.0265625 0.0375
ckz6rugcj000l386lzjazem8c 0 0.116015625 0.5229166666666667 0.028125 0.05
ckz6rui7o000n386lh32dwmkr 0 0.53623046875 0.9678385416666667 0.0265625 0.0375
ckz6ruj49000p386lndk3j9jv 0 0.6328588453389831 0.5915607344632768 0.0265625 0.0375
ckz6rup8s000r386lkjotnoh0 0 0.48828125 0.86875 0.0265625 0.0375
ckz6rut1n000v386l8rfix41j 0 0.844195958976157 0.8525683730715288 0.0265625 0.0375
ckz6ruunj000x386l4qiqzsvd 0 0.834820958976157 0.9775683730715288 0.0265625 0.0375
ckz6ruw8w000z386lc52x10qx 0 0.8517016567321178 0.7529394576905095 0.0265625 0.0375
ckz6ruzco0013386lo3nqjmle 0 0.828125 0.43645833333333334 0.025 0.03958333333333333
ckz6rv4et0015386le3rdpw93 0 0.8664929096638655 0.409375 0.025 0.03958333333333333
ckz6rva9o0019386ll7e0plel 0 0.6618066829004329 0.18188131313131312 0.0265625 0.03333333333333333
ckz6rvlfq001d386lt59x4kz2 0 0.7696002761044177 0.08423694779116465 0.0265625 0.03333333333333333
ckz6rvnb8001f386l63s6p1ys 0 0.71015625 0.6354166666666666 0.0265625 0.03333333333333333
ckz6rvpuj001h386lhrb15el1 0 0.569137643129771 0.5327051526717558 0.027958015267175628 0.03333333333333333
ckz6rvrjs001j386lscfviwaz 0 0.48385517996108945 0.4060068093385214 0.0265625 0.03333333333333333
ckz6rvxvs001p386l9u5f2w3s 0 0.5515625 0.5125 0.028125 0.0375
ckz6rw3in001v386l6bltg9jj 0 0.7065104166666667 0.10069444444444445 0.0265625 0.03333333333333333
ckz6rw56s001x386l432ih3l6 0 0.9758565512048193 0.8565888554216868 0.0234375 0.035416666666666666
cl4ssee0s0008356hd15z4qn8 0 0.58828125 0.11875 0.0296875 0.05
cl4ssegqi000c356hwxoota92 0 0.6015625 0.20625 0.025 0.04583333333333333
cl4uq6b5l0003356p4ou3mrfw 0 0.85625 0.22395833333333334 0.0375 0.04375
cl4uq7un10007356p14ye3ifb 0 0.9622395833333334 0.2743055555555555 0.0390625 0.04166666666666664
cl4uqbjp9000b356p2175vvqw 0 0.4971731085526316 0.7431126644736843 0.0421875 0.04375
cl4ur3vs8000v356pe031p1yo 0 0.503452380952381 0.023554894179894183 0.025 0.027083333333333334
cl4urtjol000z356puo72ztp3 0 0.1609375 0.2625 0.028125 0.0375
cl4uru0kq0013356pt4h9yjm1 0 0.5157433712121212 0.012720959595959595 0.0296875 0.01875
cl4urwkrx0017356pikpviaa9 0 0.36828125 0.021302083333333333 0.0234375 0.02677083333333333
cl53eq6de000f356i3cjd5jif 1 0.57109375 0.13333333333333333 0.0890625 0.1125
cl53eqa7m000l356ivf26125u 1 0.3203125 0.21041666666666667 0.103125 0.09583333333333334
