ckz3v9nzv00033867jsekqdcl 0 0.2727392146017699 0.42331612586037365 0.0265625 0.0375
ckz6ru2eb0001386lefk6js4m 0 0.23828125 0.5770833333333333 0.0265625 0.0375
ckz6ru3um0003386l39xwv0yk 0 0.24295131972111556 0.85625 0.0265625 0.0375
ckz6ru5610005386l8uoys4lc 0 0.19453125 0.8458333333333333 0.0265625 0.0375
ckz6ru6of0007386lhf2t4dtw 0 0.08359375 0.80625 0.0265625 0.0375
ckz6ru83f0009386lx7517dwf 0 0.02561101653696498 0.7317890726329442 0.0265625 0.0375
ckz6ru99l000b386l18xh2byu 0 0.13515625 0.18958333333333333 0.0265625 0.0375
ckz6rub67000d386ld3mx1dyi 0 0.21712740384615384 0.18028846153846154 0.0265625 0.0375
ckz6ruchb000f386lxxpeu5na 0 0.2885169719827586 0.11004849137931035 0.0265625 0.0375
ckz6rudsb000h386lkwwvc8dz 0 0.2839197392086331 0.21831534772182254 0.0265625 0.0375
ckz6ruf3e000j386lbyqpxw51 0 0.3110580956375839 0.31090604026845636 0.0265625 0.0375
ckz6rugcj000l386lzjazem8c 0 0.33671875 0.38125 0.0265625 0.041666666666666664
ckz6rui7o000n386lh32dwmkr 0 0.5706380208333333 0.8931857638888889 0.0265625 0.0375
ckz6ruj49000p386lndk3j9jv 0 0.6416952673410405 0.5691233140655106 0.0265625 0.0375
ckz6rup8s000r386lkjotnoh0 0 0.48828125 0.86875 0.0265625 0.0375
ckz6rurv1000t386llsdca8lh 0 0.82109375 0.80625 0.0234375 0.0375
ckz6rut1n000v386l8rfix41j 0 0.8472902787517531 0.8432854137447406 0.0265625 0.0375
ckz6ruunj000x386l4qiqzsvd 0 0.8379152787517532 0.9682854137447406 0.0265625 0.0375
ckz6ruw8w000z386lc52x10qx 0 0.8540223965638148 0.7498451379149136 0.0265625 0.0375
ckz6ruzco0013386lo3nqjmle 0 0.828125 0.43645833333333334 0.025 0.03958333333333333
ckz6rv4et0015386le3rdpw93 0 0.8678834033613445 0.409375 0.025 0.03958333333333333
ckz6rv5s20017386lyas5kerj 0 0.599609375 0.058854166666666666 0.0234375 0.029166666666666667
ckz6rva9o0019386ll7e0plel 0 0.6694553390688259 0.14824561403508774 0.0265625 0.03333333333333335
ckz6rvlfq001d386lt59x4kz2 0 0.772182278277635 0.0695694087403599 0.0265625 0.033333333333333326
ckz6rvnb8001f386l63s6p1ys 0 0.71015625 0.6354166666666666 0.0265625 0.03333333333333333
ckz6rvpuj001h386lhrb15el1 0 0.591077302631579 0.4942982456140351 0.0265625 0.03333333333333333
ckz6rvrjs001j386lscfviwaz 0 0.49765625 0.3903508771929825 0.0265625 0.03333333333333333
ckz6rvvx4001n386lwp0hh90g 0 0.01361607142857143 0.24895833333333334 0.0265625 0.03333333333333333
ckz6rvxvs001p386l9u5f2w3s 0 0.24322916666666666 0.33888888888888885 0.028125 0.0375
ckz6rw3in001v386l6bltg9jj 0 0.7606770833333333 0.5923611111111111 0.0265625 0.03333333333333333
ckz6rw56s001x386l432ih3l6 0 0.9936244419642858 0.7779575892857143 0.012751116071428648 0.035379464285714236
cl4sse7t80004356hlgz3o2fx 0 0.6765625 0.5916666666666667 0.025 0.041666666666666664
cl4ssee0s0008356hd15z4qn8 0 0.58828125 0.11875 0.0296875 0.05
cl4ssegqi000c356hwxoota92 0 0.6015625 0.20625 0.025 0.04583333333333333
cl4sseopo000g356h6ldd8ms6 0 0.23828125 0.5 0.0359375 0.04583333333333333
cl4swkq5u0003356p8vuhc7nn 0 0.194921875 0.41875 0.0328125 0.0375
cl4uq6b5l0003356p4ou3mrfw 0 0.85625 0.22395833333333334 0.0375 0.04375
cl4uqbjp9000b356p2175vvqw 0 0.5080592105263158 0.7261787280701755 0.0421875 0.04375
cl53eq6de000f356i3cjd5jif 1 0.57109375 0.13333333333333333 0.0890625 0.1125
cl53eqa7m000l356ivf26125u 1 0.3203125 0.21041666666666667 0.103125 0.09583333333333334
