ckz3v9nzv00033867jsekqdcl 0 0.26484375 0.4354166666666667 0.0265625 0.0375
ckz6ru2eb0001386lefk6js4m 0 0.23828125 0.5770833333333333 0.0265625 0.0375
ckz6ru3um0003386l39xwv0yk 0 0.24168388944223107 0.85625 0.0265625 0.0375
ckz6ru5610005386l8uoys4lc 0 0.19453125 0.8458333333333333 0.0265625 0.0375
ckz6ru6of0007386lhf2t4dtw 0 0.08359375 0.80625 0.0265625 0.0375
ckz6ru83f0009386lx7517dwf 0 0.013136275773195876 0.771155498281787 0.026272551546391753 0.037371134020618514
ckz6ru99l000b386l18xh2byu 0 0.13515625 0.18958333333333333 0.0265625 0.0375
ckz6rub67000d386ld3mx1dyi 0 0.3021205357142857 0.24851190476190474 0.0265625 0.04166666666666664
ckz6ruchb000f386lxxpeu5na 0 0.24467708333333332 0.15453333333333333 0.0265625 0.0375
ckz6rudsb000h386lkwwvc8dz 0 0.28105890287769786 0.22212979616306955 0.0265625 0.0375
ckz6ruf3e000j386lbyqpxw51 0 0.26922218406593407 0.3605540293040293 0.0265625 0.0375
ckz6rui7o000n386lh32dwmkr 0 0.5347742038799415 0.9744906051732553 0.0265625 0.0375
ckz6ruj49000p386lndk3j9jv 0 0.627666124535316 0.6047397769516729 0.0265625 0.0375
ckz6rup8s000r386lkjotnoh0 0 0.48828125 0.86875 0.0265625 0.0375
ckz6rut1n000v386l8rfix41j 0 0.84296875 0.85625 0.0265625 0.0375
ckz6ruunj000x386l4qiqzsvd 0 0.83359375 0.98125 0.0265625 0.0375
ckz6ruw8w000z386lc52x10qx 0 0.8503676470588235 0.7541666666666667 0.0265625 0.0375
ckz6ruzco0013386lo3nqjmle 0 0.828125 0.43645833333333334 0.025 0.03958333333333333
ckz6rv4et0015386le3rdpw93 0 0.8658784138655463 0.409375 0.025 0.03958333333333333
ckz6rva9o0019386ll7e0plel 0 0.6593513257575758 0.19816919191919194 0.0265625 0.03333333333333333
ckz6rvlfq001d386lt59x4kz2 0 0.7656846134538153 0.09206827309236948 0.0265625 0.03333333333333333
ckz6rvnb8001f386l63s6p1ys 0 0.71015625 0.6354166666666666 0.0265625 0.03333333333333333
ckz6rvpuj001h386lhrb15el1 0 0.5561969053398058 0.5524474110032362 0.0296875 0.03333333333333333
ckz6rvrjs001j386lscfviwaz 0 0.4768160182119205 0.4149420529801324 0.0265625 0.03333333333333333
ckz6rvxvs001p386l9u5f2w3s 0 0.66796875 0.5041666666666667 0.028125 0.0375
ckz6rw3in001v386l6bltg9jj 0 0.54453125 0.02256944444444444 0.0203125 0.027083333333333334
ckz6rw56s001x386l432ih3l6 0 0.9641015625 0.885 0.0234375 0.035416666666666666
cl4ssee0s0008356hd15z4qn8 0 0.58828125 0.11875 0.0296875 0.05
cl4ssegqi000c356hwxoota92 0 0.6015625 0.20625 0.025 0.04583333333333333
cl4uq6b5l0003356p4ou3mrfw 0 0.85625 0.22395833333333334 0.0375 0.04375
cl4uq7un10007356p14ye3ifb 0 0.87109375 0.13666666666666666 0.0328125 0.037499999999999985
cl4uqbjp9000b356p2175vvqw 0 0.4944876365291262 0.7469331512944984 0.0421875 0.04375
cl4ur3vs8000v356pe031p1yo 0 0.5019222508591066 0.03003651202749141 0.025 0.027083333333333334
cl4uru0kq0013356pt4h9yjm1 0 0.5083570075757576 0.01518308080808081 0.0296875 0.01875
cl4urwkrx0017356pikpviaa9 0 0.3644640456989247 0.03522625448028673 0.0234375 0.02708333333333333
cl53eq6de000f356i3cjd5jif 1 0.57109375 0.13333333333333333 0.0890625 0.1125
cl53eqa7m000l356ivf26125u 1 0.3203125 0.21041666666666667 0.103125 0.09583333333333334
