ckz3v9nzv00033867jsekqdcl 0 0.26484375 0.4354166666666667 0.0265625 0.0375
ckz6ru2eb0001386lefk6js4m 0 0.23828125 0.5770833333333333 0.0265625 0.0375
ckz6ru3um0003386l39xwv0yk 0 0.24191795318725098 0.85625 0.0265625 0.0375
ckz6ru5610005386l8uoys4lc 0 0.19453125 0.8458333333333333 0.0265625 0.0375
ckz6ru6of0007386lhf2t4dtw 0 0.08359375 0.80625 0.0265625 0.0375
ckz6ru83f0009386lx7517dwf 0 0.015518604085603117 0.7637483787289234 0.0265625 0.0375
ckz6ru99l000b386l18xh2byu 0 0.13515625 0.18958333333333333 0.0265625 0.0375
ckz6rub67000d386ld3mx1dyi 0 0.27085336538461535 0.23189102564102565 0.0265625 0.041666666666666664
ckz6ruchb000f386lxxpeu5na 0 0.247998046875 0.1474609375 0.0265625 0.0375
ckz6rudsb000h386lkwwvc8dz 0 0.2815872302158273 0.2214253597122302 0.0265625 0.0375
ckz6ruf3e000j386lbyqpxw51 0 0.2758360745614035 0.3503289473684211 0.0265625 0.0375
ckz6rugcj000l386lzjazem8c 0 0.0625 0.55 0.028125 0.05
ckz6rui7o000n386lh32dwmkr 0 0.5339140281844802 0.9733437042459736 0.0265625 0.0375
ckz6ruj49000p386lndk3j9jv 0 0.6299854343220339 0.5981285310734463 0.0265625 0.0375
ckz6rup8s000r386lkjotnoh0 0 0.48828125 0.86875 0.0265625 0.0375
ckz6rut1n000v386l8rfix41j 0 0.8436524807152874 0.8541988078541375 0.0265625 0.0375
ckz6ruunj000x386l4qiqzsvd 0 0.8342774807152875 0.9791988078541375 0.0265625 0.0375
ckz6ruw8w000z386lc52x10qx 0 0.8512940480364657 0.7534829359513792 0.0265625 0.0375
ckz6ruzco0013386lo3nqjmle 0 0.828125 0.43645833333333334 0.025 0.03958333333333333
ckz6rv4et0015386le3rdpw93 0 0.86624868697479 0.409375 0.025 0.03958333333333333
ckz6rva9o0019386ll7e0plel 0 0.6609679383116883 0.18579545454545457 0.0265625 0.03333333333333333
ckz6rvlfq001d386lt59x4kz2 0 0.7680440512048193 0.08734939759036145 0.0265625 0.03333333333333333
ckz6rvnb8001f386l63s6p1ys 0 0.71015625 0.6354166666666666 0.0265625 0.03333333333333333
ckz6rvpuj001h386lhrb15el1 0 0.5639611164122138 0.5401001908396946 0.028697519083969426 0.03333333333333328
ckz6rvrjs001j386lscfviwaz 0 0.48070674668874175 0.4084575055187638 0.0265625 0.03333333333333333
ckz6rvxvs001p386l9u5f2w3s 0 0.6203125 0.5833333333333334 0.028125 0.0375
ckz6rw3in001v386l6bltg9jj 0 0.65546875 0.07864583333333333 0.0265625 0.03333333333333333
ckz6rw56s001x386l432ih3l6 0 0.9746193910256411 0.8650373931623931 0.0234375 0.035416666666666666
cl4ssee0s0008356hd15z4qn8 0 0.58828125 0.11875 0.0296875 0.05
cl4ssegqi000c356hwxoota92 0 0.6015625 0.20625 0.025 0.04583333333333333
cl4uq6b5l0003356p4ou3mrfw 0 0.85625 0.22395833333333334 0.0375 0.04375
cl4uq7un10007356p14ye3ifb 0 0.92265625 0.21666666666666667 0.0328125 0.041666666666666664
cl4uqbjp9000b356p2175vvqw 0 0.4957353610436893 0.7452695186084142 0.0421875 0.04375
cl4ur3vs8000v356pe031p1yo 0 0.505297619047619 0.025195105820105822 0.025 0.027083333333333338
cl4urtjol000z356puo72ztp3 0 0.08151041666666667 0.30243055555555554 0.0296875 0.03958333333333333
cl4uru0kq0013356pt4h9yjm1 0 0.5128077651515152 0.013699494949494951 0.0296875 0.01875
cl4urwkrx0017356pikpviaa9 0 0.3666750672043011 0.026803315412186383 0.0234375 0.027083333333333338
cl4urzbou001b356p2c0bz1ci 0 0.03359375 0.10625 0.0296875 0.03333333333333333
cl53eq6de000f356i3cjd5jif 1 0.57109375 0.13333333333333333 0.0890625 0.1125
cl53eqa7m000l356ivf26125u 1 0.3203125 0.21041666666666667 0.103125 0.09583333333333334
