ckz3v9nzv00033867jsekqdcl 0 0.26660586453744495 0.43365455212922177 0.0265625 0.0375
ckz6ru2eb0001386lefk6js4m 0 0.23828125 0.5770833333333333 0.0265625 0.0375
ckz6ru3um0003386l39xwv0yk 0 0.2422491284860558 0.85625 0.0265625 0.0375
ckz6ru5610005386l8uoys4lc 0 0.19453125 0.8458333333333333 0.0265625 0.0375
ckz6ru6of0007386lhf2t4dtw 0 0.08359375 0.80625 0.0265625 0.0375
ckz6ru83f0009386lx7517dwf 0 0.018753039883268485 0.7535059987029832 0.0265625 0.0375
ckz6ru99l000b386l18xh2byu 0 0.13515625 0.18958333333333333 0.0265625 0.0375
ckz6rub67000d386ld3mx1dyi 0 0.2332331730769231 0.18701923076923077 0.0265625 0.041666666666666664
ckz6ruchb000f386lxxpeu5na 0 0.2577392578125 0.13447265625 0.0265625 0.0375
ckz6rudsb000h386lkwwvc8dz 0 0.2823347571942446 0.2204286570743405 0.0265625 0.0375
ckz6ruf3e000j386lbyqpxw51 0 0.2863265687250996 0.33593957503320054 0.0265625 0.0375
ckz6rugcj000l386lzjazem8c 0 0.1545138888888889 0.524537037037037 0.028125 0.05
ckz6rui7o000n386lh32dwmkr 0 0.5431640625 0.9544849537037037 0.0265625 0.0375
ckz6ruj49000p386lndk3j9jv 0 0.6361493644067797 0.5840395480225988 0.0265625 0.0375
ckz6rup8s000r386lkjotnoh0 0 0.48828125 0.86875 0.0265625 0.0375
ckz6rut1n000v386l8rfix41j 0 0.8448183292426368 0.8507012622720898 0.0265625 0.0375
ckz6ruunj000x386l4qiqzsvd 0 0.8354433292426368 0.9757012622720898 0.0265625 0.0375
ckz6ruw8w000z386lc52x10qx 0 0.8521684344319775 0.7523170874240299 0.0265625 0.0375
ckz6ruzco0013386lo3nqjmle 0 0.828125 0.43645833333333334 0.025 0.03958333333333333
ckz6rv4et0015386le3rdpw93 0 0.8667725840336133 0.409375 0.025 0.03958333333333333
ckz6rva9o0019386ll7e0plel 0 0.6627671807359308 0.17739898989898992 0.0265625 0.03333333333333333
ckz6rvlfq001d386lt59x4kz2 0 0.771382404618474 0.08067269076305221 0.0265625 0.03333333333333333
ckz6rvnb8001f386l63s6p1ys 0 0.71015625 0.6354166666666666 0.0265625 0.03333333333333333
ckz6rvpuj001h386lhrb15el1 0 0.5750656011450381 0.5242366412213741 0.02711116412213741 0.033333333333333395
ckz6rvrjs001j386lscfviwaz 0 0.48817181420233463 0.4054312581063554 0.0265625 0.03333333333333333
ckz6rvvx4001n386lwp0hh90g 0 0.00584375 0.30237499999999995 0.0116875 0.03508333333333334
ckz6rvxvs001p386l9u5f2w3s 0 0.46875 0.475 0.028125 0.0375
ckz6rw3in001v386l6bltg9jj 0 0.75390625 0.16666666666666666 0.0265625 0.03333333333333333
ckz6rw56s001x386l432ih3l6 0 0.9771931475903614 0.8441139558232932 0.0234375 0.035416666666666666
cl4ssee0s0008356hd15z4qn8 0 0.58828125 0.11875 0.0296875 0.05
cl4ssegqi000c356hwxoota92 0 0.6015625 0.20625 0.025 0.04583333333333333
cl4sseopo000g356h6ldd8ms6 0 0.06484375 0.10104166666666667 0.0296875 0.03958333333333333
cl4uq6b5l0003356p4ou3mrfw 0 0.85625 0.22395833333333334 0.0375 0.04375
cl4uqbjp9000b356p2175vvqw 0 0.49936266447368427 0.7397066885964912 0.0421875 0.04375
cl4ur3vs8000v356pe031p1yo 0 0.5013392857142857 0.0216765873015873 0.025 0.027083333333333334
cl4urtjol000z356puo72ztp3 0 0.280078125 0.21979166666666666 0.028125 0.0375
cl4uru0kq0013356pt4h9yjm1 0 0.5191051136363637 0.011600378787878788 0.0296875 0.01875
cl4urwkrx0017356pikpviaa9 0 0.37145089285714283 0.01549107142857143 0.0234375 0.023601190476190477
cl53eq6de000f356i3cjd5jif 1 0.57109375 0.13333333333333333 0.0890625 0.1125
cl53eqa7m000l356ivf26125u 1 0.3203125 0.21041666666666667 0.103125 0.09583333333333334
