ckz3v9nzv00033867jsekqdcl 0 0.2703228248898678 0.42993759177679886 0.0265625 0.0375
ckz6ru2eb0001386lefk6js4m 0 0.23828125 0.5770833333333333 0.0265625 0.0375
ckz6ru3um0003386l39xwv0yk 0 0.24258528386454184 0.85625 0.0265625 0.0375
ckz6ru5610005386l8uoys4lc 0 0.19453125 0.8458333333333333 0.0265625 0.0375
ckz6ru6of0007386lhf2t4dtw 0 0.08359375 0.80625 0.0265625 0.0375
ckz6ru83f0009386lx7517dwf 0 0.022036113813229573 0.743109597924773 0.0265625 0.0375
ckz6ru99l000b386l18xh2byu 0 0.13515625 0.18958333333333333 0.0265625 0.0375
ckz6rub67000d386ld3mx1dyi 0 0.22109375 0.18214285714285713 0.0265625 0.041666666666666664
ckz6ruchb000f386lxxpeu5na 0 0.2697063577586207 0.12192887931034484 0.0265625 0.03750000000000001
ckz6rudsb000h386lkwwvc8dz 0 0.28309352517985614 0.2194169664268585 0.0265625 0.0375
ckz6ruf3e000j386lbyqpxw51 0 0.29725161852589643 0.32137284196547145 0.0265625 0.0375
ckz6rugcj000l386lzjazem8c 0 0.2279017857142857 0.4666666666666667 0.028125 0.04583333333333333
ckz6rui7o000n386lh32dwmkr 0 0.5559447433774835 0.9274144591611478 0.0265625 0.0375
ckz6ruj49000p386lndk3j9jv 0 0.63828125 0.5741098484848485 0.0265625 0.0375
ckz6rup8s000r386lkjotnoh0 0 0.48828125 0.86875 0.0265625 0.0375
ckz6rut1n000v386l8rfix41j 0 0.8460017093267883 0.8471511220196354 0.0265625 0.0375
ckz6ruunj000x386l4qiqzsvd 0 0.8366267093267883 0.9721511220196354 0.0265625 0.0375
ckz6ruw8w000z386lc52x10qx 0 0.8530559694950911 0.7511337073398785 0.0265625 0.0375
ckz6ruzco0013386lo3nqjmle 0 0.828125 0.43645833333333334 0.025 0.03958333333333333
ckz6rv4et0015386le3rdpw93 0 0.8673043592436974 0.409375 0.025 0.03958333333333333
ckz6rva9o0019386ll7e0plel 0 0.6657357034412955 0.1643640350877193 0.0265625 0.03333333333333333
ckz6rvlfq001d386lt59x4kz2 0 0.7739536471722366 0.07429305912596401 0.0265625 0.03333333333333333
ckz6rvnb8001f386l63s6p1ys 0 0.71015625 0.6354166666666666 0.0265625 0.03333333333333333
ckz6rvpuj001h386lhrb15el1 0 0.5839630681818182 0.5069507575757576 0.0265625 0.03333333333333333
ckz6rvrjs001j386lscfviwaz 0 0.4963794990272373 0.40433690012970164 0.0265625 0.03333333333333333
ckz6rvvx4001n386lwp0hh90g 0 0.01109375 0.27625 0.0221875 0.03333333333333333
ckz6rvxvs001p386l9u5f2w3s 0 0.36941964285714285 0.4413690476190476 0.028125 0.0375
ckz6rw3in001v386l6bltg9jj 0 0.77578125 0.390625 0.0265625 0.03333333333333333
ckz6rw56s001x386l432ih3l6 0 0.9868647411616163 0.8159827441077441 0.016422032828282872 0.035416666666666666
cl4sse7t80004356hlgz3o2fx 0 0.7776041666666667 0.8309027777777778 0.0296875 0.041666666666666664
cl4ssee0s0008356hd15z4qn8 0 0.58828125 0.11875 0.0296875 0.05
cl4ssegqi000c356hwxoota92 0 0.6015625 0.20625 0.025 0.04583333333333333
cl4sseopo000g356h6ldd8ms6 0 0.15546875 0.3194444444444445 0.0359375 0.04583333333333333
cl4uq6b5l0003356p4ou3mrfw 0 0.85625 0.22395833333333334 0.0375 0.04375
cl4uqbjp9000b356p2175vvqw 0 0.5035259046052631 0.7332305372807018 0.0421875 0.04375
cl4ur3tl4000r356p5yynq6lr 0 0.330078125 0.0640625 0.0234375 0.029166666666666667
cl4ur3vs8000v356pe031p1yo 0 0.4973214285714286 0.01810515873015873 0.025 0.027083333333333334
cl4urtjol000z356puo72ztp3 0 0.4475446428571429 0.007589285714285714 0.02857142857142856 0.015178571428571428
cl4uru0kq0013356pt4h9yjm1 0 0.5254971590909091 0.009469696969696968 0.0296875 0.01875
cl53eq6de000f356i3cjd5jif 1 0.57109375 0.13333333333333333 0.0890625 0.1125
cl53eqa7m000l356ivf26125u 1 0.3203125 0.21041666666666667 0.103125 0.09583333333333334
