ckz3v9nzv00033867jsekqdcl 0 0.26484375 0.4354166666666667 0.0265625 0.0375
ckz6ru2eb0001386lefk6js4m 0 0.23828125 0.5770833333333333 0.0265625 0.0375
ckz6ru3um0003386l39xwv0yk 0 0.2417859810756972 0.85625 0.0265625 0.0375
ckz6ru5610005386l8uoys4lc 0 0.19453125 0.8458333333333333 0.0265625 0.0375
ckz6ru6of0007386lhf2t4dtw 0 0.08359375 0.80625 0.0265625 0.0375
ckz6ru83f0009386lx7517dwf 0 0.014229693579766533 0.7678299286640726 0.0265625 0.0375
ckz6ru99l000b386l18xh2byu 0 0.13515625 0.18958333333333333 0.0265625 0.0375
ckz6rub67000d386ld3mx1dyi 0 0.2911458333333333 0.24861111111111114 0.0265625 0.0416666666666667
ckz6ruchb000f386lxxpeu5na 0 0.24553124999999998 0.15180000000000002 0.0265625 0.03750000000000001
ckz6rudsb000h386lkwwvc8dz 0 0.28128934352517987 0.22182254196642687 0.0265625 0.0375
ckz6ruf3e000j386lbyqpxw51 0 0.2722039473684211 0.356140350877193 0.0265625 0.0375
ckz6rugcj000l386lzjazem8c 0 0.01875 0.5541666666666667 0.028125 0.05
ckz6rui7o000n386lh32dwmkr 0 0.5343990208638361 0.9739903611517814 0.0265625 0.0375
ckz6ruj49000p386lndk3j9jv 0 0.6275291313559321 0.6037429378531074 0.0265625 0.0375
ckz6rup8s000r386lkjotnoh0 0 0.48828125 0.86875 0.0265625 0.0375
ckz6rut1n000v386l8rfix41j 0 0.843187894460028 0.8555925666199158 0.0265625 0.0375
ckz6ruunj000x386l4qiqzsvd 0 0.833812894460028 0.9805925666199158 0.0265625 0.0375
ckz6ruw8w000z386lc52x10qx 0 0.8509456083450211 0.7539475222066386 0.0265625 0.0375
ckz6ruzco0013386lo3nqjmle 0 0.828125 0.43645833333333334 0.025 0.03958333333333333
ckz6rv4et0015386le3rdpw93 0 0.8660399159663866 0.409375 0.025 0.03958333333333333
ckz6rva9o0019386ll7e0plel 0 0.660250946969697 0.18914141414141414 0.0265625 0.03333333333333333
ckz6rvlfq001d386lt59x4kz2 0 0.7667137299196787 0.09001004016064257 0.0265625 0.03333333333333333
ckz6rvnb8001f386l63s6p1ys 0 0.71015625 0.6354166666666666 0.0265625 0.03333333333333333
ckz6rvpuj001h386lhrb15el1 0 0.5595360209923663 0.5464217557251909 0.029329675572519153 0.033333333333333395
ckz6rvrjs001j386lscfviwaz 0 0.4785130380794702 0.4121136865342164 0.0265625 0.03333333333333333
ckz6rvxvs001p386l9u5f2w3s 0 0.665625 0.55 0.028125 0.0375
ckz6rw3in001v386l6bltg9jj 0 0.59765625 0.03680555555555555 0.0265625 0.03333333333333333
ckz6rw56s001x386l432ih3l6 0 0.9691882621951219 0.8760924796747968 0.0234375 0.035416666666666666
cl4ssee0s0008356hd15z4qn8 0 0.58828125 0.11875 0.0296875 0.05
cl4ssegqi000c356hwxoota92 0 0.6015625 0.20625 0.025 0.04583333333333333
cl4uq6b5l0003356p4ou3mrfw 0 0.85625 0.22395833333333334 0.0375 0.04375
cl4uq7un10007356p14ye3ifb 0 0.87734375 0.19895833333333332 0.0328125 0.04375
cl4uqbjp9000b356p2175vvqw 0 0.49503185679611655 0.7462075242718446 0.0421875 0.04375
cl4ur3vs8000v356pe031p1yo 0 0.5047841494845361 0.027394759450171825 0.025 0.027083333333333338
cl4urtjol000z356puo72ztp3 0 0.0078125 0.24895833333333334 0.015625 0.035416666666666666
cl4uru0kq0013356pt4h9yjm1 0 0.5102982954545454 0.014535984848484847 0.0296875 0.01875
cl4urwkrx0017356pikpviaa9 0 0.36542842741935483 0.031552419354838705 0.0234375 0.027083333333333334
cl53eq6de000f356i3cjd5jif 1 0.57109375 0.13333333333333333 0.0890625 0.1125
cl53eqa7m000l356ivf26125u 1 0.3203125 0.21041666666666667 0.103125 0.09583333333333334
