ckz3v9nzv00033867jsekqdcl 0 0.2731402101769912 0.4218903638151426 0.0265625 0.0375
ckz6ru2eb0001386lefk6js4m 0 0.23828125 0.5777288732394367 0.0265625 0.0375
ckz6ru3um0003386l39xwv0yk 0 0.24329151995305165 0.8553892801251956 0.0265625 0.0375
ckz6ru5610005386l8uoys4lc 0 0.19453125 0.8458333333333333 0.0265625 0.0375
ckz6ru6of0007386lhf2t4dtw 0 0.08359375 0.80625 0.0265625 0.0375
ckz6ru83f0009386lx7517dwf 0 0.026265404929577463 0.7308196400625978 0.0265625 0.0375
ckz6ru99l000b386l18xh2byu 0 0.13515625 0.18958333333333333 0.0265625 0.0375
ckz6rub67000d386ld3mx1dyi 0 0.21796875 0.1668478260869565 0.0265625 0.0375
ckz6ruchb000f386lxxpeu5na 0 0.2922279094827586 0.10770474137931035 0.0265625 0.0375
ckz6rudsb000h386lkwwvc8dz 0 0.28408273381294963 0.2180980215827338 0.0265625 0.0375
ckz6ruf3e000j386lbyqpxw51 0 0.3120415199530516 0.3097711267605634 0.0265625 0.0375
ckz6rugcj000l386lzjazem8c 0 0.35546875 0.3458333333333333 0.0265625 0.041666666666666664
ckz6rui7o000n386lh32dwmkr 0 0.5727075997652582 0.8897300469483568 0.0265625 0.0375
ckz6ruj49000p386lndk3j9jv 0 0.6424810332369942 0.5682502408477842 0.0265625 0.0375
ckz6rup8s000r386lkjotnoh0 0 0.48828125 0.86875 0.0265625 0.0375
ckz6rurv1000t386llsdca8lh 0 0.79140625 0.8354166666666667 0.0234375 0.0375
ckz6rut1n000v386l8rfix41j 0 0.8475444863253857 0.8425227910238429 0.0265625 0.0375
ckz6ruunj000x386l4qiqzsvd 0 0.8381694863253857 0.9675227910238429 0.0265625 0.0375
ckz6ruw8w000z386lc52x10qx 0 0.8542130522440393 0.749590930341281 0.0265625 0.0375
ckz6ruzco0013386lo3nqjmle 0 0.828125 0.43645833333333334 0.025 0.03958333333333333
ckz6rv4et0015386le3rdpw93 0 0.8679976365546219 0.409375 0.025 0.03958333333333333
ckz6rv5s20017386lyas5kerj 0 0.61484375 0.08697916666666666 0.0234375 0.035416666666666666
ckz6rva9o0019386ll7e0plel 0 0.6700928859447004 0.14567012288786482 0.0265625 0.03333333333333333
ckz6rvlfq001d386lt59x4kz2 0 0.7718328245501286 0.06863753213367609 0.0265625 0.033333333333333326
ckz6rvnb8001f386l63s6p1ys 0 0.7104790199530516 0.6358470266040688 0.0265625 0.03333333333333333
ckz6rvpuj001h386lhrb15el1 0 0.5910834800469484 0.49224374021909234 0.0265625 0.03333333333333333
ckz6rvrjs001j386lscfviwaz 0 0.4979790199530516 0.38893779342723006 0.0265625 0.03333333333333333
ckz6rvvx4001n386lwp0hh90g 0 0.014155505952380954 0.2439236111111111 0.0265625 0.03333333333333333
ckz6rvxvs001p386l9u5f2w3s 0 0.20625 0.3177083333333333 0.028125 0.0375
ckz6rw3in001v386l6bltg9jj 0 0.7953125 0.6276041666666666 0.0265625 0.03333333333333333
ckz6rw56s001x386l432ih3l6 0 0.9927141462053571 0.7767438616071428 0.014571707589285766 0.03510974702380949
cl4sse7t80004356hlgz3o2fx 0 0.6703125 0.5083333333333333 0.025 0.041666666666666664
cl4ssee0s0008356hd15z4qn8 0 0.58828125 0.11875 0.0296875 0.05
cl4ssegqi000c356hwxoota92 0 0.6015625 0.20625 0.025 0.04583333333333333
cl4sseopo000g356h6ldd8ms6 0 0.25703125 0.5416666666666666 0.0359375 0.04583333333333333
cl4swkq5u0003356p8vuhc7nn 0 0.284375 0.47604166666666664 0.0328125 0.0375
cl4uq6b5l0003356p4ou3mrfw 0 0.85625 0.22395833333333334 0.0375 0.04375
cl4uqbjp9000b356p2175vvqw 0 0.5089535361842106 0.7247875548245614 0.0421875 0.04375
cl53eq6de000f356i3cjd5jif 1 0.57109375 0.13333333333333333 0.0890625 0.1125
cl53eqa7m000l356ivf26125u 1 0.3203125 0.21041666666666667 0.103125 0.09583333333333334
