ckz3v9nzv00033867jsekqdcl 0 0.275172842920354 0.4146632251720747 0.0265625 0.0375
ckz6ru2eb0001386lefk6js4m 0 0.23828125 0.5820422535211268 0.0265625 0.0375
ckz6ru3um0003386l39xwv0yk 0 0.2454482100938967 0.8496381064162755 0.0265625 0.0375
ckz6ru5610005386l8uoys4lc 0 0.19453125 0.8458333333333333 0.0265625 0.0375
ckz6ru6of0007386lhf2t4dtw 0 0.08359375 0.80625 0.0265625 0.0375
ckz6ru83f0009386lx7517dwf 0 0.029500440140845068 0.7279440532081377 0.0265625 0.0375
ckz6ru99l000b386l18xh2byu 0 0.13515625 0.18958333333333333 0.0265625 0.0375
ckz6rub67000d386ld3mx1dyi 0 0.1942471590909091 0.1259469696969697 0.0265625 0.0375
ckz6ruchb000f386lxxpeu5na 0 0.309655070754717 0.09720911949685535 0.0265625 0.0375
ckz6rudsb000h386lkwwvc8dz 0 0.2849089478417266 0.21699640287769784 0.0265625 0.0375
ckz6ruf3e000j386lbyqpxw51 0 0.3141982100938967 0.30545774647887325 0.0265625 0.0375
ckz6rugcj000l386lzjazem8c 0 0.41640625 0.13680555555555557 0.0265625 0.04166666666666668
ckz6rui7o000n386lh32dwmkr 0 0.5834910504694836 0.8767899061032864 0.0265625 0.0375
ckz6ruj49000p386lndk3j9jv 0 0.6464640534682081 0.5638246628131022 0.0265625 0.0375
ckz6rup8s000r386lkjotnoh0 0 0.48828125 0.86875 0.0265625 0.0375
ckz6rurv1000t386llsdca8lh 0 0.50546875 0.7708333333333334 0.0265625 0.0375
ckz6rut1n000v386l8rfix41j 0 0.8488330557503506 0.8386570827489481 0.0265625 0.0375
ckz6ruunj000x386l4qiqzsvd 0 0.8394580557503506 0.9636570827489481 0.0265625 0.0375
ckz6ruw8w000z386lc52x10qx 0 0.8551794793127631 0.7483023609163161 0.0265625 0.0375
ckz6ruxwl0011386lwhdpziws 0 0.8903645833333333 0.69375 0.0265625 0.0375
ckz6ruzco0013386lo3nqjmle 0 0.828125 0.43645833333333334 0.025 0.03958333333333333
ckz6rv4et0015386le3rdpw93 0 0.868576680672269 0.409375 0.025 0.03958333333333333
ckz6rv5s20017386lyas5kerj 0 0.69140625 0.18125 0.0234375 0.03333333333333333
ckz6rva9o0019386ll7e0plel 0 0.673268289170507 0.13296850998463902 0.0265625 0.03333333333333335
ckz6rvlfq001d386lt59x4kz2 0 0.770061455655527 0.06391388174807199 0.0265625 0.03333333333333334
ckz6rvnb8001f386l63s6p1ys 0 0.7126357100938967 0.638722613458529 0.0265625 0.03333333333333333
ckz6rvpuj001h386lhrb15el1 0 0.5889267899061033 0.482179186228482 0.0265625 0.03333333333333333
ckz6rvrjs001j386lscfviwaz 0 0.5001357100938967 0.3846244131455399 0.0265625 0.03333333333333333
ckz6rvtvy001l386li54we947 0 0.15046874999999998 0.5558333333333334 0.02718750000000001 0.034166666666666616
ckz6rvvx4001n386lwp0hh90g 0 0.017214439655172414 0.21774425287356322 0.0265625 0.03333333333333333
ckz6rvxvs001p386l9u5f2w3s 0 0.07317708333333334 0.2263888888888889 0.0265625 0.03333333333333333
ckz6rw3in001v386l6bltg9jj 0 0.741015625 0.8223958333333333 0.0265625 0.03333333333333333
ckz6rw56s001x386l432ih3l6 0 0.9880998883928571 0.7705915178571429 0.023800223214285765 0.03374255952380949
cl4sse7t80004356hlgz3o2fx 0 0.5658482142857143 0.2894345238095238 0.025 0.035416666666666666
cl4ssee0s0008356hd15z4qn8 0 0.58828125 0.11875 0.0296875 0.05
cl4ssegqi000c356hwxoota92 0 0.6015625 0.20625 0.025 0.04583333333333333
cl4sseopo000g356h6ldd8ms6 0 0.3359375 0.740625 0.0390625 0.041666666666666664
cl4swkq5u0003356p8vuhc7nn 0 0.74375 0.6041666666666666 0.028125 0.035416666666666666
cl4uq6b5l0003356p4ou3mrfw 0 0.85625 0.22395833333333334 0.0375 0.04375
cl4uqbjp9000b356p2175vvqw 0 0.5134868421052632 0.7177357456140351 0.0421875 0.04375
