ckz3v9nzv00033867jsekqdcl 0 0.26484375 0.4354166666666667 0.0265625 0.0375
ckz6ru2eb0001386lefk6js4m 0 0.23828125 0.5770833333333333 0.0265625 0.0375
ckz6ru3um0003386l39xwv0yk 0 0.24157930776892428 0.85625 0.0265625 0.0375
ckz6ru5610005386l8uoys4lc 0 0.19453125 0.8458333333333333 0.0265625 0.0375
ckz6ru6of0007386lhf2t4dtw 0 0.08359375 0.80625 0.0265625 0.0375
ckz6ru83f0009386lx7517dwf 0 0.010091817010309279 0.7779209621993127 0.020183634020618558 0.03466494845360823
ckz6ru99l000b386l18xh2byu 0 0.13515625 0.18958333333333333 0.0265625 0.0375
ckz6rub67000d386ld3mx1dyi 0 0.30078125 0.24583333333333332 0.0265625 0.041666666666666664
ckz6ruchb000f386lxxpeu5na 0 0.24380208333333334 0.15733333333333333 0.0265625 0.0375
ckz6rudsb000h386lkwwvc8dz 0 0.2808228417266187 0.2224445443645084 0.0265625 0.0375
ckz6ruf3e000j386lbyqpxw51 0 0.2627317994505495 0.36343864468864473 0.0265625 0.0375
ckz6rui7o000n386lh32dwmkr 0 0.5351585377013177 0.9750030502684236 0.0265625 0.0375
ckz6ruj49000p386lndk3j9jv 0 0.628032063197026 0.6053903345724907 0.0265625 0.0375
ckz6rup8s000r386lkjotnoh0 0 0.48828125 0.86875 0.0265625 0.0375
ckz6rut1n000v386l8rfix41j 0 0.84296875 0.85625 0.0265625 0.0375
ckz6ruunj000x386l4qiqzsvd 0 0.83359375 0.98125 0.0265625 0.0375
ckz6ruw8w000z386lc52x10qx 0 0.8492819393382354 0.7541666666666667 0.0265625 0.0375
ckz6ruzco0013386lo3nqjmle 0 0.828125 0.43645833333333334 0.025 0.03958333333333333
ckz6rv4et0015386le3rdpw93 0 0.8657129726890757 0.409375 0.025 0.03958333333333333
ckz6rva9o0019386ll7e0plel 0 0.6570913461538461 0.20825320512820514 0.0265625 0.03333333333333333
ckz6rvlfq001d386lt59x4kz2 0 0.7646303965863454 0.09417670682730923 0.0265625 0.03333333333333333
ckz6rvnb8001f386l63s6p1ys 0 0.71015625 0.6354166666666666 0.0265625 0.03333333333333333
ckz6rvpuj001h386lhrb15el1 0 0.5530112257281553 0.561792071197411 0.0296875 0.03333333333333333
ckz6rvrjs001j386lscfviwaz 0 0.47507760761589407 0.41783940397350994 0.0265625 0.03333333333333333
ckz6rvxvs001p386l9u5f2w3s 0 0.6859375 0.4966666666666667 0.028125 0.0375
ckz6rw56s001x386l432ih3l6 0 0.9612481174698795 0.8962976907630522 0.0234375 0.035416666666666666
cl4ssee0s0008356hd15z4qn8 0 0.58828125 0.11875 0.0296875 0.05
cl4ssegqi000c356hwxoota92 0 0.6015625 0.20625 0.025 0.04583333333333333
cl4uq6b5l0003356p4ou3mrfw 0 0.85625 0.22395833333333334 0.0375 0.04375
cl4uq7un10007356p14ye3ifb 0 0.82421875 0.103125 0.0296875 0.035416666666666666
cl4uqbjp9000b356p2175vvqw 0 0.4939301425970874 0.7476764765372168 0.0421875 0.04375
cl4ur3vs8000v356pe031p1yo 0 0.4989905498281787 0.03274269759450172 0.025 0.027083333333333334
cl4uru0kq0013356pt4h9yjm1 0 0.50703125 0.016053921568627453 0.0296875 0.0196078431372549
cl4urwkrx0017356pikpviaa9 0 0.36347614247311827 0.03898969534050179 0.0234375 0.027083333333333334
cl53eq6de000f356i3cjd5jif 1 0.57109375 0.13333333333333333 0.0890625 0.1125
cl53eqa7m000l356ivf26125u 1 0.3203125 0.21041666666666667 0.103125 0.09583333333333334
