ckz3v9nzv00033867jsekqdcl 0 0.2669362610132159 0.4333241556534508 0.0265625 0.0375
ckz6ru2eb0001386lefk6js4m 0 0.23828125 0.5770833333333333 0.0265625 0.0375
ckz6ru3um0003386l39xwv0yk 0 0.24227900896414342 0.85625 0.0265625 0.0375
ckz6ru5610005386l8uoys4lc 0 0.19453125 0.8458333333333333 0.0265625 0.0375
ckz6ru6of0007386lhf2t4dtw 0 0.08359375 0.80625 0.0265625 0.0375
ckz6ru83f0009386lx7517dwf 0 0.019044868677042803 0.7525818741893644 0.0265625 0.0375
ckz6ru99l000b386l18xh2byu 0 0.13515625 0.18958333333333333 0.0265625 0.0375
ckz6rub67000d386ld3mx1dyi 0 0.23138786764705882 0.18584558823529412 0.0265625 0.041666666666666664
ckz6ruchb000f386lxxpeu5na 0 0.2586181640625 0.13330078125 0.0265625 0.0375
ckz6rudsb000h386lkwwvc8dz 0 0.28240220323741005 0.22033872901678656 0.0265625 0.0375
ckz6ruf3e000j386lbyqpxw51 0 0.2872976842629482 0.33464475431606905 0.0265625 0.0375
ckz6rugcj000l386lzjazem8c 0 0.1625 0.528125 0.028125 0.05
ckz6rui7o000n386lh32dwmkr 0 0.5443359375 0.9522280092592593 0.0265625 0.0375
ckz6ruj49000p386lndk3j9jv 0 0.6367055084745763 0.5827683615819209 0.0265625 0.0375
ckz6rup8s000r386lkjotnoh0 0 0.48828125 0.86875 0.0265625 0.0375
ckz6rut1n000v386l8rfix41j 0 0.8449235185834502 0.8503856942496494 0.0265625 0.0375
ckz6ruunj000x386l4qiqzsvd 0 0.8355485185834501 0.9753856942496494 0.0265625 0.0375
ckz6ruw8w000z386lc52x10qx 0 0.8522473264375877 0.7522118980832164 0.0265625 0.0375
ckz6ruzco0013386lo3nqjmle 0 0.828125 0.43645833333333334 0.025 0.03958333333333333
ckz6rv4et0015386le3rdpw93 0 0.8668198529411765 0.409375 0.025 0.03958333333333333
ckz6rva9o0019386ll7e0plel 0 0.6629295183982684 0.17664141414141413 0.0265625 0.03333333333333333
ckz6rvlfq001d386lt59x4kz2 0 0.771683609437751 0.08007028112449799 0.0265625 0.03333333333333333
ckz6rvnb8001f386l63s6p1ys 0 0.71015625 0.6354166666666666 0.0265625 0.03333333333333333
ckz6rvpuj001h386lhrb15el1 0 0.5760675095419847 0.5228053435114504 0.026968034351145052 0.03333333333333333
ckz6rvrjs001j386lscfviwaz 0 0.4889013861867705 0.40533398184176395 0.0265625 0.03333333333333333
ckz6rvvx4001n386lwp0hh90g 0 0.00640625 0.29812500000000003 0.0128125 0.03458333333333332
ckz6rvxvs001p386l9u5f2w3s 0 0.46875 0.4625 0.028125 0.0375
ckz6rw3in001v386l6bltg9jj 0 0.75546875 0.18125 0.0265625 0.03333333333333333
ckz6rw56s001x386l432ih3l6 0 0.9776436237373737 0.8418665824915824 0.023216540404040486 0.035416666666666666
cl4ssee0s0008356hd15z4qn8 0 0.58828125 0.11875 0.0296875 0.05
cl4ssegqi000c356hwxoota92 0 0.6015625 0.20625 0.025 0.04583333333333333
cl4sseopo000g356h6ldd8ms6 0 0.05234375 0.14270833333333333 0.0296875 0.03958333333333333
cl4uq6b5l0003356p4ou3mrfw 0 0.85625 0.22395833333333334 0.0375 0.04375
cl4uqbjp9000b356p2175vvqw 0 0.4997327302631579 0.7391310307017543 0.0421875 0.04375
cl4ur3vs8000v356pe031p1yo 0 0.5009821428571428 0.021359126984126987 0.025 0.027083333333333334
cl4urtjol000z356puo72ztp3 0 0.28125 0.17708333333333334 0.028125 0.0375
cl4uru0kq0013356pt4h9yjm1 0 0.5196732954545454 0.011410984848484847 0.0296875 0.01875
cl4urwkrx0017356pikpviaa9 0 0.37198660714285714 0.014508928571428572 0.0234375 0.02306547619047619
cl53eq6de000f356i3cjd5jif 1 0.57109375 0.13333333333333333 0.0890625 0.1125
cl53eqa7m000l356ivf26125u 1 0.3203125 0.21041666666666667 0.103125 0.09583333333333334
