ckz3v9nzv00033867jsekqdcl 0 0.26484375 0.4354166666666667 0.0265625 0.0375
ckz6ru2eb0001386lefk6js4m 0 0.23828125 0.5770833333333333 0.0265625 0.0375
ckz6ru3um0003386l39xwv0yk 0 0.2407600846613546 0.85625 0.0265625 0.0375
ckz6ru5610005386l8uoys4lc 0 0.19453125 0.8458333333333333 0.0265625 0.0375
ckz6ru6of0007386lhf2t4dtw 0 0.08359375 0.80625 0.0265625 0.0375
ckz6ru83f0009386lx7517dwf 0 0.00546875 0.8104166666666667 0.0109375 0.03333333333333333
ckz6ru99l000b386l18xh2byu 0 0.13515625 0.18958333333333333 0.0265625 0.0375
ckz6rub67000d386ld3mx1dyi 0 0.30502232142857144 0.21726190476190477 0.0265625 0.041666666666666664
ckz6ruchb000f386lxxpeu5na 0 0.23193204365079367 0.17394179894179895 0.0265625 0.0375
ckz6rudsb000h386lkwwvc8dz 0 0.2709298155737705 0.24290300546448088 0.0265625 0.0375
ckz6ruf3e000j386lbyqpxw51 0 0.23604166666666665 0.38006944444444446 0.0265625 0.0375
ckz6rui7o000n386lh32dwmkr 0 0.538169152635432 0.9790172035139092 0.0265625 0.0375
ckz6ruj49000p386lndk3j9jv 0 0.6308985827137547 0.6104863692688972 0.0265625 0.0375
ckz6rup8s000r386lkjotnoh0 0 0.48828125 0.86875 0.0265625 0.0375
ckz6rut1n000v386l8rfix41j 0 0.84296875 0.85625 0.0265625 0.0375
ckz6ruunj000x386l4qiqzsvd 0 0.83359375 0.98125 0.0265625 0.0375
ckz6ruw8w000z386lc52x10qx 0 0.8407772288602942 0.7541666666666667 0.0265625 0.0375
ckz6ruzco0013386lo3nqjmle 0 0.828125 0.43645833333333334 0.025 0.03958333333333333
ckz6rv4et0015386le3rdpw93 0 0.8644170168067227 0.409375 0.025 0.03958333333333333
ckz6rva9o0019386ll7e0plel 0 0.6313384093533487 0.23603252501924557 0.0265625 0.03333333333333333
ckz6rvlfq001d386lt59x4kz2 0 0.7552939248251749 0.10973193473193474 0.0265625 0.03333333333333333
ckz6rvnb8001f386l63s6p1ys 0 0.71015625 0.6354166666666666 0.0265625 0.03333333333333333
ckz6rvpuj001h386lhrb15el1 0 0.5207136824324324 0.5988738738738739 0.0296875 0.03333333333333333
ckz6rvrjs001j386lscfviwaz 0 0.46251132246376814 0.4436996779388084 0.0265625 0.03333333333333333
ckz6rvxvs001p386l9u5f2w3s 0 0.987890625 0.3645833333333333 0.02421875 0.0375
ckz6rw56s001x386l432ih3l6 0 0.9286211222627736 0.9722551703163017 0.0234375 0.035416666666666666
cl4ssee0s0008356hd15z4qn8 0 0.58828125 0.11875 0.0296875 0.05
cl4ssegqi000c356hwxoota92 0 0.6015625 0.20625 0.025 0.04583333333333333
cl4uq6b5l0003356p4ou3mrfw 0 0.85625 0.22395833333333334 0.0375 0.04375
cl4uqbjp9000b356p2175vvqw 0 0.48956310679611653 0.7534991909385113 0.0421875 0.04375
cl4uqf5bj000f356p05tutl57 0 0.8794270833333334 0.646875 0.0296875 0.03958333333333333
cl4uqu10i000j356pw85hd2yi 0 0.14483173076923078 0.9313301282051282 0.025 0.03958333333333333
cl4uqxtok000n356p228e7wni 0 0.17864583333333334 0.9618055555555556 0.028125 0.029166666666666667
cl4ur3vs8000v356pe031p1yo 0 0.48463490704500983 0.04652845727332029 0.025 0.027083333333333338
cl4uru0kq0013356pt4h9yjm1 0 0.5078863188976378 0.02415518372703412 0.0296875 0.03125
cl4urwkrx0017356pikpviaa9 0 0.35703125 0.06354166666666666 0.0234375 0.027083333333333334
cl4us8aru001l356p2sc1k1bh 0 0.9872823660714285 0.01433779761904762 0.020881696428571316 0.02311011904761905
cl53eq6de000f356i3cjd5jif 1 0.57109375 0.13333333333333333 0.0890625 0.1125
cl53eqa7m000l356ivf26125u 1 0.3203125 0.21041666666666667 0.103125 0.09583333333333334
