ckz3v9nzv00033867jsekqdcl 0 0.26484375 0.4354166666666667 0.0265625 0.0375
ckz6ru2eb0001386lefk6js4m 0 0.23828125 0.5770833333333333 0.0265625 0.0375
ckz6ru3um0003386l39xwv0yk 0 0.24062562250996017 0.85625 0.0265625 0.0375
ckz6ru5610005386l8uoys4lc 0 0.19453125 0.8458333333333333 0.0265625 0.0375
ckz6ru6of0007386lhf2t4dtw 0 0.08359375 0.80625 0.0265625 0.0375
ckz6ru99l000b386l18xh2byu 0 0.13515625 0.18958333333333333 0.0265625 0.0375
ckz6rub67000d386ld3mx1dyi 0 0.29765625 0.2119047619047619 0.0265625 0.041666666666666664
ckz6ruchb000f386lxxpeu5na 0 0.22657490079365078 0.17304894179894179 0.0265625 0.0375
ckz6rudsb000h386lkwwvc8dz 0 0.26935891544117646 0.24652267156862745 0.0265625 0.0375
ckz6ruf3e000j386lbyqpxw51 0 0.23318359375000003 0.383515625 0.0265625 0.0375
ckz6rui7o000n386lh32dwmkr 0 0.5386632961200586 0.9796760614934114 0.0265625 0.0375
ckz6ruj49000p386lndk3j9jv 0 0.6313690752788104 0.6113228004956629 0.0265625 0.0375
ckz6rup8s000r386lkjotnoh0 0 0.48828125 0.86875 0.0265625 0.0375
ckz6rut1n000v386l8rfix41j 0 0.84296875 0.85625 0.0265625 0.0375
ckz6ruunj000x386l4qiqzsvd 0 0.83359375 0.98125 0.0265625 0.0375
ckz6ruw8w000z386lc52x10qx 0 0.8393813189338235 0.7541666666666667 0.0265625 0.0375
ckz6ruzco0013386lo3nqjmle 0 0.828125 0.43645833333333334 0.025 0.03958333333333333
ckz6rv4et0015386le3rdpw93 0 0.864204306722689 0.409375 0.025 0.03958333333333333
ckz6rva9o0019386ll7e0plel 0 0.6307538250577367 0.23655215550423403 0.0265625 0.03333333333333333
ckz6rvlfq001d386lt59x4kz2 0 0.7547038898601398 0.11445221445221446 0.0265625 0.03333333333333333
ckz6rvnb8001f386l63s6p1ys 0 0.71015625 0.6354166666666666 0.0265625 0.03333333333333333
ckz6rvpuj001h386lhrb15el1 0 0.5169270833333333 0.6006944444444444 0.0296875 0.03333333333333333
ckz6rvrjs001j386lscfviwaz 0 0.46128849637681163 0.449134460547504 0.0265625 0.03333333333333333
ckz6rw56s001x386l432ih3l6 0 0.9218464872262773 0.9812880170316302 0.0234375 0.035416666666666666
cl4ssee0s0008356hd15z4qn8 0 0.58828125 0.11875 0.0296875 0.05
cl4ssegqi000c356hwxoota92 0 0.6015625 0.20625 0.025 0.04583333333333333
cl4uq6b5l0003356p4ou3mrfw 0 0.85625 0.22395833333333334 0.0375 0.04375
cl4uqbjp9000b356p2175vvqw 0 0.4888463288834951 0.7544548948220064 0.0421875 0.04375
cl4uqf5bj000f356p05tutl57 0 0.851171875 0.7338541666666667 0.0296875 0.03958333333333333
cl4uqu10i000j356pw85hd2yi 0 0.1638888888888889 0.9140046296296297 0.025 0.03958333333333333
cl4uqxtok000n356p228e7wni 0 0.1296875 0.9336805555555556 0.03125 0.03958333333333333
cl4ur3vs8000v356pe031p1yo 0 0.48413955479452053 0.04718892694063927 0.025 0.027083333333333334
cl4uru0kq0013356pt4h9yjm1 0 0.5082185039370078 0.025041010498687663 0.0296875 0.03125
cl4urwkrx0017356pikpviaa9 0 0.35703125 0.06354166666666666 0.0234375 0.027083333333333334
cl4us4ype001h356pnyet3ts9 0 0.748046875 0.0828125 0.0296875 0.03333333333333333
cl4us8aru001l356p2sc1k1bh 0 0.9845703125 0.018489583333333334 0.021484375 0.025520833333333333
cl53eq6de000f356i3cjd5jif 1 0.57109375 0.13333333333333333 0.0890625 0.1125
cl53eqa7m000l356ivf26125u 1 0.3203125 0.21041666666666667 0.103125 0.09583333333333334
