ckz3v9nzv00033867jsekqdcl 0 0.27106621696035244 0.4291941997063143 0.0265625 0.0375
ckz6ru2eb0001386lefk6js4m 0 0.23828125 0.5770833333333333 0.0265625 0.0375
ckz6ru3um0003386l39xwv0yk 0 0.24265251494023904 0.85625 0.0265625 0.0375
ckz6ru5610005386l8uoys4lc 0 0.19453125 0.8458333333333333 0.0265625 0.0375
ckz6ru6of0007386lhf2t4dtw 0 0.08359375 0.80625 0.0265625 0.0375
ckz6ru83f0009386lx7517dwf 0 0.02269272859922179 0.741030317769131 0.0265625 0.0375
ckz6ru99l000b386l18xh2byu 0 0.13515625 0.18958333333333333 0.0265625 0.0375
ckz6rub67000d386ld3mx1dyi 0 0.22015625 0.18208333333333335 0.0265625 0.041666666666666664
ckz6ruchb000f386lxxpeu5na 0 0.27316136853448275 0.1197467672413793 0.0265625 0.037499999999999985
ckz6rudsb000h386lkwwvc8dz 0 0.2832452787769784 0.2192146282973621 0.0265625 0.0375
ckz6ruf3e000j386lbyqpxw51 0 0.2997325922818792 0.3192953020134228 0.0265625 0.0375
ckz6rugcj000l386lzjazem8c 0 0.2640625 0.47708333333333336 0.028125 0.04583333333333333
ckz6rui7o000n386lh32dwmkr 0 0.5584592301324502 0.921826710816777 0.0265625 0.0375
ckz6ruj49000p386lndk3j9jv 0 0.6384438222543353 0.5727360308285163 0.0265625 0.0375
ckz6rup8s000r386lkjotnoh0 0 0.48828125 0.86875 0.0265625 0.0375
ckz6rut1n000v386l8rfix41j 0 0.8462383853436185 0.8464410939691445 0.0265625 0.0375
ckz6ruunj000x386l4qiqzsvd 0 0.8368633853436185 0.9714410939691445 0.0265625 0.0375
ckz6ruw8w000z386lc52x10qx 0 0.8532334765077139 0.7508970313230481 0.0265625 0.0375
ckz6ruzco0013386lo3nqjmle 0 0.828125 0.43645833333333334 0.025 0.03958333333333333
ckz6rv4et0015386le3rdpw93 0 0.8674107142857143 0.409375 0.025 0.03958333333333333
ckz6rva9o0019386ll7e0plel 0 0.6664189018218624 0.16140350877192983 0.0265625 0.03333333333333333
ckz6rvlfq001d386lt59x4kz2 0 0.7736282937017995 0.07342544987146529 0.0265625 0.03333333333333333
ckz6rvnb8001f386l63s6p1ys 0 0.71015625 0.6354166666666666 0.0265625 0.03333333333333333
ckz6rvpuj001h386lhrb15el1 0 0.585438204887218 0.5036967418546365 0.0265625 0.03333333333333333
ckz6rvrjs001j386lscfviwaz 0 0.49765625 0.40350877192982454 0.0265625 0.03333333333333333
ckz6rvvx4001n386lwp0hh90g 0 0.012648026315789474 0.27092105263157895 0.02529605263157895 0.03333333333333336
ckz6rvxvs001p386l9u5f2w3s 0 0.3494791666666667 0.44513888888888886 0.028125 0.0375
ckz6rw3in001v386l6bltg9jj 0 0.78203125 0.4395833333333333 0.0265625 0.03333333333333333
ckz6rw56s001x386l432ih3l6 0 0.9888888888888889 0.810300925925926 0.014930555555555535 0.035416666666666666
cl4sse7t80004356hlgz3o2fx 0 0.7455729166666667 0.79375 0.0296875 0.041666666666666664
cl4ssee0s0008356hd15z4qn8 0 0.58828125 0.11875 0.0296875 0.05
cl4ssegqi000c356hwxoota92 0 0.6015625 0.20625 0.025 0.04583333333333333
cl4sseopo000g356h6ldd8ms6 0 0.18203125 0.3333333333333333 0.0359375 0.04583333333333333
cl4uq6b5l0003356p4ou3mrfw 0 0.85625 0.22395833333333334 0.0375 0.04375
cl4uqbjp9000b356p2175vvqw 0 0.5043585526315789 0.7319353070175438 0.0421875 0.04375
cl53eq6de000f356i3cjd5jif 1 0.57109375 0.13333333333333333 0.0890625 0.1125
cl53eqa7m000l356ivf26125u 1 0.3203125 0.21041666666666667 0.103125 0.09583333333333334
