ckz3v9nzv00033867jsekqdcl 0 0.27554618362831856 0.4133357915437561 0.0265625 0.0375
ckz6ru2eb0001386lefk6js4m 0 0.23828125 0.5828345070422535 0.0265625 0.0375
ckz6ru3um0003386l39xwv0yk 0 0.2458443368544601 0.8485817683881064 0.0265625 0.0375
ckz6ru5610005386l8uoys4lc 0 0.19453125 0.8458333333333333 0.0265625 0.0375
ckz6ru6of0007386lhf2t4dtw 0 0.08359375 0.80625 0.0265625 0.0375
ckz6ru83f0009386lx7517dwf 0 0.030094630281690137 0.7274158841940532 0.0265625 0.0375
ckz6ru99l000b386l18xh2byu 0 0.13515625 0.18958333333333333 0.0265625 0.0375
ckz6rub67000d386ld3mx1dyi 0 0.19279513888888888 0.1099537037037037 0.0265625 0.0375
ckz6ruchb000f386lxxpeu5na 0 0.3128390330188679 0.09508647798742138 0.0265625 0.0375
ckz6rudsb000h386lkwwvc8dz 0 0.28506070143884893 0.21679406474820145 0.0265625 0.0375
ckz6ruf3e000j386lbyqpxw51 0 0.3145943368544601 0.3046654929577465 0.0265625 0.0375
ckz6rugcj000l386lzjazem8c 0 0.4356770833333333 0.09652777777777778 0.0265625 0.0375
ckz6rui7o000n386lh32dwmkr 0 0.5854716842723005 0.8744131455399061 0.0265625 0.0375
ckz6ruj49000p386lndk3j9jv 0 0.6471956286127167 0.5630118015414258 0.0265625 0.0375
ckz6rup8s000r386lkjotnoh0 0 0.48828125 0.86875 0.0265625 0.0375
ckz6rurv1000t386llsdca8lh 0 0.45390625 0.7854166666666667 0.0265625 0.0375
ckz6rut1n000v386l8rfix41j 0 0.8490697317671809 0.8379470546984572 0.0265625 0.0375
ckz6ruunj000x386l4qiqzsvd 0 0.839694731767181 0.9629470546984572 0.0265625 0.0375
ckz6ruw8w000z386lc52x10qx 0 0.8553569863253857 0.7480656848994857 0.0265625 0.0375
ckz6ruxwl0011386lwhdpziws 0 0.87140625 0.6670833333333334 0.0265625 0.0375
ckz6ruzco0013386lo3nqjmle 0 0.828125 0.43645833333333334 0.025 0.03958333333333333
ckz6rv4et0015386le3rdpw93 0 0.8686830357142858 0.409375 0.025 0.03958333333333333
ckz6rv5s20017386lyas5kerj 0 0.6747702205882353 0.1877450980392157 0.0234375 0.03333333333333333
ckz6rva9o0019386ll7e0plel 0 0.6738515264976959 0.13063556067588325 0.0265625 0.03333333333333332
ckz6rvjnr001b386l6bprt2rz 0 0.73984375 0.09114583333333333 0.0265625 0.03333333333333333
ckz6rvlfq001d386lt59x4kz2 0 0.7697361021850899 0.06304627249357327 0.0265625 0.03333333333333334
ckz6rvnb8001f386l63s6p1ys 0 0.7130318368544601 0.6392507824726135 0.0265625 0.03333333333333333
ckz6rvpuj001h386lhrb15el1 0 0.5885306631455399 0.4803305946791862 0.0265625 0.03333333333333333
ckz6rvrjs001j386lscfviwaz 0 0.5005318368544601 0.38383215962441314 0.0265625 0.03333333333333333
ckz6rvtvy001l386li54we947 0 0.18203125 0.6178571428571428 0.0265625 0.03333333333333333
ckz6rvvx4001n386lwp0hh90g 0 0.015759698275862065 0.21580459770114943 0.0265625 0.03333333333333333
ckz6rvxvs001p386l9u5f2w3s 0 0.05546875 0.18541666666666667 0.0265625 0.03333333333333333
ckz6rvzvz001r386lcw1fqa7h 0 0.7286458333333333 0.9895833333333334 0.01875 0.020833333333333332
ckz6rw1y9001t386ll8rr5ixq 0 0.6580729166666667 0.954861111111111 0.0265625 0.03333333333333333
ckz6rw3in001v386l6bltg9jj 0 0.73671875 0.8479166666666667 0.0265625 0.03333333333333333
ckz6rw56s001x386l432ih3l6 0 0.9872523716517858 0.7694614955357143 0.025495256696428648 0.0334914434523809
cl4sse7t80004356hlgz3o2fx 0 0.55 0.24270833333333333 0.025 0.035416666666666666
cl4ssee0s0008356hd15z4qn8 0 0.58828125 0.11875 0.0296875 0.05
cl4ssegqi000c356hwxoota92 0 0.6015625 0.20625 0.025 0.04583333333333333
cl4sseopo000g356h6ldd8ms6 0 0.37265625 0.7635416666666667 0.0328125 0.035416666666666666
cl4swkq5u0003356p8vuhc7nn 0 0.808984375 0.64375 0.028125 0.03333333333333333
cl4uq6b5l0003356p4ou3mrfw 0 0.85625 0.22395833333333334 0.0375 0.04375
cl4uqbjp9000b356p2175vvqw 0 0.514319490131579 0.7164405153508772 0.0421875 0.04375
