ckz3v9nzv00033867jsekqdcl 0 0.26484375 0.4354166666666667 0.0265625 0.0375
ckz6ru2eb0001386lefk6js4m 0 0.23828125 0.5770833333333333 0.0265625 0.0375
ckz6ru3um0003386l39xwv0yk 0 0.24101655876494027 0.85625 0.0265625 0.0375
ckz6ru5610005386l8uoys4lc 0 0.19453125 0.8458333333333333 0.0265625 0.0375
ckz6ru6of0007386lhf2t4dtw 0 0.08359375 0.80625 0.0265625 0.0375
ckz6ru83f0009386lx7517dwf 0 0.00563565340909091 0.8052982954545453 0.01127130681818182 0.032888257575757626
ckz6ru99l000b386l18xh2byu 0 0.13515625 0.18958333333333333 0.0265625 0.0375
ckz6rub67000d386ld3mx1dyi 0 0.3114720394736842 0.2211622807017544 0.0265625 0.041666666666666664
ckz6ruchb000f386lxxpeu5na 0 0.23909375000000002 0.1724 0.0265625 0.0375
ckz6rudsb000h386lkwwvc8dz 0 0.2746234631147541 0.2351639344262295 0.0265625 0.0375
ckz6ruf3e000j386lbyqpxw51 0 0.24259610355648534 0.3744682705718271 0.0265625 0.0375
ckz6rui7o000n386lh32dwmkr 0 0.5372266196925329 0.9777604929233772 0.0265625 0.0375
ckz6ruj49000p386lndk3j9jv 0 0.6300011617100372 0.6088909541511771 0.0265625 0.0375
ckz6rup8s000r386lkjotnoh0 0 0.48828125 0.86875 0.0265625 0.0375
ckz6rut1n000v386l8rfix41j 0 0.84296875 0.85625 0.0265625 0.0375
ckz6ruunj000x386l4qiqzsvd 0 0.83359375 0.98125 0.0265625 0.0375
ckz6ruw8w000z386lc52x10qx 0 0.8434397977941176 0.7541666666666667 0.0265625 0.0375
ckz6ruzco0013386lo3nqjmle 0 0.828125 0.43645833333333334 0.025 0.03958333333333333
ckz6rv4et0015386le3rdpw93 0 0.8648227415966387 0.409375 0.025 0.03958333333333333
ckz6rva9o0019386ll7e0plel 0 0.636296875 0.23379166666666668 0.0265625 0.03333333333333333
ckz6rvlfq001d386lt59x4kz2 0 0.7582289022842639 0.10465313028764806 0.0265625 0.03333333333333333
ckz6rvnb8001f386l63s6p1ys 0 0.71015625 0.6354166666666666 0.0265625 0.03333333333333333
ckz6rvpuj001h386lhrb15el1 0 0.5283255912162163 0.591624436936937 0.0296875 0.03333333333333333
ckz6rvrjs001j386lscfviwaz 0 0.46484375 0.43333333333333335 0.0265625 0.03333333333333333
ckz6rvxvs001p386l9u5f2w3s 0 0.8671875 0.37083333333333335 0.028125 0.0375
ckz6rw56s001x386l432ih3l6 0 0.9406160201149426 0.9534602490421455 0.0234375 0.035416666666666666
cl4ssee0s0008356hd15z4qn8 0 0.58828125 0.11875 0.0296875 0.05
cl4ssegqi000c356hwxoota92 0 0.6015625 0.20625 0.025 0.04583333333333333
cl4uq6b5l0003356p4ou3mrfw 0 0.85625 0.22395833333333334 0.0375 0.04375
cl4uqbjp9000b356p2175vvqw 0 0.49093029429611657 0.7516762742718446 0.0421875 0.04375
cl4uqf5bj000f356p05tutl57 0 0.93046875 0.5385416666666667 0.0296875 0.03958333333333333
cl4uqu10i000j356pw85hd2yi 0 0.1458096590909091 0.9690340909090909 0.0203125 0.03125
cl4ur3vs8000v356pe031p1yo 0 0.48557974559686884 0.04526867253750815 0.025 0.027083333333333334
cl4uru0kq0013356pt4h9yjm1 0 0.5072527066929134 0.022465551181102363 0.0296875 0.03125
cl4urwkrx0017356pikpviaa9 0 0.3581602822580645 0.059240591397849464 0.0234375 0.02708333333333334
cl53eq6de000f356i3cjd5jif 1 0.57109375 0.13333333333333333 0.0890625 0.1125
cl53eqa7m000l356ivf26125u 1 0.3203125 0.21041666666666667 0.103125 0.09583333333333334
