ckz3v9nzv00033867jsekqdcl 0 0.2744399889380531 0.41726892822025563 0.0265625 0.0375
ckz6ru2eb0001386lefk6js4m 0 0.23828125 0.580487089201878 0.0265625 0.0375
ckz6ru3um0003386l39xwv0yk 0 0.2446706279342723 0.8517116588419406 0.0265625 0.0375
ckz6ru5610005386l8uoys4lc 0 0.19453125 0.8458333333333333 0.0265625 0.0375
ckz6ru6of0007386lhf2t4dtw 0 0.08359375 0.80625 0.0265625 0.0375
ckz6ru83f0009386lx7517dwf 0 0.02833406690140845 0.7289808294209703 0.0265625 0.0375
ckz6ru99l000b386l18xh2byu 0 0.13515625 0.18958333333333333 0.0265625 0.0375
ckz6rub67000d386ld3mx1dyi 0 0.20291193181818185 0.14109848484848486 0.026562500000000024 0.03750000000000001
ckz6ruchb000f386lxxpeu5na 0 0.30343749999999997 0.10097222222222223 0.0265625 0.0375
ckz6rudsb000h386lkwwvc8dz 0 0.28461106115107915 0.21739358513189447 0.0265625 0.0375
ckz6ruf3e000j386lbyqpxw51 0 0.3134206279342723 0.30701291079812204 0.0265625 0.0375
ckz6rugcj000l386lzjazem8c 0 0.38515625 0.2125 0.0265625 0.041666666666666664
ckz6rui7o000n386lh32dwmkr 0 0.5796031396713615 0.8814553990610328 0.0265625 0.0375
ckz6ruj49000p386lndk3j9jv 0 0.6450279985549133 0.5654202793834296 0.0265625 0.0375
ckz6rup8s000r386lkjotnoh0 0 0.48828125 0.86875 0.0265625 0.0375
ckz6rurv1000t386llsdca8lh 0 0.61484375 0.8083333333333333 0.0234375 0.0375
ckz6rut1n000v386l8rfix41j 0 0.8483684694950911 0.8400508415147265 0.0265625 0.0375
ckz6ruunj000x386l4qiqzsvd 0 0.8389934694950911 0.9650508415147265 0.0265625 0.0375
ckz6ruw8w000z386lc52x10qx 0 0.8548310396213183 0.7487669471715754 0.0265625 0.0375
ckz6ruxwl0011386lwhdpziws 0 0.92421875 0.7677083333333333 0.0265625 0.04375
ckz6ruzco0013386lo3nqjmle 0 0.828125 0.43645833333333334 0.025 0.03958333333333333
ckz6rv4et0015386le3rdpw93 0 0.8683679096638656 0.409375 0.025 0.03958333333333333
ckz6rv5s20017386lyas5kerj 0 0.6642187500000001 0.14145833333333335 0.0234375 0.03541666666666668
ckz6rva9o0019386ll7e0plel 0 0.6721234158986176 0.1375480030721966 0.0265625 0.03333333333333333
ckz6rvlfq001d386lt59x4kz2 0 0.7707001124678663 0.06561696658097686 0.0265625 0.033333333333333326
ckz6rvnb8001f386l63s6p1ys 0 0.7118581279342723 0.6376858372456964 0.0265625 0.03333333333333333
ckz6rvpuj001h386lhrb15el1 0 0.5897043720657277 0.48580790297339593 0.0265625 0.03333333333333333
ckz6rvrjs001j386lscfviwaz 0 0.4993581279342723 0.38617957746478876 0.0265625 0.03333333333333333
ckz6rvtvy001l386li54we947 0 0.05807291666666666 0.48125 0.029687499999999995 0.0375
ckz6rvvx4001n386lwp0hh90g 0 0.01669921875 0.2263671875 0.0265625 0.03333333333333333
ckz6rvxvs001p386l9u5f2w3s 0 0.12760416666666669 0.2784722222222222 0.028125 0.03749999999999997
ckz6rw3in001v386l6bltg9jj 0 0.7703125 0.7572916666666667 0.0265625 0.03333333333333333
ckz6rw56s001x386l432ih3l6 0 0.9897635323660715 0.7728097098214285 0.020472935267857116 0.034235491071428585
cl4sse7t80004356hlgz3o2fx 0 0.5973958333333333 0.36770833333333336 0.025 0.035416666666666666
cl4ssee0s0008356hd15z4qn8 0 0.58828125 0.11875 0.0296875 0.05
cl4ssegqi000c356hwxoota92 0 0.6015625 0.20625 0.025 0.04583333333333333
cl4sseopo000g356h6ldd8ms6 0 0.30078125 0.6770833333333334 0.0390625 0.041666666666666664
cl4swkq5u0003356p8vuhc7nn 0 0.5791666666666667 0.5927083333333333 0.028125 0.035416666666666666
cl4uq6b5l0003356p4ou3mrfw 0 0.85625 0.22395833333333334 0.0375 0.04375
cl4uqbjp9000b356p2175vvqw 0 0.5118523848684211 0.7202782346491229 0.0421875 0.04375
