ckz3v9nzv00033867jsekqdcl 0 0.2680100495594714 0.4322503671071953 0.0265625 0.0375
ckz6ru2eb0001386lefk6js4m 0 0.23828125 0.5770833333333333 0.0265625 0.0375
ckz6ru3um0003386l39xwv0yk 0 0.24237612051792828 0.85625 0.0265625 0.0375
ckz6ru5610005386l8uoys4lc 0 0.19453125 0.8458333333333333 0.0265625 0.0375
ckz6ru6of0007386lhf2t4dtw 0 0.08359375 0.80625 0.0265625 0.0375
ckz6ru83f0009386lx7517dwf 0 0.019993312256809337 0.7495784695201038 0.0265625 0.0375
ckz6ru99l000b386l18xh2byu 0 0.13515625 0.18958333333333333 0.0265625 0.0375
ckz6rub67000d386ld3mx1dyi 0 0.22734375 0.18333333333333332 0.0265625 0.041666666666666664
ckz6ruchb000f386lxxpeu5na 0 0.261474609375 0.1294921875 0.0265625 0.0375
ckz6rudsb000h386lkwwvc8dz 0 0.2826214028776978 0.22004646282973622 0.0265625 0.0375
ckz6ruf3e000j386lbyqpxw51 0 0.2904538097609562 0.33043658698539174 0.0265625 0.0375
ckz6rugcj000l386lzjazem8c 0 0.1671875 0.521875 0.028125 0.04583333333333333
ckz6rui7o000n386lh32dwmkr 0 0.5481218956953643 0.9447985651214128 0.0265625 0.0375
ckz6ruj49000p386lndk3j9jv 0 0.63828125 0.5788825757575757 0.0265625 0.0375
ckz6rup8s000r386lkjotnoh0 0 0.48828125 0.86875 0.0265625 0.0375
ckz6rut1n000v386l8rfix41j 0 0.8452653839410941 0.8493600981767181 0.0265625 0.0375
ckz6ruunj000x386l4qiqzsvd 0 0.835890383941094 0.9743600981767181 0.0265625 0.0375
ckz6ruw8w000z386lc52x10qx 0 0.8525037254558205 0.7518700327255726 0.0265625 0.0375
ckz6ruzco0013386lo3nqjmle 0 0.828125 0.43645833333333334 0.025 0.03958333333333333
ckz6rv4et0015386le3rdpw93 0 0.8669734768907563 0.409375 0.025 0.03958333333333333
ckz6rva9o0019386ll7e0plel 0 0.6636101973684211 0.17357456140350877 0.0265625 0.03333333333333333
ckz6rvlfq001d386lt59x4kz2 0 0.7726625251004016 0.07811244979919678 0.0265625 0.033333333333333326
ckz6rvnb8001f386l63s6p1ys 0 0.71015625 0.6354166666666666 0.0265625 0.03333333333333333
ckz6rvpuj001h386lhrb15el1 0 0.5791903409090909 0.5180871212121212 0.0265625 0.03333333333333333
ckz6rvrjs001j386lscfviwaz 0 0.49127249513618676 0.40501783398184177 0.0265625 0.03333333333333333
ckz6rvvx4001n386lwp0hh90g 0 0.0078125 0.2875 0.015625 0.03333333333333333
ckz6rvxvs001p386l9u5f2w3s 0 0.42890625 0.4270833333333333 0.028125 0.0375
ckz6rw3in001v386l6bltg9jj 0 0.75546875 0.24791666666666667 0.0265625 0.03333333333333333
ckz6rw56s001x386l432ih3l6 0 0.9805673926767676 0.8336595117845118 0.021062184343434254 0.035416666666666666
cl4sse7t80004356hlgz3o2fx 0 0.80625 0.9802083333333333 0.03125 0.035416666666666666
cl4ssee0s0008356hd15z4qn8 0 0.58828125 0.11875 0.0296875 0.05
cl4ssegqi000c356hwxoota92 0 0.6015625 0.20625 0.025 0.04583333333333333
cl4sseopo000g356h6ldd8ms6 0 0.09765625 0.17916666666666667 0.0359375 0.04583333333333333
cl4uq6b5l0003356p4ou3mrfw 0 0.85625 0.22395833333333334 0.0375 0.04375
cl4uqbjp9000b356p2175vvqw 0 0.5009354440789473 0.7372601425438597 0.0421875 0.04375
cl4ur3vs8000v356pe031p1yo 0 0.4998214285714286 0.02032738095238095 0.025 0.027083333333333334
cl4urtjol000z356puo72ztp3 0 0.3131696428571428 0.11994047619047618 0.028125 0.0375
cl4uru0kq0013356pt4h9yjm1 0 0.5215198863636363 0.010795454545454546 0.0296875 0.01875
cl4urwkrx0017356pikpviaa9 0 0.3737276785714286 0.011316964285714288 0.0234375 0.021324404761904763
cl53eq6de000f356i3cjd5jif 1 0.57109375 0.13333333333333333 0.0890625 0.1125
cl53eqa7m000l356ivf26125u 1 0.3203125 0.21041666666666667 0.103125 0.09583333333333334
