ckz3v9nzv00033867jsekqdcl 0 0.26484375 0.4354166666666667 0.0265625 0.0375
ckz6ru2eb0001386lefk6js4m 0 0.23828125 0.5770833333333333 0.0265625 0.0375
ckz6ru3um0003386l39xwv0yk 0 0.23987114043824703 0.85625 0.0265625 0.0375
ckz6ru5610005386l8uoys4lc 0 0.19453125 0.8458333333333333 0.0265625 0.0375
ckz6ru6of0007386lhf2t4dtw 0 0.08359375 0.80625 0.0265625 0.0375
ckz6ru99l000b386l18xh2byu 0 0.13515625 0.18958333333333333 0.0265625 0.0375
ckz6rub67000d386ld3mx1dyi 0 0.19015624999999997 0.25916666666666666 0.02656249999999998 0.041666666666666664
ckz6ruchb000f386lxxpeu5na 0 0.20605775523560207 0.1986910994764398 0.02656249999999998 0.0375
ckz6rudsb000h386lkwwvc8dz 0 0.259375 0.2733333333333333 0.0265625 0.03749999999999997
ckz6ruf3e000j386lbyqpxw51 0 0.21484375 0.4041666666666667 0.0265625 0.0375
ckz6rui7o000n386lh32dwmkr 0 0.53984375 0.98125 0.0265625 0.0375
ckz6ruj49000p386lndk3j9jv 0 0.6275791056485356 0.6045850767085077 0.0265625 0.0375
ckz6rup8s000r386lkjotnoh0 0 0.48828125 0.86875 0.0265625 0.0375
ckz6rut1n000v386l8rfix41j 0 0.84296875 0.85625 0.0265625 0.0375
ckz6ruunj000x386l4qiqzsvd 0 0.83359375 0.98125 0.0265625 0.0375
ckz6ruw8w000z386lc52x10qx 0 0.84140625 0.78125 0.0265625 0.0375
ckz6ruzco0013386lo3nqjmle 0 0.828125 0.43645833333333334 0.025 0.03958333333333333
ckz6rv4et0015386le3rdpw93 0 0.8640625 0.409375 0.025 0.03958333333333333
ckz6rva9o0019386ll7e0plel 0 0.6274736576212472 0.2394678598922248 0.0265625 0.03333333333333333
ckz6rvlfq001d386lt59x4kz2 0 0.73671875 0.15694444444444444 0.0265625 0.03333333333333333
ckz6rvnb8001f386l63s6p1ys 0 0.71015625 0.6354166666666666 0.0265625 0.03333333333333333
ckz6rvpuj001h386lhrb15el1 0 0.4893644957983193 0.6140056022408963 0.0296875 0.03333333333333333
ckz6rvrjs001j386lscfviwaz 0 0.45859375 0.47291666666666665 0.0265625 0.03333333333333333
cl4ssee0s0008356hd15z4qn8 0 0.58828125 0.11875 0.0296875 0.05
cl4ssegqi000c356hwxoota92 0 0.6015625 0.20625 0.025 0.04583333333333333
cl4uq6b5l0003356p4ou3mrfw 0 0.85625 0.22395833333333334 0.0375 0.04375
cl4uqbjp9000b356p2175vvqw 0 0.48515625 0.759375 0.0421875 0.04375
cl4uqf5bj000f356p05tutl57 0 0.673046875 0.9822916666666667 0.02734375 0.027083333333333334
cl4uqu10i000j356pw85hd2yi 0 0.18367686170212766 0.7124778368794327 0.025 0.03958333333333333
cl4ur3vs8000v356pe031p1yo 0 0.4813600782778865 0.050894895629484675 0.025 0.027083333333333334
cl4uru0kq0013356pt4h9yjm1 0 0.5100824311023622 0.030011482939632548 0.0296875 0.03125
cl4urwkrx0017356pikpviaa9 0 0.35703125 0.06354166666666666 0.0234375 0.027083333333333334
cl4us4ype001h356pnyet3ts9 0 0.7981770833333334 0.41458333333333336 0.034375000000000086 0.03958333333333333
cl4us8aru001l356p2sc1k1bh 0 0.9693526785714287 0.04178571428571428 0.024866071428571425 0.03904761904761904
cl53eq6de000f356i3cjd5jif 1 0.57109375 0.13333333333333333 0.0890625 0.1125
cl53eqa7m000l356ivf26125u 1 0.3203125 0.21041666666666667 0.103125 0.09583333333333334
