ckz3v9nzv00033867jsekqdcl 0 0.27268390486725663 0.4235127826941986 0.0265625 0.0375
ckz6ru2eb0001386lefk6js4m 0 0.23828125 0.5770833333333333 0.0265625 0.0375
ckz6ru3um0003386l39xwv0yk 0 0.24294135956175297 0.85625 0.0265625 0.0375
ckz6ru5610005386l8uoys4lc 0 0.19453125 0.8458333333333333 0.0265625 0.0375
ckz6ru6of0007386lhf2t4dtw 0 0.08359375 0.80625 0.0265625 0.0375
ckz6ru83f0009386lx7517dwf 0 0.02551374027237354 0.7320971141374837 0.0265625 0.0375
ckz6ru99l000b386l18xh2byu 0 0.13515625 0.18958333333333333 0.0265625 0.0375
ckz6rub67000d386ld3mx1dyi 0 0.21685267857142856 0.1800595238095238 0.0265625 0.0375
ckz6ruchb000f386lxxpeu5na 0 0.28800511853448274 0.11037176724137931 0.0265625 0.0375
ckz6rudsb000h386lkwwvc8dz 0 0.2838972571942446 0.21834532374100718 0.0265625 0.0375
ckz6ruf3e000j386lbyqpxw51 0 0.3106805788590604 0.3111856823266219 0.0265625 0.0375
ckz6rugcj000l386lzjazem8c 0 0.3265625 0.375 0.0265625 0.041666666666666664
ckz6rui7o000n386lh32dwmkr 0 0.5703776041666667 0.8940538194444444 0.0265625 0.0375
ckz6ruj49000p386lndk3j9jv 0 0.6415868858381503 0.5692437379576109 0.0265625 0.0375
ckz6rup8s000r386lkjotnoh0 0 0.48828125 0.86875 0.0265625 0.0375
ckz6rurv1000t386llsdca8lh 0 0.8388020833333334 0.8402777777777778 0.0234375 0.0375
ckz6rut1n000v386l8rfix41j 0 0.8472552156381485 0.843390603085554 0.0265625 0.0375
ckz6ruunj000x386l4qiqzsvd 0 0.8378802156381486 0.968390603085554 0.0265625 0.0375
ckz6ruw8w000z386lc52x10qx 0 0.8539960992286115 0.7498802010285179 0.0265625 0.0375
ckz6ruzco0013386lo3nqjmle 0 0.828125 0.43645833333333334 0.025 0.03958333333333333
ckz6rv4et0015386le3rdpw93 0 0.8678676470588235 0.409375 0.025 0.03958333333333333
ckz6rv5s20017386lyas5kerj 0 0.590234375 0.058854166666666666 0.0234375 0.029166666666666667
ckz6rva9o0019386ll7e0plel 0 0.6693541244939272 0.14868421052631578 0.0265625 0.03333333333333332
ckz6rvlfq001d386lt59x4kz2 0 0.7722304787917738 0.06969794344473007 0.0265625 0.03333333333333333
ckz6rvnb8001f386l63s6p1ys 0 0.71015625 0.6354166666666666 0.0265625 0.03333333333333333
ckz6rvpuj001h386lhrb15el1 0 0.5908893327067669 0.49461152882205517 0.0265625 0.03333333333333333
ckz6rvrjs001j386lscfviwaz 0 0.49765625 0.3907894736842105 0.0265625 0.03333333333333333
ckz6rvvx4001n386lwp0hh90g 0 0.013541666666666669 0.24965277777777778 0.0265625 0.03333333333333333
ckz6rvxvs001p386l9u5f2w3s 0 0.24874999999999997 0.35291666666666666 0.028125 0.0375
ckz6rw3in001v386l6bltg9jj 0 0.76015625 0.5895833333333333 0.0265625 0.03333333333333333
ckz6rw56s001x386l432ih3l6 0 0.99375 0.778125 0.0125 0.035416666666666666
cl4sse7t80004356hlgz3o2fx 0 0.6828125 0.5854166666666667 0.025 0.041666666666666664
cl4ssee0s0008356hd15z4qn8 0 0.58828125 0.11875 0.0296875 0.05
cl4ssegqi000c356hwxoota92 0 0.6015625 0.20625 0.025 0.04583333333333333
cl4sseopo000g356h6ldd8ms6 0 0.24828125 0.49583333333333335 0.0359375 0.04583333333333333
cl4swkq5u0003356p8vuhc7nn 0 0.17682291666666666 0.4222222222222222 0.0328125 0.0375
cl4uq6b5l0003356p4ou3mrfw 0 0.85625 0.22395833333333334 0.0375 0.04375
cl4uqbjp9000b356p2175vvqw 0 0.5079358552631579 0.7263706140350876 0.0421875 0.04375
cl53eq6de000f356i3cjd5jif 1 0.57109375 0.13333333333333333 0.0890625 0.1125
cl53eqa7m000l356ivf26125u 1 0.3203125 0.21041666666666667 0.103125 0.09583333333333334
