ckz3v9nzv00033867jsekqdcl 0 0.2736379977876106 0.42012045231071776 0.0265625 0.0375
ckz6ru2eb0001386lefk6js4m 0 0.23828125 0.5787852112676056 0.0265625 0.0375
ckz6ru3um0003386l39xwv0yk 0 0.24381968896713616 0.8539808294209703 0.0265625 0.0375
ckz6ru5610005386l8uoys4lc 0 0.19453125 0.8458333333333333 0.0265625 0.0375
ckz6ru6of0007386lhf2t4dtw 0 0.08359375 0.80625 0.0265625 0.0375
ckz6ru83f0009386lx7517dwf 0 0.027057658450704226 0.730115414710485 0.0265625 0.0375
ckz6ru99l000b386l18xh2byu 0 0.13515625 0.18958333333333333 0.0265625 0.0375
ckz6rub67000d386ld3mx1dyi 0 0.21744791666666666 0.16527777777777777 0.0265625 0.0375
ckz6ruchb000f386lxxpeu5na 0 0.296640625 0.105 0.0265625 0.0375
ckz6rudsb000h386lkwwvc8dz 0 0.284285071942446 0.21782823741007196 0.0265625 0.0375
ckz6ruf3e000j386lbyqpxw51 0 0.31256968896713616 0.30871478873239433 0.0265625 0.0375
ckz6rugcj000l386lzjazem8c 0 0.34921875 0.2916666666666667 0.0265625 0.041666666666666664
ckz6rui7o000n386lh32dwmkr 0 0.5753484448356808 0.8865610328638497 0.0265625 0.0375
ckz6ruj49000p386lndk3j9jv 0 0.6434564667630058 0.5671664258188824 0.0265625 0.0375
ckz6rup8s000r386lkjotnoh0 0 0.48828125 0.86875 0.0265625 0.0375
ckz6rurv1000t386llsdca8lh 0 0.71015625 0.8166666666666667 0.0234375 0.0375
ckz6rut1n000v386l8rfix41j 0 0.8478600543478262 0.8415760869565218 0.0265625 0.0375
ckz6ruunj000x386l4qiqzsvd 0 0.8384850543478262 0.9665760869565218 0.0265625 0.0375
ckz6ruw8w000z386lc52x10qx 0 0.8544497282608695 0.7492753623188406 0.0265625 0.0375
ckz6ruxwl0011386lwhdpziws 0 0.98203125 0.8552083333333333 0.0265625 0.04375
ckz6ruzco0013386lo3nqjmle 0 0.828125 0.43645833333333334 0.025 0.03958333333333333
ckz6rv4et0015386le3rdpw93 0 0.8681394432773109 0.409375 0.025 0.03958333333333333
ckz6rv5s20017386lyas5kerj 0 0.6235937500000001 0.12145833333333332 0.0234375 0.035416666666666666
ckz6rva9o0019386ll7e0plel 0 0.6708705357142857 0.1425595238095238 0.0265625 0.03333333333333333
ckz6rvlfq001d386lt59x4kz2 0 0.7713990199228792 0.06748071979434447 0.0265625 0.033333333333333326
ckz6rvnb8001f386l63s6p1ys 0 0.7110071889671362 0.6365512519561816 0.0265625 0.03333333333333333
ckz6rvpuj001h386lhrb15el1 0 0.5905553110328638 0.4897789514866979 0.0265625 0.03333333333333333
ckz6rvrjs001j386lscfviwaz 0 0.4985071889671362 0.387881455399061 0.0265625 0.03333333333333333
ckz6rvtvy001l386li54we947 0 0.00703125 0.565625 0.0140625 0.03958333333333333
ckz6rvvx4001n386lwp0hh90g 0 0.014825148809523809 0.2376736111111111 0.0265625 0.03333333333333333
ckz6rvxvs001p386l9u5f2w3s 0 0.1828125 0.26875 0.028125 0.0375
ckz6rw3in001v386l6bltg9jj 0 0.7908854166666666 0.6819444444444444 0.026562499999999913 0.03333333333333333
ckz6rw56s001x386l432ih3l6 0 0.9915841238839285 0.7752371651785716 0.016831752232142883 0.03477492559523808
cl4sse7t80004356hlgz3o2fx 0 0.6515625 0.46875 0.025 0.03333333333333333
cl4ssee0s0008356hd15z4qn8 0 0.58828125 0.11875 0.0296875 0.05
cl4ssegqi000c356hwxoota92 0 0.6015625 0.20625 0.025 0.04583333333333333
cl4sseopo000g356h6ldd8ms6 0 0.27890625 0.565625 0.0359375 0.04583333333333333
cl4swkq5u0003356p8vuhc7nn 0 0.387109375 0.5203125 0.0328125 0.0375
cl4uq6b5l0003356p4ou3mrfw 0 0.85625 0.22395833333333334 0.0375 0.04375
cl4uqbjp9000b356p2175vvqw 0 0.5100637335526316 0.7230605811403509 0.0421875 0.04375
cl53eq6de000f356i3cjd5jif 1 0.57109375 0.13333333333333333 0.0890625 0.1125
cl53eqa7m000l356ivf26125u 1 0.3203125 0.21041666666666667 0.103125 0.09583333333333334
