ckz3v9nzv00033867jsekqdcl 0 0.2655871420704846 0.4346732745961821 0.0265625 0.0375
ckz6ru2eb0001386lefk6js4m 0 0.23828125 0.5770833333333333 0.0265625 0.0375
ckz6ru3um0003386l39xwv0yk 0 0.2421569970119522 0.85625 0.0265625 0.0375
ckz6ru5610005386l8uoys4lc 0 0.19453125 0.8458333333333333 0.0265625 0.0375
ckz6ru6of0007386lhf2t4dtw 0 0.08359375 0.80625 0.0265625 0.0375
ckz6ru83f0009386lx7517dwf 0 0.017853234435797664 0.756355382619974 0.0265625 0.0375
ckz6ru99l000b386l18xh2byu 0 0.13515625 0.18958333333333333 0.0265625 0.0375
ckz6rub67000d386ld3mx1dyi 0 0.24734375000000003 0.1925 0.0265625 0.041666666666666664
ckz6ruchb000f386lxxpeu5na 0 0.255029296875 0.1380859375 0.0265625 0.0375
ckz6rudsb000h386lkwwvc8dz 0 0.2821267985611511 0.22070593525179855 0.0265625 0.0375
ckz6ruf3e000j386lbyqpxw51 0 0.2833322958167331 0.3399319389110226 0.0265625 0.0375
ckz6rugcj000l386lzjazem8c 0 0.13578125000000002 0.5277083333333333 0.028125 0.05
ckz6rui7o000n386lh32dwmkr 0 0.53955078125 0.9614438657407407 0.0265625 0.0375
ckz6ruj49000p386lndk3j9jv 0 0.6344345868644068 0.5879590395480226 0.0265625 0.0375
ckz6rup8s000r386lkjotnoh0 0 0.48828125 0.86875 0.0265625 0.0375
ckz6rut1n000v386l8rfix41j 0 0.8444939954417953 0.8516742636746143 0.0265625 0.0375
ckz6ruunj000x386l4qiqzsvd 0 0.8351189954417952 0.9766742636746143 0.0265625 0.0375
ckz6ruw8w000z386lc52x10qx 0 0.8519251840813464 0.7526414212248714 0.0265625 0.0375
ckz6ruzco0013386lo3nqjmle 0 0.828125 0.43645833333333334 0.025 0.03958333333333333
ckz6rv4et0015386le3rdpw93 0 0.8666268382352941 0.409375 0.025 0.03958333333333333
ckz6rva9o0019386ll7e0plel 0 0.6622666396103896 0.17973484848484847 0.0265625 0.03333333333333333
ckz6rvlfq001d386lt59x4kz2 0 0.7704536897590362 0.08253012048192772 0.0265625 0.03333333333333333
ckz6rvnb8001f386l63s6p1ys 0 0.71015625 0.6354166666666666 0.0265625 0.03333333333333333
ckz6rvpuj001h386lhrb15el1 0 0.5719763835877862 0.5286498091603054 0.027552480916030575 0.033333333333333395
ckz6rvrjs001j386lscfviwaz 0 0.4859223005836576 0.4057311932555123 0.0265625 0.03333333333333333
ckz6rvvx4001n386lwp0hh90g 0 0.00546875 0.30520833333333336 0.0109375 0.035416666666666666
ckz6rvxvs001p386l9u5f2w3s 0 0.50625 0.4625 0.028125 0.0375
ckz6rw3in001v386l6bltg9jj 0 0.73515625 0.12291666666666666 0.0265625 0.03333333333333333
ckz6rw56s001x386l432ih3l6 0 0.9764966114457831 0.8506149598393574 0.0234375 0.035416666666666666
cl4ssee0s0008356hd15z4qn8 0 0.58828125 0.11875 0.0296875 0.05
cl4ssegqi000c356hwxoota92 0 0.6015625 0.20625 0.025 0.04583333333333333
cl4sseopo000g356h6ldd8ms6 0 0.01796875 0.057291666666666664 0.0296875 0.03958333333333333
cl4uq6b5l0003356p4ou3mrfw 0 0.85625 0.22395833333333334 0.0375 0.04375
cl4uq7un10007356p14ye3ifb 0 0.991015625 0.29375 0.01640625 0.0375
cl4uqbjp9000b356p2175vvqw 0 0.4982216282894737 0.7414816337719298 0.0421875 0.04375
cl4ur3vs8000v356pe031p1yo 0 0.5024404761904762 0.02265542328042328 0.025 0.02708333333333333
cl4urtjol000z356puo72ztp3 0 0.228125 0.275 0.028125 0.0375
cl4uru0kq0013356pt4h9yjm1 0 0.5173532196969697 0.012184343434343433 0.0296875 0.01875
cl4urwkrx0017356pikpviaa9 0 0.36979910714285713 0.018519345238095238 0.0234375 0.025252976190476187
cl53eq6de000f356i3cjd5jif 1 0.57109375 0.13333333333333333 0.0890625 0.1125
cl53eqa7m000l356ivf26125u 1 0.3203125 0.21041666666666667 0.103125 0.09583333333333334
