ckz3v9nzv00033867jsekqdcl 0 0.2690287720264317 0.43123164464023495 0.0265625 0.0375
ckz6ru2eb0001386lefk6js4m 0 0.23828125 0.5770833333333333 0.0265625 0.0375
ckz6ru3um0003386l39xwv0yk 0 0.24246825199203187 0.85625 0.0265625 0.0375
ckz6ru5610005386l8uoys4lc 0 0.19453125 0.8458333333333333 0.0265625 0.0375
ckz6ru6of0007386lhf2t4dtw 0 0.08359375 0.80625 0.0265625 0.0375
ckz6ru83f0009386lx7517dwf 0 0.020893117704280158 0.7467290856031128 0.0265625 0.0375
ckz6ru99l000b386l18xh2byu 0 0.13515625 0.18958333333333333 0.0265625 0.0375
ckz6rub67000d386ld3mx1dyi 0 0.22511160714285716 0.175 0.0265625 0.041666666666666664
ckz6ruchb000f386lxxpeu5na 0 0.2641845703125 0.12587890625 0.0265625 0.0375
ckz6rudsb000h386lkwwvc8dz 0 0.2828293615107914 0.21976918465227818 0.0265625 0.0375
ckz6ruf3e000j386lbyqpxw51 0 0.2934480826693227 0.32644422310756976 0.0265625 0.0375
ckz6rugcj000l386lzjazem8c 0 0.203125 0.5145833333333333 0.028125 0.04583333333333333
ckz6rui7o000n386lh32dwmkr 0 0.5515676738410595 0.9371412803532009 0.0265625 0.0375
ckz6ruj49000p386lndk3j9jv 0 0.63828125 0.576780303030303 0.0265625 0.0375
ckz6rup8s000r386lkjotnoh0 0 0.48828125 0.86875 0.0265625 0.0375
ckz6rut1n000v386l8rfix41j 0 0.8455897177419354 0.8483870967741935 0.0265625 0.0375
ckz6ruunj000x386l4qiqzsvd 0 0.8362147177419355 0.9733870967741935 0.0265625 0.0375
ckz6ruw8w000z386lc52x10qx 0 0.8527469758064516 0.7515456989247312 0.0265625 0.0375
ckz6ruzco0013386lo3nqjmle 0 0.828125 0.43645833333333334 0.025 0.03958333333333333
ckz6rv4et0015386le3rdpw93 0 0.8671192226890756 0.409375 0.025 0.03958333333333333
ckz6rva9o0019386ll7e0plel 0 0.6645464321862348 0.16951754385964912 0.0265625 0.03333333333333333
ckz6rvlfq001d386lt59x4kz2 0 0.7735912399598394 0.07625502008032128 0.0265625 0.033333333333333326
ckz6rvnb8001f386l63s6p1ys 0 0.71015625 0.6354166666666666 0.0265625 0.03333333333333333
ckz6rvpuj001h386lhrb15el1 0 0.5812926136363636 0.5131818181818182 0.0265625 0.03333333333333333
ckz6rvrjs001j386lscfviwaz 0 0.4935220087548638 0.40471789883268483 0.0265625 0.03333333333333333
ckz6rvvx4001n386lwp0hh90g 0 0.008388157894736842 0.2855263157894737 0.016776315789473684 0.03333333333333333
ckz6rvxvs001p386l9u5f2w3s 0 0.4026041666666667 0.475 0.028125000000000046 0.0375
ckz6rw3in001v386l6bltg9jj 0 0.78203125 0.30416666666666664 0.0265625 0.03333333333333333
ckz6rw56s001x386l432ih3l6 0 0.9833412247474748 0.8258733164983165 0.019018308080807955 0.035416666666666666
cl4sse7t80004356hlgz3o2fx 0 0.78328125 0.92625 0.0328125 0.041666666666666664
cl4ssee0s0008356hd15z4qn8 0 0.58828125 0.11875 0.0296875 0.05
cl4ssegqi000c356hwxoota92 0 0.6015625 0.20625 0.025 0.04583333333333333
cl4sseopo000g356h6ldd8ms6 0 0.11171875 0.225 0.0359375 0.04583333333333333
cl4uq6b5l0003356p4ou3mrfw 0 0.85625 0.22395833333333334 0.0375 0.04375
cl4uqbjp9000b356p2175vvqw 0 0.5020764802631579 0.735485197368421 0.0421875 0.04375
cl4ur3tl4000r356p5yynq6lr 0 0.42109375 0.08958333333333333 0.0234375 0.029166666666666667
cl4ur3vs8000v356pe031p1yo 0 0.4987202380952381 0.019348544973544976 0.025 0.027083333333333334
cl4urtjol000z356puo72ztp3 0 0.3607142857142857 0.05327380952380952 0.028125 0.0375
cl4uru0kq0013356pt4h9yjm1 0 0.5232717803030302 0.0102114898989899 0.0296875 0.01875
cl53eq6de000f356i3cjd5jif 1 0.57109375 0.13333333333333333 0.0890625 0.1125
cl53eqa7m000l356ivf26125u 1 0.3203125 0.21041666666666667 0.103125 0.09583333333333334
