ckz3v9nzv00033867jsekqdcl 0 0.26814771475770927 0.43211270190895745 0.0265625 0.0375
ckz6ru2eb0001386lefk6js4m 0 0.23828125 0.5770833333333333 0.0265625 0.0375
ckz6ru3um0003386l39xwv0yk 0 0.24238857071713146 0.85625 0.0265625 0.0375
ckz6ru5610005386l8uoys4lc 0 0.19453125 0.8458333333333333 0.0265625 0.0375
ckz6ru6of0007386lhf2t4dtw 0 0.08359375 0.80625 0.0265625 0.0375
ckz6ru83f0009386lx7517dwf 0 0.020114907587548636 0.7491934176394293 0.0265625 0.0375
ckz6ru99l000b386l18xh2byu 0 0.13515625 0.18958333333333333 0.0265625 0.0375
ckz6rub67000d386ld3mx1dyi 0 0.2265625 0.1875 0.0265625 0.041666666666666664
ckz6ruchb000f386lxxpeu5na 0 0.2618408203125 0.12900390625 0.0265625 0.0375
ckz6rudsb000h386lkwwvc8dz 0 0.28264950539568345 0.2200089928057554 0.0265625 0.0375
ckz6ruf3e000j386lbyqpxw51 0 0.2908584412350598 0.32989707835325366 0.0265625 0.0375
ckz6rugcj000l386lzjazem8c 0 0.1640625 0.5354166666666667 0.028125 0.04583333333333333
ckz6rui7o000n386lh32dwmkr 0 0.5485875413907284 0.9437637969094922 0.0265625 0.0375
ckz6ruj49000p386lndk3j9jv 0 0.63828125 0.5785984848484849 0.0265625 0.0375
ckz6rup8s000r386lkjotnoh0 0 0.48828125 0.86875 0.0265625 0.0375
ckz6rut1n000v386l8rfix41j 0 0.8453092128330996 0.8492286115007013 0.0265625 0.0375
ckz6ruunj000x386l4qiqzsvd 0 0.8359342128330995 0.9742286115007013 0.0265625 0.0375
ckz6ruw8w000z386lc52x10qx 0 0.8525365971248247 0.751826203833567 0.0265625 0.0375
ckz6ruzco0013386lo3nqjmle 0 0.828125 0.43645833333333334 0.025 0.03958333333333333
ckz6rv4et0015386le3rdpw93 0 0.8669931722689075 0.409375 0.025 0.03958333333333333
ckz6rva9o0019386ll7e0plel 0 0.6637367155870446 0.1730263157894737 0.0265625 0.03333333333333333
ckz6rvlfq001d386lt59x4kz2 0 0.7727880271084338 0.07786144578313253 0.0265625 0.03333333333333333
ckz6rvnb8001f386l63s6p1ys 0 0.71015625 0.6354166666666666 0.0265625 0.03333333333333333
ckz6rvpuj001h386lhrb15el1 0 0.5794744318181818 0.5174242424242425 0.0265625 0.03333333333333333
ckz6rvrjs001j386lscfviwaz 0 0.491576483463035 0.40497730220492867 0.0265625 0.03333333333333333
ckz6rvvx4001n386lwp0hh90g 0 0.0078125 0.2875 0.015625 0.03333333333333333
ckz6rvxvs001p386l9u5f2w3s 0 0.428125 0.425 0.028125 0.0375
ckz6rw3in001v386l6bltg9jj 0 0.75625 0.25416666666666665 0.0265625 0.03333333333333333
ckz6rw56s001x386l432ih3l6 0 0.9809422348484848 0.8326073232323232 0.02078598484848495 0.035416666666666666
cl4sse7t80004356hlgz3o2fx 0 0.81484375 0.9758333333333333 0.0328125 0.041666666666666664
cl4ssee0s0008356hd15z4qn8 0 0.58828125 0.11875 0.0296875 0.05
cl4ssegqi000c356hwxoota92 0 0.6015625 0.20625 0.025 0.04583333333333333
cl4sseopo000g356h6ldd8ms6 0 0.06588541666666667 0.19652777777777777 0.0359375 0.04583333333333333
cl4uq6b5l0003356p4ou3mrfw 0 0.85625 0.22395833333333334 0.0375 0.04375
cl4uqbjp9000b356p2175vvqw 0 0.5010896381578948 0.7370202850877193 0.0421875 0.04375
cl4ur3vs8000v356pe031p1yo 0 0.499672619047619 0.020195105820105818 0.025 0.027083333333333334
cl4urtjol000z356puo72ztp3 0 0.31875 0.1125 0.028125 0.0375
cl4uru0kq0013356pt4h9yjm1 0 0.5217566287878788 0.010716540404040405 0.0296875 0.01875
cl4urwkrx0017356pikpviaa9 0 0.37395089285714284 0.010907738095238095 0.0234375 0.021101190476190478
cl53eq6de000f356i3cjd5jif 1 0.57109375 0.13333333333333333 0.0890625 0.1125
cl53eqa7m000l356ivf26125u 1 0.3203125 0.21041666666666667 0.103125 0.09583333333333334
