ckz3v9nzv00033867jsekqdcl 0 0.26484375 0.4354166666666667 0.0265625 0.0375
ckz6ru2eb0001386lefk6js4m 0 0.23828125 0.5770833333333333 0.0265625 0.0375
ckz6ru3um0003386l39xwv0yk 0 0.24189305278884463 0.85625 0.0265625 0.0375
ckz6ru5610005386l8uoys4lc 0 0.19453125 0.8458333333333333 0.0265625 0.0375
ckz6ru6of0007386lhf2t4dtw 0 0.08359375 0.80625 0.0265625 0.0375
ckz6ru83f0009386lx7517dwf 0 0.015275413424124511 0.7645184824902723 0.0265625 0.0375
ckz6ru99l000b386l18xh2byu 0 0.13515625 0.18958333333333333 0.0265625 0.0375
ckz6rub67000d386ld3mx1dyi 0 0.27682291666666664 0.24375 0.0265625 0.041666666666666664
ckz6ruchb000f386lxxpeu5na 0 0.247265625 0.1484375 0.0265625 0.0375
ckz6rudsb000h386lkwwvc8dz 0 0.2815310251798561 0.22150029976019187 0.0265625 0.0375
ckz6ruf3e000j386lbyqpxw51 0 0.27515076754385964 0.3514254385964912 0.0265625 0.0375
ckz6rugcj000l386lzjazem8c 0 0.0642857142857143 0.574404761904762 0.028125 0.05
ckz6rui7o000n386lh32dwmkr 0 0.5340055362371888 0.9734657149829185 0.0265625 0.0375
ckz6ruj49000p386lndk3j9jv 0 0.6295219809322034 0.5991878531073447 0.0265625 0.0375
ckz6rup8s000r386lkjotnoh0 0 0.48828125 0.86875 0.0265625 0.0375
ckz6rut1n000v386l8rfix41j 0 0.8435648229312763 0.8544617812061711 0.0265625 0.0375
ckz6ruunj000x386l4qiqzsvd 0 0.8341898229312763 0.9794617812061711 0.0265625 0.0375
ckz6ruw8w000z386lc52x10qx 0 0.8512283046984572 0.7535705937353904 0.0265625 0.0375
ckz6ruzco0013386lo3nqjmle 0 0.828125 0.43645833333333334 0.025 0.03958333333333333
ckz6rv4et0015386le3rdpw93 0 0.8662092962184873 0.409375 0.025 0.03958333333333333
ckz6rva9o0019386ll7e0plel 0 0.6608326569264069 0.18642676767676766 0.0265625 0.03333333333333333
ckz6rvlfq001d386lt59x4kz2 0 0.7677930471887551 0.08785140562248996 0.0265625 0.03333333333333333
ckz6rvnb8001f386l63s6p1ys 0 0.71015625 0.6354166666666666 0.0265625 0.03333333333333333
ckz6rvpuj001h386lhrb15el1 0 0.5631261927480915 0.5412929389312977 0.028816793893129765 0.03333333333333333
ckz6rvrjs001j386lscfviwaz 0 0.4802928394039735 0.40914735099337746 0.0265625 0.03333333333333333
ckz6rvxvs001p386l9u5f2w3s 0 0.63515625 0.5854166666666667 0.028125 0.0375
ckz6rw3in001v386l6bltg9jj 0 0.63984375 0.07083333333333333 0.0265625 0.03333333333333333
ckz6rw56s001x386l432ih3l6 0 0.9744190705128204 0.8663728632478632 0.0234375 0.035416666666666666
cl4ssee0s0008356hd15z4qn8 0 0.58828125 0.11875 0.0296875 0.05
cl4ssegqi000c356hwxoota92 0 0.6015625 0.20625 0.025 0.04583333333333333
cl4uq6b5l0003356p4ou3mrfw 0 0.85625 0.22395833333333334 0.0375 0.04375
cl4uq7un10007356p14ye3ifb 0 0.91640625 0.23958333333333334 0.0328125 0.04375
cl4uqbjp9000b356p2175vvqw 0 0.49560262439320385 0.7454465008090615 0.0421875 0.04375
cl4ur3vs8000v356pe031p1yo 0 0.5055952380952381 0.02545965608465609 0.025 0.027083333333333334
cl4urtjol000z356puo72ztp3 0 0.06953125 0.2677083333333333 0.0296875 0.03958333333333333
cl4uru0kq0013356pt4h9yjm1 0 0.5123342803030303 0.013857323232323233 0.0296875 0.01875
cl4urwkrx0017356pikpviaa9 0 0.36643985215053765 0.027699372759856632 0.0234375 0.027083333333333338
cl4urzbou001b356p2c0bz1ci 0 0.009765625 0.08125 0.01953125 0.020833333333333332
cl53eq6de000f356i3cjd5jif 1 0.57109375 0.13333333333333333 0.0890625 0.1125
cl53eqa7m000l356ivf26125u 1 0.3203125 0.21041666666666667 0.103125 0.09583333333333334
