ckz3v9nzv00033867jsekqdcl 0 0.26484375 0.4354166666666667 0.0265625 0.0375
ckz6ru2eb0001386lefk6js4m 0 0.23828125 0.5770833333333333 0.0265625 0.0375
ckz6ru3um0003386l39xwv0yk 0 0.241663969123506 0.85625 0.0265625 0.0375
ckz6ru5610005386l8uoys4lc 0 0.19453125 0.8458333333333333 0.0265625 0.0375
ckz6ru6of0007386lhf2t4dtw 0 0.08359375 0.80625 0.0265625 0.0375
ckz6ru83f0009386lx7517dwf 0 0.012556378865979382 0.7724441580756013 0.025112757731958764 0.0368556701030928
ckz6ru99l000b386l18xh2byu 0 0.13515625 0.18958333333333333 0.0265625 0.0375
ckz6rub67000d386ld3mx1dyi 0 0.30796875 0.25666666666666665 0.0265625 0.04166666666666664
ckz6ruchb000f386lxxpeu5na 0 0.24451041666666667 0.15506666666666666 0.0265625 0.0375
ckz6rudsb000h386lkwwvc8dz 0 0.2810139388489209 0.22218974820143883 0.0265625 0.0375
ckz6ruf3e000j386lbyqpxw51 0 0.26798592032967034 0.36110347985347985 0.0265625 0.0375
ckz6rui7o000n386lh32dwmkr 0 0.5348474103221084 0.9745882137628111 0.0265625 0.0375
ckz6ruj49000p386lndk3j9jv 0 0.6277358271375465 0.6048636926889714 0.0265625 0.0375
ckz6rup8s000r386lkjotnoh0 0 0.48828125 0.86875 0.0265625 0.0375
ckz6rut1n000v386l8rfix41j 0 0.84296875 0.85625 0.0265625 0.0375
ckz6ruunj000x386l4qiqzsvd 0 0.83359375 0.98125 0.0265625 0.0375
ckz6ruw8w000z386lc52x10qx 0 0.8501608455882353 0.7541666666666667 0.0265625 0.0375
ckz6ruzco0013386lo3nqjmle 0 0.828125 0.43645833333333334 0.025 0.03958333333333333
ckz6rv4et0015386le3rdpw93 0 0.8658469012605042 0.409375 0.025 0.03958333333333333
ckz6rva9o0019386ll7e0plel 0 0.6591619318181818 0.20018939393939394 0.0265625 0.03333333333333333
ckz6rvlfq001d386lt59x4kz2 0 0.7654838102409639 0.0924698795180723 0.0265625 0.03333333333333333
ckz6rvnb8001f386l63s6p1ys 0 0.71015625 0.6354166666666666 0.0265625 0.03333333333333333
ckz6rvpuj001h386lhrb15el1 0 0.555590109223301 0.5542273462783172 0.0296875 0.03333333333333333
ckz6rvrjs001j386lscfviwaz 0 0.47648489238410596 0.4154939293598234 0.0265625 0.03333333333333333
ckz6rvxvs001p386l9u5f2w3s 0 0.6515625 0.5083333333333333 0.028125 0.0375
ckz6rw56s001x386l432ih3l6 0 0.9632291666666667 0.8867361111111111 0.0234375 0.035416666666666666
cl4ssee0s0008356hd15z4qn8 0 0.58828125 0.11875 0.0296875 0.05
cl4ssegqi000c356hwxoota92 0 0.6015625 0.20625 0.025 0.04583333333333333
cl4uq6b5l0003356p4ou3mrfw 0 0.85625 0.22395833333333334 0.0375 0.04375
cl4uq7un10007356p14ye3ifb 0 0.851953125 0.15260416666666668 0.0328125 0.0375
cl4uqbjp9000b356p2175vvqw 0 0.4943814472087379 0.7470747370550161 0.0421875 0.04375
cl4ur3vs8000v356pe031p1yo 0 0.5013638316151202 0.03055197594501718 0.025 0.027083333333333334
cl4uru0kq0013356pt4h9yjm1 0 0.5079782196969698 0.015309343434343432 0.0296875 0.01875
cl4urwkrx0017356pikpviaa9 0 0.36427587365591396 0.03594310035842294 0.0234375 0.027083333333333334
cl53eq6de000f356i3cjd5jif 1 0.57109375 0.13333333333333333 0.0890625 0.1125
cl53eqa7m000l356ivf26125u 1 0.3203125 0.21041666666666667 0.103125 0.09583333333333334
