ckz3v9nzv00033867jsekqdcl 0 0.2685607103524229 0.43169970631424376 0.0265625 0.0375
ckz6ru2eb0001386lefk6js4m 0 0.23828125 0.5770833333333333 0.0265625 0.0375
ckz6ru3um0003386l39xwv0yk 0 0.24242592131474106 0.85625 0.0265625 0.0375
ckz6ru5610005386l8uoys4lc 0 0.19453125 0.8458333333333333 0.0265625 0.0375
ckz6ru6of0007386lhf2t4dtw 0 0.08359375 0.80625 0.0265625 0.0375
ckz6ru83f0009386lx7517dwf 0 0.020479693579766534 0.748038261997406 0.0265625 0.0375
ckz6ru99l000b386l18xh2byu 0 0.13515625 0.18958333333333333 0.0265625 0.0375
ckz6rub67000d386ld3mx1dyi 0 0.22796875 0.18416666666666667 0.0265625 0.041666666666666664
ckz6ruchb000f386lxxpeu5na 0 0.262939453125 0.1275390625 0.0265625 0.0375
ckz6rudsb000h386lkwwvc8dz 0 0.2827338129496403 0.21989658273381296 0.0265625 0.0375
ckz6ruf3e000j386lbyqpxw51 0 0.29207233565737056 0.3282785524568393 0.0265625 0.0375
ckz6rugcj000l386lzjazem8c 0 0.1875 0.5361111111111111 0.028125 0.045833333333333275
ckz6rui7o000n386lh32dwmkr 0 0.5499844784768212 0.9406594922737307 0.0265625 0.0375
ckz6ruj49000p386lndk3j9jv 0 0.63828125 0.5777462121212121 0.0265625 0.0375
ckz6rup8s000r386lkjotnoh0 0 0.48828125 0.86875 0.0265625 0.0375
ckz6rut1n000v386l8rfix41j 0 0.8454406995091164 0.8488341514726508 0.0265625 0.0375
ckz6ruunj000x386l4qiqzsvd 0 0.8360656995091164 0.9738341514726508 0.0265625 0.0375
ckz6ruw8w000z386lc52x10qx 0 0.8526352121318374 0.7516947171575502 0.0265625 0.0375
ckz6ruzco0013386lo3nqjmle 0 0.828125 0.43645833333333334 0.025 0.03958333333333333
ckz6rv4et0015386le3rdpw93 0 0.8670522584033613 0.409375 0.025 0.03958333333333333
ckz6rva9o0019386ll7e0plel 0 0.664116270242915 0.17138157894736844 0.0265625 0.03333333333333333
ckz6rvlfq001d386lt59x4kz2 0 0.7731645331325301 0.07710843373493975 0.0265625 0.03333333333333333
ckz6rvnb8001f386l63s6p1ys 0 0.71015625 0.6354166666666666 0.0265625 0.03333333333333333
ckz6rvpuj001h386lhrb15el1 0 0.5803267045454545 0.515435606060606 0.0265625 0.03333333333333333
ckz6rvrjs001j386lscfviwaz 0 0.49248844844357975 0.4048557068741893 0.0265625 0.03333333333333333
ckz6rvvx4001n386lwp0hh90g 0 0.0078125 0.2875 0.015625 0.03333333333333333
ckz6rvxvs001p386l9u5f2w3s 0 0.41875 0.4479166666666667 0.028125 0.0375
ckz6rw3in001v386l6bltg9jj 0 0.76171875 0.2833333333333333 0.0265625 0.03333333333333333
ckz6rw56s001x386l432ih3l6 0 0.9820667613636364 0.8294507575757576 0.01995738636363633 0.035416666666666666
cl4sse7t80004356hlgz3o2fx 0 0.8126562500000001 0.9479166666666666 0.0328125 0.041666666666666664
cl4ssee0s0008356hd15z4qn8 0 0.58828125 0.11875 0.0296875 0.05
cl4ssegqi000c356hwxoota92 0 0.6015625 0.20625 0.025 0.04583333333333333
cl4sseopo000g356h6ldd8ms6 0 0.11171875 0.2 0.0359375 0.04583333333333333
cl4uq6b5l0003356p4ou3mrfw 0 0.85625 0.22395833333333334 0.0375 0.04375
cl4uqbjp9000b356p2175vvqw 0 0.5015522203947368 0.7363007127192983 0.0421875 0.04375
cl4ur3tl4000r356p5yynq6lr 0 0.45345982142857144 0.018452380952380953 0.0234375 0.024404761904761908
cl4ur3vs8000v356pe031p1yo 0 0.49922619047619043 0.019798280423280423 0.025 0.027083333333333334
cl4urtjol000z356puo72ztp3 0 0.3353125 0.08291666666666667 0.028125 0.03749999999999999
cl4uru0kq0013356pt4h9yjm1 0 0.522466856060606 0.010479797979797981 0.0296875 0.01875
cl4urwkrx0017356pikpviaa9 0 0.36796875 0.010416666666666666 0.0234375 0.020833333333333332
cl53eq6de000f356i3cjd5jif 1 0.57109375 0.13333333333333333 0.0890625 0.1125
cl53eqa7m000l356ivf26125u 1 0.3203125 0.21041666666666667 0.103125 0.09583333333333334
