ckz3v9nzv00033867jsekqdcl 0 0.27424640486725665 0.4179572271386431 0.0265625 0.0375
ckz6ru2eb0001386lefk6js4m 0 0.23828125 0.5800762910798123 0.0265625 0.0375
ckz6ru3um0003386l39xwv0yk 0 0.24446522887323946 0.8522593896713615 0.0265625 0.0375
ckz6ru5610005386l8uoys4lc 0 0.19453125 0.8458333333333333 0.0265625 0.0375
ckz6ru6of0007386lhf2t4dtw 0 0.08359375 0.80625 0.0265625 0.0375
ckz6ru83f0009386lx7517dwf 0 0.028025968309859157 0.7292546948356808 0.0265625 0.0375
ckz6ru99l000b386l18xh2byu 0 0.13515625 0.18958333333333333 0.0265625 0.0375
ckz6rub67000d386ld3mx1dyi 0 0.20622632575757577 0.14021464646464646 0.026562500000000024 0.037499999999999985
ckz6ruchb000f386lxxpeu5na 0 0.301796875 0.10194444444444443 0.0265625 0.0375
ckz6rudsb000h386lkwwvc8dz 0 0.2845323741007194 0.21749850119904077 0.0265625 0.0375
ckz6ruf3e000j386lbyqpxw51 0 0.31321522887323944 0.3074237089201878 0.0265625 0.0375
ckz6rugcj000l386lzjazem8c 0 0.35078125 0.2 0.0265625 0.041666666666666664
ckz6rui7o000n386lh32dwmkr 0 0.5785761443661972 0.88268779342723 0.0265625 0.0375
ckz6ruj49000p386lndk3j9jv 0 0.6446486632947976 0.5658417630057804 0.0265625 0.0375
ckz6rup8s000r386lkjotnoh0 0 0.48828125 0.86875 0.0265625 0.0375
ckz6rurv1000t386llsdca8lh 0 0.6234375 0.8 0.0234375 0.0375
ckz6rut1n000v386l8rfix41j 0 0.8482457485974754 0.8404190042075736 0.0265625 0.0375
ckz6ruunj000x386l4qiqzsvd 0 0.8388707485974753 0.9654190042075736 0.0265625 0.0375
ckz6ruw8w000z386lc52x10qx 0 0.8547389989481067 0.7488896680691912 0.0265625 0.0375
ckz6ruxwl0011386lwhdpziws 0 0.9580729166666666 0.765625 0.0265625 0.04375
ckz6ruzco0013386lo3nqjmle 0 0.828125 0.43645833333333334 0.025 0.03958333333333333
ckz6rv4et0015386le3rdpw93 0 0.868312762605042 0.409375 0.025 0.03958333333333333
ckz6rv5s20017386lyas5kerj 0 0.65078125 0.140625 0.0234375 0.035416666666666666
ckz6rva9o0019386ll7e0plel 0 0.6718209965437788 0.13875768049155146 0.0265625 0.03333333333333333
ckz6rvlfq001d386lt59x4kz2 0 0.7708688142673521 0.0660668380462725 0.0265625 0.03333333333333334
ckz6rvnb8001f386l63s6p1ys 0 0.7116527288732394 0.6374119718309859 0.0265625 0.03333333333333333
ckz6rvpuj001h386lhrb15el1 0 0.5899097711267606 0.4867664319248826 0.0265625 0.03333333333333333
ckz6rvrjs001j386lscfviwaz 0 0.4991527288732394 0.38659037558685444 0.0265625 0.03333333333333333
ckz6rvtvy001l386li54we947 0 0.03203125 0.45416666666666666 0.0296875 0.0375
ckz6rvvx4001n386lwp0hh90g 0 0.016243489583333333 0.2291015625 0.0265625 0.03333333333333333
ckz6rvxvs001p386l9u5f2w3s 0 0.12593749999999998 0.30291666666666667 0.028125 0.0375
ckz6rw3in001v386l6bltg9jj 0 0.77578125 0.7395833333333334 0.0265625 0.03333333333333333
ckz6rw56s001x386l432ih3l6 0 0.9902029854910716 0.7733956473214285 0.019594029017857117 0.034365699404761925
cl4sse7t80004356hlgz3o2fx 0 0.638671875 0.38385416666666666 0.025 0.035416666666666666
cl4ssee0s0008356hd15z4qn8 0 0.58828125 0.11875 0.0296875 0.05
cl4ssegqi000c356hwxoota92 0 0.6015625 0.20625 0.025 0.04583333333333333
cl4sseopo000g356h6ldd8ms6 0 0.31015625 0.6208333333333333 0.0390625 0.041666666666666664
cl4swkq5u0003356p8vuhc7nn 0 0.5465625000000001 0.5685416666666666 0.028125 0.035416666666666666
cl4uq6b5l0003356p4ou3mrfw 0 0.85625 0.22395833333333334 0.0375 0.04375
cl4uqbjp9000b356p2175vvqw 0 0.5114206414473684 0.7209498355263158 0.0421875 0.04375
