ckz3v9nzv00033867jsekqdcl 0 0.2734858960176991 0.4206612586037365 0.0265625 0.0375
ckz6ru2eb0001386lefk6js4m 0 0.23828125 0.578462441314554 0.0265625 0.0375
ckz6ru3um0003386l39xwv0yk 0 0.24365830399061034 0.8544111893583725 0.0265625 0.0375
ckz6ru5610005386l8uoys4lc 0 0.19453125 0.8458333333333333 0.0265625 0.0375
ckz6ru6of0007386lhf2t4dtw 0 0.08359375 0.80625 0.0265625 0.0375
ckz6ru83f0009386lx7517dwf 0 0.026815580985915494 0.7303305946791863 0.0265625 0.0375
ckz6ru99l000b386l18xh2byu 0 0.13515625 0.18958333333333333 0.0265625 0.0375
ckz6rub67000d386ld3mx1dyi 0 0.21796875 0.16345108695652175 0.0265625 0.0375
ckz6ruchb000f386lxxpeu5na 0 0.2953515625 0.1057638888888889 0.0265625 0.0375
ckz6rudsb000h386lkwwvc8dz 0 0.28422324640287766 0.21791067146282972 0.0265625 0.0375
ckz6ruf3e000j386lbyqpxw51 0 0.31240830399061037 0.309037558685446 0.0265625 0.0375
ckz6rugcj000l386lzjazem8c 0 0.33723958333333337 0.30625 0.0265625 0.041666666666666664
ckz6rui7o000n386lh32dwmkr 0 0.5745415199530516 0.8875293427230047 0.0265625 0.0375
ckz6ruj49000p386lndk3j9jv 0 0.6431584176300578 0.5674975915221581 0.0265625 0.0375
ckz6rup8s000r386lkjotnoh0 0 0.48828125 0.86875 0.0265625 0.0375
ckz6rurv1000t386llsdca8lh 0 0.7234375 0.7947916666666667 0.0234375 0.0375
ckz6rut1n000v386l8rfix41j 0 0.8477636307854137 0.8418653576437587 0.0265625 0.0375
ckz6ruunj000x386l4qiqzsvd 0 0.8383886307854137 0.9668653576437587 0.0265625 0.0375
ckz6ruw8w000z386lc52x10qx 0 0.8543774105890604 0.749371785881253 0.0265625 0.0375
ckz6ruxwl0011386lwhdpziws 0 0.990625 0.8375 0.01875 0.041666666666666664
ckz6ruzco0013386lo3nqjmle 0 0.828125 0.43645833333333334 0.025 0.03958333333333333
ckz6rv4et0015386le3rdpw93 0 0.8680961134453782 0.409375 0.025 0.03958333333333333
ckz6rv5s20017386lyas5kerj 0 0.6356770833333333 0.11215277777777778 0.0234375 0.035416666666666666
ckz6rva9o0019386ll7e0plel 0 0.6706329205069125 0.1435099846390169 0.0265625 0.03333333333333333
ckz6rvlfq001d386lt59x4kz2 0 0.7715315713367609 0.06783419023136246 0.0265625 0.03333333333333333
ckz6rvnb8001f386l63s6p1ys 0 0.7108458039906103 0.6363360719874804 0.0265625 0.03333333333333333
ckz6rvpuj001h386lhrb15el1 0 0.5907166960093897 0.4905320813771518 0.0265625 0.03333333333333333
ckz6rvrjs001j386lscfviwaz 0 0.4983458039906103 0.3882042253521127 0.0265625 0.03333333333333333
ckz6rvtvy001l386li54we947 0 0.01015625 0.5875 0.0203125 0.0375
ckz6rvvx4001n386lwp0hh90g 0 0.014620535714285714 0.23958333333333334 0.0265625 0.03333333333333333
ckz6rvxvs001p386l9u5f2w3s 0 0.19583333333333336 0.2777777777777778 0.02812500000000002 0.037500000000000026
ckz6rw3in001v386l6bltg9jj 0 0.77421875 0.6625 0.0265625 0.03333333333333333
ckz6rw56s001x386l432ih3l6 0 0.9919294084821428 0.7756975446428572 0.016141183035714234 0.03487723214285718
cl4sse7t80004356hlgz3o2fx 0 0.6369791666666667 0.4986111111111111 0.025 0.03333333333333333
cl4ssee0s0008356hd15z4qn8 0 0.58828125 0.11875 0.0296875 0.05
cl4ssegqi000c356hwxoota92 0 0.6015625 0.20625 0.025 0.04583333333333333
cl4sseopo000g356h6ldd8ms6 0 0.24921875 0.5625 0.0359375 0.04583333333333333
cl4swkq5u0003356p8vuhc7nn 0 0.35078125 0.5166666666666667 0.0328125 0.0375
cl4uq6b5l0003356p4ou3mrfw 0 0.85625 0.22395833333333334 0.0375 0.04375
cl4uqbjp9000b356p2175vvqw 0 0.5097245065789473 0.7235882675438597 0.0421875 0.04375
cl53eq6de000f356i3cjd5jif 1 0.57109375 0.13333333333333333 0.0890625 0.1125
cl53eqa7m000l356ivf26125u 1 0.3203125 0.21041666666666667 0.103125 0.09583333333333334
