ckz3v9nzv00033867jsekqdcl 0 0.27478567477876104 0.4160398230088495 0.0265625 0.0375
ckz6ru2eb0001386lefk6js4m 0 0.23828125 0.5812206572769953 0.0265625 0.0375
ckz6ru3um0003386l39xwv0yk 0 0.245037411971831 0.8507335680751174 0.0265625 0.0375
ckz6ru5610005386l8uoys4lc 0 0.19453125 0.8458333333333333 0.0265625 0.0375
ckz6ru6of0007386lhf2t4dtw 0 0.08359375 0.80625 0.0265625 0.0375
ckz6ru83f0009386lx7517dwf 0 0.028884242957746477 0.7284917840375587 0.0265625 0.0375
ckz6ru99l000b386l18xh2byu 0 0.13515625 0.18958333333333333 0.0265625 0.0375
ckz6rub67000d386ld3mx1dyi 0 0.19984375000000001 0.13874999999999998 0.0265625 0.037499999999999985
ckz6ruchb000f386lxxpeu5na 0 0.30636718749999997 0.09923611111111111 0.0265625 0.0375
ckz6rudsb000h386lkwwvc8dz 0 0.28475157374100724 0.2172062350119904 0.0265625 0.0375
ckz6ruf3e000j386lbyqpxw51 0 0.313787411971831 0.30627934272300467 0.0265625 0.0375
ckz6rugcj000l386lzjazem8c 0 0.390625 0.16041666666666668 0.0265625 0.041666666666666664
ckz6rui7o000n386lh32dwmkr 0 0.581437059859155 0.8792546948356808 0.0265625 0.0375
ckz6ruj49000p386lndk3j9jv 0 0.6457053829479769 0.5646676300578034 0.0265625 0.0375
ckz6rup8s000r386lkjotnoh0 0 0.48828125 0.86875 0.0265625 0.0375
ckz6rurv1000t386llsdca8lh 0 0.5609375 0.7791666666666667 0.0265625 0.0375
ckz6rut1n000v386l8rfix41j 0 0.8485876139551193 0.8393934081346424 0.0265625 0.0375
ckz6ruunj000x386l4qiqzsvd 0 0.8392126139551193 0.9643934081346424 0.0265625 0.0375
ckz6ruw8w000z386lc52x10qx 0 0.8549953979663394 0.7485478027115474 0.0265625 0.0375
ckz6ruxwl0011386lwhdpziws 0 0.9127604166666666 0.7409722222222223 0.0265625 0.0375
ckz6ruzco0013386lo3nqjmle 0 0.828125 0.43645833333333334 0.025 0.03958333333333333
ckz6rv4et0015386le3rdpw93 0 0.8684663865546218 0.409375 0.025 0.03958333333333333
ckz6rv5s20017386lyas5kerj 0 0.68671875 0.14270833333333333 0.0234375 0.035416666666666666
ckz6rva9o0019386ll7e0plel 0 0.6726634504608295 0.1353878648233487 0.0265625 0.03333333333333333
ckz6rvlfq001d386lt59x4kz2 0 0.7703988592544987 0.06481362467866324 0.0265625 0.03333333333333333
ckz6rvnb8001f386l63s6p1ys 0 0.712224911971831 0.638174882629108 0.0265625 0.03333333333333333
ckz6rvpuj001h386lhrb15el1 0 0.589337588028169 0.4840962441314554 0.0265625 0.03333333333333333
ckz6rvrjs001j386lscfviwaz 0 0.499724911971831 0.38544600938967133 0.0265625 0.03333333333333333
ckz6rvtvy001l386li54we947 0 0.09162946428571428 0.525 0.029687499999999988 0.0375
ckz6rvvx4001n386lwp0hh90g 0 0.01751302083333333 0.221484375 0.0265625 0.03333333333333333
ckz6rvxvs001p386l9u5f2w3s 0 0.1046875 0.26458333333333334 0.028125 0.0375
ckz6rw3in001v386l6bltg9jj 0 0.73359375 0.7933333333333333 0.0265625 0.03333333333333333
ckz6rw56s001x386l432ih3l6 0 0.9889787946428571 0.7717633928571428 0.022042410714285764 0.03400297619047616
cl4sse7t80004356hlgz3o2fx 0 0.5859375 0.3309027777777778 0.025 0.035416666666666666
cl4ssee0s0008356hd15z4qn8 0 0.58828125 0.11875 0.0296875 0.05
cl4ssegqi000c356hwxoota92 0 0.6015625 0.20625 0.025 0.04583333333333333
cl4sseopo000g356h6ldd8ms6 0 0.32473958333333336 0.7159722222222222 0.0390625 0.041666666666666664
cl4swkq5u0003356p8vuhc7nn 0 0.6453125 0.5940972222222223 0.028125 0.035416666666666666
cl4uq6b5l0003356p4ou3mrfw 0 0.85625 0.22395833333333334 0.0375 0.04375
cl4uqbjp9000b356p2175vvqw 0 0.5126233552631578 0.719078947368421 0.0421875 0.04375
