ckz3v9nzv00033867jsekqdcl 0 0.2750760508849558 0.4150073746312684 0.0265625 0.0375
ckz6ru2eb0001386lefk6js4m 0 0.23828125 0.5818368544600939 0.0265625 0.0375
ckz6ru3um0003386l39xwv0yk 0 0.2453455105633803 0.8499119718309859 0.0265625 0.0375
ckz6ru5610005386l8uoys4lc 0 0.19453125 0.8458333333333333 0.0265625 0.0375
ckz6ru6of0007386lhf2t4dtw 0 0.08359375 0.80625 0.0265625 0.0375
ckz6ru83f0009386lx7517dwf 0 0.029346390845070423 0.728080985915493 0.0265625 0.0375
ckz6ru99l000b386l18xh2byu 0 0.13515625 0.18958333333333333 0.0265625 0.0375
ckz6rub67000d386ld3mx1dyi 0 0.19623579545454545 0.12660984848484846 0.0265625 0.037499999999999985
ckz6ruchb000f386lxxpeu5na 0 0.3088295990566038 0.09775943396226415 0.0265625 0.0375
ckz6rudsb000h386lkwwvc8dz 0 0.28486960431654673 0.21704886091127099 0.0265625 0.0375
ckz6ruf3e000j386lbyqpxw51 0 0.3140955105633803 0.30566314553990614 0.0265625 0.0375
ckz6rugcj000l386lzjazem8c 0 0.40234375 0.13958333333333334 0.0265625 0.041666666666666664
ckz6rui7o000n386lh32dwmkr 0 0.5829775528169014 0.8774061032863849 0.0265625 0.0375
ckz6ruj49000p386lndk3j9jv 0 0.6462743858381502 0.5640354046242775 0.0265625 0.0375
ckz6rup8s000r386lkjotnoh0 0 0.48828125 0.86875 0.0265625 0.0375
ckz6rurv1000t386llsdca8lh 0 0.53515625 0.8 0.0265625 0.0375
ckz6rut1n000v386l8rfix41j 0 0.8487716953015427 0.8388411640953717 0.0265625 0.0375
ckz6ruunj000x386l4qiqzsvd 0 0.8393966953015427 0.9638411640953717 0.0265625 0.0375
ckz6ruw8w000z386lc52x10qx 0 0.855133458976157 0.7483637213651239 0.0265625 0.0375
ckz6ruxwl0011386lwhdpziws 0 0.92109375 0.68125 0.0265625 0.0375
ckz6ruzco0013386lo3nqjmle 0 0.828125 0.43645833333333334 0.025 0.03958333333333333
ckz6rv4et0015386le3rdpw93 0 0.8685491071428573 0.409375 0.025 0.03958333333333333
ckz6rv5s20017386lyas5kerj 0 0.68671875 0.1625 0.0234375 0.03333333333333333
ckz6rva9o0019386ll7e0plel 0 0.6731170794930875 0.13357334869431642 0.0265625 0.03333333333333333
ckz6rvlfq001d386lt59x4kz2 0 0.7701458065552699 0.0641388174807198 0.0265625 0.03333333333333333
ckz6rvnb8001f386l63s6p1ys 0 0.7125330105633803 0.6385856807511737 0.0265625 0.03333333333333333
ckz6rvpuj001h386lhrb15el1 0 0.5890294894366197 0.48265845070422536 0.0265625 0.03333333333333333
ckz6rvrjs001j386lscfviwaz 0 0.5000330105633803 0.3848298122065728 0.0265625 0.03333333333333333
ckz6rvtvy001l386li54we947 0 0.13515625 0.538888888888889 0.0296875 0.03750000000000006
ckz6rvvx4001n386lwp0hh90g 0 0.01759159482758621 0.21824712643678162 0.0265625 0.03333333333333333
ckz6rvxvs001p386l9u5f2w3s 0 0.07786458333333332 0.24444444444444446 0.027604166666666662 0.0361111111111111
ckz6rw3in001v386l6bltg9jj 0 0.74140625 0.8083333333333333 0.0265625 0.03333333333333333
ckz6rw56s001x386l432ih3l6 0 0.9883196149553571 0.7708844866071428 0.023360770089285766 0.03380766369047616
cl4sse7t80004356hlgz3o2fx 0 0.57890625 0.2989583333333333 0.025 0.035416666666666666
cl4ssee0s0008356hd15z4qn8 0 0.58828125 0.11875 0.0296875 0.05
cl4ssegqi000c356hwxoota92 0 0.6015625 0.20625 0.025 0.04583333333333333
cl4sseopo000g356h6ldd8ms6 0 0.34921875 0.73125 0.0390625 0.041666666666666664
cl4swkq5u0003356p8vuhc7nn 0 0.7078125 0.6052083333333333 0.028125 0.035416666666666666
cl4uq6b5l0003356p4ou3mrfw 0 0.85625 0.22395833333333334 0.0375 0.04375
cl4uqbjp9000b356p2175vvqw 0 0.5132709703947368 0.7180715460526316 0.0421875 0.04375
