ckz3v9nzv00033867jsekqdcl 0 0.2755185287610619 0.41343411996066864 0.0265625 0.0375
ckz6ru2eb0001386lefk6js4m 0 0.23828125 0.5827758215962441 0.0265625 0.0375
ckz6ru3um0003386l39xwv0yk 0 0.2458149941314554 0.8486600156494523 0.0265625 0.0375
ckz6ru5610005386l8uoys4lc 0 0.19453125 0.8458333333333333 0.0265625 0.0375
ckz6ru6of0007386lhf2t4dtw 0 0.08359375 0.80625 0.0265625 0.0375
ckz6ru83f0009386lx7517dwf 0 0.0300506161971831 0.7274550078247262 0.0265625 0.0375
ckz6ru99l000b386l18xh2byu 0 0.13515625 0.18958333333333333 0.0265625 0.0375
ckz6rub67000d386ld3mx1dyi 0 0.1931423611111111 0.11087962962962963 0.0265625 0.0375
ckz6ruchb000f386lxxpeu5na 0 0.31260318396226416 0.0952437106918239 0.0265625 0.0375
ckz6rudsb000h386lkwwvc8dz 0 0.2850494604316547 0.21680905275779377 0.0265625 0.0375
ckz6ruf3e000j386lbyqpxw51 0 0.3145649941314554 0.3047241784037559 0.0265625 0.0375
ckz6rugcj000l386lzjazem8c 0 0.43046875 0.09375 0.0265625 0.0375
ckz6rui7o000n386lh32dwmkr 0 0.585324970657277 0.8745892018779343 0.0265625 0.0375
ckz6ruj49000p386lndk3j9jv 0 0.6471414378612717 0.5630720134874759 0.0265625 0.0375
ckz6rup8s000r386lkjotnoh0 0 0.48828125 0.86875 0.0265625 0.0375
ckz6rurv1000t386llsdca8lh 0 0.4609375 0.78125 0.0265625 0.0375
ckz6rut1n000v386l8rfix41j 0 0.8490522002103786 0.837999649368864 0.0265625 0.0375
ckz6ruunj000x386l4qiqzsvd 0 0.8396772002103786 0.962999649368864 0.0265625 0.0375
ckz6ruw8w000z386lc52x10qx 0 0.8553438376577841 0.7480832164562881 0.0265625 0.0375
ckz6ruxwl0011386lwhdpziws 0 0.87265625 0.6729166666666667 0.0265625 0.0375
ckz6ruzco0013386lo3nqjmle 0 0.828125 0.43645833333333334 0.025 0.03958333333333333
ckz6rv4et0015386le3rdpw93 0 0.8686751575630252 0.409375 0.025 0.03958333333333333
ckz6rv5s20017386lyas5kerj 0 0.6731158088235294 0.18700980392156863 0.0234375 0.03333333333333333
ckz6rva9o0019386ll7e0plel 0 0.6738083237327188 0.1308083717357911 0.0265625 0.03333333333333335
ckz6rvjnr001b386l6bprt2rz 0 0.74296875 0.0859375 0.0265625 0.03333333333333333
ckz6rvlfq001d386lt59x4kz2 0 0.7697602024421594 0.06311053984575835 0.0265625 0.033333333333333326
ckz6rvnb8001f386l63s6p1ys 0 0.7130024941314554 0.6392116588419405 0.0265625 0.03333333333333333
ckz6rvpuj001h386lhrb15el1 0 0.5885600058685446 0.48046752738654147 0.0265625 0.03333333333333333
ckz6rvrjs001j386lscfviwaz 0 0.5005024941314554 0.38389084507042254 0.0265625 0.03333333333333333
ckz6rvtvy001l386li54we947 0 0.17578125 0.6166666666666667 0.0265625 0.03333333333333333
ckz6rvvx4001n386lwp0hh90g 0 0.015867456896551724 0.21594827586206897 0.0265625 0.03333333333333333
ckz6rvxvs001p386l9u5f2w3s 0 0.06484375 0.18958333333333333 0.0265625 0.03333333333333333
ckz6rvzvz001r386lcw1fqa7h 0 0.7265625 0.9895833333333334 0.01875 0.020833333333333332
ckz6rw1y9001t386ll8rr5ixq 0 0.65390625 0.95 0.0265625 0.03333333333333333
ckz6rw3in001v386l6bltg9jj 0 0.73359375 0.84375 0.0265625 0.03333333333333333
ckz6rw56s001x386l432ih3l6 0 0.9873151506696429 0.7695452008928572 0.025369698660714236 0.03351004464285718
cl4sse7t80004356hlgz3o2fx 0 0.5479166666666667 0.24409722222222224 0.025 0.035416666666666666
cl4ssee0s0008356hd15z4qn8 0 0.58828125 0.11875 0.0296875 0.05
cl4ssegqi000c356hwxoota92 0 0.6015625 0.20625 0.025 0.04583333333333333
cl4sseopo000g356h6ldd8ms6 0 0.37421875 0.75625 0.0390625 0.041666666666666664
cl4swkq5u0003356p8vuhc7nn 0 0.801953125 0.64375 0.028125 0.03333333333333333
cl4uq6b5l0003356p4ou3mrfw 0 0.85625 0.22395833333333334 0.0375 0.04375
cl4uqbjp9000b356p2175vvqw 0 0.5142578125 0.7165364583333333 0.0421875 0.04375
