ckz3v9nzv00033867jsekqdcl 0 0.2735826880530973 0.4203171091445428 0.0265625 0.0375
ckz6ru2eb0001386lefk6js4m 0 0.23828125 0.5786678403755868 0.0265625 0.0375
ckz6ru3um0003386l39xwv0yk 0 0.24376100352112676 0.854137323943662 0.0265625 0.0375
ckz6ru5610005386l8uoys4lc 0 0.19453125 0.8458333333333333 0.0265625 0.0375
ckz6ru6of0007386lhf2t4dtw 0 0.08359375 0.80625 0.0265625 0.0375
ckz6ru83f0009386lx7517dwf 0 0.026969630281690138 0.7301936619718309 0.0265625 0.0375
ckz6ru99l000b386l18xh2byu 0 0.13515625 0.18958333333333333 0.0265625 0.0375
ckz6rub67000d386ld3mx1dyi 0 0.21796875 0.1625 0.0265625 0.0375
ckz6ruchb000f386lxxpeu5na 0 0.29617187500000003 0.10527777777777778 0.0265625 0.0375
ckz6rudsb000h386lkwwvc8dz 0 0.2842625899280576 0.2178582134292566 0.0265625 0.0375
ckz6ruf3e000j386lbyqpxw51 0 0.31251100352112676 0.3088321596244131 0.0265625 0.0375
ckz6rugcj000l386lzjazem8c 0 0.34609375 0.27569444444444446 0.0265625 0.0416666666666667
ckz6rui7o000n386lh32dwmkr 0 0.5750550176056338 0.8869131455399061 0.0265625 0.0375
ckz6ruj49000p386lndk3j9jv 0 0.6433480852601157 0.5672868497109828 0.0265625 0.0375
ckz6rup8s000r386lkjotnoh0 0 0.48828125 0.86875 0.0265625 0.0375
ckz6rurv1000t386llsdca8lh 0 0.71796875 0.8208333333333333 0.0234375 0.0375
ckz6rut1n000v386l8rfix41j 0 0.8478249912342216 0.8416812762973351 0.0265625 0.0375
ckz6ruunj000x386l4qiqzsvd 0 0.8384499912342216 0.9666812762973351 0.0265625 0.0375
ckz6ruw8w000z386lc52x10qx 0 0.8544234309256662 0.749310425432445 0.0265625 0.0375
ckz6ruxwl0011386lwhdpziws 0 0.98671875 0.8552083333333333 0.0265625 0.04375
ckz6ruzco0013386lo3nqjmle 0 0.828125 0.43645833333333334 0.025 0.03958333333333333
ckz6rv4et0015386le3rdpw93 0 0.8681236869747899 0.409375 0.025 0.03958333333333333
ckz6rv5s20017386lyas5kerj 0 0.62734375 0.11979166666666667 0.0234375 0.035416666666666666
ckz6rva9o0019386ll7e0plel 0 0.6707841301843318 0.14290514592933948 0.0265625 0.03333333333333333
ckz6rvlfq001d386lt59x4kz2 0 0.771447220437018 0.06760925449871465 0.0265625 0.03333333333333333
ckz6rvnb8001f386l63s6p1ys 0 0.7109485035211268 0.6364730046948357 0.0265625 0.03333333333333333
ckz6rvpuj001h386lhrb15el1 0 0.5906139964788732 0.49005281690140845 0.0265625 0.03333333333333333
ckz6rvrjs001j386lscfviwaz 0 0.4984485035211268 0.3879988262910798 0.0265625 0.03333333333333333
ckz6rvvx4001n386lwp0hh90g 0 0.014750744047619047 0.23836805555555557 0.0265625 0.03333333333333333
ckz6rvxvs001p386l9u5f2w3s 0 0.1921875 0.2659722222222222 0.028125 0.03749999999999997
ckz6rw3in001v386l6bltg9jj 0 0.7890625 0.66875 0.0265625 0.03333333333333333
ckz6rw56s001x386l432ih3l6 0 0.9917096819196429 0.7754045758928572 0.016580636160714236 0.03481212797619051
cl4sse7t80004356hlgz3o2fx 0 0.6453125 0.4784722222222222 0.025 0.03333333333333333
cl4ssee0s0008356hd15z4qn8 0 0.58828125 0.11875 0.0296875 0.05
cl4ssegqi000c356hwxoota92 0 0.6015625 0.20625 0.025 0.04583333333333333
cl4sseopo000g356h6ldd8ms6 0 0.26875 0.5458333333333333 0.0359375 0.04583333333333333
cl4swkq5u0003356p8vuhc7nn 0 0.38046875 0.49583333333333335 0.0328125 0.0375
cl4uq6b5l0003356p4ou3mrfw 0 0.85625 0.22395833333333334 0.0375 0.04375
cl4uqbjp9000b356p2175vvqw 0 0.5099403782894737 0.7232524671052631 0.0421875 0.04375
cl53eq6de000f356i3cjd5jif 1 0.57109375 0.13333333333333333 0.0890625 0.1125
cl53eqa7m000l356ivf26125u 1 0.3203125 0.21041666666666667 0.103125 0.09583333333333334
