ckz3v9nzv00033867jsekqdcl 0 0.26484375 0.4354166666666667 0.0265625 0.0375
ckz6ru2eb0001386lefk6js4m 0 0.23828125 0.5770833333333333 0.0265625 0.0375
ckz6ru3um0003386l39xwv0yk 0 0.24178847111553786 0.85625 0.0265625 0.0375
ckz6ru5610005386l8uoys4lc 0 0.19453125 0.8458333333333333 0.0265625 0.0375
ckz6ru6of0007386lhf2t4dtw 0 0.08359375 0.80625 0.0265625 0.0375
ckz6ru83f0009386lx7517dwf 0 0.014254012645914393 0.7677529182879378 0.0265625 0.0375
ckz6ru99l000b386l18xh2byu 0 0.13515625 0.18958333333333333 0.0265625 0.0375
ckz6rub67000d386ld3mx1dyi 0 0.2908854166666667 0.2472222222222222 0.0265625 0.04166666666666664
ckz6ruchb000f386lxxpeu5na 0 0.24555208333333334 0.15173333333333333 0.0265625 0.037499999999999985
ckz6rudsb000h386lkwwvc8dz 0 0.28129496402877696 0.22181504796163068 0.0265625 0.0375
ckz6ruf3e000j386lbyqpxw51 0 0.2722724780701754 0.35603070175438595 0.0265625 0.0375
ckz6rugcj000l386lzjazem8c 0 0.01875 0.5588541666666667 0.028125 0.05
ckz6rui7o000n386lh32dwmkr 0 0.5343898700585652 0.9739781600780869 0.0265625 0.0375
ckz6ruj49000p386lndk3j9jv 0 0.6275754766949152 0.6036370056497176 0.0265625 0.0375
ckz6rup8s000r386lkjotnoh0 0 0.48828125 0.86875 0.0265625 0.0375
ckz6rut1n000v386l8rfix41j 0 0.8431966602384291 0.8555662692847126 0.0265625 0.0375
ckz6ruunj000x386l4qiqzsvd 0 0.8338216602384291 0.9805662692847126 0.0265625 0.0375
ckz6ruw8w000z386lc52x10qx 0 0.850952182678822 0.7539387564282375 0.0265625 0.0375
ckz6ruzco0013386lo3nqjmle 0 0.828125 0.43645833333333334 0.025 0.03958333333333333
ckz6rv4et0015386le3rdpw93 0 0.8660438550420168 0.409375 0.025 0.03958333333333333
ckz6rva9o0019386ll7e0plel 0 0.6602644751082252 0.18907828282828282 0.0265625 0.03333333333333333
ckz6rvlfq001d386lt59x4kz2 0 0.7667388303212851 0.08995983935742971 0.0265625 0.03333333333333333
ckz6rvnb8001f386l63s6p1ys 0 0.71015625 0.6354166666666666 0.0265625 0.03333333333333333
ckz6rvpuj001h386lhrb15el1 0 0.5596195133587786 0.5463024809160306 0.029317748091603056 0.033333333333333395
ckz6rvrjs001j386lscfviwaz 0 0.478554428807947 0.41204470198675497 0.0265625 0.03333333333333333
ckz6rvxvs001p386l9u5f2w3s 0 0.665625 0.5541666666666667 0.028125 0.0375
ckz6rw3in001v386l6bltg9jj 0 0.60234375 0.03194444444444444 0.0265625 0.03333333333333333
ckz6rw56s001x386l432ih3l6 0 0.9693407012195122 0.8758384146341462 0.0234375 0.035416666666666666
cl4ssee0s0008356hd15z4qn8 0 0.58828125 0.11875 0.0296875 0.05
cl4ssegqi000c356hwxoota92 0 0.6015625 0.20625 0.025 0.04583333333333333
cl4uq6b5l0003356p4ou3mrfw 0 0.85625 0.22395833333333334 0.0375 0.04375
cl4uq7un10007356p14ye3ifb 0 0.8778645833333334 0.20381944444444444 0.0328125 0.04375
cl4uqbjp9000b356p2175vvqw 0 0.49504513046116505 0.7461898260517799 0.0421875 0.04375
cl4ur3vs8000v356pe031p1yo 0 0.5048539518900343 0.027330326460481103 0.025 0.027083333333333338
cl4urtjol000z356puo72ztp3 0 0.008984375 0.2520833333333333 0.01796875 0.035416666666666666
cl4uru0kq0013356pt4h9yjm1 0 0.510345643939394 0.014520202020202018 0.0296875 0.01875
cl4urwkrx0017356pikpviaa9 0 0.36545194892473115 0.03146281362007168 0.0234375 0.027083333333333334
cl53eq6de000f356i3cjd5jif 1 0.57109375 0.13333333333333333 0.0890625 0.1125
cl53eqa7m000l356ivf26125u 1 0.3203125 0.21041666666666667 0.103125 0.09583333333333334
