ckz3v9nzv00033867jsekqdcl 0 0.26506401431718063 0.43519640234948603 0.0265625 0.0375
ckz6ru2eb0001386lefk6js4m 0 0.23828125 0.5770833333333333 0.0265625 0.0375
ckz6ru3um0003386l39xwv0yk 0 0.24210968625498008 0.85625 0.0265625 0.0375
ckz6ru5610005386l8uoys4lc 0 0.19453125 0.8458333333333333 0.0265625 0.0375
ckz6ru6of0007386lhf2t4dtw 0 0.08359375 0.80625 0.0265625 0.0375
ckz6ru83f0009386lx7517dwf 0 0.017391172178988328 0.757818579766537 0.0265625 0.0375
ckz6ru99l000b386l18xh2byu 0 0.13515625 0.18958333333333333 0.0265625 0.0375
ckz6rub67000d386ld3mx1dyi 0 0.24765625 0.20694444444444443 0.0265625 0.041666666666666664
ckz6ruchb000f386lxxpeu5na 0 0.2536376953125 0.13994140625 0.0265625 0.0375
ckz6rudsb000h386lkwwvc8dz 0 0.28202000899280577 0.22084832134292567 0.0265625 0.0375
ckz6ruf3e000j386lbyqpxw51 0 0.2817946962151395 0.3419820717131474 0.0265625 0.0375
ckz6rugcj000l386lzjazem8c 0 0.12901785714285713 0.5267857142857142 0.028125 0.04999999999999994
ckz6rui7o000n386lh32dwmkr 0 0.5376953125 0.965017361111111 0.0265625 0.0375
ckz6ruj49000p386lndk3j9jv 0 0.6335540254237289 0.5899717514124294 0.0265625 0.0375
ckz6rup8s000r386lkjotnoh0 0 0.48828125 0.86875 0.0265625 0.0375
ckz6rut1n000v386l8rfix41j 0 0.8443274456521739 0.8521739130434782 0.0265625 0.0375
ckz6ruunj000x386l4qiqzsvd 0 0.8349524456521739 0.9771739130434782 0.0265625 0.0375
ckz6ruw8w000z386lc52x10qx 0 0.8518002717391304 0.7528079710144927 0.0265625 0.0375
ckz6ruzco0013386lo3nqjmle 0 0.828125 0.43645833333333334 0.025 0.03958333333333333
ckz6rv4et0015386le3rdpw93 0 0.8665519957983193 0.409375 0.025 0.03958333333333333
ckz6rva9o0019386ll7e0plel 0 0.662009604978355 0.18093434343434342 0.0265625 0.03333333333333333
ckz6rvlfq001d386lt59x4kz2 0 0.7699767821285141 0.08348393574297189 0.0265625 0.03333333333333333
ckz6rvnb8001f386l63s6p1ys 0 0.71015625 0.6354166666666666 0.0265625 0.03333333333333333
ckz6rvpuj001h386lhrb15el1 0 0.5703900286259541 0.5309160305343512 0.027779103053435162 0.033333333333333395
ckz6rvrjs001j386lscfviwaz 0 0.48476714494163425 0.4058852140077821 0.0265625 0.03333333333333333
ckz6rvvx4001n386lwp0hh90g 0 0.00546875 0.30520833333333336 0.0109375 0.035416666666666666
ckz6rvxvs001p386l9u5f2w3s 0 0.535546875 0.4734375 0.028125 0.0375
ckz6rw3in001v386l6bltg9jj 0 0.73984375 0.10833333333333334 0.0265625 0.03333333333333333
ckz6rw56s001x386l432ih3l6 0 0.9761389307228916 0.853953313253012 0.0234375 0.035416666666666666
cl4ssee0s0008356hd15z4qn8 0 0.58828125 0.11875 0.0296875 0.05
cl4ssegqi000c356hwxoota92 0 0.6015625 0.20625 0.025 0.04583333333333333
cl4sseopo000g356h6ldd8ms6 0 0.03203125 0.017708333333333333 0.0265625 0.03125
cl4uq6b5l0003356p4ou3mrfw 0 0.85625 0.22395833333333334 0.0375 0.04375
cl4uq7un10007356p14ye3ifb 0 0.96953125 0.2951388888888889 0.024479166666666784 0.0375
cl4uqbjp9000b356p2175vvqw 0 0.49763569078947373 0.7423930921052632 0.0421875 0.04375
cl4ur3vs8000v356pe031p1yo 0 0.5030059523809524 0.023158068783068787 0.025 0.027083333333333338
cl4urtjol000z356puo72ztp3 0 0.1953125 0.284375 0.028125 0.0375
cl4uru0kq0013356pt4h9yjm1 0 0.5164535984848484 0.01248421717171717 0.0296875 0.01875
cl4urwkrx0017356pikpviaa9 0 0.3689508928571429 0.020074404761904762 0.0234375 0.026101190476190476
cl53eq6de000f356i3cjd5jif 1 0.57109375 0.13333333333333333 0.0890625 0.1125
cl53eqa7m000l356ivf26125u 1 0.3203125 0.21041666666666667 0.103125 0.09583333333333334
