ckz3v9nzv00033867jsekqdcl 0 0.26484375 0.4354166666666667 0.0265625 0.0375
ckz6ru2eb0001386lefk6js4m 0 0.23828125 0.5770833333333333 0.0265625 0.0375
ckz6ru3um0003386l39xwv0yk 0 0.24190799302788846 0.85625 0.0265625 0.0375
ckz6ru5610005386l8uoys4lc 0 0.19453125 0.8458333333333333 0.0265625 0.0375
ckz6ru6of0007386lhf2t4dtw 0 0.08359375 0.80625 0.0265625 0.0375
ckz6ru83f0009386lx7517dwf 0 0.01542132782101167 0.764056420233463 0.0265625 0.0375
ckz6ru99l000b386l18xh2byu 0 0.13515625 0.18958333333333333 0.0265625 0.0375
ckz6rub67000d386ld3mx1dyi 0 0.2722956730769231 0.23637820512820515 0.0265625 0.041666666666666664
ckz6ruchb000f386lxxpeu5na 0 0.247705078125 0.1478515625 0.0265625 0.0375
ckz6rudsb000h386lkwwvc8dz 0 0.28156474820143884 0.22145533573141488 0.0265625 0.0375
ckz6ruf3e000j386lbyqpxw51 0 0.27556195175438597 0.35076754385964914 0.0265625 0.0375
ckz6rugcj000l386lzjazem8c 0 0.06640625 0.5760416666666667 0.028125 0.05
ckz6rui7o000n386lh32dwmkr 0 0.5339506314055636 0.9733925085407515 0.0265625 0.0375
ckz6ruj49000p386lndk3j9jv 0 0.6298000529661018 0.5985522598870057 0.0265625 0.0375
ckz6rup8s000r386lkjotnoh0 0 0.48828125 0.86875 0.0265625 0.0375
ckz6rut1n000v386l8rfix41j 0 0.8436174176016831 0.8543039971949509 0.0265625 0.0375
ckz6ruunj000x386l4qiqzsvd 0 0.834242417601683 0.9793039971949509 0.0265625 0.0375
ckz6ruw8w000z386lc52x10qx 0 0.8512677507012623 0.7535179990649836 0.0265625 0.0375
ckz6ruzco0013386lo3nqjmle 0 0.828125 0.43645833333333334 0.025 0.03958333333333333
ckz6rv4et0015386le3rdpw93 0 0.8662329306722689 0.409375 0.025 0.03958333333333333
ckz6rva9o0019386ll7e0plel 0 0.6609138257575757 0.1860479797979798 0.0265625 0.03333333333333333
ckz6rvlfq001d386lt59x4kz2 0 0.7679436495983936 0.08755020080321284 0.0265625 0.03333333333333333
ckz6rvnb8001f386l63s6p1ys 0 0.71015625 0.6354166666666666 0.0265625 0.03333333333333333
ckz6rvpuj001h386lhrb15el1 0 0.5636271469465649 0.5405772900763358 0.028745229007633544 0.03333333333333333
ckz6rvrjs001j386lscfviwaz 0 0.48054118377483446 0.40873344370860926 0.0265625 0.03333333333333333
ckz6rvxvs001p386l9u5f2w3s 0 0.6302083333333333 0.58125 0.028125 0.0375
ckz6rw3in001v386l6bltg9jj 0 0.65546875 0.07083333333333333 0.0265625 0.03333333333333333
ckz6rw56s001x386l432ih3l6 0 0.9745392628205127 0.8655715811965812 0.0234375 0.035416666666666666
cl4ssee0s0008356hd15z4qn8 0 0.58828125 0.11875 0.0296875 0.05
cl4ssegqi000c356hwxoota92 0 0.6015625 0.20625 0.025 0.04583333333333333
cl4uq6b5l0003356p4ou3mrfw 0 0.85625 0.22395833333333334 0.0375 0.04375
cl4uq7un10007356p14ye3ifb 0 0.91640625 0.23350694444444448 0.0328125 0.0420138888888889
cl4uqbjp9000b356p2175vvqw 0 0.4956822663834951 0.7453403114886732 0.0421875 0.04375
cl4ur3vs8000v356pe031p1yo 0 0.5054166666666666 0.025300925925925928 0.025 0.027083333333333338
cl4urtjol000z356puo72ztp3 0 0.07213541666666666 0.3038194444444445 0.0296875 0.03958333333333333
cl4uru0kq0013356pt4h9yjm1 0 0.5126183712121212 0.013762626262626261 0.0296875 0.01875
cl4urwkrx0017356pikpviaa9 0 0.3665809811827957 0.02716173835125448 0.0234375 0.027083333333333334
cl4urzbou001b356p2c0bz1ci 0 0.02421875 0.07083333333333333 0.0296875 0.03333333333333333
cl53eq6de000f356i3cjd5jif 1 0.57109375 0.13333333333333333 0.0890625 0.1125
cl53eqa7m000l356ivf26125u 1 0.3203125 0.21041666666666667 0.103125 0.09583333333333334
