ckz3v9nzv00033867jsekqdcl 0 0.26834044603524226 0.4319199706314244 0.0265625 0.0375
ckz6ru2eb0001386lefk6js4m 0 0.23828125 0.5770833333333333 0.0265625 0.0375
ckz6ru3um0003386l39xwv0yk 0 0.24240600099601592 0.85625 0.0265625 0.0375
ckz6ru5610005386l8uoys4lc 0 0.19453125 0.8458333333333333 0.0265625 0.0375
ckz6ru6of0007386lhf2t4dtw 0 0.08359375 0.80625 0.0265625 0.0375
ckz6ru83f0009386lx7517dwf 0 0.020285141050583655 0.7486543450064851 0.0265625 0.0375
ckz6ru99l000b386l18xh2byu 0 0.13515625 0.18958333333333333 0.0265625 0.0375
ckz6rub67000d386ld3mx1dyi 0 0.22734375 0.1875 0.0265625 0.041666666666666664
ckz6ruchb000f386lxxpeu5na 0 0.262353515625 0.1283203125 0.0265625 0.0375
ckz6rudsb000h386lkwwvc8dz 0 0.2826888489208633 0.21995653477218227 0.0265625 0.0375
ckz6ruf3e000j386lbyqpxw51 0 0.29142492529880476 0.3291417662682603 0.0265625 0.0375
ckz6rugcj000l386lzjazem8c 0 0.1715625 0.53125 0.028125 0.04583333333333333
ckz6rui7o000n386lh32dwmkr 0 0.5492394453642384 0.9423151214128036 0.0265625 0.0375
ckz6ruj49000p386lndk3j9jv 0 0.63828125 0.5782007575757576 0.0265625 0.0375
ckz6rup8s000r386lkjotnoh0 0 0.48828125 0.86875 0.0265625 0.0375
ckz6rut1n000v386l8rfix41j 0 0.8453705732819075 0.8490445301542776 0.0265625 0.0375
ckz6ruunj000x386l4qiqzsvd 0 0.8359955732819074 0.9740445301542776 0.0265625 0.0375
ckz6ruw8w000z386lc52x10qx 0 0.8525826174614306 0.7517648433847592 0.0265625 0.0375
ckz6ruzco0013386lo3nqjmle 0 0.828125 0.43645833333333334 0.025 0.03958333333333333
ckz6rv4et0015386le3rdpw93 0 0.8670207457983194 0.409375 0.025 0.03958333333333333
ckz6rva9o0019386ll7e0plel 0 0.6639138410931175 0.17225877192982458 0.0265625 0.03333333333333333
ckz6rvlfq001d386lt59x4kz2 0 0.7729637299196787 0.07751004016064257 0.0265625 0.03333333333333333
ckz6rvnb8001f386l63s6p1ys 0 0.71015625 0.6354166666666666 0.0265625 0.03333333333333333
ckz6rvpuj001h386lhrb15el1 0 0.5798721590909091 0.5164962121212121 0.0265625 0.03333333333333333
ckz6rvrjs001j386lscfviwaz 0 0.49200206712062255 0.4049205577172503 0.0265625 0.03333333333333333
ckz6rvvx4001n386lwp0hh90g 0 0.0078125 0.2875 0.015625 0.03333333333333333
ckz6rvxvs001p386l9u5f2w3s 0 0.428125 0.4354166666666667 0.028125 0.0375
ckz6rw3in001v386l6bltg9jj 0 0.78046875 0.2625 0.0265625 0.03333333333333333
ckz6rw56s001x386l432ih3l6 0 0.9814670138888889 0.8311342592592593 0.020399305555555535 0.035416666666666666
cl4sse7t80004356hlgz3o2fx 0 0.8223958333333334 0.9645833333333333 0.0328125 0.041666666666666664
cl4ssee0s0008356hd15z4qn8 0 0.58828125 0.11875 0.0296875 0.05
cl4ssegqi000c356hwxoota92 0 0.6015625 0.20625 0.025 0.04583333333333333
cl4sseopo000g356h6ldd8ms6 0 0.07421875 0.20416666666666666 0.0359375 0.04583333333333333
cl4uq6b5l0003356p4ou3mrfw 0 0.85625 0.22395833333333334 0.0375 0.04375
cl4uqbjp9000b356p2175vvqw 0 0.501305509868421 0.7366844846491228 0.0421875 0.04375
cl4ur3vs8000v356pe031p1yo 0 0.4994642857142857 0.020009920634920634 0.025 0.027083333333333334
cl4urtjol000z356puo72ztp3 0 0.3211805555555555 0.08819444444444445 0.028125 0.0375
cl4uru0kq0013356pt4h9yjm1 0 0.5220880681818182 0.010606060606060603 0.0296875 0.01875
cl4urwkrx0017356pikpviaa9 0 0.37352430555555555 0.010416666666666666 0.0234375 0.020833333333333332
cl53eq6de000f356i3cjd5jif 1 0.57109375 0.13333333333333333 0.0890625 0.1125
cl53eqa7m000l356ivf26125u 1 0.3203125 0.21041666666666667 0.103125 0.09583333333333334
