ckz3v9nzv00033867jsekqdcl 0 0.2718542588495575 0.42646263520157324 0.0265625 0.0375
ckz6ru2eb0001386lefk6js4m 0 0.23828125 0.5770833333333333 0.0265625 0.0375
ckz6ru3um0003386l39xwv0yk 0 0.24279195717131472 0.85625 0.0265625 0.0375
ckz6ru5610005386l8uoys4lc 0 0.19453125 0.8458333333333333 0.0265625 0.0375
ckz6ru6of0007386lhf2t4dtw 0 0.08359375 0.80625 0.0265625 0.0375
ckz6ru83f0009386lx7517dwf 0 0.024054596303501947 0.7367177367055772 0.0265625 0.0375
ckz6ru99l000b386l18xh2byu 0 0.13515625 0.18958333333333333 0.0265625 0.0375
ckz6rub67000d386ld3mx1dyi 0 0.22260237068965516 0.17708333333333334 0.0265625 0.0375
ckz6ruchb000f386lxxpeu5na 0 0.28032731681034484 0.11522090517241379 0.0265625 0.0375
ckz6rudsb000h386lkwwvc8dz 0 0.28356002697841726 0.218794964028777 0.0265625 0.0375
ckz6ruf3e000j386lbyqpxw51 0 0.30501782718120807 0.31538031319910514 0.0265625 0.0375
ckz6rugcj000l386lzjazem8c 0 0.31328125 0.4256944444444445 0.0265625 0.041666666666666664
ckz6rui7o000n386lh32dwmkr 0 0.5647017045454545 0.9086174242424242 0.0265625 0.0375
ckz6ruj49000p386lndk3j9jv 0 0.6399611632947977 0.5710500963391137 0.0265625 0.0375
ckz6rup8s000r386lkjotnoh0 0 0.48828125 0.86875 0.0265625 0.0375
ckz6rurv1000t386llsdca8lh 0 0.9390625 0.915625 0.0234375 0.0375
ckz6rut1n000v386l8rfix41j 0 0.8467292689340814 0.8449684431977559 0.0265625 0.0375
ckz6ruunj000x386l4qiqzsvd 0 0.8373542689340814 0.9699684431977559 0.0265625 0.0375
ckz6ruw8w000z386lc52x10qx 0 0.853601639200561 0.7504061477325853 0.0265625 0.0375
ckz6ruzco0013386lo3nqjmle 0 0.828125 0.43645833333333334 0.025 0.03958333333333333
ckz6rv4et0015386le3rdpw93 0 0.8676313025210083 0.409375 0.025 0.03958333333333333
ckz6rva9o0019386ll7e0plel 0 0.6678359058704453 0.15526315789473685 0.0265625 0.03333333333333333
ckz6rvlfq001d386lt59x4kz2 0 0.772953486503856 0.07162596401028277 0.0265625 0.03333333333333333
ckz6rvnb8001f386l63s6p1ys 0 0.71015625 0.6354166666666666 0.0265625 0.03333333333333333
ckz6rvpuj001h386lhrb15el1 0 0.5880697838345864 0.4993107769423559 0.0265625 0.03333333333333333
ckz6rvrjs001j386lscfviwaz 0 0.49765625 0.39736842105263154 0.0265625 0.03333333333333333
ckz6rvvx4001n386lwp0hh90g 0 0.01328125 0.2644489247311828 0.0265625 0.03333333333333333
ckz6rvxvs001p386l9u5f2w3s 0 0.3109375 0.41041666666666665 0.028125 0.0375
ckz6rw3in001v386l6bltg9jj 0 0.76484375 0.5145833333333333 0.0265625 0.03333333333333333
ckz6rw56s001x386l432ih3l6 0 0.9924479166666667 0.7972222222222223 0.0125 0.035416666666666666
cl4sse7t80004356hlgz3o2fx 0 0.7088169642857143 0.6943452380952381 0.0296875 0.041666666666666664
cl4ssee0s0008356hd15z4qn8 0 0.58828125 0.11875 0.0296875 0.05
cl4ssegqi000c356hwxoota92 0 0.6015625 0.20625 0.025 0.04583333333333333
cl4sseopo000g356h6ldd8ms6 0 0.22421875 0.41354166666666664 0.0359375 0.04583333333333333
cl4swkq5u0003356p8vuhc7nn 0 0.058984375 0.25416666666666665 0.0328125 0.0375
cl4uq6b5l0003356p4ou3mrfw 0 0.85625 0.22395833333333334 0.0375 0.04375
cl4uqbjp9000b356p2175vvqw 0 0.5060855263157895 0.7292489035087719 0.0421875 0.04375
cl53eq6de000f356i3cjd5jif 1 0.57109375 0.13333333333333333 0.0890625 0.1125
cl53eqa7m000l356ivf26125u 1 0.3203125 0.21041666666666667 0.103125 0.09583333333333334
