ckz3v9nzv00033867jsekqdcl 0 0.2692490363436123 0.43101138032305436 0.0265625 0.0375
ckz6ru2eb0001386lefk6js4m 0 0.23828125 0.5770833333333333 0.0265625 0.0375
ckz6ru3um0003386l39xwv0yk 0 0.24248817231075698 0.85625 0.0265625 0.0375
ckz6ru5610005386l8uoys4lc 0 0.19453125 0.8458333333333333 0.0265625 0.0375
ckz6ru6of0007386lhf2t4dtw 0 0.08359375 0.80625 0.0265625 0.0375
ckz6ru83f0009386lx7517dwf 0 0.021087670233463036 0.7461130025940338 0.0265625 0.0375
ckz6ru99l000b386l18xh2byu 0 0.13515625 0.18958333333333333 0.0265625 0.0375
ckz6rub67000d386ld3mx1dyi 0 0.22109375 0.1849702380952381 0.0265625 0.041666666666666664
ckz6ruchb000f386lxxpeu5na 0 0.2647705078125 0.12509765625 0.0265625 0.0375
ckz6rudsb000h386lkwwvc8dz 0 0.28287432553956837 0.21970923261390887 0.0265625 0.0375
ckz6ruf3e000j386lbyqpxw51 0 0.29409549302788845 0.3255810092961487 0.0265625 0.0375
ckz6rugcj000l386lzjazem8c 0 0.19427083333333334 0.517361111111111 0.02812500000000002 0.045833333333333275
ckz6rui7o000n386lh32dwmkr 0 0.5523127069536423 0.935485651214128 0.0265625 0.0375
ckz6ruj49000p386lndk3j9jv 0 0.63828125 0.5763257575757575 0.0265625 0.0375
ckz6rup8s000r386lkjotnoh0 0 0.48828125 0.86875 0.0265625 0.0375
ckz6rut1n000v386l8rfix41j 0 0.8456598439691444 0.8481767180925667 0.0265625 0.0375
ckz6ruunj000x386l4qiqzsvd 0 0.8362848439691444 0.9731767180925667 0.0265625 0.0375
ckz6ruw8w000z386lc52x10qx 0 0.8527995704768584 0.7514755726975222 0.0265625 0.0375
ckz6ruzco0013386lo3nqjmle 0 0.828125 0.43645833333333334 0.025 0.03958333333333333
ckz6rv4et0015386le3rdpw93 0 0.8671507352941177 0.409375 0.025 0.03958333333333333
ckz6rva9o0019386ll7e0plel 0 0.6647488613360324 0.16864035087719298 0.0265625 0.03333333333333333
ckz6rvlfq001d386lt59x4kz2 0 0.7737920431726908 0.07585341365461848 0.0265625 0.03333333333333333
ckz6rvnb8001f386l63s6p1ys 0 0.71015625 0.6354166666666666 0.0265625 0.03333333333333333
ckz6rvpuj001h386lhrb15el1 0 0.5817471590909091 0.5121212121212121 0.0265625 0.03333333333333333
ckz6rvrjs001j386lscfviwaz 0 0.494008390077821 0.40465304798962387 0.0265625 0.03333333333333333
ckz6rvvx4001n386lwp0hh90g 0 0.008848684210526318 0.2839473684210526 0.017697368421052635 0.03333333333333333
ckz6rvxvs001p386l9u5f2w3s 0 0.3921875 0.4661458333333333 0.028125 0.0375
ckz6rw3in001v386l6bltg9jj 0 0.765625 0.315625 0.0265625 0.03333333333333333
ckz6rw56s001x386l432ih3l6 0 0.9839409722222221 0.8241898148148148 0.01857638888888875 0.035416666666666666
cl4sse7t80004356hlgz3o2fx 0 0.7984375 0.9145833333333333 0.0390625 0.041666666666666664
cl4ssee0s0008356hd15z4qn8 0 0.58828125 0.11875 0.0296875 0.05
cl4ssegqi000c356hwxoota92 0 0.6015625 0.20625 0.025 0.04583333333333333
cl4sseopo000g356h6ldd8ms6 0 0.14296875 0.24166666666666667 0.0359375 0.04583333333333333
cl4uq6b5l0003356p4ou3mrfw 0 0.85625 0.22395833333333334 0.0375 0.04375
cl4uqbjp9000b356p2175vvqw 0 0.5023231907894737 0.7351014254385965 0.0421875 0.04375
cl4ur3tl4000r356p5yynq6lr 0 0.405859375 0.11041666666666666 0.0234375 0.029166666666666667
cl4ur3vs8000v356pe031p1yo 0 0.4984821428571428 0.019136904761904765 0.025 0.027083333333333334
cl4urtjol000z356puo72ztp3 0 0.375 0.05708333333333333 0.028125 0.0375
cl4uru0kq0013356pt4h9yjm1 0 0.5236505681818182 0.010085227272727275 0.0296875 0.01875
cl53eq6de000f356i3cjd5jif 1 0.57109375 0.13333333333333333 0.0890625 0.1125
cl53eqa7m000l356ivf26125u 1 0.3203125 0.21041666666666667 0.103125 0.09583333333333334
