ckz3v9nzv00033867jsekqdcl 0 0.273001935840708 0.42238200589970504 0.0265625 0.0375
ckz6ru2eb0001386lefk6js4m 0 0.23828125 0.5774354460093897 0.0265625 0.0375
ckz6ru3um0003386l39xwv0yk 0 0.24314480633802815 0.8557805164319249 0.0265625 0.0375
ckz6ru5610005386l8uoys4lc 0 0.19453125 0.8458333333333333 0.0265625 0.0375
ckz6ru6of0007386lhf2t4dtw 0 0.08359375 0.80625 0.0265625 0.0375
ckz6ru83f0009386lx7517dwf 0 0.026045334507042252 0.7310152582159624 0.0265625 0.0375
ckz6ru99l000b386l18xh2byu 0 0.13515625 0.18958333333333333 0.0265625 0.0375
ckz6rub67000d386ld3mx1dyi 0 0.21796875 0.16820652173913045 0.0265625 0.0375
ckz6ruchb000f386lxxpeu5na 0 0.29094827586206895 0.10851293103448276 0.0265625 0.0375
ckz6rudsb000h386lkwwvc8dz 0 0.2840265287769784 0.21817296163069544 0.0265625 0.0375
ckz6ruf3e000j386lbyqpxw51 0 0.31189480633802813 0.31006455399061034 0.0265625 0.0375
ckz6rugcj000l386lzjazem8c 0 0.36640625 0.35833333333333334 0.0265625 0.041666666666666664
ckz6rui7o000n386lh32dwmkr 0 0.5719740316901408 0.8906103286384977 0.0265625 0.0375
ckz6ruj49000p386lndk3j9jv 0 0.6422100794797687 0.5685513005780347 0.0265625 0.0375
ckz6rup8s000r386lkjotnoh0 0 0.48828125 0.86875 0.0265625 0.0375
ckz6rurv1000t386llsdca8lh 0 0.7919270833333334 0.8180555555555556 0.02343750000000009 0.0375
ckz6rut1n000v386l8rfix41j 0 0.8474568285413746 0.8427857643758766 0.0265625 0.0375
ckz6ruunj000x386l4qiqzsvd 0 0.8380818285413746 0.9677857643758766 0.0265625 0.0375
ckz6ruw8w000z386lc52x10qx 0 0.854147308906031 0.7496785881252922 0.0265625 0.0375
ckz6ruzco0013386lo3nqjmle 0 0.828125 0.43645833333333334 0.025 0.03958333333333333
ckz6rv4et0015386le3rdpw93 0 0.8679582457983193 0.409375 0.025 0.03958333333333333
ckz6rv5s20017386lyas5kerj 0 0.61640625 0.06458333333333334 0.0234375 0.035416666666666666
ckz6rva9o0019386ll7e0plel 0 0.6698768721198156 0.146534178187404 0.0265625 0.03333333333333335
ckz6rvlfq001d386lt59x4kz2 0 0.7719533258354756 0.06895886889460154 0.0265625 0.03333333333333333
ckz6rvnb8001f386l63s6p1ys 0 0.7103323063380282 0.6356514084507042 0.0265625 0.03333333333333333
ckz6rvpuj001h386lhrb15el1 0 0.5912301936619718 0.49292840375586855 0.0265625 0.03333333333333333
ckz6rvrjs001j386lscfviwaz 0 0.4978323063380282 0.389231220657277 0.0265625 0.03333333333333333
ckz6rvvx4001n386lwp0hh90g 0 0.013969494047619047 0.24565972222222224 0.0265625 0.03333333333333333
ckz6rvxvs001p386l9u5f2w3s 0 0.213671875 0.33567708333333335 0.028125 0.0375
ckz6rw3in001v386l6bltg9jj 0 0.78125 0.61875 0.0265625 0.03333333333333333
ckz6rw56s001x386l432ih3l6 0 0.9930280412946428 0.7771623883928572 0.013943917410714235 0.03520275297619051
cl4sse7t80004356hlgz3o2fx 0 0.6453125 0.5416666666666666 0.025 0.041666666666666664
cl4ssee0s0008356hd15z4qn8 0 0.58828125 0.11875 0.0296875 0.05
cl4ssegqi000c356hwxoota92 0 0.6015625 0.20625 0.025 0.04583333333333333
cl4sseopo000g356h6ldd8ms6 0 0.26171875 0.51875 0.0359375 0.04583333333333333
cl4swkq5u0003356p8vuhc7nn 0 0.2625 0.4552083333333333 0.0328125 0.0375
cl4uq6b5l0003356p4ou3mrfw 0 0.85625 0.22395833333333334 0.0375 0.04375
cl4uqbjp9000b356p2175vvqw 0 0.5086451480263158 0.7252672697368421 0.0421875 0.04375
cl53eq6de000f356i3cjd5jif 1 0.57109375 0.13333333333333333 0.0890625 0.1125
cl53eqa7m000l356ivf26125u 1 0.3203125 0.21041666666666667 0.103125 0.09583333333333334
