ckz3v9nzv00033867jsekqdcl 0 0.2663580671806167 0.4339023494860499 0.0265625 0.0375
ckz6ru2eb0001386lefk6js4m 0 0.23828125 0.5770833333333333 0.0265625 0.0375
ckz6ru3um0003386l39xwv0yk 0 0.24222671812749005 0.85625 0.0265625 0.0375
ckz6ru5610005386l8uoys4lc 0 0.19453125 0.8458333333333333 0.0265625 0.0375
ckz6ru6of0007386lhf2t4dtw 0 0.08359375 0.80625 0.0265625 0.0375
ckz6ru83f0009386lx7517dwf 0 0.01853416828793774 0.7541990920881971 0.0265625 0.0375
ckz6ru99l000b386l18xh2byu 0 0.13515625 0.18958333333333333 0.0265625 0.0375
ckz6rub67000d386ld3mx1dyi 0 0.235546875 0.18958333333333333 0.0265625 0.041666666666666664
ckz6ruchb000f386lxxpeu5na 0 0.257080078125 0.1353515625 0.0265625 0.0375
ckz6rudsb000h386lkwwvc8dz 0 0.2822841726618705 0.22049610311750598 0.0265625 0.0375
ckz6ruf3e000j386lbyqpxw51 0 0.28559823207171314 0.3369106905710491 0.0265625 0.0375
ckz6rugcj000l386lzjazem8c 0 0.15031250000000002 0.5345833333333334 0.028125 0.05000000000000006
ckz6rui7o000n386lh32dwmkr 0 0.54228515625 0.956177662037037 0.0265625 0.0375
ckz6ruj49000p386lndk3j9jv 0 0.6357322563559322 0.5849929378531074 0.0265625 0.0375
ckz6rup8s000r386lkjotnoh0 0 0.48828125 0.86875 0.0265625 0.0375
ckz6rut1n000v386l8rfix41j 0 0.8447394372370267 0.8509379382889201 0.0265625 0.0375
ckz6ruunj000x386l4qiqzsvd 0 0.8353644372370267 0.9759379382889201 0.0265625 0.0375
ckz6ruw8w000z386lc52x10qx 0 0.85210926542777 0.75239597942964 0.0265625 0.0375
ckz6ruzco0013386lo3nqjmle 0 0.828125 0.43645833333333334 0.025 0.03958333333333333
ckz6rv4et0015386le3rdpw93 0 0.8667371323529413 0.409375 0.025 0.03958333333333333
ckz6rva9o0019386ll7e0plel 0 0.6626454274891775 0.17796717171717172 0.0265625 0.03333333333333333
ckz6rvlfq001d386lt59x4kz2 0 0.7711565010040161 0.08112449799196787 0.0265625 0.03333333333333333
ckz6rvnb8001f386l63s6p1ys 0 0.71015625 0.6354166666666666 0.0265625 0.03333333333333333
ckz6rvpuj001h386lhrb15el1 0 0.5743141698473282 0.5253101145038168 0.027218511450381656 0.03333333333333333
ckz6rvrjs001j386lscfviwaz 0 0.4876246352140078 0.4055042153047989 0.0265625 0.03333333333333333
ckz6rvvx4001n386lwp0hh90g 0 0.00546875 0.30520833333333336 0.0109375 0.035416666666666666
ckz6rvxvs001p386l9u5f2w3s 0 0.4609375 0.4861111111111111 0.028125 0.0375
ckz6rw3in001v386l6bltg9jj 0 0.7419270833333333 0.1486111111111111 0.0265625 0.03333333333333332
ckz6rw56s001x386l432ih3l6 0 0.9770237198795181 0.8456952811244981 0.0234375 0.035416666666666666
cl4ssee0s0008356hd15z4qn8 0 0.58828125 0.11875 0.0296875 0.05
cl4ssegqi000c356hwxoota92 0 0.6015625 0.20625 0.025 0.04583333333333333
cl4sseopo000g356h6ldd8ms6 0 0.03828125 0.090625 0.0296875 0.03958333333333333
cl4uq6b5l0003356p4ou3mrfw 0 0.85625 0.22395833333333334 0.0375 0.04375
cl4uqbjp9000b356p2175vvqw 0 0.49908511513157894 0.7401384320175438 0.0421875 0.04375
cl4ur3vs8000v356pe031p1yo 0 0.5016071428571428 0.02191468253968254 0.025 0.027083333333333334
cl4urtjol000z356puo72ztp3 0 0.25546875 0.21875 0.028125 0.0375
cl4uru0kq0013356pt4h9yjm1 0 0.5186789772727273 0.011742424242424243 0.0296875 0.01875
cl4urwkrx0017356pikpviaa9 0 0.3710491071428571 0.016227678571428573 0.0234375 0.024002976190476193
cl53eq6de000f356i3cjd5jif 1 0.57109375 0.13333333333333333 0.0890625 0.1125
cl53eqa7m000l356ivf26125u 1 0.3203125 0.21041666666666667 0.103125 0.09583333333333334
