ckz3v9nzv00033867jsekqdcl 0 0.2708734856828194 0.4293869309838473 0.0265625 0.0375
ckz6ru2eb0001386lefk6js4m 0 0.23828125 0.5770833333333333 0.0265625 0.0375
ckz6ru3um0003386l39xwv0yk 0 0.24263508466135458 0.85625 0.0265625 0.0375
ckz6ru5610005386l8uoys4lc 0 0.19453125 0.8458333333333333 0.0265625 0.0375
ckz6ru6of0007386lhf2t4dtw 0 0.08359375 0.80625 0.0265625 0.0375
ckz6ru83f0009386lx7517dwf 0 0.02252249513618677 0.7415693904020753 0.0265625 0.0375
ckz6ru99l000b386l18xh2byu 0 0.13515625 0.18958333333333333 0.0265625 0.0375
ckz6rub67000d386ld3mx1dyi 0 0.2221628289473684 0.1787280701754386 0.0265625 0.041666666666666664
ckz6ruchb000f386lxxpeu5na 0 0.272265625 0.1203125 0.0265625 0.0375
ckz6rudsb000h386lkwwvc8dz 0 0.28320593525179855 0.21926708633093525 0.0265625 0.0375
ckz6ruf3e000j386lbyqpxw51 0 0.29907193791946307 0.31978467561521257 0.0265625 0.0375
ckz6rugcj000l386lzjazem8c 0 0.24375 0.4625 0.028125 0.04583333333333333
ckz6rui7o000n386lh32dwmkr 0 0.5578073261589405 0.9232753863134657 0.0265625 0.0375
ckz6ruj49000p386lndk3j9jv 0 0.63828125 0.5729734848484848 0.0265625 0.0375
ckz6rup8s000r386lkjotnoh0 0 0.48828125 0.86875 0.0265625 0.0375
ckz6rut1n000v386l8rfix41j 0 0.8461770248948106 0.846625175315568 0.0265625 0.0375
ckz6ruunj000x386l4qiqzsvd 0 0.8368020248948106 0.971625175315568 0.0265625 0.0375
ckz6ruw8w000z386lc52x10qx 0 0.8531874561711079 0.7509583917718561 0.0265625 0.0375
ckz6ruzco0013386lo3nqjmle 0 0.828125 0.43645833333333334 0.025 0.03958333333333333
ckz6rv4et0015386le3rdpw93 0 0.8673831407563025 0.409375 0.025 0.03958333333333333
ckz6rva9o0019386ll7e0plel 0 0.6662417763157895 0.16217105263157894 0.0265625 0.03333333333333333
ckz6rvlfq001d386lt59x4kz2 0 0.7737126446015424 0.0736503856041131 0.0265625 0.03333333333333333
ckz6rvnb8001f386l63s6p1ys 0 0.71015625 0.6354166666666666 0.0265625 0.03333333333333333
ckz6rvpuj001h386lhrb15el1 0 0.5850994318181818 0.5042992424242424 0.0265625 0.03333333333333333
ckz6rvrjs001j386lscfviwaz 0 0.4975954523346304 0.4041747730220493 0.0265625 0.03333333333333333
ckz6rvvx4001n386lwp0hh90g 0 0.012245065789473684 0.27230263157894735 0.024490131578947368 0.03333333333333333
ckz6rvxvs001p386l9u5f2w3s 0 0.3484375 0.42291666666666666 0.028125 0.0375
ckz6rw3in001v386l6bltg9jj 0 0.78046875 0.42291666666666666 0.0265625 0.03333333333333333
ckz6rw56s001x386l432ih3l6 0 0.9883641098484848 0.8117739898989899 0.015317234848484951 0.035416666666666666
cl4sse7t80004356hlgz3o2fx 0 0.7559151785714285 0.8145833333333333 0.0296875 0.041666666666666664
cl4ssee0s0008356hd15z4qn8 0 0.58828125 0.11875 0.0296875 0.05
cl4ssegqi000c356hwxoota92 0 0.6015625 0.20625 0.025 0.04583333333333333
cl4sseopo000g356h6ldd8ms6 0 0.18203125 0.3236111111111111 0.0359375 0.04583333333333333
cl4uq6b5l0003356p4ou3mrfw 0 0.85625 0.22395833333333334 0.0375 0.04375
cl4uqbjp9000b356p2175vvqw 0 0.5041426809210526 0.7322711074561403 0.0421875 0.04375
cl53eq6de000f356i3cjd5jif 1 0.57109375 0.13333333333333333 0.0890625 0.1125
cl53eqa7m000l356ivf26125u 1 0.3203125 0.21041666666666667 0.103125 0.09583333333333334
