ckz3v9nzv00033867jsekqdcl 0 0.27043295704845816 0.4298274596182085 0.0265625 0.0375
ckz6ru2eb0001386lefk6js4m 0 0.23828125 0.5770833333333333 0.0265625 0.0375
ckz6ru3um0003386l39xwv0yk 0 0.2425952440239044 0.85625 0.0265625 0.0375
ckz6ru5610005386l8uoys4lc 0 0.19453125 0.8458333333333333 0.0265625 0.0375
ckz6ru6of0007386lhf2t4dtw 0 0.08359375 0.80625 0.0265625 0.0375
ckz6ru83f0009386lx7517dwf 0 0.022133390077821013 0.7428015564202334 0.0265625 0.0375
ckz6ru99l000b386l18xh2byu 0 0.13515625 0.18958333333333333 0.0265625 0.0375
ckz6rub67000d386ld3mx1dyi 0 0.21953125 0.1875 0.0265625 0.041666666666666664
ckz6ruchb000f386lxxpeu5na 0 0.27021821120689654 0.12160560344827585 0.0265625 0.0375
ckz6rudsb000h386lkwwvc8dz 0 0.28311600719424457 0.21938699040767384 0.0265625 0.0375
ckz6ruf3e000j386lbyqpxw51 0 0.2975753237051793 0.32094123505976097 0.0265625 0.0375
ckz6rugcj000l386lzjazem8c 0 0.2296875 0.475 0.028125 0.04583333333333333
ckz6rui7o000n386lh32dwmkr 0 0.5563172599337748 0.9265866445916114 0.0265625 0.0375
ckz6ruj49000p386lndk3j9jv 0 0.63828125 0.5738825757575757 0.0265625 0.0375
ckz6rup8s000r386lkjotnoh0 0 0.48828125 0.86875 0.0265625 0.0375
ckz6rut1n000v386l8rfix41j 0 0.8460367724403927 0.8470459326788219 0.0265625 0.0375
ckz6ruunj000x386l4qiqzsvd 0 0.8366617724403926 0.9720459326788219 0.0265625 0.0375
ckz6ruw8w000z386lc52x10qx 0 0.8530822668302946 0.751098644226274 0.0265625 0.0375
ckz6ruzco0013386lo3nqjmle 0 0.828125 0.43645833333333334 0.025 0.03958333333333333
ckz6rv4et0015386le3rdpw93 0 0.8673201155462185 0.409375 0.025 0.03958333333333333
ckz6rva9o0019386ll7e0plel 0 0.6658369180161944 0.16392543859649125 0.0265625 0.03333333333333333
ckz6rvlfq001d386lt59x4kz2 0 0.7739054466580977 0.07416452442159382 0.0265625 0.033333333333333326
ckz6rvnb8001f386l63s6p1ys 0 0.71015625 0.6354166666666666 0.0265625 0.03333333333333333
ckz6rvpuj001h386lhrb15el1 0 0.5841903409090909 0.5064204545454546 0.0265625 0.03333333333333333
ckz6rvrjs001j386lscfviwaz 0 0.496622689688716 0.4043044747081712 0.0265625 0.03333333333333333
ckz6rvvx4001n386lwp0hh90g 0 0.011324013157894736 0.2754605263157895 0.022648026315789473 0.03333333333333333
ckz6rvxvs001p386l9u5f2w3s 0 0.3703125 0.44166666666666665 0.028125 0.0375
ckz6rw3in001v386l6bltg9jj 0 0.78828125 0.4 0.0265625 0.03333333333333333
ckz6rw56s001x386l432ih3l6 0 0.98716461489899 0.8151409932659933 0.01620107323232336 0.035416666666666666
cl4sse7t80004356hlgz3o2fx 0 0.7723958333333333 0.8211805555555556 0.0296875 0.041666666666666664
cl4ssee0s0008356hd15z4qn8 0 0.58828125 0.11875 0.0296875 0.05
cl4ssegqi000c356hwxoota92 0 0.6015625 0.20625 0.025 0.04583333333333333
cl4sseopo000g356h6ldd8ms6 0 0.15598958333333332 0.3236111111111111 0.0359375 0.04583333333333333
cl4uq6b5l0003356p4ou3mrfw 0 0.85625 0.22395833333333334 0.0375 0.04375
cl4uqbjp9000b356p2175vvqw 0 0.503649259868421 0.7330386513157895 0.0421875 0.04375
cl4ur3tl4000r356p5yynq6lr 0 0.332421875 0.050520833333333334 0.0234375 0.029166666666666667
cl4ur3vs8000v356pe031p1yo 0 0.497202380952381 0.017999338624338623 0.025 0.027083333333333334
cl4urtjol000z356puo72ztp3 0 0.451171875 0.0078125 0.02890625 0.015625
cl4uru0kq0013356pt4h9yjm1 0 0.525686553030303 0.009406565656565658 0.0296875 0.01875
cl53eq6de000f356i3cjd5jif 1 0.57109375 0.13333333333333333 0.0890625 0.1125
cl53eqa7m000l356ivf26125u 1 0.3203125 0.21041666666666667 0.103125 0.09583333333333334
