ckz3v9nzv00033867jsekqdcl 0 0.2746474004424779 0.416531465093412 0.0265625 0.0375
ckz6ru2eb0001386lefk6js4m 0 0.23828125 0.5809272300469484 0.0265625 0.0375
ckz6ru3um0003386l39xwv0yk 0 0.2448906983568075 0.8511248043818467 0.0265625 0.0375
ckz6ru5610005386l8uoys4lc 0 0.19453125 0.8458333333333333 0.0265625 0.0375
ckz6ru6of0007386lhf2t4dtw 0 0.08359375 0.80625 0.0265625 0.0375
ckz6ru83f0009386lx7517dwf 0 0.02866417253521127 0.7286874021909233 0.0265625 0.0375
ckz6ru99l000b386l18xh2byu 0 0.13515625 0.18958333333333333 0.0265625 0.0375
ckz6rub67000d386ld3mx1dyi 0 0.20479910714285715 0.13273809523809524 0.026562500000000024 0.037499999999999985
ckz6ruchb000f386lxxpeu5na 0 0.3051953125 0.09993055555555556 0.0265625 0.0375
ckz6rudsb000h386lkwwvc8dz 0 0.284695368705036 0.21728117505995204 0.0265625 0.0375
ckz6ruf3e000j386lbyqpxw51 0 0.3136406983568075 0.30657276995305166 0.0265625 0.0375
ckz6rugcj000l386lzjazem8c 0 0.37734375 0.16666666666666666 0.0265625 0.041666666666666664
ckz6rui7o000n386lh32dwmkr 0 0.5807034917840376 0.8801349765258216 0.0265625 0.0375
ckz6ruj49000p386lndk3j9jv 0 0.6454344291907514 0.564968689788054 0.0265625 0.0375
ckz6rup8s000r386lkjotnoh0 0 0.48828125 0.86875 0.0265625 0.0375
ckz6rurv1000t386llsdca8lh 0 0.57734375 0.8114583333333333 0.0265625 0.0375
ckz6rut1n000v386l8rfix41j 0 0.848499956171108 0.8396563814866761 0.0265625 0.0375
ckz6ruunj000x386l4qiqzsvd 0 0.8391249561711079 0.9646563814866761 0.0265625 0.0375
ckz6ruw8w000z386lc52x10qx 0 0.854929654628331 0.7486354604955586 0.0265625 0.0375
ckz6ruxwl0011386lwhdpziws 0 0.94296875 0.728125 0.0265625 0.04375
ckz6ruzco0013386lo3nqjmle 0 0.828125 0.43645833333333334 0.025 0.03958333333333333
ckz6rv4et0015386le3rdpw93 0 0.8684269957983194 0.409375 0.025 0.03958333333333333
ckz6rv5s20017386lyas5kerj 0 0.68828125 0.13333333333333333 0.0234375 0.035416666666666666
ckz6rva9o0019386ll7e0plel 0 0.6724474366359446 0.13625192012288787 0.0265625 0.03333333333333333
ckz6rvlfq001d386lt59x4kz2 0 0.7705193605398458 0.06513496143958869 0.0265625 0.03333333333333334
ckz6rvnb8001f386l63s6p1ys 0 0.7120781983568075 0.6379792644757434 0.0265625 0.03333333333333333
ckz6rvpuj001h386lhrb15el1 0 0.5894843016431925 0.4847809076682316 0.0265625 0.03333333333333333
ckz6rvrjs001j386lscfviwaz 0 0.4995781983568075 0.3857394366197183 0.0265625 0.03333333333333333
ckz6rvtvy001l386li54we947 0 0.08203125 0.5104166666666666 0.0296875 0.0375
ckz6rvvx4001n386lwp0hh90g 0 0.0171875 0.2234375 0.0265625 0.03333333333333333
ckz6rvxvs001p386l9u5f2w3s 0 0.11510416666666667 0.2597222222222222 0.028125 0.03749999999999997
ckz6rw3in001v386l6bltg9jj 0 0.76015625 0.7802083333333333 0.0265625 0.03333333333333333
ckz6rw56s001x386l432ih3l6 0 0.9892926897321429 0.7721819196428572 0.021414620535714236 0.034095982142857174
cl4sse7t80004356hlgz3o2fx 0 0.61953125 0.32395833333333335 0.025 0.035416666666666666
cl4ssee0s0008356hd15z4qn8 0 0.58828125 0.11875 0.0296875 0.05
cl4ssegqi000c356hwxoota92 0 0.6015625 0.20625 0.025 0.04583333333333333
cl4sseopo000g356h6ldd8ms6 0 0.32578125 0.678125 0.0390625 0.041666666666666664
cl4swkq5u0003356p8vuhc7nn 0 0.61796875 0.6041666666666666 0.028125 0.035416666666666666
cl4uq6b5l0003356p4ou3mrfw 0 0.85625 0.22395833333333334 0.0375 0.04375
cl4uqbjp9000b356p2175vvqw 0 0.5123149671052631 0.7195586622807018 0.0421875 0.04375
