ckz3v9nzv00033867jsekqdcl 0 0.26547700991189427 0.4347834067547724 0.0265625 0.0375
ckz6ru2eb0001386lefk6js4m 0 0.23828125 0.5770833333333333 0.0265625 0.0375
ckz6ru3um0003386l39xwv0yk 0 0.24214703685258962 0.85625 0.0265625 0.0375
ckz6ru5610005386l8uoys4lc 0 0.19453125 0.8458333333333333 0.0265625 0.0375
ckz6ru6of0007386lhf2t4dtw 0 0.08359375 0.80625 0.0265625 0.0375
ckz6ru83f0009386lx7517dwf 0 0.017755958171206225 0.7566634241245136 0.0265625 0.0375
ckz6ru99l000b386l18xh2byu 0 0.13515625 0.18958333333333333 0.0265625 0.0375
ckz6rub67000d386ld3mx1dyi 0 0.24828125 0.19416666666666668 0.0265625 0.041666666666666664
ckz6ruchb000f386lxxpeu5na 0 0.254736328125 0.1384765625 0.0265625 0.0375
ckz6rudsb000h386lkwwvc8dz 0 0.2821043165467626 0.22073591127098321 0.0265625 0.0375
ckz6ruf3e000j386lbyqpxw51 0 0.2830085906374502 0.34036354581673306 0.0265625 0.0375
ckz6rugcj000l386lzjazem8c 0 0.13125 0.5295833333333333 0.028125 0.05
ckz6rui7o000n386lh32dwmkr 0 0.53916015625 0.9621961805555556 0.0265625 0.0375
ckz6ruj49000p386lndk3j9jv 0 0.6342492055084745 0.5883827683615819 0.0265625 0.0375
ckz6rup8s000r386lkjotnoh0 0 0.48828125 0.86875 0.0265625 0.0375
ckz6rut1n000v386l8rfix41j 0 0.8444589323281907 0.8517794530154278 0.0265625 0.0375
ckz6ruunj000x386l4qiqzsvd 0 0.8350839323281907 0.9767794530154278 0.0265625 0.0375
ckz6ruw8w000z386lc52x10qx 0 0.8518988867461431 0.7526764843384759 0.0265625 0.0375
ckz6ruzco0013386lo3nqjmle 0 0.828125 0.43645833333333334 0.025 0.03958333333333333
ckz6rv4et0015386le3rdpw93 0 0.866611081932773 0.409375 0.025 0.03958333333333333
ckz6rva9o0019386ll7e0plel 0 0.6622125270562771 0.17998737373737372 0.0265625 0.03333333333333333
ckz6rvlfq001d386lt59x4kz2 0 0.7703532881526105 0.08273092369477911 0.0265625 0.033333333333333326
ckz6rvnb8001f386l63s6p1ys 0 0.71015625 0.6354166666666666 0.0265625 0.03333333333333333
ckz6rvpuj001h386lhrb15el1 0 0.5716424141221375 0.5291269083969465 0.027600190839694606 0.03333333333333328
ckz6rvrjs001j386lscfviwaz 0 0.485679109922179 0.40576361867704275 0.0265625 0.03333333333333333
ckz6rvvx4001n386lwp0hh90g 0 0.00546875 0.30520833333333336 0.0109375 0.035416666666666666
ckz6rvxvs001p386l9u5f2w3s 0 0.5078125 0.4479166666666667 0.028125 0.0375
ckz6rw3in001v386l6bltg9jj 0 0.72703125 0.11375 0.0265625 0.03333333333333333
ckz6rw56s001x386l432ih3l6 0 0.9764213102409638 0.8513177710843374 0.0234375 0.035416666666666666
cl4ssee0s0008356hd15z4qn8 0 0.58828125 0.11875 0.0296875 0.05
cl4ssegqi000c356hwxoota92 0 0.6015625 0.20625 0.025 0.04583333333333333
cl4sseopo000g356h6ldd8ms6 0 0.01484375 0.03854166666666667 0.0296875 0.03958333333333333
cl4uq6b5l0003356p4ou3mrfw 0 0.85625 0.22395833333333334 0.0375 0.04375
cl4uq7un10007356p14ye3ifb 0 0.98671875 0.2972222222222222 0.019270833333333216 0.0375
cl4uqbjp9000b356p2175vvqw 0 0.49809827302631576 0.7416735197368421 0.0421875 0.04375
cl4ur3vs8000v356pe031p1yo 0 0.5025595238095237 0.02276124338624338 0.025 0.02708333333333333
cl4urtjol000z356puo72ztp3 0 0.21484375 0.2864583333333333 0.028125 0.0375
cl4uru0kq0013356pt4h9yjm1 0 0.5171638257575758 0.012247474747474748 0.0296875 0.01875
cl4urwkrx0017356pikpviaa9 0 0.3696205357142857 0.018846726190476188 0.0234375 0.02543154761904762
cl53eq6de000f356i3cjd5jif 1 0.57109375 0.13333333333333333 0.0890625 0.1125
cl53eqa7m000l356ivf26125u 1 0.3203125 0.21041666666666667 0.103125 0.09583333333333334
