ckz3v9nzv00033867jsekqdcl 0 0.26484375 0.4354166666666667 0.0265625 0.0375
ckz6ru2eb0001386lefk6js4m 0 0.23828125 0.5770833333333333 0.0265625 0.0375
ckz6ru3um0003386l39xwv0yk 0 0.2420175547808765 0.85625 0.0265625 0.0375
ckz6ru5610005386l8uoys4lc 0 0.19453125 0.8458333333333333 0.0265625 0.0375
ckz6ru6of0007386lhf2t4dtw 0 0.08359375 0.80625 0.0265625 0.0375
ckz6ru83f0009386lx7517dwf 0 0.01649136673151751 0.7606679636835278 0.0265625 0.0375
ckz6ru99l000b386l18xh2byu 0 0.13515625 0.18958333333333333 0.0265625 0.0375
ckz6rub67000d386ld3mx1dyi 0 0.25755208333333335 0.21458333333333332 0.0265625 0.041666666666666664
ckz6ruchb000f386lxxpeu5na 0 0.250927734375 0.1435546875 0.0265625 0.0375
ckz6rudsb000h386lkwwvc8dz 0 0.28181205035971224 0.2211255995203837 0.0265625 0.0375
ckz6ruf3e000j386lbyqpxw51 0 0.2788004233067729 0.34597443559096946 0.0265625 0.0375
ckz6rugcj000l386lzjazem8c 0 0.1078125 0.5333333333333333 0.028125 0.05
ckz6rui7o000n386lh32dwmkr 0 0.53408203125 0.971976273148148 0.0265625 0.0375
ckz6ruj49000p386lndk3j9jv 0 0.6318392478813559 0.593891242937853 0.0265625 0.0375
ckz6rup8s000r386lkjotnoh0 0 0.48828125 0.86875 0.0265625 0.0375
ckz6rut1n000v386l8rfix41j 0 0.8440031118513325 0.8531469144460028 0.0265625 0.0375
ckz6ruunj000x386l4qiqzsvd 0 0.8346281118513325 0.9781469144460028 0.0265625 0.0375
ckz6ruw8w000z386lc52x10qx 0 0.8515570213884993 0.7531323048153343 0.0265625 0.0375
ckz6ruzco0013386lo3nqjmle 0 0.828125 0.43645833333333334 0.025 0.03958333333333333
ckz6rv4et0015386le3rdpw93 0 0.86640625 0.409375 0.025 0.03958333333333333
ckz6rva9o0019386ll7e0plel 0 0.6615090638528138 0.18327020202020203 0.0265625 0.03333333333333333
ckz6rvlfq001d386lt59x4kz2 0 0.7690480672690763 0.08534136546184738 0.0265625 0.03333333333333333
ckz6rvnb8001f386l63s6p1ys 0 0.71015625 0.6354166666666666 0.0265625 0.03333333333333333
ckz6rvpuj001h386lhrb15el1 0 0.5673008110687022 0.5353291984732825 0.02822041984732824 0.033333333333333395
ckz6rvrjs001j386lscfviwaz 0 0.4825176313229572 0.40618514915693904 0.0265625 0.03333333333333333
ckz6rvxvs001p386l9u5f2w3s 0 0.565625 0.545138888888889 0.028125 0.03750000000000006
ckz6rw3in001v386l6bltg9jj 0 0.6934895833333333 0.08819444444444445 0.0265625 0.03333333333333333
ckz6rw56s001x386l432ih3l6 0 0.975420673076923 0.8596955128205128 0.0234375 0.035416666666666666
cl4ssee0s0008356hd15z4qn8 0 0.58828125 0.11875 0.0296875 0.05
cl4ssegqi000c356hwxoota92 0 0.6015625 0.20625 0.025 0.04583333333333333
cl4uq6b5l0003356p4ou3mrfw 0 0.85625 0.22395833333333334 0.0375 0.04375
cl4uq7un10007356p14ye3ifb 0 0.95390625 0.26145833333333335 0.0328125 0.041666666666666664
cl4uqbjp9000b356p2175vvqw 0 0.4964946546052632 0.7441680372807017 0.0421875 0.04375
cl4ur3vs8000v356pe031p1yo 0 0.5041071428571429 0.024136904761904762 0.025 0.027083333333333334
cl4urtjol000z356puo72ztp3 0 0.13359375 0.2755208333333333 0.028125 0.0375
cl4uru0kq0013356pt4h9yjm1 0 0.5147017045454546 0.013068181818181819 0.0296875 0.01875
cl4urwkrx0017356pikpviaa9 0 0.36761592741935484 0.023219086021505374 0.0234375 0.027083333333333334
cl4urzbou001b356p2c0bz1ci 0 0.11796875 0.008333333333333333 0.0265625 0.016666666666666666
cl53eq6de000f356i3cjd5jif 1 0.57109375 0.13333333333333333 0.0890625 0.1125
cl53eqa7m000l356ivf26125u 1 0.3203125 0.21041666666666667 0.103125 0.09583333333333334
