ckz3v9nzv00033867jsekqdcl 0 0.26484375 0.4354166666666667 0.0265625 0.0375
ckz6ru2eb0001386lefk6js4m 0 0.23828125 0.5770833333333333 0.0265625 0.0375
ckz6ru3um0003386l39xwv0yk 0 0.2418532121513944 0.85625 0.0265625 0.0375
ckz6ru5610005386l8uoys4lc 0 0.19453125 0.8458333333333333 0.0265625 0.0375
ckz6ru6of0007386lhf2t4dtw 0 0.08359375 0.80625 0.0265625 0.0375
ckz6ru83f0009386lx7517dwf 0 0.014886308365758754 0.7657506485084306 0.0265625 0.0375
ckz6ru99l000b386l18xh2byu 0 0.13515625 0.18958333333333333 0.0265625 0.0375
ckz6rub67000d386ld3mx1dyi 0 0.2794270833333333 0.23819444444444443 0.0265625 0.041666666666666664
ckz6ruchb000f386lxxpeu5na 0 0.24609375 0.15 0.0265625 0.0375
ckz6rudsb000h386lkwwvc8dz 0 0.28144109712230214 0.22162020383693046 0.0265625 0.0375
ckz6ruf3e000j386lbyqpxw51 0 0.2740542763157895 0.35317982456140345 0.0265625 0.0375
ckz6rugcj000l386lzjazem8c 0 0.0521875 0.5445833333333333 0.028125 0.04999999999999994
ckz6rui7o000n386lh32dwmkr 0 0.5341519491215226 0.9736609321620302 0.0265625 0.0375
ckz6ruj49000p386lndk3j9jv 0 0.6287804555084746 0.6008827683615819 0.0265625 0.0375
ckz6rup8s000r386lkjotnoh0 0 0.48828125 0.86875 0.0265625 0.0375
ckz6rut1n000v386l8rfix41j 0 0.8434245704768584 0.854882538569425 0.0265625 0.0375
ckz6ruunj000x386l4qiqzsvd 0 0.8340495704768583 0.979882538569425 0.0265625 0.0375
ckz6ruw8w000z386lc52x10qx 0 0.8511231153576437 0.7537108461898083 0.0265625 0.0375
ckz6ruzco0013386lo3nqjmle 0 0.828125 0.43645833333333334 0.025 0.03958333333333333
ckz6rv4et0015386le3rdpw93 0 0.8661462710084035 0.409375 0.025 0.03958333333333333
ckz6rva9o0019386ll7e0plel 0 0.6606162067099567 0.18743686868686868 0.0265625 0.03333333333333333
ckz6rvlfq001d386lt59x4kz2 0 0.7673914407630522 0.08865461847389558 0.0265625 0.03333333333333333
ckz6rvnb8001f386l63s6p1ys 0 0.71015625 0.6354166666666666 0.0265625 0.03333333333333333
ckz6rvpuj001h386lhrb15el1 0 0.5617903148854962 0.5432013358778626 0.02900763358778624 0.03333333333333333
ckz6rvrjs001j386lscfviwaz 0 0.47963058774834433 0.41025110375275936 0.0265625 0.03333333333333333
ckz6rvxvs001p386l9u5f2w3s 0 0.6432291666666667 0.5673611111111111 0.028125 0.0375
ckz6rw3in001v386l6bltg9jj 0 0.62265625 0.06458333333333334 0.0265625 0.03333333333333333
ckz6rw56s001x386l432ih3l6 0 0.9733041158536585 0.8692327235772358 0.0234375 0.035416666666666666
cl4ssee0s0008356hd15z4qn8 0 0.58828125 0.11875 0.0296875 0.05
cl4ssegqi000c356hwxoota92 0 0.6015625 0.20625 0.025 0.04583333333333333
cl4uq6b5l0003356p4ou3mrfw 0 0.85625 0.22395833333333334 0.0375 0.04375
cl4uq7un10007356p14ye3ifb 0 0.90703125 0.21770833333333334 0.0328125 0.04375
cl4uqbjp9000b356p2175vvqw 0 0.4953902457524272 0.745729672330097 0.0421875 0.04375
cl4ur3vs8000v356pe031p1yo 0 0.5060714285714286 0.025882936507936508 0.025 0.027083333333333334
cl4urtjol000z356puo72ztp3 0 0.0359375 0.2864583333333333 0.0296875 0.03958333333333333
cl4uru0kq0013356pt4h9yjm1 0 0.5115767045454546 0.014109848484848486 0.0296875 0.01875
cl4urwkrx0017356pikpviaa9 0 0.36606350806451615 0.029133064516129032 0.0234375 0.027083333333333334
cl53eq6de000f356i3cjd5jif 1 0.57109375 0.13333333333333333 0.0890625 0.1125
cl53eqa7m000l356ivf26125u 1 0.3203125 0.21041666666666667 0.103125 0.09583333333333334
