ckz3v9nzv00033867jsekqdcl 0 0.26484375 0.4354166666666667 0.0265625 0.0375
ckz6ru2eb0001386lefk6js4m 0 0.23828125 0.5770833333333333 0.0265625 0.0375
ckz6ru3um0003386l39xwv0yk 0 0.2419129731075697 0.85625 0.0265625 0.0375
ckz6ru5610005386l8uoys4lc 0 0.19453125 0.8458333333333333 0.0265625 0.0375
ckz6ru6of0007386lhf2t4dtw 0 0.08359375 0.80625 0.0265625 0.0375
ckz6ru83f0009386lx7517dwf 0 0.015469965953307397 0.7639023994811932 0.0265625 0.0375
ckz6ru99l000b386l18xh2byu 0 0.13515625 0.18958333333333333 0.0265625 0.0375
ckz6rub67000d386ld3mx1dyi 0 0.27157451923076925 0.23413461538461539 0.0265625 0.041666666666666664
ckz6ruchb000f386lxxpeu5na 0 0.2478515625 0.14765625 0.0265625 0.0375
ckz6rudsb000h386lkwwvc8dz 0 0.2815759892086331 0.22144034772182256 0.0265625 0.0375
ckz6ruf3e000j386lbyqpxw51 0 0.27569901315789475 0.3505482456140351 0.0265625 0.0375
ckz6rugcj000l386lzjazem8c 0 0.06354166666666666 0.5625 0.028124999999999994 0.05
ckz6rui7o000n386lh32dwmkr 0 0.5339323297950219 0.9733681063933626 0.0265625 0.0375
ckz6ruj49000p386lndk3j9jv 0 0.6298927436440678 0.598340395480226 0.0265625 0.0375
ckz6rup8s000r386lkjotnoh0 0 0.48828125 0.86875 0.0265625 0.0375
ckz6rut1n000v386l8rfix41j 0 0.8436349491584852 0.8542514025245442 0.0265625 0.0375
ckz6ruunj000x386l4qiqzsvd 0 0.8342599491584852 0.9792514025245442 0.0265625 0.0375
ckz6ruw8w000z386lc52x10qx 0 0.8512808993688641 0.7535004675081814 0.0265625 0.0375
ckz6ruzco0013386lo3nqjmle 0 0.828125 0.43645833333333334 0.025 0.03958333333333333
ckz6rv4et0015386le3rdpw93 0 0.8662408088235294 0.409375 0.025 0.03958333333333333
ckz6rva9o0019386ll7e0plel 0 0.660940882034632 0.18592171717171718 0.0265625 0.03333333333333333
ckz6rvlfq001d386lt59x4kz2 0 0.7679938504016064 0.08744979919678715 0.0265625 0.03333333333333333
ckz6rvnb8001f386l63s6p1ys 0 0.71015625 0.6354166666666666 0.0265625 0.03333333333333333
ckz6rvpuj001h386lhrb15el1 0 0.5637941316793894 0.5403387404580152 0.02872137404580153 0.03333333333333328
ckz6rvrjs001j386lscfviwaz 0 0.48062396523178813 0.4085954746136865 0.0265625 0.03333333333333333
ckz6rvxvs001p386l9u5f2w3s 0 0.6265625 0.5791666666666667 0.028125 0.0375
ckz6rw3in001v386l6bltg9jj 0 0.65546875 0.075 0.0265625 0.03333333333333333
ckz6rw56s001x386l432ih3l6 0 0.974579326923077 0.8653044871794873 0.0234375 0.035416666666666666
cl4ssee0s0008356hd15z4qn8 0 0.58828125 0.11875 0.0296875 0.05
cl4ssegqi000c356hwxoota92 0 0.6015625 0.20625 0.025 0.04583333333333333
cl4uq6b5l0003356p4ou3mrfw 0 0.85625 0.22395833333333334 0.0375 0.04375
cl4uq7un10007356p14ye3ifb 0 0.9184895833333334 0.22777777777777777 0.0328125 0.041666666666666664
cl4uqbjp9000b356p2175vvqw 0 0.4957088137135922 0.7453049150485438 0.0421875 0.04375
cl4ur3vs8000v356pe031p1yo 0 0.5053571428571428 0.025248015873015877 0.025 0.027083333333333338
cl4urtjol000z356puo72ztp3 0 0.08046875 0.30520833333333336 0.0296875 0.03958333333333333
cl4uru0kq0013356pt4h9yjm1 0 0.5127130681818182 0.013731060606060604 0.0296875 0.01875
cl4urwkrx0017356pikpviaa9 0 0.3666280241935484 0.026982526881720433 0.0234375 0.027083333333333338
cl4urzbou001b356p2c0bz1ci 0 0.03046875 0.09930555555555555 0.0296875 0.03333333333333333
cl53eq6de000f356i3cjd5jif 1 0.57109375 0.13333333333333333 0.0890625 0.1125
cl53eqa7m000l356ivf26125u 1 0.3203125 0.21041666666666667 0.103125 0.09583333333333334
