ckz3v9nzv00033867jsekqdcl 0 0.2732370022123894 0.4215462143559489 0.0265625 0.0375
ckz6ru2eb0001386lefk6js4m 0 0.23828125 0.5779342723004695 0.0265625 0.0375
ckz6ru3um0003386l39xwv0yk 0 0.2433942194835681 0.855115414710485 0.0265625 0.0375
ckz6ru5610005386l8uoys4lc 0 0.19453125 0.8458333333333333 0.0265625 0.0375
ckz6ru6of0007386lhf2t4dtw 0 0.08359375 0.80625 0.0265625 0.0375
ckz6ru83f0009386lx7517dwf 0 0.026419454225352114 0.7306827073552425 0.0265625 0.0375
ckz6ru99l000b386l18xh2byu 0 0.13515625 0.18958333333333333 0.0265625 0.0375
ckz6rub67000d386ld3mx1dyi 0 0.21796875 0.1658967391304348 0.0265625 0.0375
ckz6ruchb000f386lxxpeu5na 0 0.29312365301724136 0.10713900862068965 0.0265625 0.0375
ckz6rudsb000h386lkwwvc8dz 0 0.2841220773381295 0.2180455635491607 0.0265625 0.0375
ckz6ruf3e000j386lbyqpxw51 0 0.3121442194835681 0.30956572769953056 0.0265625 0.0375
ckz6rugcj000l386lzjazem8c 0 0.34609375 0.3625 0.0265625 0.041666666666666664
ckz6rui7o000n386lh32dwmkr 0 0.5732210974178404 0.8891138497652583 0.0265625 0.0375
ckz6ruj49000p386lndk3j9jv 0 0.642670700867052 0.5680394990366088 0.0265625 0.0375
ckz6rup8s000r386lkjotnoh0 0 0.48828125 0.86875 0.0265625 0.0375
ckz6rurv1000t386llsdca8lh 0 0.7671875 0.8072916666666666 0.0234375 0.0375
ckz6rut1n000v386l8rfix41j 0 0.8476058467741936 0.8423387096774193 0.0265625 0.0375
ckz6ruunj000x386l4qiqzsvd 0 0.8382308467741936 0.9673387096774193 0.0265625 0.0375
ckz6ruw8w000z386lc52x10qx 0 0.8542590725806452 0.7495295698924731 0.0265625 0.0375
ckz6ruzco0013386lo3nqjmle 0 0.828125 0.43645833333333334 0.025 0.03958333333333333
ckz6rv4et0015386le3rdpw93 0 0.8680252100840337 0.409375 0.025 0.03958333333333333
ckz6rv5s20017386lyas5kerj 0 0.60703125 0.10520833333333333 0.0234375 0.035416666666666666
ckz6rva9o0019386ll7e0plel 0 0.6702440956221198 0.1450652841781874 0.0265625 0.03333333333333333
ckz6rvlfq001d386lt59x4kz2 0 0.7717484736503856 0.06841259640102827 0.0265625 0.033333333333333326
ckz6rvnb8001f386l63s6p1ys 0 0.7105817194835681 0.6359839593114242 0.0265625 0.03333333333333333
ckz6rvpuj001h386lhrb15el1 0 0.5909807805164319 0.49176447574334897 0.0265625 0.03333333333333333
ckz6rvrjs001j386lscfviwaz 0 0.4980817194835681 0.3887323943661972 0.0265625 0.03333333333333333
ckz6rvtvy001l386li54we947 0 0.0046875 0.6427083333333333 0.009375 0.035416666666666666
ckz6rvvx4001n386lwp0hh90g 0 0.014285714285714285 0.24270833333333333 0.0265625 0.03333333333333333
ckz6rvxvs001p386l9u5f2w3s 0 0.20520833333333335 0.3097222222222222 0.02812500000000002 0.0375
ckz6rw3in001v386l6bltg9jj 0 0.7828125 0.6395833333333333 0.0265625 0.03333333333333333
ckz6rw56s001x386l432ih3l6 0 0.9924944196428571 0.7764508928571429 0.015011160714285765 0.03504464285714282
cl4sse7t80004356hlgz3o2fx 0 0.6578125 0.5072916666666667 0.025 0.041666666666666664
cl4ssee0s0008356hd15z4qn8 0 0.58828125 0.11875 0.0296875 0.05
cl4ssegqi000c356hwxoota92 0 0.6015625 0.20625 0.025 0.04583333333333333
cl4sseopo000g356h6ldd8ms6 0 0.2453125 0.5541666666666667 0.0359375 0.04583333333333333
cl4swkq5u0003356p8vuhc7nn 0 0.29921875 0.46875 0.0328125 0.0375
cl4uq6b5l0003356p4ou3mrfw 0 0.85625 0.22395833333333334 0.0375 0.04375
cl4uqbjp9000b356p2175vvqw 0 0.5091694078947369 0.724451754385965 0.0421875 0.04375
cl53eq6de000f356i3cjd5jif 1 0.57109375 0.13333333333333333 0.0890625 0.1125
cl53eqa7m000l356ivf26125u 1 0.3203125 0.21041666666666667 0.103125 0.09583333333333334
