ckz3v9nzv00033867jsekqdcl 0 0.266275468061674 0.43398494860499265 0.0265625 0.0375
ckz6ru2eb0001386lefk6js4m 0 0.23828125 0.5770833333333333 0.0265625 0.0375
ckz6ru3um0003386l39xwv0yk 0 0.24221924800796812 0.85625 0.0265625 0.0375
ckz6ru5610005386l8uoys4lc 0 0.19453125 0.8458333333333333 0.0265625 0.0375
ckz6ru6of0007386lhf2t4dtw 0 0.08359375 0.80625 0.0265625 0.0375
ckz6ru83f0009386lx7517dwf 0 0.01846121108949416 0.7544301232166019 0.0265625 0.0375
ckz6ru99l000b386l18xh2byu 0 0.13515625 0.18958333333333333 0.0265625 0.0375
ckz6rub67000d386ld3mx1dyi 0 0.23671875 0.18958333333333333 0.0265625 0.041666666666666664
ckz6ruchb000f386lxxpeu5na 0 0.2568603515625 0.13564453125 0.0265625 0.0375
ckz6rudsb000h386lkwwvc8dz 0 0.2822673111510791 0.2205185851318945 0.0265625 0.0375
ckz6ruf3e000j386lbyqpxw51 0 0.285355453187251 0.337234395750332 0.0265625 0.0375
ckz6rugcj000l386lzjazem8c 0 0.146875 0.5375 0.028125 0.05
ckz6rui7o000n386lh32dwmkr 0 0.5419921875 0.9567418981481481 0.0265625 0.0375
ckz6ruj49000p386lndk3j9jv 0 0.635593220338983 0.5853107344632769 0.0265625 0.0375
ckz6rup8s000r386lkjotnoh0 0 0.48828125 0.86875 0.0265625 0.0375
ckz6rut1n000v386l8rfix41j 0 0.8447131399018233 0.8510168302945301 0.0265625 0.0375
ckz6ruunj000x386l4qiqzsvd 0 0.8353381399018233 0.9760168302945301 0.0265625 0.0375
ckz6ruw8w000z386lc52x10qx 0 0.8520895424263675 0.7524222767648434 0.0265625 0.0375
ckz6ruzco0013386lo3nqjmle 0 0.828125 0.43645833333333334 0.025 0.03958333333333333
ckz6rv4et0015386le3rdpw93 0 0.8667253151260503 0.409375 0.025 0.03958333333333333
ckz6rva9o0019386ll7e0plel 0 0.662604843073593 0.17815656565656565 0.0265625 0.03333333333333333
ckz6rvlfq001d386lt59x4kz2 0 0.7710811997991968 0.08127510040160642 0.0265625 0.03333333333333333
ckz6rvnb8001f386l63s6p1ys 0 0.71015625 0.6354166666666666 0.0265625 0.03333333333333333
ckz6rvpuj001h386lhrb15el1 0 0.5740636927480915 0.5256679389312977 0.027254293893129767 0.03333333333333333
ckz6rvrjs001j386lscfviwaz 0 0.4874422422178989 0.4055285343709468 0.0265625 0.03333333333333333
ckz6rvvx4001n386lwp0hh90g 0 0.00546875 0.30520833333333336 0.0109375 0.035416666666666666
ckz6rvxvs001p386l9u5f2w3s 0 0.46328125 0.49166666666666664 0.028125 0.0375
ckz6rw3in001v386l6bltg9jj 0 0.73125 0.15208333333333332 0.0265625 0.03333333333333333
ckz6rw56s001x386l432ih3l6 0 0.9769672439759036 0.846222389558233 0.0234375 0.035416666666666666
cl4ssee0s0008356hd15z4qn8 0 0.58828125 0.11875 0.0296875 0.05
cl4ssegqi000c356hwxoota92 0 0.6015625 0.20625 0.025 0.04583333333333333
cl4sseopo000g356h6ldd8ms6 0 0.03515625 0.09895833333333333 0.0296875 0.03958333333333333
cl4uq6b5l0003356p4ou3mrfw 0 0.85625 0.22395833333333334 0.0375 0.04375
cl4uqbjp9000b356p2175vvqw 0 0.49899259868421053 0.740282346491228 0.0421875 0.04375
cl4ur3vs8000v356pe031p1yo 0 0.5016964285714286 0.021994047619047618 0.025 0.027083333333333334
cl4urtjol000z356puo72ztp3 0 0.246875 0.22916666666666666 0.028125 0.0375
cl4uru0kq0013356pt4h9yjm1 0 0.5185369318181818 0.011789772727272729 0.0296875 0.01875
cl4urwkrx0017356pikpviaa9 0 0.3709151785714285 0.016473214285714285 0.0234375 0.024136904761904762
cl53eq6de000f356i3cjd5jif 1 0.57109375 0.13333333333333333 0.0890625 0.1125
cl53eqa7m000l356ivf26125u 1 0.3203125 0.21041666666666667 0.103125 0.09583333333333334
