ckz3v9nzv00033867jsekqdcl 0 0.27536642699115044 0.4139749262536873 0.0265625 0.0375
ckz6ru2eb0001386lefk6js4m 0 0.23828125 0.5824530516431925 0.0265625 0.0375
ckz6ru3um0003386l39xwv0yk 0 0.2456536091549296 0.8490903755868544 0.0265625 0.0375
ckz6ru5610005386l8uoys4lc 0 0.19453125 0.8458333333333333 0.0265625 0.0375
ckz6ru6of0007386lhf2t4dtw 0 0.08359375 0.80625 0.0265625 0.0375
ckz6ru83f0009386lx7517dwf 0 0.029808538732394363 0.7276701877934272 0.0265625 0.0375
ckz6ru99l000b386l18xh2byu 0 0.13515625 0.18958333333333333 0.0265625 0.0375
ckz6rub67000d386ld3mx1dyi 0 0.19319196428571428 0.11904761904761904 0.0265625 0.037499999999999985
ckz6ruchb000f386lxxpeu5na 0 0.3113060141509434 0.09610849056603774 0.0265625 0.0375
ckz6rudsb000h386lkwwvc8dz 0 0.28498763489208634 0.21689148681055154 0.0265625 0.0375
ckz6ruf3e000j386lbyqpxw51 0 0.3144036091549296 0.3050469483568075 0.0265625 0.0375
ckz6rugcj000l386lzjazem8c 0 0.4359375 0.12604166666666666 0.0265625 0.041666666666666664
ckz6rui7o000n386lh32dwmkr 0 0.5845180457746479 0.8755575117370892 0.0265625 0.0375
ckz6ruj49000p386lndk3j9jv 0 0.6468433887283237 0.5634031791907514 0.0265625 0.0375
ckz6rup8s000r386lkjotnoh0 0 0.48828125 0.86875 0.0265625 0.0375
ckz6rurv1000t386llsdca8lh 0 0.48359375 0.7881944444444444 0.0265625 0.0375
ckz6rut1n000v386l8rfix41j 0 0.8489557766479663 0.838288920056101 0.0265625 0.0375
ckz6ruunj000x386l4qiqzsvd 0 0.8395807766479664 0.963288920056101 0.0265625 0.0375
ckz6ruw8w000z386lc52x10qx 0 0.8552715199859747 0.7481796400187003 0.0265625 0.0375
ckz6ruxwl0011386lwhdpziws 0 0.9033854166666666 0.6444444444444444 0.0265625 0.0375
ckz6ruzco0013386lo3nqjmle 0 0.828125 0.43645833333333334 0.025 0.03958333333333333
ckz6rv4et0015386le3rdpw93 0 0.8686318277310925 0.409375 0.025 0.03958333333333333
ckz6rv5s20017386lyas5kerj 0 0.66328125 0.18125 0.0234375 0.03333333333333333
ckz6rva9o0019386ll7e0plel 0 0.6735707085253456 0.13175883256528417 0.0265625 0.03333333333333332
ckz6rvjnr001b386l6bprt2rz 0 0.75859375 0.058333333333333334 0.0265625 0.03333333333333333
ckz6rvlfq001d386lt59x4kz2 0 0.7698927538560412 0.06346401028277635 0.0265625 0.033333333333333326
ckz6rvnb8001f386l63s6p1ys 0 0.7128411091549296 0.6389964788732395 0.0265625 0.03333333333333333
ckz6rvpuj001h386lhrb15el1 0 0.5887213908450704 0.4812206572769953 0.0265625 0.03333333333333333
ckz6rvrjs001j386lscfviwaz 0 0.5003411091549296 0.3842136150234742 0.0265625 0.03333333333333333
ckz6rvtvy001l386li54we947 0 0.17921875 0.5741666666666667 0.0265625 0.03333333333333333
ckz6rvvx4001n386lwp0hh90g 0 0.01646012931034483 0.21673850574712641 0.0265625 0.03333333333333333
ckz6rvxvs001p386l9u5f2w3s 0 0.07109375 0.20833333333333334 0.0265625 0.03333333333333333
ckz6rw1y9001t386ll8rr5ixq 0 0.65078125 0.9833333333333333 0.0265625 0.03333333333333333
ckz6rw3in001v386l6bltg9jj 0 0.75234375 0.85625 0.0265625 0.03333333333333333
ckz6rw56s001x386l432ih3l6 0 0.9876604352678571 0.7700055803571428 0.024679129464285764 0.033612351190476154
cl4sse7t80004356hlgz3o2fx 0 0.5765625 0.25104166666666666 0.025 0.035416666666666666
cl4ssee0s0008356hd15z4qn8 0 0.58828125 0.11875 0.0296875 0.05
cl4ssegqi000c356hwxoota92 0 0.6015625 0.20625 0.025 0.04583333333333333
cl4sseopo000g356h6ldd8ms6 0 0.3796875 0.734375 0.0390625 0.041666666666666664
cl4swkq5u0003356p8vuhc7nn 0 0.76375 0.6047916666666667 0.028125 0.035416666666666666
cl4uq6b5l0003356p4ou3mrfw 0 0.85625 0.22395833333333334 0.0375 0.04375
cl4uqbjp9000b356p2175vvqw 0 0.5139185855263158 0.7170641447368421 0.0421875 0.04375
