ckz3v9nzv00033867jsekqdcl 0 0.26484375 0.4354166666666667 0.0265625 0.0375
ckz6ru2eb0001386lefk6js4m 0 0.23828125 0.5770833333333333 0.0265625 0.0375
ckz6ru3um0003386l39xwv0yk 0 0.24181337151394425 0.85625 0.0265625 0.0375
ckz6ru5610005386l8uoys4lc 0 0.19453125 0.8458333333333333 0.0265625 0.0375
ckz6ru6of0007386lhf2t4dtw 0 0.08359375 0.80625 0.0265625 0.0375
ckz6ru83f0009386lx7517dwf 0 0.014497203307392997 0.7669828145265889 0.0265625 0.0375
ckz6ru99l000b386l18xh2byu 0 0.13515625 0.18958333333333333 0.0265625 0.0375
ckz6rub67000d386ld3mx1dyi 0 0.2875 0.24166666666666667 0.0265625 0.041666666666666664
ckz6ruchb000f386lxxpeu5na 0 0.24576041666666665 0.15106666666666665 0.0265625 0.0375
ckz6rudsb000h386lkwwvc8dz 0 0.2813511690647482 0.22174010791366908 0.0265625 0.0375
ckz6ruf3e000j386lbyqpxw51 0 0.2729577850877193 0.3549342105263158 0.0265625 0.0375
ckz6rugcj000l386lzjazem8c 0 0.03359375 0.5802083333333333 0.028125 0.05
ckz6rui7o000n386lh32dwmkr 0 0.5342983620058565 0.973856149341142 0.0265625 0.0375
ckz6ruj49000p386lndk3j9jv 0 0.6280389300847458 0.6025776836158193 0.0265625 0.0375
ckz6rup8s000r386lkjotnoh0 0 0.48828125 0.86875 0.0265625 0.0375
ckz6rut1n000v386l8rfix41j 0 0.8432843180224404 0.8553032959326788 0.0265625 0.0375
ckz6ruunj000x386l4qiqzsvd 0 0.8339093180224404 0.9803032959326788 0.0265625 0.0375
ckz6ruw8w000z386lc52x10qx 0 0.8510179260168304 0.7538510986442263 0.0265625 0.0375
ckz6ruzco0013386lo3nqjmle 0 0.828125 0.43645833333333334 0.025 0.03958333333333333
ckz6rv4et0015386le3rdpw93 0 0.8660832457983194 0.409375 0.025 0.03958333333333333
ckz6rva9o0019386ll7e0plel 0 0.6603997564935065 0.1884469696969697 0.0265625 0.03333333333333333
ckz6rvlfq001d386lt59x4kz2 0 0.7669898343373494 0.0894578313253012 0.0265625 0.03333333333333333
ckz6rvnb8001f386l63s6p1ys 0 0.71015625 0.6354166666666666 0.0265625 0.03333333333333333
ckz6rvpuj001h386lhrb15el1 0 0.5604544370229008 0.5451097328244274 0.029198473282442718 0.03333333333333333
ckz6rvrjs001j386lscfviwaz 0 0.4789683360927152 0.41135485651214126 0.0265625 0.03333333333333333
ckz6rvxvs001p386l9u5f2w3s 0 0.6546875 0.5527777777777777 0.028125 0.0375
ckz6rw3in001v386l6bltg9jj 0 0.60703125 0.05999999999999999 0.0265625 0.033333333333333326
ckz6rw56s001x386l432ih3l6 0 0.9708650914634147 0.8732977642276423 0.0234375 0.035416666666666666
cl4ssee0s0008356hd15z4qn8 0 0.58828125 0.11875 0.0296875 0.05
cl4ssegqi000c356hwxoota92 0 0.6015625 0.20625 0.025 0.04583333333333333
cl4uq6b5l0003356p4ou3mrfw 0 0.85625 0.22395833333333334 0.0375 0.04375
cl4uq7un10007356p14ye3ifb 0 0.88671875 0.21770833333333334 0.0328125 0.04375
cl4uqbjp9000b356p2175vvqw 0 0.49517786711165046 0.7460128438511328 0.0421875 0.04375
cl4ur3vs8000v356pe031p1yo 0 0.5055519759450171 0.026685996563573882 0.025 0.027083333333333334
cl4urtjol000z356puo72ztp3 0 0.01484375 0.271875 0.0296875 0.03958333333333333
cl4uru0kq0013356pt4h9yjm1 0 0.5108191287878788 0.014362373737373738 0.0296875 0.01875
cl4urwkrx0017356pikpviaa9 0 0.3656871639784946 0.030566756272401432 0.0234375 0.027083333333333334
cl53eq6de000f356i3cjd5jif 1 0.57109375 0.13333333333333333 0.0890625 0.1125
cl53eqa7m000l356ivf26125u 1 0.3203125 0.21041666666666667 0.103125 0.09583333333333334
