ckz3v9nzv00033867jsekqdcl 0 0.27402516592920356 0.41874385447394297 0.0265625 0.0375
ckz6ru2eb0001386lefk6js4m 0 0.23828125 0.5796068075117371 0.0265625 0.0375
ckz6ru3um0003386l39xwv0yk 0 0.2442304870892019 0.8528853677621283 0.0265625 0.0375
ckz6ru5610005386l8uoys4lc 0 0.19453125 0.8458333333333333 0.0265625 0.0375
ckz6ru6of0007386lhf2t4dtw 0 0.08359375 0.80625 0.0265625 0.0375
ckz6ru83f0009386lx7517dwf 0 0.02767385563380282 0.7295676838810642 0.0265625 0.0375
ckz6ru99l000b386l18xh2byu 0 0.13515625 0.18958333333333333 0.0265625 0.0375
ckz6rub67000d386ld3mx1dyi 0 0.20859375 0.15029761904761904 0.0265625 0.0375
ckz6ruchb000f386lxxpeu5na 0 0.299921875 0.10305555555555555 0.0265625 0.0375
ckz6rudsb000h386lkwwvc8dz 0 0.2844424460431655 0.2176184052757794 0.0265625 0.0375
ckz6ruf3e000j386lbyqpxw51 0 0.3129804870892019 0.3078931924882629 0.0265625 0.0375
ckz6rugcj000l386lzjazem8c 0 0.37161458333333336 0.25416666666666665 0.0265625 0.041666666666666664
ckz6rui7o000n386lh32dwmkr 0 0.5774024354460094 0.8840962441314554 0.0265625 0.0375
ckz6ruj49000p386lndk3j9jv 0 0.644215137283237 0.5663234585741812 0.0265625 0.0375
ckz6rup8s000r386lkjotnoh0 0 0.48828125 0.86875 0.0265625 0.0375
ckz6rurv1000t386llsdca8lh 0 0.65546875 0.8083333333333333 0.0234375 0.0375
ckz6rut1n000v386l8rfix41j 0 0.8481054961430574 0.8408397615708274 0.0265625 0.0375
ckz6ruunj000x386l4qiqzsvd 0 0.8387304961430575 0.9658397615708274 0.0265625 0.0375
ckz6ruw8w000z386lc52x10qx 0 0.8546338096072932 0.7490299205236092 0.0265625 0.0375
ckz6ruxwl0011386lwhdpziws 0 0.94375 0.803125 0.0265625 0.04375
ckz6ruzco0013386lo3nqjmle 0 0.828125 0.43645833333333334 0.025 0.03958333333333333
ckz6rv4et0015386le3rdpw93 0 0.868249737394958 0.409375 0.025 0.03958333333333333
ckz6rv5s20017386lyas5kerj 0 0.63515625 0.15520833333333334 0.0234375 0.035416666666666666
ckz6rva9o0019386ll7e0plel 0 0.6714753744239632 0.14014016897081413 0.0265625 0.03333333333333335
ckz6rvlfq001d386lt59x4kz2 0 0.7710616163239075 0.06658097686375322 0.0265625 0.03333333333333333
ckz6rvnb8001f386l63s6p1ys 0 0.7114179870892019 0.6370989827856025 0.0265625 0.03333333333333333
ckz6rvpuj001h386lhrb15el1 0 0.5901445129107981 0.4878618935837246 0.0265625 0.03333333333333333
ckz6rvrjs001j386lscfviwaz 0 0.4989179870892019 0.3870598591549296 0.0265625 0.03333333333333333
ckz6rvtvy001l386li54we947 0 0.01484375 0.5166666666666667 0.0296875 0.0375
ckz6rvvx4001n386lwp0hh90g 0 0.01572265625 0.2322265625 0.0265625 0.03333333333333333
ckz6rvxvs001p386l9u5f2w3s 0 0.15234375 0.27291666666666664 0.028125 0.0375
ckz6rw3in001v386l6bltg9jj 0 0.78984375 0.7208333333333333 0.0265625 0.03333333333333333
ckz6rw56s001x386l432ih3l6 0 0.9907052176339285 0.7740652901785715 0.018589564732142884 0.034514508928571414
cl4sse7t80004356hlgz3o2fx 0 0.6296875 0.4270833333333333 0.025 0.035416666666666666
cl4ssee0s0008356hd15z4qn8 0 0.58828125 0.11875 0.0296875 0.05
cl4ssegqi000c356hwxoota92 0 0.6015625 0.20625 0.025 0.04583333333333333
cl4sseopo000g356h6ldd8ms6 0 0.28984375 0.6 0.0390625 0.041666666666666664
cl4swkq5u0003356p8vuhc7nn 0 0.4875 0.5565972222222222 0.03125 0.0368055555555556
cl4uq6b5l0003356p4ou3mrfw 0 0.85625 0.22395833333333334 0.0375 0.04375
cl4uqbjp9000b356p2175vvqw 0 0.5109272203947368 0.7217173793859649 0.0421875 0.04375
cl53eq6de000f356i3cjd5jif 1 0.57109375 0.13333333333333333 0.0890625 0.1125
cl53eqa7m000l356ivf26125u 1 0.3203125 0.21041666666666667 0.103125 0.09583333333333334
