ckz3v9nzv00033867jsekqdcl 0 0.2683129129955947 0.43194750367107193 0.0265625 0.0375
ckz6ru2eb0001386lefk6js4m 0 0.23828125 0.5770833333333333 0.0265625 0.0375
ckz6ru3um0003386l39xwv0yk 0 0.2424035109561753 0.85625 0.0265625 0.0375
ckz6ru5610005386l8uoys4lc 0 0.19453125 0.8458333333333333 0.0265625 0.0375
ckz6ru6of0007386lhf2t4dtw 0 0.08359375 0.80625 0.0265625 0.0375
ckz6ru83f0009386lx7517dwf 0 0.020260821984435795 0.74873135538262 0.0265625 0.0375
ckz6ru99l000b386l18xh2byu 0 0.13515625 0.18958333333333333 0.0265625 0.0375
ckz6rub67000d386ld3mx1dyi 0 0.2265625 0.18958333333333333 0.0265625 0.041666666666666664
ckz6ruchb000f386lxxpeu5na 0 0.2622802734375 0.12841796875 0.0265625 0.0375
ckz6rudsb000h386lkwwvc8dz 0 0.2826832284172662 0.21996402877697843 0.0265625 0.0375
ckz6ruf3e000j386lbyqpxw51 0 0.29134399900398406 0.3292496679946879 0.0265625 0.0375
ckz6rugcj000l386lzjazem8c 0 0.1703125 0.5333333333333333 0.028125 0.04583333333333333
ckz6rui7o000n386lh32dwmkr 0 0.5491463162251655 0.9425220750551876 0.0265625 0.0375
ckz6ruj49000p386lndk3j9jv 0 0.63828125 0.5782575757575757 0.0265625 0.0375
ckz6rup8s000r386lkjotnoh0 0 0.48828125 0.86875 0.0265625 0.0375
ckz6rut1n000v386l8rfix41j 0 0.8453618075035063 0.849070827489481 0.0265625 0.0375
ckz6ruunj000x386l4qiqzsvd 0 0.8359868075035063 0.974070827489481 0.0265625 0.0375
ckz6ruw8w000z386lc52x10qx 0 0.8525760431276297 0.7517736091631604 0.0265625 0.0375
ckz6ruzco0013386lo3nqjmle 0 0.828125 0.43645833333333334 0.025 0.03958333333333333
ckz6rv4et0015386le3rdpw93 0 0.8670168067226891 0.409375 0.025 0.03958333333333333
ckz6rva9o0019386ll7e0plel 0 0.6638885374493928 0.17236842105263156 0.0265625 0.03333333333333333
ckz6rvlfq001d386lt59x4kz2 0 0.7729386295180724 0.07756024096385541 0.0265625 0.033333333333333326
ckz6rvnb8001f386l63s6p1ys 0 0.71015625 0.6354166666666666 0.0265625 0.03333333333333333
ckz6rvpuj001h386lhrb15el1 0 0.5798153409090909 0.5166287878787879 0.0265625 0.03333333333333333
ckz6rvrjs001j386lscfviwaz 0 0.49194126945525296 0.40492866407263295 0.0265625 0.03333333333333333
ckz6rvvx4001n386lwp0hh90g 0 0.0078125 0.2875 0.015625 0.03333333333333333
ckz6rvxvs001p386l9u5f2w3s 0 0.428125 0.43125 0.028125 0.0375
ckz6rw3in001v386l6bltg9jj 0 0.77578125 0.259375 0.0265625 0.03333333333333333
ckz6rw56s001x386l432ih3l6 0 0.9813920454545453 0.831344696969697 0.020454545454545503 0.035416666666666666
cl4sse7t80004356hlgz3o2fx 0 0.8221354166666666 0.9666666666666667 0.0328125 0.041666666666666664
cl4ssee0s0008356hd15z4qn8 0 0.58828125 0.11875 0.0296875 0.05
cl4ssegqi000c356hwxoota92 0 0.6015625 0.20625 0.025 0.04583333333333333
cl4sseopo000g356h6ldd8ms6 0 0.07317708333333334 0.20625 0.0359375 0.04583333333333333
cl4uq6b5l0003356p4ou3mrfw 0 0.85625 0.22395833333333334 0.0375 0.04375
cl4uqbjp9000b356p2175vvqw 0 0.5012746710526316 0.7367324561403509 0.0421875 0.04375
cl4ur3vs8000v356pe031p1yo 0 0.4994940476190476 0.02003637566137566 0.025 0.027083333333333334
cl4urtjol000z356puo72ztp3 0 0.32083333333333336 0.09166666666666666 0.028125 0.0375
cl4uru0kq0013356pt4h9yjm1 0 0.5220407196969697 0.010621843434343433 0.0296875 0.01875
cl4urwkrx0017356pikpviaa9 0 0.37421875 0.010416666666666666 0.0234375 0.020833333333333332
cl53eq6de000f356i3cjd5jif 1 0.57109375 0.13333333333333333 0.0890625 0.1125
cl53eqa7m000l356ivf26125u 1 0.3203125 0.21041666666666667 0.103125 0.09583333333333334
