ckz3v9nzv00033867jsekqdcl 0 0.26484375 0.4354166666666667 0.0265625 0.0375
ckz6ru2eb0001386lefk6js4m 0 0.23828125 0.5770833333333333 0.0265625 0.0375
ckz6ru3um0003386l39xwv0yk 0 0.2419503237051793 0.85625 0.0265625 0.0375
ckz6ru5610005386l8uoys4lc 0 0.19453125 0.8458333333333333 0.0265625 0.0375
ckz6ru6of0007386lhf2t4dtw 0 0.08359375 0.80625 0.0265625 0.0375
ckz6ru83f0009386lx7517dwf 0 0.015834751945525295 0.7627472438391699 0.0265625 0.0375
ckz6ru99l000b386l18xh2byu 0 0.13515625 0.18958333333333333 0.0265625 0.0375
ckz6rub67000d386ld3mx1dyi 0 0.26640625 0.2375 0.0265625 0.041666666666666664
ckz6ruchb000f386lxxpeu5na 0 0.2489501953125 0.14619140625 0.0265625 0.0375
ckz6rudsb000h386lkwwvc8dz 0 0.28166029676258997 0.2213279376498801 0.0265625 0.0375
ckz6ruf3e000j386lbyqpxw51 0 0.2767269736842105 0.3489035087719298 0.0265625 0.0375
ckz6rugcj000l386lzjazem8c 0 0.085546875 0.5369791666666667 0.028125 0.05
ckz6rui7o000n386lh32dwmkr 0 0.533795067715959 0.9731850902879453 0.0265625 0.0375
ckz6ruj49000p386lndk3j9jv 0 0.6305879237288136 0.5967514124293786 0.0265625 0.0375
ckz6rup8s000r386lkjotnoh0 0 0.48828125 0.86875 0.0265625 0.0375
ckz6rut1n000v386l8rfix41j 0 0.8437664358345021 0.8538569424964937 0.0265625 0.0375
ckz6ruunj000x386l4qiqzsvd 0 0.8343914358345021 0.9788569424964937 0.0265625 0.0375
ckz6ruw8w000z386lc52x10qx 0 0.8513795143758764 0.7533689808321645 0.0265625 0.0375
ckz6ruzco0013386lo3nqjmle 0 0.828125 0.43645833333333334 0.025 0.03958333333333333
ckz6rv4et0015386le3rdpw93 0 0.8662998949579832 0.409375 0.025 0.03958333333333333
ckz6rva9o0019386ll7e0plel 0 0.6611438041125541 0.18497474747474746 0.0265625 0.03333333333333333
ckz6rvlfq001d386lt59x4kz2 0 0.7683703564257028 0.08669678714859438 0.0265625 0.03333333333333333
ckz6rvnb8001f386l63s6p1ys 0 0.71015625 0.6354166666666666 0.0265625 0.03333333333333333
ckz6rvpuj001h386lhrb15el1 0 0.5650465171755725 0.5385496183206107 0.02854246183206106 0.03333333333333333
ckz6rvrjs001j386lscfviwaz 0 0.48124482615894043 0.407560706401766 0.0265625 0.03333333333333333
ckz6rvxvs001p386l9u5f2w3s 0 0.61484375 0.521875 0.028125 0.0375
ckz6rw3in001v386l6bltg9jj 0 0.6783854166666667 0.06875 0.0265625 0.03333333333333333
ckz6rw56s001x386l432ih3l6 0 0.9748798076923076 0.863301282051282 0.0234375 0.035416666666666666
cl4ssee0s0008356hd15z4qn8 0 0.58828125 0.11875 0.0296875 0.05
cl4ssegqi000c356hwxoota92 0 0.6015625 0.20625 0.025 0.04583333333333333
cl4uq6b5l0003356p4ou3mrfw 0 0.85625 0.22395833333333334 0.0375 0.04375
cl4uq7un10007356p14ye3ifb 0 0.93046875 0.24791666666666667 0.0328125 0.041666666666666664
cl4uqbjp9000b356p2175vvqw 0 0.4959079186893204 0.7450394417475728 0.0421875 0.04375
cl4ur3vs8000v356pe031p1yo 0 0.5049107142857143 0.024851190476190475 0.025 0.02708333333333333
cl4urtjol000z356puo72ztp3 0 0.096484375 0.28177083333333336 0.0296875 0.03958333333333333
cl4uru0kq0013356pt4h9yjm1 0 0.5134232954545455 0.01349431818181818 0.0296875 0.01875
cl4urwkrx0017356pikpviaa9 0 0.36698084677419357 0.02563844086021505 0.0234375 0.02708333333333333
cl4urzbou001b356p2c0bz1ci 0 0.05078125 0.071875 0.0296875 0.03333333333333333
cl53eq6de000f356i3cjd5jif 1 0.57109375 0.13333333333333333 0.0890625 0.1125
cl53eqa7m000l356ivf26125u 1 0.3203125 0.21041666666666667 0.103125 0.09583333333333334
