ckz3v9nzv00033867jsekqdcl 0 0.27421875 0.4180555555555555 0.0265625 0.0375
ckz6ru2eb0001386lefk6js4m 0 0.23828125 0.5800176056338028 0.0265625 0.0375
ckz6ru3um0003386l39xwv0yk 0 0.24443588615023476 0.8523376369327074 0.0265625 0.0375
ckz6ru5610005386l8uoys4lc 0 0.19453125 0.8458333333333333 0.0265625 0.0375
ckz6ru6of0007386lhf2t4dtw 0 0.08359375 0.80625 0.0265625 0.0375
ckz6ru83f0009386lx7517dwf 0 0.027981954225352112 0.7292938184663538 0.0265625 0.0375
ckz6ru99l000b386l18xh2byu 0 0.13515625 0.18958333333333333 0.0265625 0.0375
ckz6rub67000d386ld3mx1dyi 0 0.2066998106060606 0.14008838383838385 0.0265625 0.03750000000000001
ckz6ruchb000f386lxxpeu5na 0 0.3015625 0.10208333333333333 0.0265625 0.0375
ckz6rudsb000h386lkwwvc8dz 0 0.28452113309352517 0.2175134892086331 0.0265625 0.0375
ckz6ruf3e000j386lbyqpxw51 0 0.31318588615023474 0.3074823943661972 0.0265625 0.0375
ckz6rugcj000l386lzjazem8c 0 0.35286458333333337 0.20555555555555557 0.0265625 0.041666666666666664
ckz6rui7o000n386lh32dwmkr 0 0.5784294307511737 0.8828638497652582 0.0265625 0.0375
ckz6ruj49000p386lndk3j9jv 0 0.6445944725433526 0.5659019749518304 0.0265625 0.0375
ckz6rup8s000r386lkjotnoh0 0 0.48828125 0.86875 0.0265625 0.0375
ckz6rurv1000t386llsdca8lh 0 0.634375 0.803125 0.0234375 0.0375
ckz6rut1n000v386l8rfix41j 0 0.8482282170406732 0.8404715988779804 0.0265625 0.0375
ckz6ruunj000x386l4qiqzsvd 0 0.8388532170406732 0.9654715988779804 0.0265625 0.0375
ckz6ruw8w000z386lc52x10qx 0 0.8547258502805049 0.7489071996259934 0.0265625 0.0375
ckz6ruxwl0011386lwhdpziws 0 0.96015625 0.7760416666666666 0.0265625 0.04375
ckz6ruzco0013386lo3nqjmle 0 0.828125 0.43645833333333334 0.025 0.03958333333333333
ckz6rv4et0015386le3rdpw93 0 0.8683048844537815 0.409375 0.025 0.03958333333333333
ckz6rv5s20017386lyas5kerj 0 0.6528645833333333 0.14270833333333333 0.0234375 0.035416666666666666
ckz6rva9o0019386ll7e0plel 0 0.6717777937788019 0.13893049155145928 0.0265625 0.03333333333333332
ckz6rvlfq001d386lt59x4kz2 0 0.7708929145244217 0.0661311053984576 0.0265625 0.03333333333333334
ckz6rvnb8001f386l63s6p1ys 0 0.7116233861502347 0.6373728482003129 0.0265625 0.03333333333333333
ckz6rvpuj001h386lhrb15el1 0 0.5899391138497653 0.4869033646322379 0.0265625 0.03333333333333333
ckz6rvrjs001j386lscfviwaz 0 0.4991233861502347 0.38664906103286384 0.0265625 0.03333333333333333
ckz6rvtvy001l386li54we947 0 0.02828125 0.4625 0.0296875 0.0375
ckz6rvvx4001n386lwp0hh90g 0 0.01617838541666667 0.2294921875 0.0265625 0.03333333333333333
ckz6rvxvs001p386l9u5f2w3s 0 0.1265625 0.30572916666666666 0.028125 0.0375
ckz6rw3in001v386l6bltg9jj 0 0.76953125 0.7354166666666667 0.0265625 0.03333333333333333
ckz6rw56s001x386l432ih3l6 0 0.9902657645089284 0.7734793526785715 0.019468470982142883 0.03438430059523808
cl4sse7t80004356hlgz3o2fx 0 0.6354166666666667 0.3934027777777778 0.025 0.035416666666666666
cl4ssee0s0008356hd15z4qn8 0 0.58828125 0.11875 0.0296875 0.05
cl4ssegqi000c356hwxoota92 0 0.6015625 0.20625 0.025 0.04583333333333333
cl4sseopo000g356h6ldd8ms6 0 0.3028645833333333 0.617361111111111 0.0390625 0.041666666666666664
cl4swkq5u0003356p8vuhc7nn 0 0.5384375 0.5610416666666667 0.028125 0.035416666666666666
cl4uq6b5l0003356p4ou3mrfw 0 0.85625 0.22395833333333334 0.0375 0.04375
cl4uqbjp9000b356p2175vvqw 0 0.5113589638157895 0.7210457785087719 0.0421875 0.04375
cl53eq6de000f356i3cjd5jif 1 0.57109375 0.13333333333333333 0.0890625 0.1125
cl53eqa7m000l356ivf26125u 1 0.3203125 0.21041666666666667 0.103125 0.09583333333333334
