ckz3v9nzv00033867jsekqdcl 0 0.27515901548672567 0.414712389380531 0.0265625 0.0375
ckz6ru2eb0001386lefk6js4m 0 0.23828125 0.582012910798122 0.0265625 0.0375
ckz6ru3um0003386l39xwv0yk 0 0.24543353873239435 0.8496772300469484 0.0265625 0.0375
ckz6ru5610005386l8uoys4lc 0 0.19453125 0.8458333333333333 0.0265625 0.0375
ckz6ru6of0007386lhf2t4dtw 0 0.08359375 0.80625 0.0265625 0.0375
ckz6ru83f0009386lx7517dwf 0 0.02947843309859155 0.7279636150234742 0.0265625 0.0375
ckz6ru99l000b386l18xh2byu 0 0.13515625 0.18958333333333333 0.0265625 0.0375
ckz6rub67000d386ld3mx1dyi 0 0.19453125 0.12604166666666666 0.0265625 0.0375
ckz6ruchb000f386lxxpeu5na 0 0.3095371462264151 0.0972877358490566 0.0265625 0.0375
ckz6rudsb000h386lkwwvc8dz 0 0.2849033273381295 0.21700389688249402 0.0265625 0.0375
ckz6ruf3e000j386lbyqpxw51 0 0.31418353873239435 0.30548708920187795 0.0265625 0.0375
ckz6rugcj000l386lzjazem8c 0 0.41328125 0.13402777777777777 0.0265625 0.04166666666666665
ckz6rui7o000n386lh32dwmkr 0 0.5834176936619718 0.8768779342723005 0.0265625 0.0375
ckz6ruj49000p386lndk3j9jv 0 0.6464369580924856 0.5638547687861272 0.0265625 0.0375
ckz6rup8s000r386lkjotnoh0 0 0.48828125 0.86875 0.0265625 0.0375
ckz6rurv1000t386llsdca8lh 0 0.51015625 0.775 0.0265625 0.0375
ckz6rut1n000v386l8rfix41j 0 0.8488242899719495 0.8386833800841516 0.0265625 0.0375
ckz6ruunj000x386l4qiqzsvd 0 0.8394492899719495 0.9636833800841516 0.0265625 0.0375
ckz6ruw8w000z386lc52x10qx 0 0.8551729049789621 0.7483111266947172 0.0265625 0.0375
ckz6ruxwl0011386lwhdpziws 0 0.89140625 0.6958333333333333 0.0265625 0.0375
ckz6ruzco0013386lo3nqjmle 0 0.828125 0.43645833333333334 0.025 0.03958333333333333
ckz6rv4et0015386le3rdpw93 0 0.8685727415966387 0.409375 0.025 0.03958333333333333
ckz6rv5s20017386lyas5kerj 0 0.6903645833333333 0.17777777777777776 0.0234375 0.03333333333333333
ckz6rva9o0019386ll7e0plel 0 0.6732466877880184 0.13305491551459295 0.0265625 0.03333333333333335
ckz6rvlfq001d386lt59x4kz2 0 0.7700735057840616 0.06394601542416452 0.0265625 0.03333333333333333
ckz6rvnb8001f386l63s6p1ys 0 0.7126210387323944 0.6387030516431925 0.0265625 0.03333333333333333
ckz6rvpuj001h386lhrb15el1 0 0.5889414612676056 0.4822476525821596 0.0265625 0.03333333333333333
ckz6rvrjs001j386lscfviwaz 0 0.5001210387323944 0.3846537558685446 0.0265625 0.03333333333333333
ckz6rvtvy001l386li54we947 0 0.15015625 0.5554166666666667 0.027812499999999997 0.035000000000000024
ckz6rvvx4001n386lwp0hh90g 0 0.017268318965517244 0.217816091954023 0.0265625 0.03333333333333333
ckz6rvxvs001p386l9u5f2w3s 0 0.07109375 0.22916666666666666 0.0265625 0.03333333333333333
ckz6rw3in001v386l6bltg9jj 0 0.74375 0.8197916666666667 0.0265625 0.03333333333333333
ckz6rw56s001x386l432ih3l6 0 0.9881312779017858 0.7706333705357143 0.023737444196428648 0.033751860119047565
cl4sse7t80004356hlgz3o2fx 0 0.5676339285714286 0.290327380952381 0.025 0.035416666666666666
cl4ssee0s0008356hd15z4qn8 0 0.58828125 0.11875 0.0296875 0.05
cl4ssegqi000c356hwxoota92 0 0.6015625 0.20625 0.025 0.04583333333333333
cl4sseopo000g356h6ldd8ms6 0 0.33671875 0.7354166666666667 0.0390625 0.041666666666666664
cl4swkq5u0003356p8vuhc7nn 0 0.7390625 0.5947916666666667 0.028125 0.035416666666666666
cl4uq6b5l0003356p4ou3mrfw 0 0.85625 0.22395833333333334 0.0375 0.04375
cl4uqbjp9000b356p2175vvqw 0 0.5134560032894737 0.7177837171052631 0.0421875 0.04375
