ckz3v9nzv00033867jsekqdcl 0 0.27311255530973455 0.4219886922320551 0.0265625 0.0375
ckz6ru2eb0001386lefk6js4m 0 0.23828125 0.5776701877934272 0.0265625 0.0375
ckz6ru3um0003386l39xwv0yk 0 0.24326217723004695 0.8554675273865414 0.0265625 0.0375
ckz6ru5610005386l8uoys4lc 0 0.19453125 0.8458333333333333 0.0265625 0.0375
ckz6ru6of0007386lhf2t4dtw 0 0.08359375 0.80625 0.0265625 0.0375
ckz6ru83f0009386lx7517dwf 0 0.026221390845070424 0.7308587636932707 0.0265625 0.0375
ckz6ru99l000b386l18xh2byu 0 0.13515625 0.18958333333333333 0.0265625 0.0375
ckz6rub67000d386ld3mx1dyi 0 0.21796875 0.1671195652173913 0.0265625 0.0375
ckz6ruchb000f386lxxpeu5na 0 0.2919719827586207 0.10786637931034483 0.0265625 0.0375
ckz6rudsb000h386lkwwvc8dz 0 0.2840714928057554 0.21811300959232616 0.0265625 0.0375
ckz6ruf3e000j386lbyqpxw51 0 0.3120121772300469 0.3098298122065728 0.0265625 0.0375
ckz6rugcj000l386lzjazem8c 0 0.36796875 0.3458333333333333 0.0265625 0.041666666666666664
ckz6rui7o000n386lh32dwmkr 0 0.5725608861502347 0.889906103286385 0.0265625 0.0375
ckz6ruj49000p386lndk3j9jv 0 0.6424268424855492 0.5683104527938343 0.0265625 0.0375
ckz6rup8s000r386lkjotnoh0 0 0.48828125 0.86875 0.0265625 0.0375
ckz6rurv1000t386llsdca8lh 0 0.7799479166666667 0.8402777777777778 0.0234375 0.0375
ckz6rut1n000v386l8rfix41j 0 0.8475269547685835 0.8425753856942497 0.0265625 0.0375
ckz6ruunj000x386l4qiqzsvd 0 0.8381519547685835 0.9675753856942497 0.0265625 0.0375
ckz6ruw8w000z386lc52x10qx 0 0.8541999035764375 0.7496084618980832 0.0265625 0.0375
ckz6ruzco0013386lo3nqjmle 0 0.828125 0.43645833333333334 0.025 0.03958333333333333
ckz6rv4et0015386le3rdpw93 0 0.8679897584033613 0.409375 0.025 0.03958333333333333
ckz6rv5s20017386lyas5kerj 0 0.620703125 0.08385416666666666 0.0234375 0.035416666666666666
ckz6rva9o0019386ll7e0plel 0 0.6700496831797235 0.14584293394777265 0.0265625 0.03333333333333333
ckz6rvlfq001d386lt59x4kz2 0 0.7718569248071979 0.06870179948586118 0.0265625 0.033333333333333326
ckz6rvnb8001f386l63s6p1ys 0 0.7104496772300469 0.6358079029733958 0.0265625 0.03333333333333333
ckz6rvpuj001h386lhrb15el1 0 0.5911128227699531 0.4923806729264476 0.0265625 0.03333333333333333
ckz6rvrjs001j386lscfviwaz 0 0.4979496772300469 0.38899647887323946 0.0265625 0.03333333333333333
ckz6rvvx4001n386lwp0hh90g 0 0.01411830357142857 0.24427083333333333 0.0265625 0.03333333333333333
ckz6rvxvs001p386l9u5f2w3s 0 0.20208333333333334 0.3211805555555555 0.02812500000000002 0.0375
ckz6rw3in001v386l6bltg9jj 0 0.7953125 0.6291666666666667 0.0265625 0.03333333333333333
ckz6rw56s001x386l432ih3l6 0 0.9927769252232143 0.7768275669642857 0.014446149553571352 0.035128348214285766
cl4sse7t80004356hlgz3o2fx 0 0.6692708333333333 0.5194444444444444 0.025 0.04166666666666661
cl4ssee0s0008356hd15z4qn8 0 0.58828125 0.11875 0.0296875 0.05
cl4ssegqi000c356hwxoota92 0 0.6015625 0.20625 0.025 0.04583333333333333
cl4sseopo000g356h6ldd8ms6 0 0.26119791666666664 0.5416666666666666 0.0359375 0.04583333333333333
cl4swkq5u0003356p8vuhc7nn 0 0.27578125 0.48125 0.0328125 0.0375
cl4uq6b5l0003356p4ou3mrfw 0 0.85625 0.22395833333333334 0.0375 0.04375
cl4uqbjp9000b356p2175vvqw 0 0.5088918585526316 0.7248834978070176 0.0421875 0.04375
cl53eq6de000f356i3cjd5jif 1 0.57109375 0.13333333333333333 0.0890625 0.1125
cl53eqa7m000l356ivf26125u 1 0.3203125 0.21041666666666667 0.103125 0.09583333333333334
