ckz3v9nzv00033867jsekqdcl 0 0.2717989491150442 0.42665929203539826 0.0265625 0.0375
ckz6ru2eb0001386lefk6js4m 0 0.23828125 0.5770833333333333 0.0265625 0.0375
ckz6ru3um0003386l39xwv0yk 0 0.2427819970119522 0.85625 0.0265625 0.0375
ckz6ru5610005386l8uoys4lc 0 0.19453125 0.8458333333333333 0.0265625 0.0375
ckz6ru6of0007386lhf2t4dtw 0 0.08359375 0.80625 0.0265625 0.0375
ckz6ru83f0009386lx7517dwf 0 0.023957320038910507 0.7370257782101167 0.0265625 0.0375
ckz6ru99l000b386l18xh2byu 0 0.13515625 0.18958333333333333 0.0265625 0.0375
ckz6rub67000d386ld3mx1dyi 0 0.22265625 0.17594696969696969 0.0265625 0.0375
ckz6ruchb000f386lxxpeu5na 0 0.279815463362069 0.11554418103448277 0.0265625 0.03750000000000001
ckz6rudsb000h386lkwwvc8dz 0 0.2835375449640288 0.21882494004796163 0.0265625 0.0375
ckz6ruf3e000j386lbyqpxw51 0 0.3046403104026846 0.3156599552572707 0.0265625 0.0375
ckz6rugcj000l386lzjazem8c 0 0.31640625 0.42291666666666666 0.0265625 0.041666666666666664
ckz6rui7o000n386lh32dwmkr 0 0.5641335227272728 0.9097537878787879 0.0265625 0.0375
ckz6ruj49000p386lndk3j9jv 0 0.6398527817919075 0.5711705202312138 0.0265625 0.0375
ckz6rup8s000r386lkjotnoh0 0 0.48828125 0.86875 0.0265625 0.0375
ckz6rurv1000t386llsdca8lh 0 0.934375 0.896875 0.0234375 0.0375
ckz6rut1n000v386l8rfix41j 0 0.8466942058204768 0.8450736325385695 0.0265625 0.0375
ckz6ruunj000x386l4qiqzsvd 0 0.8373192058204768 0.9700736325385695 0.0265625 0.0375
ckz6ruw8w000z386lc52x10qx 0 0.8535753418653578 0.7504412108461899 0.0265625 0.0375
ckz6ruzco0013386lo3nqjmle 0 0.828125 0.43645833333333334 0.025 0.03958333333333333
ckz6rv4et0015386le3rdpw93 0 0.8676155462184874 0.409375 0.025 0.03958333333333333
ckz6rva9o0019386ll7e0plel 0 0.6677346912955466 0.15570175438596492 0.0265625 0.03333333333333333
ckz6rvlfq001d386lt59x4kz2 0 0.7730016870179949 0.07175449871465296 0.0265625 0.03333333333333333
ckz6rvnb8001f386l63s6p1ys 0 0.71015625 0.6354166666666666 0.0265625 0.03333333333333333
ckz6rvpuj001h386lhrb15el1 0 0.5878818139097745 0.49962406015037597 0.0265625 0.03333333333333333
ckz6rvrjs001j386lscfviwaz 0 0.49765625 0.39780701754385966 0.0265625 0.03333333333333333
ckz6rvvx4001n386lwp0hh90g 0 0.01328125 0.2655241935483871 0.0265625 0.033333333333333305
ckz6rvxvs001p386l9u5f2w3s 0 0.303125 0.4010416666666667 0.028125 0.0375
ckz6rw3in001v386l6bltg9jj 0 0.77109375 0.5104166666666666 0.0265625 0.03333333333333333
ckz6rw56s001x386l432ih3l6 0 0.992361111111111 0.7984953703703703 0.0125 0.035416666666666666
cl4sse7t80004356hlgz3o2fx 0 0.7123883928571428 0.7038690476190476 0.0296875 0.041666666666666664
cl4ssee0s0008356hd15z4qn8 0 0.58828125 0.11875 0.0296875 0.05
cl4ssegqi000c356hwxoota92 0 0.6015625 0.20625 0.025 0.04583333333333333
cl4sseopo000g356h6ldd8ms6 0 0.223046875 0.37916666666666665 0.0359375 0.04583333333333333
cl4swkq5u0003356p8vuhc7nn 0 0.04505208333333334 0.25555555555555554 0.03281250000000001 0.03749999999999997
cl4uq6b5l0003356p4ou3mrfw 0 0.85625 0.22395833333333334 0.0375 0.04375
cl4uqbjp9000b356p2175vvqw 0 0.5059621710526316 0.7294407894736843 0.0421875 0.04375
cl53eq6de000f356i3cjd5jif 1 0.57109375 0.13333333333333333 0.0890625 0.1125
cl53eqa7m000l356ivf26125u 1 0.3203125 0.21041666666666667 0.103125 0.09583333333333334
