ckz3v9nzv00033867jsekqdcl 0 0.26484375 0.4354166666666667 0.0265625 0.0375
ckz6ru2eb0001386lefk6js4m 0 0.23828125 0.5770833333333333 0.0265625 0.0375
ckz6ru3um0003386l39xwv0yk 0 0.24185072211155378 0.85625 0.0265625 0.0375
ckz6ru5610005386l8uoys4lc 0 0.19453125 0.8458333333333333 0.0265625 0.0375
ckz6ru6of0007386lhf2t4dtw 0 0.08359375 0.80625 0.0265625 0.0375
ckz6ru83f0009386lx7517dwf 0 0.014861989299610894 0.7658276588845655 0.0265625 0.0375
ckz6ru99l000b386l18xh2byu 0 0.13515625 0.18958333333333333 0.0265625 0.0375
ckz6rub67000d386ld3mx1dyi 0 0.27994791666666663 0.2388888888888889 0.0265625 0.041666666666666664
ckz6ruchb000f386lxxpeu5na 0 0.2460729166666667 0.15006666666666665 0.0265625 0.0375
ckz6rudsb000h386lkwwvc8dz 0 0.28143547661870505 0.22162769784172662 0.0265625 0.0375
ckz6ruf3e000j386lbyqpxw51 0 0.2739857456140351 0.3532894736842105 0.0265625 0.0375
ckz6rugcj000l386lzjazem8c 0 0.050937500000000004 0.545 0.028125 0.05000000000000006
ckz6rui7o000n386lh32dwmkr 0 0.5341610999267935 0.9736731332357247 0.0265625 0.0375
ckz6ruj49000p386lndk3j9jv 0 0.6287341101694915 0.6009887005649718 0.0265625 0.0375
ckz6rup8s000r386lkjotnoh0 0 0.48828125 0.86875 0.0265625 0.0375
ckz6rut1n000v386l8rfix41j 0 0.8434158046984572 0.8549088359046284 0.0265625 0.0375
ckz6ruunj000x386l4qiqzsvd 0 0.8340408046984573 0.9799088359046284 0.0265625 0.0375
ckz6ruw8w000z386lc52x10qx 0 0.851116541023843 0.7537196119682095 0.0265625 0.0375
ckz6ruzco0013386lo3nqjmle 0 0.828125 0.43645833333333334 0.025 0.03958333333333333
ckz6rv4et0015386le3rdpw93 0 0.8661423319327731 0.409375 0.025 0.03958333333333333
ckz6rva9o0019386ll7e0plel 0 0.6606026785714285 0.1875 0.0265625 0.03333333333333333
ckz6rvlfq001d386lt59x4kz2 0 0.7673663403614458 0.08870481927710844 0.0265625 0.03333333333333333
ckz6rvnb8001f386l63s6p1ys 0 0.71015625 0.6354166666666666 0.0265625 0.03333333333333333
ckz6rvpuj001h386lhrb15el1 0 0.561706822519084 0.5433206106870229 0.029019561068702248 0.03333333333333333
ckz6rvrjs001j386lscfviwaz 0 0.4795891970198675 0.41032008830022076 0.0265625 0.03333333333333333
ckz6rvxvs001p386l9u5f2w3s 0 0.64375 0.5625 0.028125 0.0375
ckz6rw3in001v386l6bltg9jj 0 0.6203125 0.057291666666666664 0.0265625 0.03333333333333333
ckz6rw56s001x386l432ih3l6 0 0.9731516768292684 0.8694867886178862 0.0234375 0.035416666666666666
cl4ssee0s0008356hd15z4qn8 0 0.58828125 0.11875 0.0296875 0.05
cl4ssegqi000c356hwxoota92 0 0.6015625 0.20625 0.025 0.04583333333333333
cl4uq6b5l0003356p4ou3mrfw 0 0.85625 0.22395833333333334 0.0375 0.04375
cl4uq7un10007356p14ye3ifb 0 0.90859375 0.21631944444444443 0.0328125 0.04375
cl4uqbjp9000b356p2175vvqw 0 0.4953769720873787 0.7457473705501617 0.0421875 0.04375
cl4ur3vs8000v356pe031p1yo 0 0.5061011904761905 0.025909391534391535 0.025 0.027083333333333334
cl4urtjol000z356puo72ztp3 0 0.032421875 0.284375 0.0296875 0.03958333333333333
cl4uru0kq0013356pt4h9yjm1 0 0.511529356060606 0.014125631313131316 0.0296875 0.01875
cl4urwkrx0017356pikpviaa9 0 0.3660399865591398 0.029222670250896057 0.0234375 0.027083333333333334
cl53eq6de000f356i3cjd5jif 1 0.57109375 0.13333333333333333 0.0890625 0.1125
cl53eqa7m000l356ivf26125u 1 0.3203125 0.21041666666666667 0.103125 0.09583333333333334
