ckz3v9nzv00033867jsekqdcl 0 0.27361034292035397 0.4202187807276303 0.0265625 0.0375
ckz6ru2eb0001386lefk6js4m 0 0.23828125 0.5787265258215962 0.0265625 0.0375
ckz6ru3um0003386l39xwv0yk 0 0.24379034624413146 0.8540590766823162 0.0265625 0.0375
ckz6ru5610005386l8uoys4lc 0 0.19453125 0.8458333333333333 0.0265625 0.0375
ckz6ru6of0007386lhf2t4dtw 0 0.08359375 0.80625 0.0265625 0.0375
ckz6ru83f0009386lx7517dwf 0 0.02701364436619718 0.730154538341158 0.0265625 0.0375
ckz6ru99l000b386l18xh2byu 0 0.13515625 0.18958333333333333 0.0265625 0.0375
ckz6rub67000d386ld3mx1dyi 0 0.21675347222222224 0.16898148148148148 0.0265625 0.0375
ckz6ruchb000f386lxxpeu5na 0 0.29640625 0.10513888888888889 0.0265625 0.0375
ckz6rudsb000h386lkwwvc8dz 0 0.2842738309352518 0.21784322541966425 0.0265625 0.0375
ckz6ruf3e000j386lbyqpxw51 0 0.31254034624413146 0.30877347417840373 0.0265625 0.0375
ckz6rugcj000l386lzjazem8c 0 0.34921875 0.27708333333333335 0.0265625 0.041666666666666664
ckz6rui7o000n386lh32dwmkr 0 0.5752017312206573 0.8867370892018779 0.0265625 0.0375
ckz6ruj49000p386lndk3j9jv 0 0.6434022760115606 0.5672266377649325 0.0265625 0.0375
ckz6rup8s000r386lkjotnoh0 0 0.48828125 0.86875 0.0265625 0.0375
ckz6rurv1000t386llsdca8lh 0 0.70078125 0.83125 0.0234375 0.0375
ckz6rut1n000v386l8rfix41j 0 0.8478425227910238 0.8416286816269285 0.0265625 0.0375
ckz6ruunj000x386l4qiqzsvd 0 0.8384675227910238 0.9666286816269285 0.0265625 0.0375
ckz6ruw8w000z386lc52x10qx 0 0.8544365795932679 0.7492928938756428 0.0265625 0.0375
ckz6ruxwl0011386lwhdpziws 0 0.98203125 0.8621527777777778 0.0265625 0.04375
ckz6ruzco0013386lo3nqjmle 0 0.828125 0.43645833333333334 0.025 0.03958333333333333
ckz6rv4et0015386le3rdpw93 0 0.8681315651260505 0.409375 0.025 0.03958333333333333
ckz6rv5s20017386lyas5kerj 0 0.62546875 0.12062500000000001 0.0234375 0.03541666666666668
ckz6rva9o0019386ll7e0plel 0 0.6708273329493087 0.14273233486943165 0.0265625 0.03333333333333333
ckz6rvlfq001d386lt59x4kz2 0 0.7714231201799486 0.06754498714652955 0.0265625 0.03333333333333333
ckz6rvnb8001f386l63s6p1ys 0 0.7109778462441315 0.6365121283255086 0.0265625 0.03333333333333333
ckz6rvpuj001h386lhrb15el1 0 0.5905846537558685 0.4899158841940532 0.0265625 0.03333333333333333
ckz6rvrjs001j386lscfviwaz 0 0.4984778462441315 0.3879401408450704 0.0265625 0.03333333333333333
ckz6rvvx4001n386lwp0hh90g 0 0.01478794642857143 0.23802083333333332 0.0265625 0.03333333333333333
ckz6rvxvs001p386l9u5f2w3s 0 0.1875 0.2673611111111111 0.028125 0.037500000000000026
ckz6rw3in001v386l6bltg9jj 0 0.78984375 0.6708333333333333 0.0265625 0.03333333333333333
ckz6rw56s001x386l432ih3l6 0 0.9916469029017858 0.7753208705357143 0.016706194196428648 0.034793526785714235
cl4sse7t80004356hlgz3o2fx 0 0.6546875 0.47708333333333336 0.025 0.03333333333333333
cl4ssee0s0008356hd15z4qn8 0 0.58828125 0.11875 0.0296875 0.05
cl4ssegqi000c356hwxoota92 0 0.6015625 0.20625 0.025 0.04583333333333333
cl4sseopo000g356h6ldd8ms6 0 0.2734375 0.5541666666666667 0.0359375 0.04583333333333333
cl4swkq5u0003356p8vuhc7nn 0 0.3846354166666667 0.5083333333333333 0.03281250000000004 0.0375
cl4uq6b5l0003356p4ou3mrfw 0 0.85625 0.22395833333333334 0.0375 0.04375
cl4uqbjp9000b356p2175vvqw 0 0.5100020559210526 0.723156524122807 0.0421875 0.04375
cl53eq6de000f356i3cjd5jif 1 0.57109375 0.13333333333333333 0.0890625 0.1125
cl53eqa7m000l356ivf26125u 1 0.3203125 0.21041666666666667 0.103125 0.09583333333333334
