ckz3v9nzv00033867jsekqdcl 0 0.26484375 0.4354166666666667 0.0265625 0.0375
ckz6ru2eb0001386lefk6js4m 0 0.23828125 0.5770833333333333 0.0265625 0.0375
ckz6ru3um0003386l39xwv0yk 0 0.2408198456175299 0.85625 0.0265625 0.0375
ckz6ru5610005386l8uoys4lc 0 0.19453125 0.8458333333333333 0.0265625 0.0375
ckz6ru6of0007386lhf2t4dtw 0 0.08359375 0.80625 0.0265625 0.0375
ckz6ru83f0009386lx7517dwf 0 0.00546875 0.8104166666666667 0.0109375 0.03333333333333333
ckz6ru99l000b386l18xh2byu 0 0.13515625 0.18958333333333333 0.0265625 0.0375
ckz6rub67000d386ld3mx1dyi 0 0.30770089285714286 0.21488095238095237 0.0265625 0.041666666666666664
ckz6ruchb000f386lxxpeu5na 0 0.23431299603174605 0.17433862433862435 0.0265625 0.0375
ckz6rudsb000h386lkwwvc8dz 0 0.27179047131147543 0.24109972677595629 0.0265625 0.0375
ckz6ruf3e000j386lbyqpxw51 0 0.23729166666666668 0.37840277777777775 0.0265625 0.0375
ckz6rui7o000n386lh32dwmkr 0 0.5379495333089312 0.9787243777452416 0.0265625 0.0375
ckz6ruj49000p386lndk3j9jv 0 0.6306894749070632 0.6101146220570012 0.0265625 0.0375
ckz6rup8s000r386lkjotnoh0 0 0.48828125 0.86875 0.0265625 0.0375
ckz6rut1n000v386l8rfix41j 0 0.84296875 0.85625 0.0265625 0.0375
ckz6ruunj000x386l4qiqzsvd 0 0.83359375 0.98125 0.0265625 0.0375
ckz6ruw8w000z386lc52x10qx 0 0.8413976332720589 0.7541666666666667 0.0265625 0.0375
ckz6ruzco0013386lo3nqjmle 0 0.828125 0.43645833333333334 0.025 0.03958333333333333
ckz6rv4et0015386le3rdpw93 0 0.8645115546218488 0.409375 0.025 0.03958333333333333
ckz6rva9o0019386ll7e0plel 0 0.6315982245958429 0.23580157813702848 0.0265625 0.03333333333333333
ckz6rvlfq001d386lt59x4kz2 0 0.755722557106599 0.10799492385786803 0.0265625 0.03333333333333333
ckz6rvnb8001f386l63s6p1ys 0 0.71015625 0.6354166666666666 0.0265625 0.03333333333333333
ckz6rvpuj001h386lhrb15el1 0 0.522487331081081 0.5971846846846847 0.0296875 0.03333333333333333
ckz6rvrjs001j386lscfviwaz 0 0.46305480072463767 0.4412842190016103 0.0265625 0.03333333333333333
ckz6rvxvs001p386l9u5f2w3s 0 0.9682291666666666 0.41041666666666665 0.028125 0.0375
ckz6rw56s001x386l432ih3l6 0 0.9316320711678833 0.9682405717761556 0.0234375 0.035416666666666666
cl4ssee0s0008356hd15z4qn8 0 0.58828125 0.11875 0.0296875 0.05
cl4ssegqi000c356hwxoota92 0 0.6015625 0.20625 0.025 0.04583333333333333
cl4uq6b5l0003356p4ou3mrfw 0 0.85625 0.22395833333333334 0.0375 0.04375
cl4uqbjp9000b356p2175vvqw 0 0.4898816747572815 0.7530744336569579 0.0421875 0.04375
cl4uqf5bj000f356p05tutl57 0 0.903125 0.6270833333333333 0.0296875 0.03958333333333333
cl4uqu10i000j356pw85hd2yi 0 0.14157608695652174 0.938269927536232 0.025 0.03958333333333333
cl4ur3vs8000v356pe031p1yo 0 0.4848550636007828 0.0462349151989563 0.025 0.027083333333333338
cl4uru0kq0013356pt4h9yjm1 0 0.5077386811023622 0.023761482939632546 0.0296875 0.03125
cl4urwkrx0017356pikpviaa9 0 0.35703125 0.06354166666666666 0.0234375 0.027083333333333334
cl4us8aru001l356p2sc1k1bh 0 0.9884877232142857 0.012492559523809522 0.020613839285714163 0.022038690476190472
cl53eq6de000f356i3cjd5jif 1 0.57109375 0.13333333333333333 0.0890625 0.1125
cl53eqa7m000l356ivf26125u 1 0.3203125 0.21041666666666667 0.103125 0.09583333333333334
