ckz3v9nzv00033867jsekqdcl 0 0.26839551211453744 0.4318649045521292 0.0265625 0.0375
ckz6ru2eb0001386lefk6js4m 0 0.23828125 0.5770833333333333 0.0265625 0.0375
ckz6ru3um0003386l39xwv0yk 0 0.24241098107569722 0.85625 0.0265625 0.0375
ckz6ru5610005386l8uoys4lc 0 0.19453125 0.8458333333333333 0.0265625 0.0375
ckz6ru6of0007386lhf2t4dtw 0 0.08359375 0.80625 0.0265625 0.0375
ckz6ru83f0009386lx7517dwf 0 0.020333779182879375 0.7485003242542153 0.0265625 0.0375
ckz6ru99l000b386l18xh2byu 0 0.13515625 0.18958333333333333 0.0265625 0.0375
ckz6rub67000d386ld3mx1dyi 0 0.22890625 0.18333333333333332 0.0265625 0.041666666666666664
ckz6ruchb000f386lxxpeu5na 0 0.2625 0.128125 0.0265625 0.0375
ckz6rudsb000h386lkwwvc8dz 0 0.28270008992805756 0.21994154676258992 0.0265625 0.0375
ckz6ruf3e000j386lbyqpxw51 0 0.2915867778884462 0.32892596281540504 0.0265625 0.0375
ckz6rugcj000l386lzjazem8c 0 0.1740625 0.5270833333333333 0.028125 0.04583333333333333
ckz6rui7o000n386lh32dwmkr 0 0.5494257036423841 0.9419012141280354 0.0265625 0.0375
ckz6ruj49000p386lndk3j9jv 0 0.63828125 0.5780871212121212 0.0265625 0.0375
ckz6rup8s000r386lkjotnoh0 0 0.48828125 0.86875 0.0265625 0.0375
ckz6rut1n000v386l8rfix41j 0 0.8453881048387096 0.848991935483871 0.0265625 0.0375
ckz6ruunj000x386l4qiqzsvd 0 0.8360131048387096 0.973991935483871 0.0265625 0.0375
ckz6ruw8w000z386lc52x10qx 0 0.8525957661290322 0.751747311827957 0.0265625 0.0375
ckz6ruzco0013386lo3nqjmle 0 0.828125 0.43645833333333334 0.025 0.03958333333333333
ckz6rv4et0015386le3rdpw93 0 0.8670286239495798 0.409375 0.025 0.03958333333333333
ckz6rva9o0019386ll7e0plel 0 0.6639644483805668 0.17203947368421052 0.0265625 0.03333333333333333
ckz6rvlfq001d386lt59x4kz2 0 0.7730139307228916 0.07740963855421687 0.0265625 0.03333333333333333
ckz6rvnb8001f386l63s6p1ys 0 0.71015625 0.6354166666666666 0.0265625 0.03333333333333333
ckz6rvpuj001h386lhrb15el1 0 0.5799857954545454 0.5162310606060606 0.0265625 0.03333333333333333
ckz6rvrjs001j386lscfviwaz 0 0.4921236624513619 0.4049043450064851 0.0265625 0.03333333333333333
ckz6rvvx4001n386lwp0hh90g 0 0.0078125 0.2875 0.015625 0.03333333333333333
ckz6rvxvs001p386l9u5f2w3s 0 0.428125 0.4395833333333333 0.028125 0.0375
ckz6rw3in001v386l6bltg9jj 0 0.78515625 0.27291666666666664 0.0265625 0.03333333333333333
ckz6rw56s001x386l432ih3l6 0 0.9816169507575758 0.8307133838383839 0.02028882575757578 0.035416666666666666
cl4sse7t80004356hlgz3o2fx 0 0.8216145833333334 0.9597222222222223 0.0328125 0.041666666666666664
cl4ssee0s0008356hd15z4qn8 0 0.58828125 0.11875 0.0296875 0.05
cl4ssegqi000c356hwxoota92 0 0.6015625 0.20625 0.025 0.04583333333333333
cl4sseopo000g356h6ldd8ms6 0 0.08151041666666667 0.19305555555555556 0.0359375 0.04583333333333333
cl4uq6b5l0003356p4ou3mrfw 0 0.85625 0.22395833333333334 0.0375 0.04375
cl4uqbjp9000b356p2175vvqw 0 0.5013671875 0.7365885416666667 0.0421875 0.04375
cl4ur3vs8000v356pe031p1yo 0 0.49940476190476185 0.019957010582010583 0.025 0.027083333333333334
cl4urtjol000z356puo72ztp3 0 0.321875 0.08125 0.028125 0.0375
cl4uru0kq0013356pt4h9yjm1 0 0.5221827651515152 0.01057449494949495 0.0296875 0.01875
cl4urwkrx0017356pikpviaa9 0 0.37213541666666666 0.010416666666666666 0.0234375 0.020833333333333332
cl53eq6de000f356i3cjd5jif 1 0.57109375 0.13333333333333333 0.0890625 0.1125
cl53eqa7m000l356ivf26125u 1 0.3203125 0.21041666666666667 0.103125 0.09583333333333334
