ckz3v9nzv00033867jsekqdcl 0 0.26484375 0.4354166666666667 0.0265625 0.0375
ckz6ru2eb0001386lefk6js4m 0 0.23828125 0.5770833333333333 0.0265625 0.0375
ckz6ru3um0003386l39xwv0yk 0 0.24182084163346612 0.85625 0.0265625 0.0375
ckz6ru5610005386l8uoys4lc 0 0.19453125 0.8458333333333333 0.0265625 0.0375
ckz6ru6of0007386lhf2t4dtw 0 0.08359375 0.80625 0.0265625 0.0375
ckz6ru83f0009386lx7517dwf 0 0.014570160505836576 0.7667517833981842 0.0265625 0.0375
ckz6ru99l000b386l18xh2byu 0 0.13515625 0.18958333333333333 0.0265625 0.0375
ckz6rub67000d386ld3mx1dyi 0 0.28640625000000003 0.24333333333333332 0.0265625 0.041666666666666664
ckz6ruchb000f386lxxpeu5na 0 0.24582291666666664 0.15086666666666665 0.0265625 0.0375
ckz6rudsb000h386lkwwvc8dz 0 0.2813680305755396 0.2217176258992806 0.0265625 0.0375
ckz6ruf3e000j386lbyqpxw51 0 0.27316337719298245 0.35460526315789476 0.0265625 0.0375
ckz6rugcj000l386lzjazem8c 0 0.040625 0.5895833333333333 0.028125 0.05
ckz6rui7o000n386lh32dwmkr 0 0.5342709095900439 0.9738195461200585 0.0265625 0.0375
ckz6ruj49000p386lndk3j9jv 0 0.6281779661016949 0.6022598870056497 0.0265625 0.0375
ckz6rup8s000r386lkjotnoh0 0 0.48828125 0.86875 0.0265625 0.0375
ckz6rut1n000v386l8rfix41j 0 0.8433106153576437 0.8552244039270688 0.0265625 0.0375
ckz6ruunj000x386l4qiqzsvd 0 0.8339356153576437 0.9802244039270688 0.0265625 0.0375
ckz6ruw8w000z386lc52x10qx 0 0.8510376490182328 0.7538248013090229 0.0265625 0.0375
ckz6ruzco0013386lo3nqjmle 0 0.828125 0.43645833333333334 0.025 0.03958333333333333
ckz6rv4et0015386le3rdpw93 0 0.8660950630252101 0.409375 0.025 0.03958333333333333
ckz6rva9o0019386ll7e0plel 0 0.6604403409090909 0.18825757575757576 0.0265625 0.03333333333333333
ckz6rvlfq001d386lt59x4kz2 0 0.7670651355421687 0.08930722891566265 0.0265625 0.03333333333333333
ckz6rvnb8001f386l63s6p1ys 0 0.71015625 0.6354166666666666 0.0265625 0.03333333333333333
ckz6rvpuj001h386lhrb15el1 0 0.5607049141221374 0.5447519083969465 0.029162690839694604 0.03333333333333328
ckz6rvrjs001j386lscfviwaz 0 0.4790925082781457 0.41114790286975716 0.0265625 0.03333333333333333
ckz6rvxvs001p386l9u5f2w3s 0 0.6583333333333333 0.5583333333333333 0.028125 0.0375
ckz6rw3in001v386l6bltg9jj 0 0.61640625 0.065 0.0265625 0.03333333333333334
ckz6rw56s001x386l432ih3l6 0 0.9713224085365854 0.8725355691056911 0.0234375 0.035416666666666666
cl4ssee0s0008356hd15z4qn8 0 0.58828125 0.11875 0.0296875 0.05
cl4ssegqi000c356hwxoota92 0 0.6015625 0.20625 0.025 0.04583333333333333
cl4uq6b5l0003356p4ou3mrfw 0 0.85625 0.22395833333333334 0.0375 0.04375
cl4uq7un10007356p14ye3ifb 0 0.89765625 0.20520833333333333 0.0328125 0.04375
cl4uqbjp9000b356p2175vvqw 0 0.4952176881067961 0.7459597491909384 0.0421875 0.04375
cl4ur3vs8000v356pe031p1yo 0 0.5057613831615121 0.026492697594501718 0.025 0.027083333333333334
cl4urtjol000z356puo72ztp3 0 0.02005208333333333 0.2586805555555555 0.0296875 0.039583333333333304
cl4uru0kq0013356pt4h9yjm1 0 0.5109611742424243 0.014315025252525253 0.0296875 0.01875
cl4urwkrx0017356pikpviaa9 0 0.3657577284946237 0.030297939068100358 0.0234375 0.027083333333333334
cl53eq6de000f356i3cjd5jif 1 0.57109375 0.13333333333333333 0.0890625 0.1125
cl53eqa7m000l356ivf26125u 1 0.3203125 0.21041666666666667 0.103125 0.09583333333333334
