ckz3v9nzv00033867jsekqdcl 0 0.26484375 0.4354166666666667 0.0265625 0.0375
ckz6ru2eb0001386lefk6js4m 0 0.23828125 0.5770833333333333 0.0265625 0.0375
ckz6ru3um0003386l39xwv0yk 0 0.24200261454183267 0.85625 0.0265625 0.0375
ckz6ru5610005386l8uoys4lc 0 0.19453125 0.8458333333333333 0.0265625 0.0375
ckz6ru6of0007386lhf2t4dtw 0 0.08359375 0.80625 0.0265625 0.0375
ckz6ru83f0009386lx7517dwf 0 0.01634545233463035 0.7611300259403372 0.0265625 0.0375
ckz6ru99l000b386l18xh2byu 0 0.13515625 0.18958333333333333 0.0265625 0.0375
ckz6rub67000d386ld3mx1dyi 0 0.26015625 0.22916666666666666 0.0265625 0.041666666666666664
ckz6ruchb000f386lxxpeu5na 0 0.25048828125 0.144140625 0.0265625 0.0375
ckz6rudsb000h386lkwwvc8dz 0 0.28177832733812946 0.22117056354916068 0.0265625 0.0375
ckz6ruf3e000j386lbyqpxw51 0 0.27831486553784857 0.3466218459495352 0.0265625 0.0375
ckz6rugcj000l386lzjazem8c 0 0.10625 0.56875 0.028125 0.05
ckz6rui7o000n386lh32dwmkr 0 0.5336029008052708 0.9729288677403611 0.0265625 0.0375
ckz6ruj49000p386lndk3j9jv 0 0.6315611758474576 0.594526836158192 0.0265625 0.0375
ckz6rup8s000r386lkjotnoh0 0 0.48828125 0.86875 0.0265625 0.0375
ckz6rut1n000v386l8rfix41j 0 0.8439505171809257 0.853304698457223 0.0265625 0.0375
ckz6ruunj000x386l4qiqzsvd 0 0.8345755171809257 0.978304698457223 0.0265625 0.0375
ckz6ruw8w000z386lc52x10qx 0 0.8515175753856943 0.753184899485741 0.0265625 0.0375
ckz6ruzco0013386lo3nqjmle 0 0.828125 0.43645833333333334 0.025 0.03958333333333333
ckz6rv4et0015386le3rdpw93 0 0.8663826155462185 0.409375 0.025 0.03958333333333333
ckz6rva9o0019386ll7e0plel 0 0.661427895021645 0.1836489898989899 0.0265625 0.03333333333333333
ckz6rvlfq001d386lt59x4kz2 0 0.7688974648594378 0.0856425702811245 0.0265625 0.03333333333333333
ckz6rvnb8001f386l63s6p1ys 0 0.71015625 0.6354166666666666 0.0265625 0.03333333333333333
ckz6rvpuj001h386lhrb15el1 0 0.5667998568702289 0.5360448473282442 0.02829198473282437 0.03333333333333333
ckz6rvrjs001j386lscfviwaz 0 0.4821528453307393 0.40623378728923476 0.0265625 0.03333333333333333
ckz6rvxvs001p386l9u5f2w3s 0 0.5765625 0.5291666666666667 0.028125 0.0375
ckz6rw3in001v386l6bltg9jj 0 0.69609375 0.07916666666666666 0.0265625 0.03333333333333333
ckz6rw56s001x386l432ih3l6 0 0.9753004807692308 0.8604967948717949 0.0234375 0.035416666666666666
cl4ssee0s0008356hd15z4qn8 0 0.58828125 0.11875 0.0296875 0.05
cl4ssegqi000c356hwxoota92 0 0.6015625 0.20625 0.025 0.04583333333333333
cl4uq6b5l0003356p4ou3mrfw 0 0.85625 0.22395833333333334 0.0375 0.04375
cl4uq7un10007356p14ye3ifb 0 0.93984375 0.24375 0.0328125 0.041666666666666664
cl4uqbjp9000b356p2175vvqw 0 0.4963096217105263 0.7444558662280703 0.0421875 0.04375
cl4ur3vs8000v356pe031p1yo 0 0.5042857142857142 0.02429563492063492 0.025 0.027083333333333334
cl4urtjol000z356puo72ztp3 0 0.121875 0.3020833333333333 0.028125 0.0375
cl4uru0kq0013356pt4h9yjm1 0 0.5144176136363636 0.013162878787878788 0.0296875 0.01875
cl4urwkrx0017356pikpviaa9 0 0.3674747983870968 0.023756720430107525 0.0234375 0.027083333333333334
cl4urzbou001b356p2c0bz1ci 0 0.099609375 0.013541666666666667 0.0265625 0.027083333333333334
cl53eq6de000f356i3cjd5jif 1 0.57109375 0.13333333333333333 0.0890625 0.1125
cl53eqa7m000l356ivf26125u 1 0.3203125 0.21041666666666667 0.103125 0.09583333333333334
