ckz3v9nzv00033867jsekqdcl 0 0.27569828539823005 0.4127949852507375 0.0265625 0.0375
ckz6ru2eb0001386lefk6js4m 0 0.23828125 0.5831572769953052 0.0265625 0.0375
ckz6ru3um0003386l39xwv0yk 0 0.2460057218309859 0.8481514084507042 0.0265625 0.0375
ckz6ru5610005386l8uoys4lc 0 0.19453125 0.8458333333333333 0.0265625 0.0375
ckz6ru6of0007386lhf2t4dtw 0 0.08359375 0.80625 0.0265625 0.0375
ckz6ru83f0009386lx7517dwf 0 0.030336707746478876 0.7272007042253521 0.0265625 0.0375
ckz6ru99l000b386l18xh2byu 0 0.13515625 0.18958333333333333 0.0265625 0.0375
ckz6rub67000d386ld3mx1dyi 0 0.19088541666666664 0.10486111111111111 0.02656249999999998 0.0375
ckz6ruchb000f386lxxpeu5na 0 0.31413620283018867 0.09422169811320755 0.0265625 0.0375
ckz6rudsb000h386lkwwvc8dz 0 0.2851225269784173 0.21671163069544364 0.0265625 0.0375
ckz6ruf3e000j386lbyqpxw51 0 0.3147557218309859 0.30434272300469484 0.0265625 0.0375
ckz6rugcj000l386lzjazem8c 0 0.46203125 0.10708333333333334 0.0265625 0.0375
ckz6rui7o000n386lh32dwmkr 0 0.5862786091549296 0.8734448356807512 0.0265625 0.0375
ckz6ruj49000p386lndk3j9jv 0 0.6474936777456647 0.5626806358381503 0.0265625 0.0375
ckz6rup8s000r386lkjotnoh0 0 0.48828125 0.86875 0.0265625 0.0375
ckz6rurv1000t386llsdca8lh 0 0.42578125 0.7395833333333334 0.0265625 0.0375
ckz6rut1n000v386l8rfix41j 0 0.8491661553295933 0.8376577840112203 0.0265625 0.0375
ckz6ruunj000x386l4qiqzsvd 0 0.8397911553295933 0.9626577840112203 0.0265625 0.0375
ckz6ruw8w000z386lc52x10qx 0 0.8554293039971949 0.7479692613370734 0.0265625 0.0375
ckz6ruxwl0011386lwhdpziws 0 0.87109375 0.6319444444444444 0.0265625 0.0375
ckz6ruzco0013386lo3nqjmle 0 0.828125 0.43645833333333334 0.025 0.03958333333333333
ckz6rv4et0015386le3rdpw93 0 0.8687263655462185 0.409375 0.025 0.03958333333333333
ckz6rv5s20017386lyas5kerj 0 0.67421875 0.19427083333333334 0.0234375 0.03333333333333333
ckz6rva9o0019386ll7e0plel 0 0.6740891417050692 0.12968509984639015 0.0265625 0.03333333333333332
ckz6rvjnr001b386l6bprt2rz 0 0.72421875 0.11488095238095239 0.0265625 0.03333333333333333
ckz6rvlfq001d386lt59x4kz2 0 0.7696035507712082 0.06269280205655528 0.0265625 0.03333333333333334
ckz6rvnb8001f386l63s6p1ys 0 0.7131932218309859 0.6394659624413145 0.0265625 0.03333333333333333
ckz6rvpuj001h386lhrb15el1 0 0.5883692781690141 0.4795774647887324 0.0265625 0.03333333333333333
ckz6rvrjs001j386lscfviwaz 0 0.5006932218309859 0.38350938967136156 0.0265625 0.03333333333333333
ckz6rvtvy001l386li54we947 0 0.20078125 0.64375 0.0265625 0.03333333333333333
ckz6rvvx4001n386lwp0hh90g 0 0.015167025862068967 0.21501436781609196 0.0265625 0.03333333333333333
ckz6rvxvs001p386l9u5f2w3s 0 0.03203125 0.2078125 0.0265625 0.03333333333333333
ckz6rvzvz001r386lcw1fqa7h 0 0.74921875 0.9645833333333333 0.0265625 0.03333333333333333
ckz6rw1y9001t386ll8rr5ixq 0 0.6765625 0.9583333333333334 0.0265625 0.03333333333333333
ckz6rw3in001v386l6bltg9jj 0 0.73359375 0.8566666666666667 0.0265625 0.03333333333333333
ckz6rw56s001x386l432ih3l6 0 0.9869070870535716 0.7690011160714285 0.026185825892857117 0.033389136904761925
cl4sse7t80004356hlgz3o2fx 0 0.5619791666666667 0.2142361111111111 0.025 0.035416666666666666
cl4ssee0s0008356hd15z4qn8 0 0.58828125 0.11875 0.0296875 0.05
cl4ssegqi000c356hwxoota92 0 0.6015625 0.20625 0.025 0.04583333333333333
cl4sseopo000g356h6ldd8ms6 0 0.39296875 0.7791666666666667 0.0328125 0.035416666666666666
cl4swkq5u0003356p8vuhc7nn 0 0.8229166666666666 0.6916666666666667 0.028125 0.03333333333333333
cl4uq6b5l0003356p4ou3mrfw 0 0.85625 0.22395833333333334 0.0375 0.04375
cl4uqbjp9000b356p2175vvqw 0 0.5146587171052632 0.7159128289473684 0.0421875 0.04375
