ckz3v9nzv00033867jsekqdcl 0 0.2742740597345133 0.4178588987217306 0.0265625 0.0375
ckz6ru2eb0001386lefk6js4m 0 0.23828125 0.5801349765258216 0.0265625 0.0375
ckz6ru3um0003386l39xwv0yk 0 0.24449457159624416 0.8521811424100156 0.0265625 0.0375
ckz6ru5610005386l8uoys4lc 0 0.19453125 0.8458333333333333 0.0265625 0.0375
ckz6ru6of0007386lhf2t4dtw 0 0.08359375 0.80625 0.0265625 0.0375
ckz6ru83f0009386lx7517dwf 0 0.0280699823943662 0.7292155712050079 0.0265625 0.0375
ckz6ru99l000b386l18xh2byu 0 0.13515625 0.18958333333333333 0.0265625 0.0375
ckz6rub67000d386ld3mx1dyi 0 0.2057528409090909 0.14034090909090907 0.0265625 0.037499999999999985
ckz6ruchb000f386lxxpeu5na 0 0.30203125000000003 0.10180555555555555 0.0265625 0.0375
ckz6rudsb000h386lkwwvc8dz 0 0.28454361510791365 0.21748351318944845 0.0265625 0.0375
ckz6ruf3e000j386lbyqpxw51 0 0.31324457159624414 0.3073650234741784 0.0265625 0.0375
ckz6rugcj000l386lzjazem8c 0 0.35703125 0.19444444444444445 0.0265625 0.041666666666666664
ckz6rui7o000n386lh32dwmkr 0 0.5787228579812207 0.8825117370892018 0.0265625 0.0375
ckz6ruj49000p386lndk3j9jv 0 0.6447028540462428 0.5657815510597303 0.0265625 0.0375
ckz6rup8s000r386lkjotnoh0 0 0.48828125 0.86875 0.0265625 0.0375
ckz6rurv1000t386llsdca8lh 0 0.625 0.8041666666666667 0.0234375 0.0375
ckz6rut1n000v386l8rfix41j 0 0.8482632801542778 0.8403664095371669 0.0265625 0.0375
ckz6ruunj000x386l4qiqzsvd 0 0.8388882801542777 0.9653664095371669 0.0265625 0.0375
ckz6ruw8w000z386lc52x10qx 0 0.8547521476157083 0.748872136512389 0.0265625 0.0375
ckz6ruxwl0011386lwhdpziws 0 0.95703125 0.753125 0.0265625 0.04375
ckz6ruzco0013386lo3nqjmle 0 0.828125 0.43645833333333334 0.025 0.03958333333333333
ckz6rv4et0015386le3rdpw93 0 0.8683206407563026 0.409375 0.025 0.03958333333333333
ckz6rv5s20017386lyas5kerj 0 0.65078125 0.14756944444444445 0.0234375 0.03541666666666665
ckz6rva9o0019386ll7e0plel 0 0.6718641993087557 0.13858486943164364 0.0265625 0.03333333333333333
ckz6rvlfq001d386lt59x4kz2 0 0.7708447140102828 0.06600257069408741 0.0265625 0.03333333333333333
ckz6rvnb8001f386l63s6p1ys 0 0.7116820715962441 0.6374510954616588 0.0265625 0.03333333333333333
ckz6rvpuj001h386lhrb15el1 0 0.5898804284037559 0.4866294992175274 0.0265625 0.03333333333333333
ckz6rvrjs001j386lscfviwaz 0 0.4991820715962441 0.38653169014084504 0.0265625 0.03333333333333333
ckz6rvtvy001l386li54we947 0 0.03515625 0.4583333333333333 0.0296875 0.0375
ckz6rvvx4001n386lwp0hh90g 0 0.01630859375 0.2287109375 0.0265625 0.03333333333333333
ckz6rvxvs001p386l9u5f2w3s 0 0.1278125 0.30041666666666667 0.028125 0.0375
ckz6rw3in001v386l6bltg9jj 0 0.78046875 0.7479166666666667 0.0265625 0.03333333333333333
ckz6rw56s001x386l432ih3l6 0 0.9901402064732142 0.7733119419642857 0.019719587053571352 0.03434709821428576
cl4sse7t80004356hlgz3o2fx 0 0.644140625 0.37447916666666664 0.025 0.035416666666666666
cl4ssee0s0008356hd15z4qn8 0 0.58828125 0.11875 0.0296875 0.05
cl4ssegqi000c356hwxoota92 0 0.6015625 0.20625 0.025 0.04583333333333333
cl4sseopo000g356h6ldd8ms6 0 0.31640625 0.63125 0.0390625 0.041666666666666664
cl4swkq5u0003356p8vuhc7nn 0 0.5546875 0.5760416666666667 0.028125 0.035416666666666666
cl4uq6b5l0003356p4ou3mrfw 0 0.85625 0.22395833333333334 0.0375 0.04375
cl4uqbjp9000b356p2175vvqw 0 0.5114823190789474 0.7208538925438597 0.0421875 0.04375
