ckz3v9nzv00033867jsekqdcl 0 0.2724211836283186 0.42444690265486723 0.0265625 0.0375
ckz6ru2eb0001386lefk6js4m 0 0.23828125 0.5770833333333333 0.0265625 0.0375
ckz6ru3um0003386l39xwv0yk 0 0.24289404880478088 0.85625 0.0265625 0.0375
ckz6ru5610005386l8uoys4lc 0 0.19453125 0.8458333333333333 0.0265625 0.0375
ckz6ru6of0007386lhf2t4dtw 0 0.08359375 0.80625 0.0265625 0.0375
ckz6ru83f0009386lx7517dwf 0 0.025051678015564204 0.7335603112840466 0.0265625 0.0375
ckz6ru99l000b386l18xh2byu 0 0.13515625 0.18958333333333333 0.0265625 0.0375
ckz6rub67000d386ld3mx1dyi 0 0.21921875000000002 0.18041666666666664 0.0265625 0.0375
ckz6ruchb000f386lxxpeu5na 0 0.2855738146551724 0.11190732758620689 0.0265625 0.0375
ckz6rudsb000h386lkwwvc8dz 0 0.28379046762589927 0.2184877098321343 0.0265625 0.0375
ckz6ruf3e000j386lbyqpxw51 0 0.3088873741610738 0.31251398210290826 0.0265625 0.0375
ckz6rugcj000l386lzjazem8c 0 0.31171875 0.3770833333333333 0.0265625 0.041666666666666664
ckz6rui7o000n386lh32dwmkr 0 0.569140625 0.8981770833333333 0.0265625 0.0375
ckz6ruj49000p386lndk3j9jv 0 0.641072073699422 0.5698157514450867 0.0265625 0.0375
ckz6rup8s000r386lkjotnoh0 0 0.48828125 0.86875 0.0265625 0.0375
ckz6rurv1000t386llsdca8lh 0 0.8671875 0.8739583333333333 0.0234375 0.0375
ckz6rut1n000v386l8rfix41j 0 0.8470886658485274 0.843890252454418 0.0265625 0.0375
ckz6ruunj000x386l4qiqzsvd 0 0.8377136658485274 0.968890252454418 0.0265625 0.0375
ckz6ruw8w000z386lc52x10qx 0 0.8538711868863954 0.7500467508181393 0.0265625 0.0375
ckz6ruzco0013386lo3nqjmle 0 0.828125 0.43645833333333334 0.025 0.03958333333333333
ckz6rv4et0015386le3rdpw93 0 0.8677928046218488 0.409375 0.025 0.03958333333333333
ckz6rva9o0019386ll7e0plel 0 0.6688733552631578 0.1507675438596491 0.0265625 0.03333333333333333
ckz6rvlfq001d386lt59x4kz2 0 0.7724594312339332 0.07030848329048843 0.0265625 0.03333333333333334
ckz6rvnb8001f386l63s6p1ys 0 0.71015625 0.6354166666666666 0.0265625 0.03333333333333333
ckz6rvpuj001h386lhrb15el1 0 0.5899964755639098 0.49609962406015035 0.0265625 0.03333333333333333
ckz6rvrjs001j386lscfviwaz 0 0.49765625 0.39287280701754385 0.0265625 0.03333333333333333
ckz6rvvx4001n386lwp0hh90g 0 0.01328125 0.25342741935483876 0.0265625 0.03333333333333336
ckz6rvxvs001p386l9u5f2w3s 0 0.2609375 0.3951388888888889 0.028125 0.0375
ckz6rw3in001v386l6bltg9jj 0 0.77109375 0.5756944444444444 0.0265625 0.03333333333333333
ckz6rw56s001x386l432ih3l6 0 0.993337673611111 0.7841724537037037 0.0125 0.035416666666666666
cl4sse7t80004356hlgz3o2fx 0 0.682421875 0.6135416666666667 0.02734375 0.0375
cl4ssee0s0008356hd15z4qn8 0 0.58828125 0.11875 0.0296875 0.05
cl4ssegqi000c356hwxoota92 0 0.6015625 0.20625 0.025 0.04583333333333333
cl4sseopo000g356h6ldd8ms6 0 0.24921875 0.4666666666666667 0.0359375 0.04583333333333333
cl4swkq5u0003356p8vuhc7nn 0 0.14192708333333331 0.3777777777777778 0.0328125 0.0375
cl4uq6b5l0003356p4ou3mrfw 0 0.85625 0.22395833333333334 0.0375 0.04375
cl4uqbjp9000b356p2175vvqw 0 0.5073499177631579 0.727282072368421 0.0421875 0.04375
cl53eq6de000f356i3cjd5jif 1 0.57109375 0.13333333333333333 0.0890625 0.1125
cl53eqa7m000l356ivf26125u 1 0.3203125 0.21041666666666667 0.103125 0.09583333333333334
