ckz3v9nzv00033867jsekqdcl 0 0.26484375 0.4354166666666667 0.0265625 0.0375
ckz6ru2eb0001386lefk6js4m 0 0.23828125 0.5770833333333333 0.0265625 0.0375
ckz6ru3um0003386l39xwv0yk 0 0.2414672559760956 0.85625 0.0265625 0.0375
ckz6ru5610005386l8uoys4lc 0 0.19453125 0.8458333333333333 0.0265625 0.0375
ckz6ru6of0007386lhf2t4dtw 0 0.08359375 0.80625 0.0265625 0.0375
ckz6ru83f0009386lx7517dwf 0 0.006829896907216496 0.7851696735395189 0.013659793814432991 0.031765463917525834
ckz6ru99l000b386l18xh2byu 0 0.13515625 0.18958333333333333 0.0265625 0.0375
ckz6rub67000d386ld3mx1dyi 0 0.305078125 0.24296875 0.0265625 0.041666666666666664
ckz6ruchb000f386lxxpeu5na 0 0.24286458333333333 0.16033333333333333 0.0265625 0.0375
ckz6rudsb000h386lkwwvc8dz 0 0.2805699190647482 0.22278177458033574 0.0265625 0.0375
ckz6ruf3e000j386lbyqpxw51 0 0.2557778159340659 0.366529304029304 0.0265625 0.0375
ckz6rui7o000n386lh32dwmkr 0 0.5355703239385066 0.9755520985846754 0.0265625 0.0375
ckz6ruj49000p386lndk3j9jv 0 0.6284241403345725 0.6060873605947955 0.0265625 0.0375
ckz6rup8s000r386lkjotnoh0 0 0.48828125 0.86875 0.0265625 0.0375
ckz6rut1n000v386l8rfix41j 0 0.84296875 0.85625 0.0265625 0.0375
ckz6ruunj000x386l4qiqzsvd 0 0.83359375 0.98125 0.0265625 0.0375
ckz6ruw8w000z386lc52x10qx 0 0.8481186810661765 0.7541666666666667 0.0265625 0.0375
ckz6ruzco0013386lo3nqjmle 0 0.828125 0.43645833333333334 0.025 0.03958333333333333
ckz6rv4et0015386le3rdpw93 0 0.8655357142857143 0.409375 0.025 0.03958333333333333
ckz6rva9o0019386ll7e0plel 0 0.6505907012195122 0.21702235772357722 0.0265625 0.03333333333333333
ckz6rvlfq001d386lt59x4kz2 0 0.7635008785140562 0.09643574297188756 0.0265625 0.03333333333333333
ckz6rvnb8001f386l63s6p1ys 0 0.71015625 0.6354166666666666 0.0265625 0.03333333333333333
ckz6rvpuj001h386lhrb15el1 0 0.5495979975728156 0.571804207119741 0.0296875 0.03333333333333333
ckz6rvrjs001j386lscfviwaz 0 0.47321502483443706 0.4209437086092715 0.0265625 0.03333333333333333
ckz6rvxvs001p386l9u5f2w3s 0 0.6838541666666667 0.4444444444444445 0.028125 0.0375
ckz6rw56s001x386l432ih3l6 0 0.9570124246987952 0.909851907630522 0.0234375 0.035416666666666666
cl4ssee0s0008356hd15z4qn8 0 0.58828125 0.11875 0.0296875 0.05
cl4ssegqi000c356hwxoota92 0 0.6015625 0.20625 0.025 0.04583333333333333
cl4uq6b5l0003356p4ou3mrfw 0 0.85625 0.22395833333333334 0.0375 0.04375
cl4uq7un10007356p14ye3ifb 0 0.7846354166666667 0.052777777777777785 0.0296875 0.03333333333333334
cl4uqbjp9000b356p2175vvqw 0 0.49333282766990294 0.7484728964401294 0.0421875 0.04375
cl4ur3vs8000v356pe031p1yo 0 0.495849441580756 0.0356421821305842 0.025 0.027083333333333338
cl4uru0kq0013356pt4h9yjm1 0 0.50703125 0.017432598039215687 0.0296875 0.02236519607843137
cl4urwkrx0017356pikpviaa9 0 0.3624176747311828 0.043021953405017924 0.0234375 0.027083333333333334
cl53eq6de000f356i3cjd5jif 1 0.57109375 0.13333333333333333 0.0890625 0.1125
cl53eqa7m000l356ivf26125u 1 0.3203125 0.21041666666666667 0.103125 0.09583333333333334
