ckz3v9nzv00033867jsekqdcl 0 0.26897370594713654 0.4312867107195301 0.0265625 0.0375
ckz6ru2eb0001386lefk6js4m 0 0.23828125 0.5770833333333333 0.0265625 0.0375
ckz6ru3um0003386l39xwv0yk 0 0.2424632719123506 0.85625 0.0265625 0.0375
ckz6ru5610005386l8uoys4lc 0 0.19453125 0.8458333333333333 0.0265625 0.0375
ckz6ru6of0007386lhf2t4dtw 0 0.08359375 0.80625 0.0265625 0.0375
ckz6ru83f0009386lx7517dwf 0 0.020844479571984438 0.7468831063553826 0.0265625 0.0375
ckz6ru99l000b386l18xh2byu 0 0.13515625 0.18958333333333333 0.0265625 0.0375
ckz6rub67000d386ld3mx1dyi 0 0.22444196428571428 0.17708333333333334 0.0265625 0.041666666666666664
ckz6ruchb000f386lxxpeu5na 0 0.2640380859375 0.12607421875 0.0265625 0.0375
ckz6rudsb000h386lkwwvc8dz 0 0.2828181205035971 0.2197841726618705 0.0265625 0.0375
ckz6ruf3e000j386lbyqpxw51 0 0.2932862300796813 0.326660026560425 0.0265625 0.0375
ckz6rugcj000l386lzjazem8c 0 0.2046875 0.5125 0.028125 0.04583333333333333
ckz6rui7o000n386lh32dwmkr 0 0.5513814155629139 0.9375551876379691 0.0265625 0.0375
ckz6ruj49000p386lndk3j9jv 0 0.63828125 0.5768939393939394 0.0265625 0.0375
ckz6rup8s000r386lkjotnoh0 0 0.48828125 0.86875 0.0265625 0.0375
ckz6rut1n000v386l8rfix41j 0 0.8455721861851332 0.8484396914446003 0.0265625 0.0375
ckz6ruunj000x386l4qiqzsvd 0 0.8361971861851332 0.9734396914446003 0.0265625 0.0375
ckz6ruw8w000z386lc52x10qx 0 0.8527338271388499 0.7515632304815334 0.0265625 0.0375
ckz6ruzco0013386lo3nqjmle 0 0.828125 0.43645833333333334 0.025 0.03958333333333333
ckz6rv4et0015386le3rdpw93 0 0.867111344537815 0.409375 0.025 0.03958333333333333
ckz6rva9o0019386ll7e0plel 0 0.6644958248987854 0.16973684210526316 0.0265625 0.03333333333333333
ckz6rvlfq001d386lt59x4kz2 0 0.7735410391566264 0.07635542168674699 0.0265625 0.033333333333333326
ckz6rvnb8001f386l63s6p1ys 0 0.71015625 0.6354166666666666 0.0265625 0.03333333333333333
ckz6rvpuj001h386lhrb15el1 0 0.5811789772727273 0.5134469696969697 0.0265625 0.03333333333333333
ckz6rvrjs001j386lscfviwaz 0 0.49340041342412455 0.40473411154345007 0.0265625 0.03333333333333333
ckz6rvvx4001n386lwp0hh90g 0 0.008273026315789474 0.28592105263157896 0.016546052631578947 0.03333333333333333
ckz6rvxvs001p386l9u5f2w3s 0 0.40234375 0.475 0.028125 0.0375
ckz6rw3in001v386l6bltg9jj 0 0.79296875 0.3104166666666667 0.0265625 0.03333333333333333
ckz6rw56s001x386l432ih3l6 0 0.9831912878787878 0.826294191919192 0.01912878787878789 0.035416666666666666
cl4sse7t80004356hlgz3o2fx 0 0.7861979166666666 0.9277777777777777 0.03281249999999991 0.041666666666666664
cl4ssee0s0008356hd15z4qn8 0 0.58828125 0.11875 0.0296875 0.05
cl4ssegqi000c356hwxoota92 0 0.6015625 0.20625 0.025 0.04583333333333333
cl4sseopo000g356h6ldd8ms6 0 0.10625 0.246875 0.0359375 0.04583333333333333
cl4uq6b5l0003356p4ou3mrfw 0 0.85625 0.22395833333333334 0.0375 0.04375
cl4uqbjp9000b356p2175vvqw 0 0.5020148026315789 0.7355811403508772 0.0421875 0.04375
cl4ur3tl4000r356p5yynq6lr 0 0.41484375 0.07291666666666667 0.0234375 0.029166666666666667
cl4ur3vs8000v356pe031p1yo 0 0.4987797619047619 0.019401455026455027 0.025 0.027083333333333334
cl4urtjol000z356puo72ztp3 0 0.3566964285714286 0.05803571428571428 0.028125 0.03749999999999999
cl4uru0kq0013356pt4h9yjm1 0 0.5231770833333333 0.010243055555555554 0.0296875 0.01875
cl53eq6de000f356i3cjd5jif 1 0.57109375 0.13333333333333333 0.0890625 0.1125
cl53eqa7m000l356ivf26125u 1 0.3203125 0.21041666666666667 0.103125 0.09583333333333334
