ckz3v9nzv00033867jsekqdcl 0 0.26608273678414096 0.4341776798825257 0.0265625 0.0375
ckz6ru2eb0001386lefk6js4m 0 0.23828125 0.5770833333333333 0.0265625 0.0375
ckz6ru3um0003386l39xwv0yk 0 0.24220181772908367 0.85625 0.0265625 0.0375
ckz6ru5610005386l8uoys4lc 0 0.19453125 0.8458333333333333 0.0265625 0.0375
ckz6ru6of0007386lhf2t4dtw 0 0.08359375 0.80625 0.0265625 0.0375
ckz6ru83f0009386lx7517dwf 0 0.01829097762645914 0.754969195849546 0.0265625 0.0375
ckz6ru99l000b386l18xh2byu 0 0.13515625 0.18958333333333333 0.0265625 0.0375
ckz6rub67000d386ld3mx1dyi 0 0.239453125 0.18958333333333333 0.0265625 0.041666666666666664
ckz6ruchb000f386lxxpeu5na 0 0.25634765625 0.136328125 0.0265625 0.0375
ckz6rudsb000h386lkwwvc8dz 0 0.2822279676258993 0.22057104316546763 0.0265625 0.0375
ckz6ruf3e000j386lbyqpxw51 0 0.284788969123506 0.3379897078353254 0.0265625 0.0375
ckz6rugcj000l386lzjazem8c 0 0.14140625 0.5277083333333333 0.028125 0.05
ckz6rui7o000n386lh32dwmkr 0 0.54130859375 0.958058449074074 0.0265625 0.0375
ckz6ruj49000p386lndk3j9jv 0 0.6352688029661018 0.5860522598870056 0.0265625 0.0375
ckz6rup8s000r386lkjotnoh0 0 0.48828125 0.86875 0.0265625 0.0375
ckz6rut1n000v386l8rfix41j 0 0.8446517794530154 0.8512009116409537 0.0265625 0.0375
ckz6ruunj000x386l4qiqzsvd 0 0.8352767794530154 0.9762009116409537 0.0265625 0.0375
ckz6ruw8w000z386lc52x10qx 0 0.8520435220897615 0.7524836372136512 0.0265625 0.0375
ckz6ruzco0013386lo3nqjmle 0 0.828125 0.43645833333333334 0.025 0.03958333333333333
ckz6rv4et0015386le3rdpw93 0 0.8666977415966386 0.409375 0.025 0.03958333333333333
ckz6rva9o0019386ll7e0plel 0 0.662510146103896 0.17859848484848487 0.0265625 0.03333333333333333
ckz6rvlfq001d386lt59x4kz2 0 0.7709054969879519 0.08162650602409638 0.0265625 0.033333333333333326
ckz6rvnb8001f386l63s6p1ys 0 0.71015625 0.6354166666666666 0.0265625 0.03333333333333333
ckz6rvpuj001h386lhrb15el1 0 0.5734792461832061 0.5265028625954199 0.027337786259541995 0.033333333333333395
ckz6rvrjs001j386lscfviwaz 0 0.4870166585603113 0.40558527885862516 0.0265625 0.03333333333333333
ckz6rvvx4001n386lwp0hh90g 0 0.00546875 0.30520833333333336 0.0109375 0.035416666666666666
ckz6rvxvs001p386l9u5f2w3s 0 0.484375 0.5020833333333333 0.028125 0.0375
ckz6rw3in001v386l6bltg9jj 0 0.7299479166666667 0.14375 0.0265625 0.03333333333333333
ckz6rw56s001x386l432ih3l6 0 0.9768354668674698 0.8474523092369478 0.0234375 0.035416666666666666
cl4ssee0s0008356hd15z4qn8 0 0.58828125 0.11875 0.0296875 0.05
cl4ssegqi000c356hwxoota92 0 0.6015625 0.20625 0.025 0.04583333333333333
cl4sseopo000g356h6ldd8ms6 0 0.03515625 0.065625 0.0296875 0.03958333333333333
cl4uq6b5l0003356p4ou3mrfw 0 0.85625 0.22395833333333334 0.0375 0.04375
cl4uq7un10007356p14ye3ifb 0 0.9859375 0.34375 0.025 0.0375
cl4uqbjp9000b356p2175vvqw 0 0.49877672697368425 0.7406181469298245 0.0421875 0.04375
cl4ur3vs8000v356pe031p1yo 0 0.5019047619047619 0.022179232804232802 0.025 0.027083333333333334
cl4urtjol000z356puo72ztp3 0 0.2734375 0.27291666666666664 0.028125 0.0375
cl4uru0kq0013356pt4h9yjm1 0 0.5182054924242424 0.011900252525252527 0.0296875 0.01875
cl4urwkrx0017356pikpviaa9 0 0.3706026785714286 0.01704613095238095 0.0234375 0.024449404761904762
cl53eq6de000f356i3cjd5jif 1 0.57109375 0.13333333333333333 0.0890625 0.1125
cl53eqa7m000l356ivf26125u 1 0.3203125 0.21041666666666667 0.103125 0.09583333333333334
