ckz3v9nzv00033867jsekqdcl 0 0.26484375 0.4354166666666667 0.0265625 0.0375
ckz6ru2eb0001386lefk6js4m 0 0.23828125 0.5770833333333333 0.0265625 0.0375
ckz6ru3um0003386l39xwv0yk 0 0.24049365039840637 0.85625 0.0265625 0.0375
ckz6ru5610005386l8uoys4lc 0 0.19453125 0.8458333333333333 0.0265625 0.0375
ckz6ru6of0007386lhf2t4dtw 0 0.08359375 0.80625 0.0265625 0.0375
ckz6ru99l000b386l18xh2byu 0 0.13515625 0.18958333333333333 0.0265625 0.0375
ckz6rub67000d386ld3mx1dyi 0 0.28984375 0.21197916666666666 0.0265625 0.041666666666666664
ckz6ruchb000f386lxxpeu5na 0 0.22153825431034485 0.1753412356321839 0.0265625 0.0375
ckz6rudsb000h386lkwwvc8dz 0 0.26875 0.24895833333333334 0.0265625 0.0375
ckz6ruf3e000j386lbyqpxw51 0 0.230078125 0.3848958333333333 0.0265625 0.0375
ckz6rui7o000n386lh32dwmkr 0 0.5391482887994143 0.9803227183992191 0.0265625 0.0375
ckz6ruj49000p386lndk3j9jv 0 0.6318308550185874 0.6121437422552665 0.0265625 0.0375
ckz6rup8s000r386lkjotnoh0 0 0.48828125 0.86875 0.0265625 0.0375
ckz6rut1n000v386l8rfix41j 0 0.84296875 0.85625 0.0265625 0.0375
ckz6ruunj000x386l4qiqzsvd 0 0.83359375 0.98125 0.0265625 0.0375
ckz6ruw8w000z386lc52x10qx 0 0.8380112591911765 0.7541666666666667 0.0265625 0.0375
ckz6ruzco0013386lo3nqjmle 0 0.828125 0.43645833333333334 0.025 0.03958333333333333
ckz6rv4et0015386le3rdpw93 0 0.8640625 0.409375 0.025 0.03958333333333333
ckz6rva9o0019386ll7e0plel 0 0.6301800663972286 0.23706216320246343 0.0265625 0.03333333333333333
ckz6rvlfq001d386lt59x4kz2 0 0.7541247814685315 0.11908508158508159 0.0265625 0.03333333333333333
ckz6rvnb8001f386l63s6p1ys 0 0.71015625 0.6354166666666666 0.0265625 0.03333333333333333
ckz6rvpuj001h386lhrb15el1 0 0.5132949561403508 0.6016630116959064 0.0296875 0.03333333333333333
ckz6rvrjs001j386lscfviwaz 0 0.46013663702928864 0.4544020223152022 0.0265625 0.03333333333333333
ckz6rw56s001x386l432ih3l6 0 0.9155661962365592 0.9875560035842293 0.025016801075268803 0.0248879928315412
cl4ssee0s0008356hd15z4qn8 0 0.58828125 0.11875 0.0296875 0.05
cl4ssegqi000c356hwxoota92 0 0.6015625 0.20625 0.025 0.04583333333333333
cl4uq6b5l0003356p4ou3mrfw 0 0.85625 0.22395833333333334 0.0375 0.04375
cl4uqbjp9000b356p2175vvqw 0 0.48814282463592235 0.7553929004854368 0.0421875 0.04375
cl4uqf5bj000f356p05tutl57 0 0.837890625 0.8059895833333334 0.0296875 0.03958333333333333
cl4uqu10i000j356pw85hd2yi 0 0.175 0.8640817901234568 0.025 0.03958333333333333
cl4uqxtok000n356p228e7wni 0 0.08125 0.8427083333333333 0.03125 0.03958333333333333
cl4ur3vs8000v356pe031p1yo 0 0.4836533757338552 0.04783716568819309 0.025 0.027083333333333334
cl4uru0kq0013356pt4h9yjm1 0 0.5085445374015748 0.025910433070866143 0.0296875 0.03125
cl4urwkrx0017356pikpviaa9 0 0.35703125 0.06354166666666666 0.0234375 0.027083333333333334
cl4us4ype001h356pnyet3ts9 0 0.7651041666666667 0.13958333333333334 0.01875 0.03333333333333333
cl4us8aru001l356p2sc1k1bh 0 0.9819084821428572 0.02256448412698413 0.022075892857142777 0.027886904761904766
cl53eq6de000f356i3cjd5jif 1 0.57109375 0.13333333333333333 0.0890625 0.1125
cl53eqa7m000l356ivf26125u 1 0.3203125 0.21041666666666667 0.103125 0.09583333333333334
