ckz3v9nzv00033867jsekqdcl 0 0.2717712942477876 0.42675762045231075 0.0265625 0.0375
ckz6ru2eb0001386lefk6js4m 0 0.23828125 0.5770833333333333 0.0265625 0.0375
ckz6ru3um0003386l39xwv0yk 0 0.24277701693227088 0.85625 0.0265625 0.0375
ckz6ru5610005386l8uoys4lc 0 0.19453125 0.8458333333333333 0.0265625 0.0375
ckz6ru6of0007386lhf2t4dtw 0 0.08359375 0.80625 0.0265625 0.0375
ckz6ru83f0009386lx7517dwf 0 0.023908681906614788 0.7371797989623865 0.0265625 0.0375
ckz6ru99l000b386l18xh2byu 0 0.13515625 0.18958333333333333 0.0265625 0.0375
ckz6rub67000d386ld3mx1dyi 0 0.22265625 0.17518939393939395 0.0265625 0.0375
ckz6ruchb000f386lxxpeu5na 0 0.27955953663793104 0.11570581896551722 0.0265625 0.037499999999999985
ckz6rudsb000h386lkwwvc8dz 0 0.28352630395683454 0.21883992805755395 0.0265625 0.0375
ckz6ruf3e000j386lbyqpxw51 0 0.30445155201342283 0.3157997762863535 0.0265625 0.0375
ckz6rugcj000l386lzjazem8c 0 0.31171875 0.4270833333333333 0.0265625 0.041666666666666664
ckz6rui7o000n386lh32dwmkr 0 0.5638494318181818 0.9103219696969697 0.0265625 0.0375
ckz6ruj49000p386lndk3j9jv 0 0.6397985910404624 0.5712307321772641 0.0265625 0.0375
ckz6rup8s000r386lkjotnoh0 0 0.48828125 0.86875 0.0265625 0.0375
ckz6rurv1000t386llsdca8lh 0 0.94765625 0.9041666666666667 0.0234375 0.0375
ckz6rut1n000v386l8rfix41j 0 0.8466766742636747 0.8451262272089761 0.0265625 0.0375
ckz6ruunj000x386l4qiqzsvd 0 0.8373016742636746 0.9701262272089761 0.0265625 0.0375
ckz6ruw8w000z386lc52x10qx 0 0.853562193197756 0.750458742402992 0.0265625 0.0375
ckz6ruzco0013386lo3nqjmle 0 0.828125 0.43645833333333334 0.025 0.03958333333333333
ckz6rv4et0015386le3rdpw93 0 0.8676076680672269 0.409375 0.025 0.03958333333333333
ckz6rva9o0019386ll7e0plel 0 0.6676840840080971 0.15592105263157893 0.0265625 0.03333333333333333
ckz6rvlfq001d386lt59x4kz2 0 0.7730257872750642 0.07181876606683806 0.0265625 0.03333333333333333
ckz6rvnb8001f386l63s6p1ys 0 0.71015625 0.6354166666666666 0.0265625 0.03333333333333333
ckz6rvpuj001h386lhrb15el1 0 0.5877878289473684 0.49978070175438594 0.0265625 0.03333333333333333
ckz6rvrjs001j386lscfviwaz 0 0.49765625 0.3980263157894737 0.0265625 0.03333333333333333
ckz6rvvx4001n386lwp0hh90g 0 0.01328125 0.26606182795698924 0.0265625 0.03333333333333336
ckz6rvxvs001p386l9u5f2w3s 0 0.303125 0.39895833333333336 0.028125 0.0375
ckz6rw3in001v386l6bltg9jj 0 0.77109375 0.50625 0.0265625 0.03333333333333333
ckz6rw56s001x386l432ih3l6 0 0.9923177083333334 0.7991319444444444 0.0125 0.035416666666666666
cl4sse7t80004356hlgz3o2fx 0 0.718359375 0.7067708333333333 0.0296875 0.041666666666666664
cl4ssee0s0008356hd15z4qn8 0 0.58828125 0.11875 0.0296875 0.05
cl4ssegqi000c356hwxoota92 0 0.6015625 0.20625 0.025 0.04583333333333333
cl4sseopo000g356h6ldd8ms6 0 0.220703125 0.375 0.0359375 0.04583333333333333
cl4swkq5u0003356p8vuhc7nn 0 0.04296875 0.24583333333333332 0.0328125 0.0375
cl4uq6b5l0003356p4ou3mrfw 0 0.85625 0.22395833333333334 0.0375 0.04375
cl4uqbjp9000b356p2175vvqw 0 0.5059004934210527 0.7295367324561403 0.0421875 0.04375
cl53eq6de000f356i3cjd5jif 1 0.57109375 0.13333333333333333 0.0890625 0.1125
cl53eqa7m000l356ivf26125u 1 0.3203125 0.21041666666666667 0.103125 0.09583333333333334
