ckz3v9nzv00033867jsekqdcl 0 0.2721999446902655 0.4252335299901671 0.0265625 0.0375
ckz6ru2eb0001386lefk6js4m 0 0.23828125 0.5770833333333333 0.0265625 0.0375
ckz6ru3um0003386l39xwv0yk 0 0.2428542081673307 0.85625 0.0265625 0.0375
ckz6ru5610005386l8uoys4lc 0 0.19453125 0.8458333333333333 0.0265625 0.0375
ckz6ru6of0007386lhf2t4dtw 0 0.08359375 0.80625 0.0265625 0.0375
ckz6ru83f0009386lx7517dwf 0 0.024662572957198443 0.734792477302205 0.0265625 0.0375
ckz6ru99l000b386l18xh2byu 0 0.13515625 0.18958333333333333 0.0265625 0.0375
ckz6rub67000d386ld3mx1dyi 0 0.22125538793103447 0.17708333333333334 0.0265625 0.0375
ckz6ruchb000f386lxxpeu5na 0 0.28352640086206893 0.11320043103448275 0.0265625 0.0375
ckz6rudsb000h386lkwwvc8dz 0 0.2837005395683453 0.2186076139088729 0.0265625 0.0375
ckz6ruf3e000j386lbyqpxw51 0 0.30737730704697985 0.31363255033557047 0.0265625 0.0375
ckz6rugcj000l386lzjazem8c 0 0.31050347222222224 0.3925925925925926 0.0265625 0.041666666666666664
ckz6rui7o000n386lh32dwmkr 0 0.5680989583333333 0.9016493055555556 0.0265625 0.0375
ckz6ruj49000p386lndk3j9jv 0 0.6406385476878612 0.5702974470134875 0.0265625 0.0375
ckz6rup8s000r386lkjotnoh0 0 0.48828125 0.86875 0.0265625 0.0375
ckz6rurv1000t386llsdca8lh 0 0.8940104166666666 0.8743055555555556 0.0234375 0.0375
ckz6rut1n000v386l8rfix41j 0 0.8469484133941094 0.8443110098176718 0.0265625 0.0375
ckz6ruunj000x386l4qiqzsvd 0 0.8375734133941094 0.9693110098176718 0.0265625 0.0375
ckz6ruw8w000z386lc52x10qx 0 0.853765997545582 0.7501870032725573 0.0265625 0.0375
ckz6ruzco0013386lo3nqjmle 0 0.828125 0.43645833333333334 0.025 0.03958333333333333
ckz6rv4et0015386le3rdpw93 0 0.8677297794117648 0.409375 0.025 0.03958333333333333
ckz6rva9o0019386ll7e0plel 0 0.6684684969635628 0.15252192982456142 0.0265625 0.03333333333333333
ckz6rvlfq001d386lt59x4kz2 0 0.7726522332904884 0.07082262210796915 0.0265625 0.03333333333333333
ckz6rvnb8001f386l63s6p1ys 0 0.71015625 0.6354166666666666 0.0265625 0.03333333333333333
ckz6rvpuj001h386lhrb15el1 0 0.5892445958646617 0.4973527568922306 0.0265625 0.03333333333333333
ckz6rvrjs001j386lscfviwaz 0 0.49765625 0.3946271929824562 0.0265625 0.03333333333333333
ckz6rvvx4001n386lwp0hh90g 0 0.01328125 0.25772849462365593 0.0265625 0.03333333333333336
ckz6rvxvs001p386l9u5f2w3s 0 0.28203125 0.37916666666666665 0.028125 0.0375
ckz6rw3in001v386l6bltg9jj 0 0.7640625 0.5489583333333333 0.0265625 0.03333333333333333
ckz6rw56s001x386l432ih3l6 0 0.992990451388889 0.7892650462962963 0.0125 0.035416666666666666
cl4sse7t80004356hlgz3o2fx 0 0.7174479166666667 0.6229166666666667 0.0296875 0.041666666666666664
cl4ssee0s0008356hd15z4qn8 0 0.58828125 0.11875 0.0296875 0.05
cl4ssegqi000c356hwxoota92 0 0.6015625 0.20625 0.025 0.04583333333333333
cl4sseopo000g356h6ldd8ms6 0 0.24192708333333335 0.44513888888888886 0.0359375 0.04583333333333333
cl4swkq5u0003356p8vuhc7nn 0 0.10859375 0.32916666666666666 0.0328125 0.0375
cl4uq6b5l0003356p4ou3mrfw 0 0.85625 0.22395833333333334 0.0375 0.04375
cl4uqbjp9000b356p2175vvqw 0 0.5068564967105262 0.7280496162280702 0.0421875 0.04375
cl53eq6de000f356i3cjd5jif 1 0.57109375 0.13333333333333333 0.0890625 0.1125
cl53eqa7m000l356ivf26125u 1 0.3203125 0.21041666666666667 0.103125 0.09583333333333334
