ckz3v9nzv00033867jsekqdcl 0 0.26484375 0.4354166666666667 0.0265625 0.0375
ckz6ru2eb0001386lefk6js4m 0 0.23828125 0.5770833333333333 0.0265625 0.0375
ckz6ru3um0003386l39xwv0yk 0 0.2418308017928287 0.85625 0.0265625 0.0375
ckz6ru5610005386l8uoys4lc 0 0.19453125 0.8458333333333333 0.0265625 0.0375
ckz6ru6of0007386lhf2t4dtw 0 0.08359375 0.80625 0.0265625 0.0375
ckz6ru83f0009386lx7517dwf 0 0.014667436770428015 0.7664437418936446 0.0265625 0.0375
ckz6ru99l000b386l18xh2byu 0 0.13515625 0.18958333333333333 0.0265625 0.0375
ckz6rub67000d386ld3mx1dyi 0 0.28515625 0.25 0.0265625 0.041666666666666664
ckz6ruchb000f386lxxpeu5na 0 0.24590625 0.15059999999999998 0.0265625 0.0375
ckz6rudsb000h386lkwwvc8dz 0 0.28139051258992803 0.2216876498800959 0.0265625 0.0375
ckz6ruf3e000j386lbyqpxw51 0 0.2734375 0.3541666666666667 0.0265625 0.0375
ckz6rugcj000l386lzjazem8c 0 0.0359375 0.5666666666666667 0.028125 0.05
ckz6rui7o000n386lh32dwmkr 0 0.5342343063689604 0.9737707418252806 0.0265625 0.0375
ckz6ruj49000p386lndk3j9jv 0 0.6283633474576271 0.6018361581920905 0.0265625 0.0375
ckz6rup8s000r386lkjotnoh0 0 0.48828125 0.86875 0.0265625 0.0375
ckz6rut1n000v386l8rfix41j 0 0.8433456784712483 0.8551192145862553 0.0265625 0.0375
ckz6ruunj000x386l4qiqzsvd 0 0.8339706784712483 0.9801192145862553 0.0265625 0.0375
ckz6ruw8w000z386lc52x10qx 0 0.8510639463534362 0.7537897381954184 0.0265625 0.0375
ckz6ruzco0013386lo3nqjmle 0 0.828125 0.43645833333333334 0.025 0.03958333333333333
ckz6rv4et0015386le3rdpw93 0 0.8661108193277312 0.409375 0.025 0.03958333333333333
ckz6rva9o0019386ll7e0plel 0 0.6604944534632035 0.1880050505050505 0.0265625 0.03333333333333333
ckz6rvlfq001d386lt59x4kz2 0 0.7671655371485944 0.08910642570281126 0.0265625 0.03333333333333333
ckz6rvnb8001f386l63s6p1ys 0 0.71015625 0.6354166666666666 0.0265625 0.03333333333333333
ckz6rvpuj001h386lhrb15el1 0 0.5610388835877862 0.5442748091603054 0.029114980916030576 0.033333333333333395
ckz6rvrjs001j386lscfviwaz 0 0.479258071192053 0.41087196467991166 0.0265625 0.03333333333333333
ckz6rvxvs001p386l9u5f2w3s 0 0.6584375 0.5725 0.028125 0.0375
ckz6rw3in001v386l6bltg9jj 0 0.61953125 0.057291666666666664 0.0265625 0.03333333333333333
ckz6rw56s001x386l432ih3l6 0 0.9719321646341463 0.8715193089430894 0.0234375 0.035416666666666666
cl4ssee0s0008356hd15z4qn8 0 0.58828125 0.11875 0.0296875 0.05
cl4ssegqi000c356hwxoota92 0 0.6015625 0.20625 0.025 0.04583333333333333
cl4uq6b5l0003356p4ou3mrfw 0 0.85625 0.22395833333333334 0.0375 0.04375
cl4uq7un10007356p14ye3ifb 0 0.8953125 0.18958333333333333 0.0328125 0.04375
cl4uqbjp9000b356p2175vvqw 0 0.49527078276699027 0.7458889563106796 0.0421875 0.04375
cl4ur3vs8000v356pe031p1yo 0 0.5060405927835052 0.026234965635738832 0.025 0.027083333333333334
cl4urtjol000z356puo72ztp3 0 0.03515625 0.253125 0.0296875 0.03958333333333333
cl4uru0kq0013356pt4h9yjm1 0 0.5111505681818181 0.014251893939393937 0.0296875 0.01875
cl4urwkrx0017356pikpviaa9 0 0.365851814516129 0.02993951612903226 0.0234375 0.027083333333333334
cl53eq6de000f356i3cjd5jif 1 0.57109375 0.13333333333333333 0.0890625 0.1125
cl53eqa7m000l356ivf26125u 1 0.3203125 0.21041666666666667 0.103125 0.09583333333333334
