ckz3v9nzv00033867jsekqdcl 0 0.2744261615044248 0.4173180924287119 0.0265625 0.0375
ckz6ru2eb0001386lefk6js4m 0 0.23828125 0.5804577464788732 0.0265625 0.0375
ckz6ru3um0003386l39xwv0yk 0 0.24465595657276995 0.8517507824726135 0.0265625 0.0375
ckz6ru5610005386l8uoys4lc 0 0.19453125 0.8458333333333333 0.0265625 0.0375
ckz6ru6of0007386lhf2t4dtw 0 0.08359375 0.80625 0.0265625 0.0375
ckz6ru83f0009386lx7517dwf 0 0.028312059859154932 0.7290003912363067 0.0265625 0.0375
ckz6ru99l000b386l18xh2byu 0 0.13515625 0.18958333333333333 0.0265625 0.0375
ckz6rub67000d386ld3mx1dyi 0 0.20314867424242422 0.14103535353535354 0.02656249999999998 0.03750000000000001
ckz6ruchb000f386lxxpeu5na 0 0.3033203125 0.10104166666666667 0.0265625 0.0375
ckz6rudsb000h386lkwwvc8dz 0 0.284605440647482 0.21740107913669066 0.0265625 0.0375
ckz6ruf3e000j386lbyqpxw51 0 0.31340595657276993 0.30704225352112674 0.0265625 0.0375
ckz6rugcj000l386lzjazem8c 0 0.3809895833333333 0.2125 0.0265625 0.041666666666666664
ckz6rui7o000n386lh32dwmkr 0 0.5795297828638498 0.881543427230047 0.0265625 0.0375
ckz6ruj49000p386lndk3j9jv 0 0.6450009031791908 0.5654503853564548 0.0265625 0.0375
ckz6rup8s000r386lkjotnoh0 0 0.48828125 0.86875 0.0265625 0.0375
ckz6rurv1000t386llsdca8lh 0 0.61640625 0.809375 0.0234375 0.0375
ckz6rut1n000v386l8rfix41j 0 0.84835970371669 0.8400771388499298 0.0265625 0.0375
ckz6ruunj000x386l4qiqzsvd 0 0.83898470371669 0.9650771388499298 0.0265625 0.0375
ckz6ruw8w000z386lc52x10qx 0 0.8548244652875174 0.7487757129499766 0.0265625 0.0375
ckz6ruxwl0011386lwhdpziws 0 0.9278645833333334 0.7725694444444444 0.0265625 0.04375
ckz6ruzco0013386lo3nqjmle 0 0.828125 0.43645833333333334 0.025 0.03958333333333333
ckz6rv4et0015386le3rdpw93 0 0.8683639705882353 0.409375 0.025 0.03958333333333333
ckz6rv5s20017386lyas5kerj 0 0.66234375 0.141875 0.0234375 0.03541666666666665
ckz6rva9o0019386ll7e0plel 0 0.672101814516129 0.13763440860215054 0.0265625 0.03333333333333333
ckz6rvlfq001d386lt59x4kz2 0 0.7707121625964011 0.06564910025706941 0.0265625 0.03333333333333333
ckz6rvnb8001f386l63s6p1ys 0 0.71184345657277 0.63766627543036 0.0265625 0.03333333333333333
ckz6rvpuj001h386lhrb15el1 0 0.58971904342723 0.4858763693270735 0.0265625 0.03333333333333333
ckz6rvrjs001j386lscfviwaz 0 0.49934345657277 0.3862089201877934 0.0265625 0.03333333333333333
ckz6rvtvy001l386li54we947 0 0.054427083333333334 0.4791666666666667 0.0296875 0.0375
ckz6rvvx4001n386lwp0hh90g 0 0.01666666666666667 0.2265625 0.0265625 0.03333333333333333
ckz6rvxvs001p386l9u5f2w3s 0 0.12899305555555557 0.2789351851851852 0.028125 0.0375
ckz6rw3in001v386l6bltg9jj 0 0.77421875 0.7583333333333333 0.0265625 0.03333333333333333
ckz6rw56s001x386l432ih3l6 0 0.989794921875 0.7728515625 0.02041015625 0.03424479166666667
cl4sse7t80004356hlgz3o2fx 0 0.6072916666666667 0.371875 0.025 0.035416666666666666
cl4ssee0s0008356hd15z4qn8 0 0.58828125 0.11875 0.0296875 0.05
cl4ssegqi000c356hwxoota92 0 0.6015625 0.20625 0.025 0.04583333333333333
cl4sseopo000g356h6ldd8ms6 0 0.29609375 0.6791666666666667 0.0390625 0.041666666666666664
cl4swkq5u0003356p8vuhc7nn 0 0.58125 0.5864583333333333 0.028125 0.035416666666666666
cl4uq6b5l0003356p4ou3mrfw 0 0.85625 0.22395833333333334 0.0375 0.04375
cl4uqbjp9000b356p2175vvqw 0 0.5118215460526316 0.7203262061403509 0.0421875 0.04375
