ckz3v9nzv00033867jsekqdcl 0 0.26484375 0.4354166666666667 0.0265625 0.0375
ckz6ru2eb0001386lefk6js4m 0 0.23828125 0.5770833333333333 0.0265625 0.0375
ckz6ru3um0003386l39xwv0yk 0 0.24134026394422312 0.85625 0.0265625 0.0375
ckz6ru5610005386l8uoys4lc 0 0.19453125 0.8458333333333333 0.0265625 0.0375
ckz6ru6of0007386lhf2t4dtw 0 0.08359375 0.80625 0.0265625 0.0375
ckz6ru83f0009386lx7517dwf 0 0.006097301136363637 0.7911410984848485 0.012194602272727274 0.03165719696969707
ckz6ru99l000b386l18xh2byu 0 0.13515625 0.18958333333333333 0.0265625 0.0375
ckz6rub67000d386ld3mx1dyi 0 0.31796875 0.2326388888888889 0.0265625 0.041666666666666664
ckz6ruchb000f386lxxpeu5na 0 0.24180208333333333 0.16373333333333334 0.0265625 0.0375
ckz6rudsb000h386lkwwvc8dz 0 0.27928534836065577 0.22539617486338798 0.0265625 0.0375
ckz6ruf3e000j386lbyqpxw51 0 0.2519449529288703 0.3688023012552301 0.0265625 0.0375
ckz6rui7o000n386lh32dwmkr 0 0.5360370150073207 0.9761743533430942 0.0265625 0.0375
ckz6ruj49000p386lndk3j9jv 0 0.6288684944237918 0.6068773234200743 0.0265625 0.0375
ckz6rup8s000r386lkjotnoh0 0 0.48828125 0.86875 0.0265625 0.0375
ckz6rut1n000v386l8rfix41j 0 0.84296875 0.85625 0.0265625 0.0375
ckz6ruunj000x386l4qiqzsvd 0 0.83359375 0.98125 0.0265625 0.0375
ckz6ruw8w000z386lc52x10qx 0 0.8468003216911765 0.7541666666666667 0.0265625 0.0375
ckz6ruzco0013386lo3nqjmle 0 0.828125 0.43645833333333334 0.025 0.03958333333333333
ckz6rv4et0015386le3rdpw93 0 0.8653348214285714 0.409375 0.025 0.03958333333333333
ckz6rva9o0019386ll7e0plel 0 0.6473513719512195 0.22306910569105692 0.0265625 0.03333333333333333
ckz6rvlfq001d386lt59x4kz2 0 0.7622207580321285 0.09899598393574298 0.0265625 0.03333333333333333
ckz6rvnb8001f386l63s6p1ys 0 0.71015625 0.6354166666666666 0.0265625 0.03333333333333333
ckz6rvpuj001h386lhrb15el1 0 0.5433514030612245 0.5781320861678004 0.0296875 0.03333333333333333
ckz6rvrjs001j386lscfviwaz 0 0.47110409768211914 0.42446192052980136 0.0265625 0.03333333333333333
ckz6rvxvs001p386l9u5f2w3s 0 0.7703125 0.44583333333333336 0.028125 0.0375
ckz6rw56s001x386l432ih3l6 0 0.9522898706896552 0.9238864942528735 0.0234375 0.035416666666666666
cl4ssee0s0008356hd15z4qn8 0 0.58828125 0.11875 0.0296875 0.05
cl4ssegqi000c356hwxoota92 0 0.6015625 0.20625 0.025 0.04583333333333333
cl4uq6b5l0003356p4ou3mrfw 0 0.85625 0.22395833333333334 0.0375 0.04375
cl4uq7un10007356p14ye3ifb 0 0.73828125 0.027083333333333334 0.0296875 0.03333333333333333
cl4uqbjp9000b356p2175vvqw 0 0.4926558707524272 0.7493755056634304 0.0421875 0.04375
cl4uqf5bj000f356p05tutl57 0 0.976875 0.3647916666666667 0.028125 0.04375
cl4ur3vs8000v356pe031p1yo 0 0.49228951890034367 0.038928264604811 0.025 0.027083333333333334
cl4uru0kq0013356pt4h9yjm1 0 0.50703125 0.018995098039215685 0.0296875 0.025490196078431372
cl4urwkrx0017356pikpviaa9 0 0.36121807795698924 0.0475918458781362 0.0234375 0.027083333333333334
cl53eq6de000f356i3cjd5jif 1 0.57109375 0.13333333333333333 0.0890625 0.1125
cl53eqa7m000l356ivf26125u 1 0.3203125 0.21041666666666667 0.103125 0.09583333333333334
