ckz3v9nzv00033867jsekqdcl 0 0.26484375 0.4354166666666667 0.0265625 0.0375
ckz6ru2eb0001386lefk6js4m 0 0.23828125 0.5770833333333333 0.0265625 0.0375
ckz6ru3um0003386l39xwv0yk 0 0.24137512450199203 0.85625 0.0265625 0.0375
ckz6ru5610005386l8uoys4lc 0 0.19453125 0.8458333333333333 0.0265625 0.0375
ckz6ru6of0007386lhf2t4dtw 0 0.08359375 0.80625 0.0265625 0.0375
ckz6ru83f0009386lx7517dwf 0 0.006147017045454546 0.7896164772727272 0.012294034090909092 0.0315246212121212
ckz6ru99l000b386l18xh2byu 0 0.13515625 0.18958333333333333 0.0265625 0.0375
ckz6rub67000d386ld3mx1dyi 0 0.3150669642857143 0.2380952380952381 0.0265625 0.041666666666666664
ckz6ruchb000f386lxxpeu5na 0 0.24209375 0.1628 0.0265625 0.0375
ckz6rudsb000h386lkwwvc8dz 0 0.2797873975409836 0.22434426229508198 0.0265625 0.0375
ckz6ruf3e000j386lbyqpxw51 0 0.25295175209205023 0.368192119944212 0.0265625 0.0375
ckz6rui7o000n386lh32dwmkr 0 0.5359089037335285 0.9760035383113713 0.0265625 0.0375
ckz6ruj49000p386lndk3j9jv 0 0.6287465148698884 0.6066604708798018 0.0265625 0.0375
ckz6rup8s000r386lkjotnoh0 0 0.48828125 0.86875 0.0265625 0.0375
ckz6rut1n000v386l8rfix41j 0 0.84296875 0.85625 0.0265625 0.0375
ckz6ruunj000x386l4qiqzsvd 0 0.83359375 0.98125 0.0265625 0.0375
ckz6ruw8w000z386lc52x10qx 0 0.8471622242647058 0.7541666666666667 0.0265625 0.0375
ckz6ruzco0013386lo3nqjmle 0 0.828125 0.43645833333333334 0.025 0.03958333333333333
ckz6rv4et0015386le3rdpw93 0 0.865389968487395 0.409375 0.025 0.03958333333333333
ckz6rva9o0019386ll7e0plel 0 0.6482405995934959 0.22140921409214093 0.0265625 0.03333333333333333
ckz6rvlfq001d386lt59x4kz2 0 0.7625721636546186 0.09829317269076304 0.0265625 0.03333333333333333
ckz6rvnb8001f386l63s6p1ys 0 0.71015625 0.6354166666666666 0.0265625 0.03333333333333333
ckz6rvpuj001h386lhrb15el1 0 0.5451371173469388 0.5765447845804988 0.0296875 0.03333333333333333
ckz6rvrjs001j386lscfviwaz 0 0.47168356788079474 0.42349613686534215 0.0265625 0.03333333333333333
ckz6rvxvs001p386l9u5f2w3s 0 0.75390625 0.43854166666666666 0.028125 0.0375
ckz6rw56s001x386l432ih3l6 0 0.9535470545977012 0.9207016283524905 0.0234375 0.035416666666666666
cl4ssee0s0008356hd15z4qn8 0 0.58828125 0.11875 0.0296875 0.05
cl4ssegqi000c356hwxoota92 0 0.6015625 0.20625 0.025 0.04583333333333333
cl4uq6b5l0003356p4ou3mrfw 0 0.85625 0.22395833333333334 0.0375 0.04375
cl4uq7un10007356p14ye3ifb 0 0.76328125 0.035416666666666666 0.0296875 0.03333333333333333
cl4uqbjp9000b356p2175vvqw 0 0.4928417020631068 0.7491277305825242 0.0421875 0.04375
cl4uqf5bj000f356p05tutl57 0 0.976953125 0.3380208333333333 0.028125 0.04375
cl4ur3vs8000v356pe031p1yo 0 0.4932667525773196 0.0380262027491409 0.025 0.027083333333333338
cl4uru0kq0013356pt4h9yjm1 0 0.50703125 0.018566176470588235 0.0296875 0.024632352941176473
cl4urwkrx0017356pikpviaa9 0 0.36154737903225803 0.04633736559139785 0.0234375 0.027083333333333338
cl53eq6de000f356i3cjd5jif 1 0.57109375 0.13333333333333333 0.0890625 0.1125
cl53eqa7m000l356ivf26125u 1 0.3203125 0.21041666666666667 0.103125 0.09583333333333334
