ckz3v9nzv00033867jsekqdcl 0 0.26484375 0.4354166666666667 0.0265625 0.0375
ckz6ru2eb0001386lefk6js4m 0 0.23828125 0.5770833333333333 0.0265625 0.0375
ckz6ru3um0003386l39xwv0yk 0 0.24180341135458167 0.85625 0.0265625 0.0375
ckz6ru5610005386l8uoys4lc 0 0.19453125 0.8458333333333333 0.0265625 0.0375
ckz6ru6of0007386lhf2t4dtw 0 0.08359375 0.80625 0.0265625 0.0375
ckz6ru83f0009386lx7517dwf 0 0.014399927042801557 0.7672908560311283 0.0265625 0.0375
ckz6ru99l000b386l18xh2byu 0 0.13515625 0.18958333333333333 0.0265625 0.0375
ckz6rub67000d386ld3mx1dyi 0 0.2890625 0.24166666666666667 0.0265625 0.041666666666666664
ckz6ruchb000f386lxxpeu5na 0 0.24567708333333332 0.15133333333333335 0.0265625 0.0375
ckz6rudsb000h386lkwwvc8dz 0 0.2813286870503597 0.22177008393285372 0.0265625 0.0375
ckz6ruf3e000j386lbyqpxw51 0 0.27268366228070173 0.3553728070175438 0.0265625 0.0375
ckz6rugcj000l386lzjazem8c 0 0.024609375 0.5713541666666667 0.028125 0.05
ckz6rui7o000n386lh32dwmkr 0 0.5343349652269399 0.9739049536359199 0.0265625 0.0375
ckz6ruj49000p386lndk3j9jv 0 0.6278535487288136 0.6030014124293785 0.0265625 0.0375
ckz6rup8s000r386lkjotnoh0 0 0.48828125 0.86875 0.0265625 0.0375
ckz6rut1n000v386l8rfix41j 0 0.8432492549088358 0.8554084852734923 0.0265625 0.0375
ckz6ruunj000x386l4qiqzsvd 0 0.8338742549088358 0.9804084852734923 0.0265625 0.0375
ckz6ruw8w000z386lc52x10qx 0 0.8509916286816269 0.7538861617578309 0.0265625 0.0375
ckz6ruzco0013386lo3nqjmle 0 0.828125 0.43645833333333334 0.025 0.03958333333333333
ckz6rv4et0015386le3rdpw93 0 0.8660674894957984 0.409375 0.025 0.03958333333333333
ckz6rva9o0019386ll7e0plel 0 0.660345643939394 0.18869949494949495 0.0265625 0.03333333333333333
ckz6rvlfq001d386lt59x4kz2 0 0.7668894327309237 0.08965863453815262 0.0265625 0.03333333333333333
ckz6rvnb8001f386l63s6p1ys 0 0.71015625 0.6354166666666666 0.0265625 0.03333333333333333
ckz6rvpuj001h386lhrb15el1 0 0.5601204675572519 0.5455868320610687 0.029246183206106835 0.03333333333333333
ckz6rvrjs001j386lscfviwaz 0 0.47880277317880793 0.41163079470198677 0.0265625 0.03333333333333333
ckz6rvxvs001p386l9u5f2w3s 0 0.6640625 0.5520833333333334 0.028125 0.0375
ckz6rw3in001v386l6bltg9jj 0 0.61328125 0.041666666666666664 0.0265625 0.03333333333333333
ckz6rw56s001x386l432ih3l6 0 0.9702553353658537 0.874314024390244 0.0234375 0.035416666666666666
cl4ssee0s0008356hd15z4qn8 0 0.58828125 0.11875 0.0296875 0.05
cl4ssegqi000c356hwxoota92 0 0.6015625 0.20625 0.025 0.04583333333333333
cl4uq6b5l0003356p4ou3mrfw 0 0.85625 0.22395833333333334 0.0375 0.04375
cl4uq7un10007356p14ye3ifb 0 0.88796875 0.209375 0.0328125 0.04375
cl4uqbjp9000b356p2175vvqw 0 0.49512477245145636 0.7460836367313916 0.0421875 0.04375
cl4ur3vs8000v356pe031p1yo 0 0.5052727663230241 0.026943728522336768 0.025 0.02708333333333333
cl4urtjol000z356puo72ztp3 0 0.01484375 0.2760416666666667 0.0296875 0.03958333333333333
cl4uru0kq0013356pt4h9yjm1 0 0.5106297348484848 0.01442550505050505 0.0296875 0.01875
cl4urwkrx0017356pikpviaa9 0 0.36559307795698925 0.030925179211469533 0.0234375 0.027083333333333334
cl53eq6de000f356i3cjd5jif 1 0.57109375 0.13333333333333333 0.0890625 0.1125
cl53eqa7m000l356ivf26125u 1 0.3203125 0.21041666666666667 0.103125 0.09583333333333334
