ckz3v9nzv00033867jsekqdcl 0 0.26484375 0.4354166666666667 0.0265625 0.0375
ckz6ru2eb0001386lefk6js4m 0 0.23828125 0.5770833333333333 0.0265625 0.0375
ckz6ru3um0003386l39xwv0yk 0 0.24197273406374503 0.85625 0.0265625 0.0375
ckz6ru5610005386l8uoys4lc 0 0.19453125 0.8458333333333333 0.0265625 0.0375
ckz6ru6of0007386lhf2t4dtw 0 0.08359375 0.80625 0.0265625 0.0375
ckz6ru83f0009386lx7517dwf 0 0.016053623540856033 0.7620541504539559 0.0265625 0.0375
ckz6ru99l000b386l18xh2byu 0 0.13515625 0.18958333333333333 0.0265625 0.0375
ckz6rub67000d386ld3mx1dyi 0 0.26296875000000003 0.225 0.0265625 0.041666666666666664
ckz6ruchb000f386lxxpeu5na 0 0.249609375 0.1453125 0.0265625 0.0375
ckz6rudsb000h386lkwwvc8dz 0 0.281710881294964 0.22126049160671463 0.0265625 0.0375
ckz6ruf3e000j386lbyqpxw51 0 0.27734375 0.34791666666666665 0.0265625 0.0375
ckz6rugcj000l386lzjazem8c 0 0.0875 0.56875 0.028125 0.05
ckz6rui7o000n386lh32dwmkr 0 0.5337127104685212 0.973075280624695 0.0265625 0.0375
ckz6ruj49000p386lndk3j9jv 0 0.6310050317796609 0.59579802259887 0.0265625 0.0375
ckz6rup8s000r386lkjotnoh0 0 0.48828125 0.86875 0.0265625 0.0375
ckz6rut1n000v386l8rfix41j 0 0.8438453278401121 0.8536202664796634 0.0265625 0.0375
ckz6ruunj000x386l4qiqzsvd 0 0.8344703278401122 0.9786202664796634 0.0265625 0.0375
ckz6ruw8w000z386lc52x10qx 0 0.8514386833800842 0.7532900888265545 0.0265625 0.0375
ckz6ruzco0013386lo3nqjmle 0 0.828125 0.43645833333333334 0.025 0.03958333333333333
ckz6rv4et0015386le3rdpw93 0 0.8663353466386555 0.409375 0.025 0.03958333333333333
ckz6rva9o0019386ll7e0plel 0 0.6612655573593074 0.18440656565656566 0.0265625 0.03333333333333333
ckz6rvlfq001d386lt59x4kz2 0 0.7685962600401607 0.08624497991967871 0.0265625 0.03333333333333333
ckz6rvnb8001f386l63s6p1ys 0 0.71015625 0.6354166666666666 0.0265625 0.03333333333333333
ckz6rvpuj001h386lhrb15el1 0 0.5657979484732824 0.537476145038168 0.028435114503816816 0.033333333333333395
ckz6rvrjs001j386lscfviwaz 0 0.4816173427152318 0.40693984547461365 0.0265625 0.03333333333333333
ckz6rvxvs001p386l9u5f2w3s 0 0.6078125 0.5291666666666667 0.028125 0.0375
ckz6rw3in001v386l6bltg9jj 0 0.6705729166666667 0.08472222222222221 0.0265625 0.03333333333333333
ckz6rw56s001x386l432ih3l6 0 0.9750600961538461 0.862099358974359 0.0234375 0.035416666666666666
cl4ssee0s0008356hd15z4qn8 0 0.58828125 0.11875 0.0296875 0.05
cl4ssegqi000c356hwxoota92 0 0.6015625 0.20625 0.025 0.04583333333333333
cl4uq6b5l0003356p4ou3mrfw 0 0.85625 0.22395833333333334 0.0375 0.04375
cl4uq7un10007356p14ye3ifb 0 0.91484375 0.2520833333333333 0.0328125 0.041666666666666664
cl4uqbjp9000b356p2175vvqw 0 0.49602738167475724 0.7448801577669903 0.0421875 0.04375
cl4ur3vs8000v356pe031p1yo 0 0.5046428571428572 0.024613095238095236 0.025 0.02708333333333333
cl4urtjol000z356puo72ztp3 0 0.10625 0.28958333333333336 0.028125 0.0375
cl4uru0kq0013356pt4h9yjm1 0 0.5138494318181819 0.01335227272727273 0.0296875 0.01875
cl4urwkrx0017356pikpviaa9 0 0.36719254032258064 0.024831989247311826 0.0234375 0.02708333333333333
cl4urzbou001b356p2c0bz1ci 0 0.08151041666666667 0.05069444444444445 0.0296875 0.03333333333333334
cl53eq6de000f356i3cjd5jif 1 0.57109375 0.13333333333333333 0.0890625 0.1125
cl53eqa7m000l356ivf26125u 1 0.3203125 0.21041666666666667 0.103125 0.09583333333333334
