ckz3v9nzv00033867jsekqdcl 0 0.26484375 0.4354166666666667 0.0265625 0.0375
ckz6ru2eb0001386lefk6js4m 0 0.23828125 0.5770833333333333 0.0265625 0.0375
ckz6ru3um0003386l39xwv0yk 0 0.24169633964143428 0.85625 0.0265625 0.0375
ckz6ru5610005386l8uoys4lc 0 0.19453125 0.8458333333333333 0.0265625 0.0375
ckz6ru6of0007386lhf2t4dtw 0 0.08359375 0.80625 0.0265625 0.0375
ckz6ru83f0009386lx7517dwf 0 0.01335420719844358 0.7706023022049286 0.0265625 0.0375
ckz6ru99l000b386l18xh2byu 0 0.13515625 0.18958333333333333 0.0265625 0.0375
ckz6rub67000d386ld3mx1dyi 0 0.30203125000000003 0.24666666666666667 0.0265625 0.041666666666666664
ckz6ruchb000f386lxxpeu5na 0 0.24478125 0.1542 0.0265625 0.0375
ckz6rudsb000h386lkwwvc8dz 0 0.28108700539568343 0.22209232613908872 0.0265625 0.0375
ckz6ruf3e000j386lbyqpxw51 0 0.26973684210526316 0.3600877192982456 0.0265625 0.0375
ckz6rugcj000l386lzjazem8c 0 0.01484375 0.590625 0.0234375 0.052083333333333336
ckz6rui7o000n386lh32dwmkr 0 0.5347284498535871 0.9744295998047828 0.0265625 0.0375
ckz6ruj49000p386lndk3j9jv 0 0.627622560408922 0.6046623296158612 0.0265625 0.0375
ckz6rup8s000r386lkjotnoh0 0 0.48828125 0.86875 0.0265625 0.0375
ckz6rut1n000v386l8rfix41j 0 0.84296875 0.85625 0.0265625 0.0375
ckz6ruunj000x386l4qiqzsvd 0 0.83359375 0.98125 0.0265625 0.0375
ckz6ruw8w000z386lc52x10qx 0 0.8504968979779411 0.7541666666666667 0.0265625 0.0375
ckz6ruzco0013386lo3nqjmle 0 0.828125 0.43645833333333334 0.025 0.03958333333333333
ckz6rv4et0015386le3rdpw93 0 0.8658981092436975 0.409375 0.025 0.03958333333333333
ckz6rva9o0019386ll7e0plel 0 0.6594696969696969 0.19690656565656567 0.0265625 0.03333333333333333
ckz6rvlfq001d386lt59x4kz2 0 0.7658101154618474 0.09181726907630523 0.0265625 0.03333333333333333
ckz6rvnb8001f386l63s6p1ys 0 0.71015625 0.6354166666666666 0.0265625 0.03333333333333333
ckz6rvpuj001h386lhrb15el1 0 0.5565761529126213 0.5513349514563106 0.0296875 0.03333333333333333
ckz6rvrjs001j386lscfviwaz 0 0.4770229718543046 0.41459713024282563 0.0265625 0.03333333333333333
ckz6rvxvs001p386l9u5f2w3s 0 0.6609375 0.50625 0.028125 0.0375
ckz6rw3in001v386l6bltg9jj 0 0.55703125 0.009375 0.0171875 0.01875
ckz6rw56s001x386l432ih3l6 0 0.9646874999999999 0.8839583333333334 0.0234375 0.035416666666666666
cl4ssee0s0008356hd15z4qn8 0 0.58828125 0.11875 0.0296875 0.05
cl4ssegqi000c356hwxoota92 0 0.6015625 0.20625 0.025 0.04583333333333333
cl4uq6b5l0003356p4ou3mrfw 0 0.85625 0.22395833333333334 0.0375 0.04375
cl4uq7un10007356p14ye3ifb 0 0.87890625 0.14583333333333334 0.0328125 0.0375
cl4uqbjp9000b356p2175vvqw 0 0.49455400485436896 0.7468446601941747 0.0421875 0.04375
cl4ur3vs8000v356pe031p1yo 0 0.502271262886598 0.029714347079037803 0.025 0.027083333333333334
cl4uru0kq0013356pt4h9yjm1 0 0.50859375 0.015104166666666667 0.0296875 0.01875
cl4urwkrx0017356pikpviaa9 0 0.3645816532258065 0.03477822580645162 0.0234375 0.027083333333333338
cl53eq6de000f356i3cjd5jif 1 0.57109375 0.13333333333333333 0.0890625 0.1125
cl53eqa7m000l356ivf26125u 1 0.3203125 0.21041666666666667 0.103125 0.09583333333333334
