ckz3v9nzv00033867jsekqdcl 0 0.2738454092920354 0.4193829891838741 0.0265625 0.0375
ckz6ru2eb0001386lefk6js4m 0 0.23828125 0.579225352112676 0.0265625 0.0375
ckz6ru3um0003386l39xwv0yk 0 0.24403975938967135 0.8533939749608764 0.0265625 0.0375
ckz6ru5610005386l8uoys4lc 0 0.19453125 0.8458333333333333 0.0265625 0.0375
ckz6ru6of0007386lhf2t4dtw 0 0.08359375 0.80625 0.0265625 0.0375
ckz6ru83f0009386lx7517dwf 0 0.027387764084507042 0.7298219874804381 0.0265625 0.0375
ckz6ru99l000b386l18xh2byu 0 0.13515625 0.18958333333333333 0.0265625 0.0375
ckz6rub67000d386ld3mx1dyi 0 0.21484375 0.1532738095238095 0.0265625 0.0375
ckz6ruchb000f386lxxpeu5na 0 0.2983984375 0.10395833333333333 0.0265625 0.0375
ckz6rudsb000h386lkwwvc8dz 0 0.2843693794964029 0.2177158273381295 0.0265625 0.0375
ckz6ruf3e000j386lbyqpxw51 0 0.31278975938967135 0.30827464788732395 0.0265625 0.0375
ckz6rugcj000l386lzjazem8c 0 0.37484375000000003 0.27125 0.0265625 0.04166666666666664
ckz6rui7o000n386lh32dwmkr 0 0.5764487969483568 0.8852406103286385 0.0265625 0.0375
ckz6ruj49000p386lndk3j9jv 0 0.643862897398844 0.5667148362235068 0.0265625 0.0375
ckz6rup8s000r386lkjotnoh0 0 0.48828125 0.86875 0.0265625 0.0375
ckz6rurv1000t386llsdca8lh 0 0.69765625 0.825 0.0234375 0.0375
ckz6rut1n000v386l8rfix41j 0 0.847991541023843 0.8411816269284712 0.0265625 0.0375
ckz6ruunj000x386l4qiqzsvd 0 0.838616541023843 0.9661816269284712 0.0265625 0.0375
ckz6ruw8w000z386lc52x10qx 0 0.8545483432678822 0.7491438756428238 0.0265625 0.0375
ckz6ruxwl0011386lwhdpziws 0 0.97421875 0.796875 0.0265625 0.04375
ckz6ruzco0013386lo3nqjmle 0 0.828125 0.43645833333333334 0.025 0.03958333333333333
ckz6rv4et0015386le3rdpw93 0 0.8681985294117647 0.409375 0.025 0.03958333333333333
ckz6rv5s20017386lyas5kerj 0 0.628125 0.15885416666666666 0.0234375 0.035416666666666666
ckz6rva9o0019386ll7e0plel 0 0.6711945564516129 0.14126344086021506 0.0265625 0.03333333333333335
ckz6rvlfq001d386lt59x4kz2 0 0.7712182679948586 0.0669987146529563 0.0265625 0.03333333333333334
ckz6rvnb8001f386l63s6p1ys 0 0.7112272593896714 0.6368446791862286 0.0265625 0.03333333333333333
ckz6rvpuj001h386lhrb15el1 0 0.5903352406103286 0.48875195618153366 0.0265625 0.03333333333333333
ckz6rvrjs001j386lscfviwaz 0 0.4987272593896714 0.3874413145539906 0.0265625 0.03333333333333333
ckz6rvtvy001l386li54we947 0 0.025 0.534375 0.028125 0.035416666666666666
ckz6rvvx4001n386lwp0hh90g 0 0.015299479166666668 0.234765625 0.0265625 0.03333333333333333
ckz6rvxvs001p386l9u5f2w3s 0 0.1675 0.2575 0.028125 0.0375
ckz6rw3in001v386l6bltg9jj 0 0.76640625 0.6875 0.0265625 0.03333333333333333
ckz6rw56s001x386l432ih3l6 0 0.99111328125 0.774609375 0.0177734375 0.03463541666666667
cl4sse7t80004356hlgz3o2fx 0 0.625625 0.45083333333333336 0.025 0.03333333333333333
cl4ssee0s0008356hd15z4qn8 0 0.58828125 0.11875 0.0296875 0.05
cl4ssegqi000c356hwxoota92 0 0.6015625 0.20625 0.025 0.04583333333333333
cl4sseopo000g356h6ldd8ms6 0 0.27265625 0.5916666666666667 0.0359375 0.04583333333333333
cl4swkq5u0003356p8vuhc7nn 0 0.43125 0.5395833333333333 0.0328125 0.0375
cl4uq6b5l0003356p4ou3mrfw 0 0.85625 0.22395833333333334 0.0375 0.04375
cl4uqbjp9000b356p2175vvqw 0 0.5105263157894737 0.7223410087719297 0.0421875 0.04375
cl53eq6de000f356i3cjd5jif 1 0.57109375 0.13333333333333333 0.0890625 0.1125
cl53eqa7m000l356ivf26125u 1 0.3203125 0.21041666666666667 0.103125 0.09583333333333334
