ckz3v9nzv00033867jsekqdcl 0 0.26484375 0.4354166666666667 0.0265625 0.0375
ckz6ru2eb0001386lefk6js4m 0 0.23828125 0.5770833333333333 0.0265625 0.0375
ckz6ru3um0003386l39xwv0yk 0 0.24205988545816734 0.85625 0.0265625 0.0375
ckz6ru5610005386l8uoys4lc 0 0.19453125 0.8458333333333333 0.0265625 0.0375
ckz6ru6of0007386lhf2t4dtw 0 0.08359375 0.80625 0.0265625 0.0375
ckz6ru83f0009386lx7517dwf 0 0.016904790856031127 0.7593587872892348 0.0265625 0.0375
ckz6ru99l000b386l18xh2byu 0 0.13515625 0.18958333333333333 0.0265625 0.0375
ckz6rub67000d386ld3mx1dyi 0 0.25390625 0.2125 0.0265625 0.041666666666666664
ckz6ruchb000f386lxxpeu5na 0 0.2521728515625 0.14189453125 0.0265625 0.0375
ckz6rudsb000h386lkwwvc8dz 0 0.2819075989208633 0.22099820143884893 0.0265625 0.0375
ckz6ruf3e000j386lbyqpxw51 0 0.2801761703187251 0.3441401062416999 0.0265625 0.0375
ckz6rugcj000l386lzjazem8c 0 0.12468749999999999 0.5175 0.028125 0.04999999999999994
ckz6rui7o000n386lh32dwmkr 0 0.5357421875 0.9687789351851852 0.0265625 0.0375
ckz6ruj49000p386lndk3j9jv 0 0.6326271186440678 0.5920903954802259 0.0265625 0.0375
ckz6rup8s000r386lkjotnoh0 0 0.48828125 0.86875 0.0265625 0.0375
ckz6rut1n000v386l8rfix41j 0 0.8441521300841515 0.8526998597475456 0.0265625 0.0375
ckz6ruunj000x386l4qiqzsvd 0 0.8347771300841516 0.9776998597475456 0.0265625 0.0375
ckz6ruw8w000z386lc52x10qx 0 0.8516687850631136 0.7529832865825151 0.0265625 0.0375
ckz6ruzco0013386lo3nqjmle 0 0.828125 0.43645833333333334 0.025 0.03958333333333333
ckz6rv4et0015386le3rdpw93 0 0.8664732142857142 0.409375 0.025 0.03958333333333333
ckz6rva9o0019386ll7e0plel 0 0.6617390422077922 0.1821969696969697 0.0265625 0.03333333333333333
ckz6rvlfq001d386lt59x4kz2 0 0.7694747740963855 0.08448795180722891 0.0265625 0.03333333333333333
ckz6rvnb8001f386l63s6p1ys 0 0.71015625 0.6354166666666666 0.0265625 0.03333333333333333
ckz6rvpuj001h386lhrb15el1 0 0.5687201812977098 0.5333015267175572 0.028017652671755666 0.03333333333333328
ckz6rvrjs001j386lscfviwaz 0 0.4835511916342412 0.4060473411154345 0.0265625 0.03333333333333333
ckz6rvxvs001p386l9u5f2w3s 0 0.5703125 0.5104166666666666 0.028125 0.0375
ckz6rw3in001v386l6bltg9jj 0 0.70546875 0.09166666666666666 0.0265625 0.03333333333333333
ckz6rw56s001x386l432ih3l6 0 0.9757612179487178 0.8574252136752136 0.0234375 0.035416666666666666
cl4ssee0s0008356hd15z4qn8 0 0.58828125 0.11875 0.0296875 0.05
cl4ssegqi000c356hwxoota92 0 0.6015625 0.20625 0.025 0.04583333333333333
cl4uq6b5l0003356p4ou3mrfw 0 0.85625 0.22395833333333334 0.0375 0.04375
cl4uq7un10007356p14ye3ifb 0 0.93984375 0.29375 0.0390625 0.041666666666666664
cl4uqbjp9000b356p2175vvqw 0 0.49701891447368424 0.7433525219298246 0.0421875 0.04375
cl4ur3vs8000v356pe031p1yo 0 0.5036011904761905 0.023687169312169312 0.025 0.027083333333333334
cl4urtjol000z356puo72ztp3 0 0.15989583333333332 0.2916666666666667 0.028125 0.0375
cl4uru0kq0013356pt4h9yjm1 0 0.5155066287878788 0.012799873737373738 0.0296875 0.01875
cl4urwkrx0017356pikpviaa9 0 0.3680580357142857 0.02171130952380952 0.0234375 0.026994047619047615
cl53eq6de000f356i3cjd5jif 1 0.57109375 0.13333333333333333 0.0890625 0.1125
cl53eqa7m000l356ivf26125u 1 0.3203125 0.21041666666666667 0.103125 0.09583333333333334
