ckz3v9nzv00033867jsekqdcl 0 0.27529728982300883 0.4142207472959685 0.0265625 0.0375
ckz6ru2eb0001386lefk6js4m 0 0.23828125 0.5823063380281691 0.0265625 0.0375
ckz6ru3um0003386l39xwv0yk 0 0.24558025234741784 0.8492859937402191 0.0265625 0.0375
ckz6ru5610005386l8uoys4lc 0 0.19453125 0.8458333333333333 0.0265625 0.0375
ckz6ru6of0007386lhf2t4dtw 0 0.08359375 0.80625 0.0265625 0.0375
ckz6ru83f0009386lx7517dwf 0 0.02969850352112676 0.7277679968701096 0.0265625 0.0375
ckz6ru99l000b386l18xh2byu 0 0.13515625 0.18958333333333333 0.0265625 0.0375
ckz6rub67000d386ld3mx1dyi 0 0.19169034090909093 0.12509469696969697 0.0265625 0.0375
ckz6ruchb000f386lxxpeu5na 0 0.310716391509434 0.09650157232704402 0.0265625 0.0375
ckz6rudsb000h386lkwwvc8dz 0 0.2849595323741007 0.21692895683453237 0.0265625 0.0375
ckz6ruf3e000j386lbyqpxw51 0 0.31433025234741785 0.305193661971831 0.0265625 0.0375
ckz6rugcj000l386lzjazem8c 0 0.44296875 0.1375 0.0265625 0.041666666666666664
ckz6rui7o000n386lh32dwmkr 0 0.5841512617370892 0.8759976525821596 0.0265625 0.0375
ckz6ruj49000p386lndk3j9jv 0 0.646707911849711 0.5635537090558767 0.0265625 0.0375
ckz6rup8s000r386lkjotnoh0 0 0.48828125 0.86875 0.0265625 0.0375
ckz6rurv1000t386llsdca8lh 0 0.483203125 0.809375 0.0265625 0.0375
ckz6rut1n000v386l8rfix41j 0 0.8489119477559607 0.8384204067321178 0.0265625 0.0375
ckz6ruunj000x386l4qiqzsvd 0 0.8395369477559607 0.9634204067321178 0.0265625 0.0375
ckz6ruw8w000z386lc52x10qx 0 0.8552386483169705 0.7482234689107059 0.0265625 0.0375
ckz6ruxwl0011386lwhdpziws 0 0.89609375 0.6666666666666666 0.0265625 0.0375
ckz6ruzco0013386lo3nqjmle 0 0.828125 0.43645833333333334 0.025 0.03958333333333333
ckz6rv4et0015386le3rdpw93 0 0.8686121323529411 0.409375 0.025 0.03958333333333333
ckz6rv5s20017386lyas5kerj 0 0.66796875 0.17291666666666666 0.0234375 0.03333333333333333
ckz6rva9o0019386ll7e0plel 0 0.6734627016129032 0.13219086021505377 0.0265625 0.03333333333333333
ckz6rvjnr001b386l6bprt2rz 0 0.7684895833333333 0.05972222222222222 0.0265625 0.033333333333333326
ckz6rvlfq001d386lt59x4kz2 0 0.7699530044987146 0.06362467866323908 0.0265625 0.03333333333333334
ckz6rvnb8001f386l63s6p1ys 0 0.7127677523474178 0.6388986697965571 0.0265625 0.03333333333333333
ckz6rvpuj001h386lhrb15el1 0 0.5887947476525822 0.4815629890453834 0.0265625 0.03333333333333333
ckz6rvrjs001j386lscfviwaz 0 0.5002677523474178 0.3843603286384977 0.0265625 0.03333333333333333
ckz6rvtvy001l386li54we947 0 0.16578125 0.565 0.0265625 0.03333333333333333
ckz6rvvx4001n386lwp0hh90g 0 0.016729525862068967 0.2170977011494253 0.0265625 0.03333333333333333
ckz6rvxvs001p386l9u5f2w3s 0 0.07578125 0.20625 0.0265625 0.03333333333333333
ckz6rw1y9001t386ll8rr5ixq 0 0.646875 0.9909722222222221 0.025 0.018055555555555595
ckz6rw3in001v386l6bltg9jj 0 0.75859375 0.8552083333333333 0.0265625 0.03333333333333333
ckz6rw56s001x386l432ih3l6 0 0.9878173828125 0.77021484375 0.024365234375 0.03365885416666667
cl4sse7t80004356hlgz3o2fx 0 0.5838541666666667 0.2552083333333333 0.025 0.035416666666666666
cl4ssee0s0008356hd15z4qn8 0 0.58828125 0.11875 0.0296875 0.05
cl4ssegqi000c356hwxoota92 0 0.6015625 0.20625 0.025 0.04583333333333333
cl4sseopo000g356h6ldd8ms6 0 0.35625 0.74375 0.0390625 0.041666666666666664
cl4swkq5u0003356p8vuhc7nn 0 0.759375 0.5850694444444444 0.028125 0.035416666666666666
cl4uq6b5l0003356p4ou3mrfw 0 0.85625 0.22395833333333334 0.0375 0.04375
cl4uqbjp9000b356p2175vvqw 0 0.5137643914473684 0.7173040021929824 0.0421875 0.04375
