ckz3v9nzv00033867jsekqdcl 0 0.2753940818584071 0.41387659783677483 0.0265625 0.0375
ckz6ru2eb0001386lefk6js4m 0 0.23828125 0.5825117370892019 0.0265625 0.0375
ckz6ru3um0003386l39xwv0yk 0 0.24568295187793426 0.8490121283255087 0.0265625 0.0375
ckz6ru5610005386l8uoys4lc 0 0.19453125 0.8458333333333333 0.0265625 0.0375
ckz6ru6of0007386lhf2t4dtw 0 0.08359375 0.80625 0.0265625 0.0375
ckz6ru83f0009386lx7517dwf 0 0.029852552816901412 0.7276310641627542 0.0265625 0.0375
ckz6ru99l000b386l18xh2byu 0 0.13515625 0.18958333333333333 0.0265625 0.0375
ckz6rub67000d386ld3mx1dyi 0 0.19408482142857145 0.11607142857142856 0.026562500000000024 0.037499999999999985
ckz6ruchb000f386lxxpeu5na 0 0.3115418632075472 0.09595125786163522 0.0265625 0.0375
ckz6rudsb000h386lkwwvc8dz 0 0.2849988758992806 0.21687649880095924 0.0265625 0.0375
ckz6ruf3e000j386lbyqpxw51 0 0.31443295187793424 0.3049882629107981 0.0265625 0.0375
ckz6rugcj000l386lzjazem8c 0 0.43046875 0.12291666666666666 0.0265625 0.041666666666666664
ckz6rui7o000n386lh32dwmkr 0 0.5846647593896714 0.8753814553990611 0.0265625 0.0375
ckz6ruj49000p386lndk3j9jv 0 0.6468975794797688 0.5633429672447013 0.0265625 0.0375
ckz6rup8s000r386lkjotnoh0 0 0.48828125 0.86875 0.0265625 0.0375
ckz6rurv1000t386llsdca8lh 0 0.4861979166666667 0.7729166666666667 0.0265625 0.0375
ckz6rut1n000v386l8rfix41j 0 0.8489733082047686 0.8382363253856943 0.0265625 0.0375
ckz6ruunj000x386l4qiqzsvd 0 0.8395983082047686 0.9632363253856943 0.0265625 0.0375
ckz6ruw8w000z386lc52x10qx 0 0.8552846686535764 0.7481621084618981 0.0265625 0.0375
ckz6ruxwl0011386lwhdpziws 0 0.89609375 0.6291666666666667 0.0265625 0.0375
ckz6ruzco0013386lo3nqjmle 0 0.828125 0.43645833333333334 0.025 0.03958333333333333
ckz6rv4et0015386le3rdpw93 0 0.8686397058823528 0.409375 0.025 0.03958333333333333
ckz6rv5s20017386lyas5kerj 0 0.6656709558823529 0.18370098039215685 0.0234375 0.03333333333333333
ckz6rva9o0019386ll7e0plel 0 0.6736139112903226 0.13158602150537632 0.0265625 0.03333333333333332
ckz6rvjnr001b386l6bprt2rz 0 0.74921875 0.058333333333333334 0.0265625 0.03333333333333333
ckz6rvlfq001d386lt59x4kz2 0 0.7698686535989717 0.06339974293059127 0.0265625 0.03333333333333334
ckz6rvnb8001f386l63s6p1ys 0 0.7128704518779343 0.6390356025039124 0.0265625 0.03333333333333333
ckz6rvpuj001h386lhrb15el1 0 0.5886920481220657 0.48108372456964005 0.0265625 0.03333333333333333
ckz6rvrjs001j386lscfviwaz 0 0.5003704518779343 0.3841549295774648 0.0265625 0.03333333333333333
ckz6rvtvy001l386li54we947 0 0.18359375 0.5854166666666667 0.0265625 0.03333333333333333
ckz6rvvx4001n386lwp0hh90g 0 0.01635237068965517 0.2165948275862069 0.0265625 0.03333333333333333
ckz6rvxvs001p386l9u5f2w3s 0 0.07265625 0.20520833333333333 0.0265625 0.03333333333333333
ckz6rw1y9001t386ll8rr5ixq 0 0.66015625 0.98125 0.0265625 0.03333333333333333
ckz6rw3in001v386l6bltg9jj 0 0.74765625 0.84375 0.0265625 0.03333333333333333
ckz6rw56s001x386l432ih3l6 0 0.98759765625 0.769921875 0.0248046875 0.03359375
cl4sse7t80004356hlgz3o2fx 0 0.575 0.259375 0.025 0.035416666666666666
cl4ssee0s0008356hd15z4qn8 0 0.58828125 0.11875 0.0296875 0.05
cl4ssegqi000c356hwxoota92 0 0.6015625 0.20625 0.025 0.04583333333333333
cl4sseopo000g356h6ldd8ms6 0 0.38828125 0.7458333333333333 0.0390625 0.041666666666666664
cl4swkq5u0003356p8vuhc7nn 0 0.765 0.6106250000000001 0.028125 0.035416666666666666
cl4uq6b5l0003356p4ou3mrfw 0 0.85625 0.22395833333333334 0.0375 0.04375
cl4uqbjp9000b356p2175vvqw 0 0.5139802631578948 0.7169682017543859 0.0421875 0.04375
