ckz3v9nzv00033867jsekqdcl 0 0.26484375 0.4354166666666667 0.0265625 0.0375
ckz6ru2eb0001386lefk6js4m 0 0.23828125 0.5770833333333333 0.0265625 0.0375
ckz6ru3um0003386l39xwv0yk 0 0.24113110059760956 0.85625 0.0265625 0.0375
ckz6ru5610005386l8uoys4lc 0 0.19453125 0.8458333333333333 0.0265625 0.0375
ckz6ru6of0007386lhf2t4dtw 0 0.08359375 0.80625 0.0265625 0.0375
ckz6ru83f0009386lx7517dwf 0 0.005799005681818182 0.8002888257575758 0.011598011363636364 0.03245265151515149
ckz6ru99l000b386l18xh2byu 0 0.13515625 0.18958333333333333 0.0265625 0.0375
ckz6rub67000d386ld3mx1dyi 0 0.3223958333333333 0.2204861111111111 0.0265625 0.041666666666666664
ckz6ruchb000f386lxxpeu5na 0 0.24005208333333333 0.16933333333333334 0.0265625 0.0375
ckz6rudsb000h386lkwwvc8dz 0 0.2762730532786885 0.23170765027322407 0.0265625 0.0375
ckz6ruf3e000j386lbyqpxw51 0 0.24590415794979079 0.37246338912133886 0.0265625 0.0375
ckz6rui7o000n386lh32dwmkr 0 0.5368056826500732 0.9771992435334309 0.0265625 0.0375
ckz6ruj49000p386lndk3j9jv 0 0.6296003717472118 0.6081784386617101 0.0265625 0.0375
ckz6rup8s000r386lkjotnoh0 0 0.48828125 0.86875 0.0265625 0.0375
ckz6rut1n000v386l8rfix41j 0 0.84296875 0.85625 0.0265625 0.0375
ckz6ruunj000x386l4qiqzsvd 0 0.83359375 0.98125 0.0265625 0.0375
ckz6ruw8w000z386lc52x10qx 0 0.84462890625 0.7541666666666667 0.0265625 0.0375
ckz6ruzco0013386lo3nqjmle 0 0.828125 0.43645833333333334 0.025 0.03958333333333333
ckz6rv4et0015386le3rdpw93 0 0.8650039390756303 0.409375 0.025 0.03958333333333333
ckz6rva9o0019386ll7e0plel 0 0.641328125 0.231875 0.0265625 0.03333333333333333
ckz6rvlfq001d386lt59x4kz2 0 0.7596882931472082 0.10270727580372249 0.0265625 0.03333333333333333
ckz6rvnb8001f386l63s6p1ys 0 0.71015625 0.6354166666666666 0.0265625 0.03333333333333333
ckz6rvpuj001h386lhrb15el1 0 0.5326371173469389 0.5876558956916099 0.0296875 0.03333333333333333
ckz6rvrjs001j386lscfviwaz 0 0.4671875 0.43020833333333336 0.0265625 0.03333333333333333
ckz6rvxvs001p386l9u5f2w3s 0 0.821875 0.4041666666666667 0.028125 0.0375
ckz6rw56s001x386l432ih3l6 0 0.9447467672413794 0.9429956896551723 0.0234375 0.035416666666666666
cl4ssee0s0008356hd15z4qn8 0 0.58828125 0.11875 0.0296875 0.05
cl4ssegqi000c356hwxoota92 0 0.6015625 0.20625 0.025 0.04583333333333333
cl4uq6b5l0003356p4ou3mrfw 0 0.85625 0.22395833333333334 0.0375 0.04375
cl4uqbjp9000b356p2175vvqw 0 0.4915408828883495 0.7508621561488673 0.0421875 0.04375
cl4uqf5bj000f356p05tutl57 0 0.9588541666666666 0.46770833333333334 0.028125 0.04375
cl4ur3vs8000v356pe031p1yo 0 0.4864261168384879 0.04434063573883161 0.025 0.02708333333333333
cl4uru0kq0013356pt4h9yjm1 0 0.50703125 0.02156862745098039 0.0296875 0.03063725490196078
cl4urwkrx0017356pikpviaa9 0 0.35924227150537635 0.0551187275985663 0.0234375 0.027083333333333327
cl53eq6de000f356i3cjd5jif 1 0.57109375 0.13333333333333333 0.0890625 0.1125
cl53eqa7m000l356ivf26125u 1 0.3203125 0.21041666666666667 0.103125 0.09583333333333334
