ckz3v9nzv00033867jsekqdcl 0 0.26484375 0.4354166666666667 0.0265625 0.0375
ckz6ru2eb0001386lefk6js4m 0 0.23828125 0.5770833333333333 0.0265625 0.0375
ckz6ru3um0003386l39xwv0yk 0 0.24077253486055777 0.85625 0.0265625 0.0375
ckz6ru5610005386l8uoys4lc 0 0.19453125 0.8458333333333333 0.0265625 0.0375
ckz6ru6of0007386lhf2t4dtw 0 0.08359375 0.80625 0.0265625 0.0375
ckz6ru83f0009386lx7517dwf 0 0.00546875 0.8104166666666667 0.0109375 0.03333333333333333
ckz6ru99l000b386l18xh2byu 0 0.13515625 0.18958333333333333 0.0265625 0.0375
ckz6rub67000d386ld3mx1dyi 0 0.306640625 0.21354166666666666 0.0265625 0.041666666666666664
ckz6ruchb000f386lxxpeu5na 0 0.2324280753968254 0.1740244708994709 0.0265625 0.0375
ckz6rudsb000h386lkwwvc8dz 0 0.27110911885245903 0.24252732240437158 0.0265625 0.0375
ckz6ruf3e000j386lbyqpxw51 0 0.2363020833333333 0.37972222222222224 0.0265625 0.0375
ckz6rui7o000n386lh32dwmkr 0 0.5381233986090777 0.9789561981454368 0.0265625 0.0375
ckz6ruj49000p386lndk3j9jv 0 0.6308550185873606 0.6104089219330855 0.0265625 0.0375
ckz6rup8s000r386lkjotnoh0 0 0.48828125 0.86875 0.0265625 0.0375
ckz6rut1n000v386l8rfix41j 0 0.84296875 0.85625 0.0265625 0.0375
ckz6ruunj000x386l4qiqzsvd 0 0.83359375 0.98125 0.0265625 0.0375
ckz6ruw8w000z386lc52x10qx 0 0.8409064797794118 0.7541666666666667 0.0265625 0.0375
ckz6ruzco0013386lo3nqjmle 0 0.828125 0.43645833333333334 0.025 0.03958333333333333
ckz6rv4et0015386le3rdpw93 0 0.864436712184874 0.409375 0.025 0.03958333333333333
ckz6rva9o0019386ll7e0plel 0 0.6313925375288684 0.23598441108545035 0.0265625 0.03333333333333333
ckz6rvlfq001d386lt59x4kz2 0 0.7553485576923077 0.1092948717948718 0.0265625 0.03333333333333333
ckz6rvnb8001f386l63s6p1ys 0 0.71015625 0.6354166666666666 0.0265625 0.03333333333333333
ckz6rvpuj001h386lhrb15el1 0 0.5210831925675675 0.5985219594594594 0.0296875 0.03333333333333333
ckz6rvrjs001j386lscfviwaz 0 0.4626245471014493 0.4431964573268921 0.0265625 0.03333333333333333
ckz6rvxvs001p386l9u5f2w3s 0 0.98359375 0.371875 0.028125 0.0375
ckz6rw56s001x386l432ih3l6 0 0.9292484032846715 0.971418795620438 0.0234375 0.035416666666666666
cl4ssee0s0008356hd15z4qn8 0 0.58828125 0.11875 0.0296875 0.05
cl4ssegqi000c356hwxoota92 0 0.6015625 0.20625 0.025 0.04583333333333333
cl4uq6b5l0003356p4ou3mrfw 0 0.85625 0.22395833333333334 0.0375 0.04375
cl4uqbjp9000b356p2175vvqw 0 0.4896294751213592 0.7534106998381878 0.0421875 0.04375
cl4uqf5bj000f356p05tutl57 0 0.8731026785714286 0.6388392857142857 0.0296875 0.03958333333333333
cl4uqu10i000j356pw85hd2yi 0 0.14393028846153846 0.9321314102564102 0.025 0.03958333333333333
cl4uqxtok000n356p228e7wni 0 0.174609375 0.9734375 0.028125 0.029166666666666667
cl4ur3vs8000v356pe031p1yo 0 0.48468077299412915 0.046467302674494455 0.025 0.02708333333333333
cl4uru0kq0013356pt4h9yjm1 0 0.5078555610236221 0.024073162729658797 0.0296875 0.03125000000000001
cl4urwkrx0017356pikpviaa9 0 0.35703125 0.06354166666666666 0.0234375 0.027083333333333334
cl4us8aru001l356p2sc1k1bh 0 0.9875334821428572 0.013953373015873015 0.02082589285714285 0.02288690476190476
cl53eq6de000f356i3cjd5jif 1 0.57109375 0.13333333333333333 0.0890625 0.1125
cl53eqa7m000l356ivf26125u 1 0.3203125 0.21041666666666667 0.103125 0.09583333333333334
