ckz3v9nzv00033867jsekqdcl 0 0.26875344162995596 0.4315069750367107 0.0265625 0.0375
ckz6ru2eb0001386lefk6js4m 0 0.23828125 0.5770833333333333 0.0265625 0.0375
ckz6ru3um0003386l39xwv0yk 0 0.2424433515936255 0.85625 0.0265625 0.0375
ckz6ru5610005386l8uoys4lc 0 0.19453125 0.8458333333333333 0.0265625 0.0375
ckz6ru6of0007386lhf2t4dtw 0 0.08359375 0.80625 0.0265625 0.0375
ckz6ru83f0009386lx7517dwf 0 0.02064992704280156 0.7474991893644617 0.0265625 0.0375
ckz6ru99l000b386l18xh2byu 0 0.13515625 0.18958333333333333 0.0265625 0.0375
ckz6rub67000d386ld3mx1dyi 0 0.22176339285714283 0.18541666666666667 0.0265625 0.041666666666666664
ckz6ruchb000f386lxxpeu5na 0 0.2634521484375 0.12685546875 0.0265625 0.0375
ckz6rudsb000h386lkwwvc8dz 0 0.28277315647482015 0.21984412470023978 0.0265625 0.0375
ckz6ruf3e000j386lbyqpxw51 0 0.2926388197211155 0.327523240371846 0.0265625 0.0375
ckz6rugcj000l386lzjazem8c 0 0.20546875 0.5291666666666667 0.028125 0.04583333333333333
ckz6rui7o000n386lh32dwmkr 0 0.5506363824503311 0.9392108167770419 0.0265625 0.0375
ckz6ruj49000p386lndk3j9jv 0 0.63828125 0.5773484848484849 0.0265625 0.0375
ckz6rup8s000r386lkjotnoh0 0 0.48828125 0.86875 0.0265625 0.0375
ckz6rut1n000v386l8rfix41j 0 0.8455020599579243 0.8486500701262273 0.0265625 0.0375
ckz6ruunj000x386l4qiqzsvd 0 0.8361270599579242 0.9736500701262273 0.0265625 0.0375
ckz6ruw8w000z386lc52x10qx 0 0.8526812324684432 0.7516333567087424 0.0265625 0.0375
ckz6ruzco0013386lo3nqjmle 0 0.828125 0.43645833333333334 0.025 0.03958333333333333
ckz6rv4et0015386le3rdpw93 0 0.8670798319327732 0.409375 0.025 0.03958333333333333
ckz6rva9o0019386ll7e0plel 0 0.6642933957489878 0.1706140350877193 0.0265625 0.03333333333333333
ckz6rvlfq001d386lt59x4kz2 0 0.7733402359437751 0.0767570281124498 0.0265625 0.03333333333333333
ckz6rvnb8001f386l63s6p1ys 0 0.71015625 0.6354166666666666 0.0265625 0.03333333333333333
ckz6rvpuj001h386lhrb15el1 0 0.5807244318181819 0.5145075757575758 0.0265625 0.03333333333333333
ckz6rvrjs001j386lscfviwaz 0 0.49291403210116735 0.40479896238651103 0.0265625 0.03333333333333333
ckz6rvvx4001n386lwp0hh90g 0 0.0078125 0.2875 0.015625 0.03333333333333333
ckz6rvxvs001p386l9u5f2w3s 0 0.4083333333333333 0.4548611111111111 0.028124999999999956 0.0375
ckz6rw3in001v386l6bltg9jj 0 0.77421875 0.28541666666666665 0.0265625 0.03333333333333333
ckz6rw56s001x386l432ih3l6 0 0.9825915404040405 0.8279776936026937 0.019570707070707093 0.035416666666666666
cl4sse7t80004356hlgz3o2fx 0 0.81171875 0.9395833333333333 0.0328125 0.041666666666666664
cl4ssee0s0008356hd15z4qn8 0 0.58828125 0.11875 0.0296875 0.05
cl4ssegqi000c356hwxoota92 0 0.6015625 0.20625 0.025 0.04583333333333333
cl4sseopo000g356h6ldd8ms6 0 0.09088541666666668 0.2361111111111111 0.03593750000000001 0.04583333333333333
cl4uq6b5l0003356p4ou3mrfw 0 0.85625 0.22395833333333334 0.0375 0.04375
cl4uqbjp9000b356p2175vvqw 0 0.5017680921052632 0.7359649122807017 0.0421875 0.04375
cl4ur3tl4000r356p5yynq6lr 0 0.43984375 0.035416666666666666 0.0234375 0.029166666666666667
cl4ur3vs8000v356pe031p1yo 0 0.4990178571428571 0.01961309523809524 0.025 0.027083333333333334
cl4urtjol000z356puo72ztp3 0 0.353125 0.1 0.028125 0.0375
cl4uru0kq0013356pt4h9yjm1 0 0.5227982954545454 0.010369318181818181 0.0296875 0.01875
cl4urwkrx0017356pikpviaa9 0 0.36640625 0.010416666666666666 0.0234375 0.020833333333333332
cl53eq6de000f356i3cjd5jif 1 0.57109375 0.13333333333333333 0.0890625 0.1125
cl53eqa7m000l356ivf26125u 1 0.3203125 0.21041666666666667 0.103125 0.09583333333333334
