ckz3v9nzv00033867jsekqdcl 0 0.27315403761061946 0.4218411996066863 0.0265625 0.0375
ckz6ru2eb0001386lefk6js4m 0 0.23828125 0.5777582159624414 0.0265625 0.0375
ckz6ru3um0003386l39xwv0yk 0 0.243306191314554 0.8553501564945226 0.0265625 0.0375
ckz6ru5610005386l8uoys4lc 0 0.19453125 0.8458333333333333 0.0265625 0.0375
ckz6ru6of0007386lhf2t4dtw 0 0.08359375 0.80625 0.0265625 0.0375
ckz6ru83f0009386lx7517dwf 0 0.026287411971830987 0.7308000782472613 0.0265625 0.0375
ckz6ru99l000b386l18xh2byu 0 0.13515625 0.18958333333333333 0.0265625 0.0375
ckz6rub67000d386ld3mx1dyi 0 0.21796875 0.16671195652173912 0.0265625 0.0375
ckz6ruchb000f386lxxpeu5na 0 0.29235587284482756 0.10762392241379311 0.0265625 0.0375
ckz6rudsb000h386lkwwvc8dz 0 0.2840883543165468 0.21809052757793765 0.0265625 0.0375
ckz6ruf3e000j386lbyqpxw51 0 0.312056191314554 0.30974178403755864 0.0265625 0.0375
ckz6rugcj000l386lzjazem8c 0 0.3533854166666667 0.3465277777777778 0.0265625 0.041666666666666664
ckz6rui7o000n386lh32dwmkr 0 0.57278095657277 0.8896420187793427 0.0265625 0.0375
ckz6ruj49000p386lndk3j9jv 0 0.6425081286127168 0.5682201348747591 0.0265625 0.0375
ckz6rup8s000r386lkjotnoh0 0 0.48828125 0.86875 0.0265625 0.0375
ckz6rurv1000t386llsdca8lh 0 0.78984375 0.8260416666666667 0.0234375 0.0375
ckz6rut1n000v386l8rfix41j 0 0.8475532521037868 0.8424964936886395 0.0265625 0.0375
ckz6ruunj000x386l4qiqzsvd 0 0.8381782521037868 0.9674964936886395 0.0265625 0.0375
ckz6ruw8w000z386lc52x10qx 0 0.8542196265778401 0.7495821645628798 0.0265625 0.0375
ckz6ruzco0013386lo3nqjmle 0 0.828125 0.43645833333333334 0.025 0.03958333333333333
ckz6rv4et0015386le3rdpw93 0 0.868001575630252 0.409375 0.025 0.03958333333333333
ckz6rv5s20017386lyas5kerj 0 0.61015625 0.08958333333333333 0.0234375 0.035416666666666666
ckz6rva9o0019386ll7e0plel 0 0.6701144873271889 0.14558371735791092 0.0265625 0.03333333333333333
ckz6rvlfq001d386lt59x4kz2 0 0.7718207744215938 0.06860539845758355 0.0265625 0.03333333333333333
ckz6rvnb8001f386l63s6p1ys 0 0.710493691314554 0.6358665884194054 0.0265625 0.03333333333333333
ckz6rvpuj001h386lhrb15el1 0 0.591068808685446 0.4921752738654147 0.0265625 0.03333333333333333
ckz6rvrjs001j386lscfviwaz 0 0.497993691314554 0.38890845070422536 0.0265625 0.03333333333333333
ckz6rvvx4001n386lwp0hh90g 0 0.014174107142857145 0.24375 0.0265625 0.03333333333333333
ckz6rvxvs001p386l9u5f2w3s 0 0.20833333333333334 0.3159722222222222 0.02812500000000002 0.0375
ckz6rw3in001v386l6bltg9jj 0 0.79453125 0.6260416666666667 0.0265625 0.03333333333333333
ckz6rw56s001x386l432ih3l6 0 0.9926827566964285 0.7767020089285716 0.014634486607142883 0.035100446428571415
cl4sse7t80004356hlgz3o2fx 0 0.6671875 0.503125 0.025 0.041666666666666664
cl4ssee0s0008356hd15z4qn8 0 0.58828125 0.11875 0.0296875 0.05
cl4ssegqi000c356hwxoota92 0 0.6015625 0.20625 0.025 0.04583333333333333
cl4sseopo000g356h6ldd8ms6 0 0.25390625 0.54375 0.0359375 0.04583333333333333
cl4swkq5u0003356p8vuhc7nn 0 0.288671875 0.4734375 0.0328125 0.0375
cl4uq6b5l0003356p4ou3mrfw 0 0.85625 0.22395833333333334 0.0375 0.04375
cl4uqbjp9000b356p2175vvqw 0 0.508984375 0.7247395833333333 0.0421875 0.04375
cl53eq6de000f356i3cjd5jif 1 0.57109375 0.13333333333333333 0.0890625 0.1125
cl53eqa7m000l356ivf26125u 1 0.3203125 0.21041666666666667 0.103125 0.09583333333333334
