ckz3v9nzv00033867jsekqdcl 0 0.2697996971365639 0.4304607195301028 0.0265625 0.0375
ckz6ru2eb0001386lefk6js4m 0 0.23828125 0.5770833333333333 0.0265625 0.0375
ckz6ru3um0003386l39xwv0yk 0 0.24253797310756972 0.85625 0.0265625 0.0375
ckz6ru5610005386l8uoys4lc 0 0.19453125 0.8458333333333333 0.0265625 0.0375
ckz6ru6of0007386lhf2t4dtw 0 0.08359375 0.80625 0.0265625 0.0375
ckz6ru83f0009386lx7517dwf 0 0.021574051556420233 0.744572795071336 0.0265625 0.0375
ckz6ru99l000b386l18xh2byu 0 0.13515625 0.18958333333333333 0.0265625 0.0375
ckz6rub67000d386ld3mx1dyi 0 0.22109375 0.1828125 0.0265625 0.041666666666666664
ckz6ruchb000f386lxxpeu5na 0 0.26727505387931033 0.12346443965517243 0.0265625 0.0375
ckz6rudsb000h386lkwwvc8dz 0 0.2829867356115108 0.2195593525179856 0.0265625 0.0375
ckz6ruf3e000j386lbyqpxw51 0 0.29571401892430277 0.3234229747675963 0.0265625 0.0375
ckz6rugcj000l386lzjazem8c 0 0.21875 0.48333333333333334 0.028125 0.04583333333333333
ckz6rui7o000n386lh32dwmkr 0 0.5541752897350993 0.931346578366446 0.0265625 0.0375
ckz6ruj49000p386lndk3j9jv 0 0.63828125 0.5751893939393938 0.0265625 0.0375
ckz6rup8s000r386lkjotnoh0 0 0.48828125 0.86875 0.0265625 0.0375
ckz6rut1n000v386l8rfix41j 0 0.8458351595371669 0.8476507713884993 0.0265625 0.0375
ckz6ruunj000x386l4qiqzsvd 0 0.8364601595371669 0.9726507713884993 0.0265625 0.0375
ckz6ruw8w000z386lc52x10qx 0 0.8529310571528752 0.7513002571294998 0.0265625 0.0375
ckz6ruzco0013386lo3nqjmle 0 0.828125 0.43645833333333334 0.025 0.03958333333333333
ckz6rv4et0015386le3rdpw93 0 0.8672295168067226 0.409375 0.025 0.03958333333333333
ckz6rva9o0019386ll7e0plel 0 0.6652549342105263 0.16644736842105262 0.0265625 0.03333333333333333
ckz6rvlfq001d386lt59x4kz2 0 0.7741825996143958 0.07490359897172237 0.0265625 0.03333333333333333
ckz6rvnb8001f386l63s6p1ys 0 0.71015625 0.6354166666666666 0.0265625 0.03333333333333333
ckz6rvpuj001h386lhrb15el1 0 0.5828835227272727 0.5094696969696969 0.0265625 0.03333333333333333
ckz6rvrjs001j386lscfviwaz 0 0.49522434338521404 0.40449092088197147 0.0265625 0.03333333333333333
ckz6rvvx4001n386lwp0hh90g 0 0.01 0.28 0.02 0.03333333333333333
ckz6rvxvs001p386l9u5f2w3s 0 0.38515625 0.4609375 0.028125 0.0375
ckz6rw3in001v386l6bltg9jj 0 0.7796875 0.35625 0.0265625 0.03333333333333333
ckz6rw56s001x386l432ih3l6 0 0.985440340909091 0.8199810606060606 0.01747159090909083 0.035416666666666666
cl4sse7t80004356hlgz3o2fx 0 0.7809895833333333 0.8590277777777777 0.03906250000000009 0.041666666666666664
cl4ssee0s0008356hd15z4qn8 0 0.58828125 0.11875 0.0296875 0.05
cl4ssegqi000c356hwxoota92 0 0.6015625 0.20625 0.025 0.04583333333333333
cl4sseopo000g356h6ldd8ms6 0 0.15546875 0.26666666666666666 0.0359375 0.04583333333333333
cl4uq6b5l0003356p4ou3mrfw 0 0.85625 0.22395833333333334 0.0375 0.04375
cl4uqbjp9000b356p2175vvqw 0 0.5029399671052632 0.734141995614035 0.0421875 0.04375
cl4ur3tl4000r356p5yynq6lr 0 0.36305803571428574 0.08005952380952382 0.0234375 0.029166666666666667
cl4ur3vs8000v356pe031p1yo 0 0.4978869047619048 0.018607804232804233 0.025 0.027083333333333334
cl4urtjol000z356puo72ztp3 0 0.4224330357142857 0.041220238095238095 0.0296875 0.04375
cl4uru0kq0013356pt4h9yjm1 0 0.5245975378787879 0.009769570707070708 0.0296875 0.01875
cl53eq6de000f356i3cjd5jif 1 0.57109375 0.13333333333333333 0.0890625 0.1125
cl53eqa7m000l356ivf26125u 1 0.3203125 0.21041666666666667 0.103125 0.09583333333333334
