ckz3v9nzv00033867jsekqdcl 0 0.2693041024229075 0.4309563142437592 0.0265625 0.0375
ckz6ru2eb0001386lefk6js4m 0 0.23828125 0.5770833333333333 0.0265625 0.0375
ckz6ru3um0003386l39xwv0yk 0 0.24249315239043825 0.85625 0.0265625 0.0375
ckz6ru5610005386l8uoys4lc 0 0.19453125 0.8458333333333333 0.0265625 0.0375
ckz6ru6of0007386lhf2t4dtw 0 0.08359375 0.80625 0.0265625 0.0375
ckz6ru83f0009386lx7517dwf 0 0.021136308365758756 0.7459589818417639 0.0265625 0.0375
ckz6ru99l000b386l18xh2byu 0 0.13515625 0.18958333333333333 0.0265625 0.0375
ckz6rub67000d386ld3mx1dyi 0 0.22109375 0.18407738095238096 0.0265625 0.041666666666666664
ckz6ruchb000f386lxxpeu5na 0 0.26497171336206893 0.12491918103448277 0.0265625 0.03750000000000001
ckz6rudsb000h386lkwwvc8dz 0 0.28288556654676256 0.21969424460431655 0.0265625 0.0375
ckz6ruf3e000j386lbyqpxw51 0 0.29425734561752986 0.3253652058432935 0.0265625 0.0375
ckz6rugcj000l386lzjazem8c 0 0.2015625 0.5104166666666666 0.028125 0.04583333333333333
ckz6rui7o000n386lh32dwmkr 0 0.5524989652317881 0.9350717439293598 0.0265625 0.0375
ckz6ruj49000p386lndk3j9jv 0 0.63828125 0.5762121212121212 0.0265625 0.0375
ckz6rup8s000r386lkjotnoh0 0 0.48828125 0.86875 0.0265625 0.0375
ckz6rut1n000v386l8rfix41j 0 0.8456773755259468 0.8481241234221599 0.0265625 0.0375
ckz6ruunj000x386l4qiqzsvd 0 0.8363023755259468 0.9731241234221599 0.0265625 0.0375
ckz6ruw8w000z386lc52x10qx 0 0.85281271914446 0.75145804114072 0.0265625 0.0375
ckz6ruzco0013386lo3nqjmle 0 0.828125 0.43645833333333334 0.025 0.03958333333333333
ckz6rv4et0015386le3rdpw93 0 0.8671586134453781 0.409375 0.025 0.03958333333333333
ckz6rva9o0019386ll7e0plel 0 0.6647994686234818 0.16842105263157894 0.0265625 0.03333333333333333
ckz6rvlfq001d386lt59x4kz2 0 0.7738422439759036 0.07575301204819278 0.0265625 0.03333333333333333
ckz6rvnb8001f386l63s6p1ys 0 0.71015625 0.6354166666666666 0.0265625 0.03333333333333333
ckz6rvpuj001h386lhrb15el1 0 0.5818607954545454 0.5118560606060606 0.0265625 0.03333333333333333
ckz6rvrjs001j386lscfviwaz 0 0.4941299854085603 0.40463683527885863 0.0265625 0.03333333333333333
ckz6rvvx4001n386lwp0hh90g 0 0.008963815789473684 0.2835526315789474 0.01792763157894737 0.03333333333333333
ckz6rvxvs001p386l9u5f2w3s 0 0.3890625 0.46510416666666665 0.028125 0.0375
ckz6rw3in001v386l6bltg9jj 0 0.7768229166666667 0.31736111111111115 0.0265625 0.03333333333333333
ckz6rw56s001x386l432ih3l6 0 0.984090909090909 0.8237689393939395 0.01846590909090917 0.035416666666666666
cl4sse7t80004356hlgz3o2fx 0 0.79765625 0.9119791666666667 0.0390625 0.041666666666666664
cl4ssee0s0008356hd15z4qn8 0 0.58828125 0.11875 0.0296875 0.05
cl4ssegqi000c356hwxoota92 0 0.6015625 0.20625 0.025 0.04583333333333333
cl4sseopo000g356h6ldd8ms6 0 0.13671875 0.24791666666666667 0.0359375 0.04583333333333333
cl4uq6b5l0003356p4ou3mrfw 0 0.85625 0.22395833333333334 0.0375 0.04375
cl4uqbjp9000b356p2175vvqw 0 0.5023848684210527 0.7350054824561403 0.0421875 0.04375
cl4ur3tl4000r356p5yynq6lr 0 0.397265625 0.10208333333333333 0.0234375 0.029166666666666667
cl4ur3vs8000v356pe031p1yo 0 0.4984226190476191 0.019083994708994707 0.025 0.027083333333333334
cl4urtjol000z356puo72ztp3 0 0.377734375 0.05807291666666667 0.028125 0.0375
cl4uru0kq0013356pt4h9yjm1 0 0.5237452651515151 0.010053661616161617 0.0296875 0.01875
cl53eq6de000f356i3cjd5jif 1 0.57109375 0.13333333333333333 0.0890625 0.1125
cl53eqa7m000l356ivf26125u 1 0.3203125 0.21041666666666667 0.103125 0.09583333333333334
