ckz3v9nzv00033867jsekqdcl 0 0.26484375 0.4354166666666667 0.0265625 0.0375
ckz6ru2eb0001386lefk6js4m 0 0.23828125 0.5770833333333333 0.0265625 0.0375
ckz6ru3um0003386l39xwv0yk 0 0.24184823207171316 0.85625 0.0265625 0.0375
ckz6ru5610005386l8uoys4lc 0 0.19453125 0.8458333333333333 0.0265625 0.0375
ckz6ru6of0007386lhf2t4dtw 0 0.08359375 0.80625 0.0265625 0.0375
ckz6ru83f0009386lx7517dwf 0 0.014837670233463034 0.7659046692607004 0.0265625 0.0375
ckz6ru99l000b386l18xh2byu 0 0.13515625 0.18958333333333333 0.0265625 0.0375
ckz6rub67000d386ld3mx1dyi 0 0.28046875 0.23958333333333334 0.0265625 0.041666666666666664
ckz6ruchb000f386lxxpeu5na 0 0.24605208333333334 0.1501333333333333 0.0265625 0.037499999999999985
ckz6rudsb000h386lkwwvc8dz 0 0.28142985611510796 0.22163519184652278 0.0265625 0.0375
ckz6ruf3e000j386lbyqpxw51 0 0.2739172149122807 0.3533991228070175 0.0265625 0.0375
ckz6rugcj000l386lzjazem8c 0 0.049687499999999996 0.5454166666666667 0.028124999999999994 0.05
ckz6rui7o000n386lh32dwmkr 0 0.5341702507320644 0.9736853343094192 0.0265625 0.0375
ckz6ruj49000p386lndk3j9jv 0 0.6286877648305085 0.6010946327683616 0.0265625 0.0375
ckz6rup8s000r386lkjotnoh0 0 0.48828125 0.86875 0.0265625 0.0375
ckz6rut1n000v386l8rfix41j 0 0.8434070389200562 0.8549351332398316 0.0265625 0.0375
ckz6ruunj000x386l4qiqzsvd 0 0.8340320389200562 0.9799351332398316 0.0265625 0.0375
ckz6ruw8w000z386lc52x10qx 0 0.8511099666900421 0.7537283777466105 0.0265625 0.0375
ckz6ruzco0013386lo3nqjmle 0 0.828125 0.43645833333333334 0.025 0.03958333333333333
ckz6rv4et0015386le3rdpw93 0 0.8661383928571429 0.409375 0.025 0.03958333333333333
ckz6rva9o0019386ll7e0plel 0 0.6605891504329005 0.18756313131313132 0.0265625 0.03333333333333333
ckz6rvlfq001d386lt59x4kz2 0 0.7673412399598394 0.08875502008032128 0.0265625 0.03333333333333333
ckz6rvnb8001f386l63s6p1ys 0 0.71015625 0.6354166666666666 0.0265625 0.03333333333333333
ckz6rvpuj001h386lhrb15el1 0 0.5616233301526717 0.5434398854961832 0.029031488549618345 0.03333333333333333
ckz6rvrjs001j386lscfviwaz 0 0.4795478062913907 0.4103890728476821 0.0265625 0.03333333333333333
ckz6rvxvs001p386l9u5f2w3s 0 0.64453125 0.565625 0.028125 0.0375
ckz6rw3in001v386l6bltg9jj 0 0.61796875 0.05 0.0265625 0.03333333333333333
ckz6rw56s001x386l432ih3l6 0 0.9729992378048781 0.8697408536585366 0.0234375 0.035416666666666666
cl4ssee0s0008356hd15z4qn8 0 0.58828125 0.11875 0.0296875 0.05
cl4ssegqi000c356hwxoota92 0 0.6015625 0.20625 0.025 0.04583333333333333
cl4uq6b5l0003356p4ou3mrfw 0 0.85625 0.22395833333333334 0.0375 0.04375
cl4uq7un10007356p14ye3ifb 0 0.91015625 0.21493055555555557 0.0328125 0.04375
cl4uqbjp9000b356p2175vvqw 0 0.4953636984223301 0.7457650687702266 0.0421875 0.04375
cl4ur3vs8000v356pe031p1yo 0 0.5061309523809523 0.025935846560846562 0.025 0.027083333333333334
cl4urtjol000z356puo72ztp3 0 0.02890625 0.28229166666666666 0.0296875 0.03958333333333333
cl4uru0kq0013356pt4h9yjm1 0 0.5114820075757576 0.014141414141414144 0.0296875 0.01875
cl4urwkrx0017356pikpviaa9 0 0.36601646505376345 0.029312275985663085 0.0234375 0.027083333333333334
cl53eq6de000f356i3cjd5jif 1 0.57109375 0.13333333333333333 0.0890625 0.1125
cl53eqa7m000l356ivf26125u 1 0.3203125 0.21041666666666667 0.103125 0.09583333333333334
