ckz3v9nzv00033867jsekqdcl 0 0.26484375 0.4354166666666667 0.0265625 0.0375
ckz6ru2eb0001386lefk6js4m 0 0.23828125 0.5770833333333333 0.0265625 0.0375
ckz6ru3um0003386l39xwv0yk 0 0.24038408864541833 0.85625 0.0265625 0.0375
ckz6ru5610005386l8uoys4lc 0 0.19453125 0.8458333333333333 0.0265625 0.0375
ckz6ru6of0007386lhf2t4dtw 0 0.08359375 0.80625 0.0265625 0.0375
ckz6ru99l000b386l18xh2byu 0 0.13515625 0.18958333333333333 0.0265625 0.0375
ckz6rub67000d386ld3mx1dyi 0 0.28237847222222223 0.2013888888888889 0.0265625 0.041666666666666664
ckz6ruchb000f386lxxpeu5na 0 0.2173895474137931 0.17771192528735633 0.0265625 0.0375
ckz6rudsb000h386lkwwvc8dz 0 0.26824448529411765 0.25098039215686274 0.0265625 0.0375
ckz6ruf3e000j386lbyqpxw51 0 0.227734375 0.3880208333333333 0.0265625 0.0375
ckz6rui7o000n386lh32dwmkr 0 0.5395509242313323 0.9808595656417765 0.0265625 0.0375
ckz6ruj49000p386lndk3j9jv 0 0.6316193776150627 0.6117677824267782 0.0265625 0.0375
ckz6rup8s000r386lkjotnoh0 0 0.48828125 0.86875 0.0265625 0.0375
ckz6rut1n000v386l8rfix41j 0 0.84296875 0.85625 0.0265625 0.0375
ckz6ruunj000x386l4qiqzsvd 0 0.83359375 0.98125 0.0265625 0.0375
ckz6ruw8w000z386lc52x10qx 0 0.8368738511029411 0.7541666666666667 0.0265625 0.0375
ckz6ruzco0013386lo3nqjmle 0 0.828125 0.43645833333333334 0.025 0.03958333333333333
ckz6rv4et0015386le3rdpw93 0 0.8640625 0.409375 0.025 0.03958333333333333
ckz6rva9o0019386ll7e0plel 0 0.6297037384526558 0.23748556581986144 0.0265625 0.03333333333333333
ckz6rvlfq001d386lt59x4kz2 0 0.7508278917910448 0.12531094527363182 0.0265625 0.03333333333333332
ckz6rvnb8001f386l63s6p1ys 0 0.71015625 0.6354166666666666 0.0265625 0.03333333333333333
ckz6rvpuj001h386lhrb15el1 0 0.5096507352941176 0.6031862745098039 0.0296875 0.03333333333333333
ckz6rvrjs001j386lscfviwaz 0 0.459848980125523 0.4578539051603905 0.0265625 0.03333333333333333
ckz6rw56s001x386l432ih3l6 0 0.9103914650537634 0.9924843189964158 0.02649529569892479 0.015031362007168406
cl4ssee0s0008356hd15z4qn8 0 0.58828125 0.11875 0.0296875 0.05
cl4ssegqi000c356hwxoota92 0 0.6015625 0.20625 0.025 0.04583333333333333
cl4uq6b5l0003356p4ou3mrfw 0 0.85625 0.22395833333333334 0.0375 0.04375
cl4uqbjp9000b356p2175vvqw 0 0.4875587833737864 0.7561716221682848 0.0421875 0.04375
cl4uqf5bj000f356p05tutl57 0 0.8090198863636363 0.8595643939393939 0.0296875 0.03958333333333333
cl4uqu10i000j356pw85hd2yi 0 0.18285845588235294 0.8517769607843138 0.025 0.03958333333333333
cl4uqxtok000n356p228e7wni 0 0.021562500000000002 0.8439583333333334 0.03125 0.03958333333333333
cl4ur3vs8000v356pe031p1yo 0 0.48324975538160475 0.04837532615786041 0.025 0.027083333333333334
cl4uru0kq0013356pt4h9yjm1 0 0.5088152066929135 0.02663221784776903 0.0296875 0.03125
cl4urwkrx0017356pikpviaa9 0 0.35703125 0.06354166666666666 0.0234375 0.027083333333333334
cl4us4ype001h356pnyet3ts9 0 0.7875 0.171875 0.034375 0.03958333333333333
cl4us8aru001l356p2sc1k1bh 0 0.9796986607142857 0.025947420634920636 0.022566964285714163 0.02985119047619048
cl53eq6de000f356i3cjd5jif 1 0.57109375 0.13333333333333333 0.0890625 0.1125
cl53eqa7m000l356ivf26125u 1 0.3203125 0.21041666666666667 0.103125 0.09583333333333334
