ckz3v9nzv00033867jsekqdcl 0 0.2678448513215859 0.43241556534508074 0.0265625 0.0375
ckz6ru2eb0001386lefk6js4m 0 0.23828125 0.5770833333333333 0.0265625 0.0375
ckz6ru3um0003386l39xwv0yk 0 0.24236118027888445 0.85625 0.0265625 0.0375
ckz6ru5610005386l8uoys4lc 0 0.19453125 0.8458333333333333 0.0265625 0.0375
ckz6ru6of0007386lhf2t4dtw 0 0.08359375 0.80625 0.0265625 0.0375
ckz6ru83f0009386lx7517dwf 0 0.019847397859922178 0.7500405317769131 0.0265625 0.0375
ckz6ru99l000b386l18xh2byu 0 0.13515625 0.18958333333333333 0.0265625 0.0375
ckz6rub67000d386ld3mx1dyi 0 0.228125 0.18541666666666667 0.0265625 0.041666666666666664
ckz6ruchb000f386lxxpeu5na 0 0.26103515625 0.130078125 0.0265625 0.0375
ckz6rudsb000h386lkwwvc8dz 0 0.2825876798561151 0.22009142685851318 0.0265625 0.0375
ckz6ruf3e000j386lbyqpxw51 0 0.28996825199203186 0.3310839973439575 0.0265625 0.0375
ckz6rugcj000l386lzjazem8c 0 0.165625 0.5225000000000001 0.028125 0.04916666666666671
ckz6rui7o000n386lh32dwmkr 0 0.54755859375 0.946021412037037 0.0265625 0.0375
ckz6ruj49000p386lndk3j9jv 0 0.638234904661017 0.5792725988700566 0.0265625 0.0375
ckz6rup8s000r386lkjotnoh0 0 0.48828125 0.86875 0.0265625 0.0375
ckz6rut1n000v386l8rfix41j 0 0.8452127892706873 0.8495178821879382 0.0265625 0.0375
ckz6ruunj000x386l4qiqzsvd 0 0.8358377892706873 0.9745178821879382 0.0265625 0.0375
ckz6ruw8w000z386lc52x10qx 0 0.8524642794530154 0.7519226273959794 0.0265625 0.0375
ckz6ruzco0013386lo3nqjmle 0 0.828125 0.43645833333333334 0.025 0.03958333333333333
ckz6rv4et0015386le3rdpw93 0 0.8669498424369747 0.409375 0.025 0.03958333333333333
ckz6rva9o0019386ll7e0plel 0 0.6634583755060729 0.17423245614035088 0.0265625 0.03333333333333333
ckz6rvlfq001d386lt59x4kz2 0 0.7725119226907631 0.0784136546184739 0.0265625 0.03333333333333333
ckz6rvnb8001f386l63s6p1ys 0 0.71015625 0.6354166666666666 0.0265625 0.03333333333333333
ckz6rvpuj001h386lhrb15el1 0 0.5788227576335878 0.5188692748091603 0.026574427480916006 0.03333333333333333
ckz6rvrjs001j386lscfviwaz 0 0.49090770914396886 0.4050664721141375 0.0265625 0.03333333333333333
ckz6rvvx4001n386lwp0hh90g 0 0.0078125 0.2875 0.015625 0.03333333333333333
ckz6rvxvs001p386l9u5f2w3s 0 0.425 0.41875 0.028125 0.0375
ckz6rw3in001v386l6bltg9jj 0 0.74765625 0.25 0.0265625 0.03333333333333333
ckz6rw56s001x386l432ih3l6 0 0.9801175820707071 0.8349221380471381 0.0213936237373737 0.035416666666666666
cl4ssee0s0008356hd15z4qn8 0 0.58828125 0.11875 0.0296875 0.05
cl4ssegqi000c356hwxoota92 0 0.6015625 0.20625 0.025 0.04583333333333333
cl4sseopo000g356h6ldd8ms6 0 0.084375 0.16354166666666667 0.0359375 0.04583333333333333
cl4uq6b5l0003356p4ou3mrfw 0 0.85625 0.22395833333333334 0.0375 0.04375
cl4uqbjp9000b356p2175vvqw 0 0.5007504111842105 0.7375479714912281 0.0421875 0.04375
cl4ur3vs8000v356pe031p1yo 0 0.5 0.020486111111111108 0.025 0.027083333333333334
cl4urtjol000z356puo72ztp3 0 0.319140625 0.13489583333333333 0.028125 0.0375
cl4uru0kq0013356pt4h9yjm1 0 0.5212357954545455 0.010890151515151514 0.0296875 0.01875
cl4urwkrx0017356pikpviaa9 0 0.3734598214285714 0.011808035714285714 0.0234375 0.021592261904761902
cl53eq6de000f356i3cjd5jif 1 0.57109375 0.13333333333333333 0.0890625 0.1125
cl53eqa7m000l356ivf26125u 1 0.3203125 0.21041666666666667 0.103125 0.09583333333333334
