ckz3v9nzv00033867jsekqdcl 0 0.27468888274336284 0.41638397246804326 0.0265625 0.0375
ckz6ru2eb0001386lefk6js4m 0 0.23828125 0.5810152582159624 0.0265625 0.0375
ckz6ru3um0003386l39xwv0yk 0 0.24493471244131454 0.8510074334898279 0.0265625 0.0375
ckz6ru5610005386l8uoys4lc 0 0.19453125 0.8458333333333333 0.0265625 0.0375
ckz6ru6of0007386lhf2t4dtw 0 0.08359375 0.80625 0.0265625 0.0375
ckz6ru83f0009386lx7517dwf 0 0.028730193661971833 0.7286287167449139 0.0265625 0.0375
ckz6ru99l000b386l18xh2byu 0 0.13515625 0.18958333333333333 0.0265625 0.0375
ckz6rub67000d386ld3mx1dyi 0 0.20421874999999998 0.13291666666666666 0.02656249999999998 0.0375
ckz6ruchb000f386lxxpeu5na 0 0.305546875 0.09972222222222223 0.0265625 0.0375
ckz6rudsb000h386lkwwvc8dz 0 0.2847122302158273 0.21725869304556353 0.0265625 0.0375
ckz6ruf3e000j386lbyqpxw51 0 0.3136847124413146 0.30648474178403756 0.0265625 0.0375
ckz6rugcj000l386lzjazem8c 0 0.37734375 0.16041666666666668 0.0265625 0.041666666666666664
ckz6rui7o000n386lh32dwmkr 0 0.5809235622065728 0.8798708920187793 0.0265625 0.0375
ckz6ruj49000p386lndk3j9jv 0 0.6455157153179191 0.5648783718689788 0.0265625 0.0375
ckz6rup8s000r386lkjotnoh0 0 0.48828125 0.86875 0.0265625 0.0375
ckz6rurv1000t386llsdca8lh 0 0.5747395833333333 0.8083333333333333 0.0265625 0.0375
ckz6rut1n000v386l8rfix41j 0 0.8485262535063114 0.8395774894810659 0.0265625 0.0375
ckz6ruunj000x386l4qiqzsvd 0 0.8391512535063115 0.9645774894810659 0.0265625 0.0375
ckz6ruw8w000z386lc52x10qx 0 0.8549493776297336 0.7486091631603553 0.0265625 0.0375
ckz6ruxwl0011386lwhdpziws 0 0.93359375 0.7239583333333334 0.0265625 0.0375
ckz6ruzco0013386lo3nqjmle 0 0.828125 0.43645833333333334 0.025 0.03958333333333333
ckz6rv4et0015386le3rdpw93 0 0.8684388130252101 0.409375 0.025 0.03958333333333333
ckz6rv5s20017386lyas5kerj 0 0.68828125 0.13645833333333332 0.0234375 0.035416666666666666
ckz6rva9o0019386ll7e0plel 0 0.6725122407834101 0.13599270353302612 0.0265625 0.03333333333333335
ckz6rvlfq001d386lt59x4kz2 0 0.7704832101542417 0.06503856041131105 0.0265625 0.033333333333333326
ckz6rvnb8001f386l63s6p1ys 0 0.7121222124413146 0.6380379499217528 0.0265625 0.03333333333333333
ckz6rvpuj001h386lhrb15el1 0 0.5894402875586854 0.4845755086071987 0.0265625 0.03333333333333333
ckz6rvrjs001j386lscfviwaz 0 0.4996222124413146 0.3856514084507042 0.0265625 0.03333333333333333
ckz6rvtvy001l386li54we947 0 0.07265625 0.5322916666666667 0.0296875 0.0375
ckz6rvvx4001n386lwp0hh90g 0 0.01728515625 0.2228515625 0.0265625 0.03333333333333333
ckz6rvxvs001p386l9u5f2w3s 0 0.11432291666666668 0.26493055555555556 0.028125 0.03749999999999997
ckz6rw3in001v386l6bltg9jj 0 0.76875 0.7958333333333333 0.0265625 0.03333333333333333
ckz6rw56s001x386l432ih3l6 0 0.9891985212053571 0.7720563616071429 0.021602957589285765 0.03406808035714282
cl4sse7t80004356hlgz3o2fx 0 0.609375 0.34479166666666666 0.025 0.035416666666666666
cl4ssee0s0008356hd15z4qn8 0 0.58828125 0.11875 0.0296875 0.05
cl4ssegqi000c356hwxoota92 0 0.6015625 0.20625 0.025 0.04583333333333333
cl4sseopo000g356h6ldd8ms6 0 0.30859375 0.6791666666666667 0.0390625 0.041666666666666664
cl4swkq5u0003356p8vuhc7nn 0 0.6322916666666667 0.590625 0.028125 0.035416666666666666
cl4uq6b5l0003356p4ou3mrfw 0 0.85625 0.22395833333333334 0.0375 0.04375
cl4uqbjp9000b356p2175vvqw 0 0.5124074835526315 0.7194147478070175 0.0421875 0.04375
