ckz3v9nzv00033867jsekqdcl 0 0.27446764380530975 0.4171705998033432 0.0265625 0.0375
ckz6ru2eb0001386lefk6js4m 0 0.23828125 0.5805457746478874 0.0265625 0.0375
ckz6ru3um0003386l39xwv0yk 0 0.244699970657277 0.8516334115805947 0.0265625 0.0375
ckz6ru5610005386l8uoys4lc 0 0.19453125 0.8458333333333333 0.0265625 0.0375
ckz6ru6of0007386lhf2t4dtw 0 0.08359375 0.80625 0.0265625 0.0375
ckz6ru83f0009386lx7517dwf 0 0.028378080985915495 0.7289417057902974 0.0265625 0.0375
ckz6ru99l000b386l18xh2byu 0 0.13515625 0.18958333333333333 0.0265625 0.0375
ckz6rub67000d386ld3mx1dyi 0 0.20243844696969698 0.14122474747474748 0.0265625 0.037499999999999985
ckz6ruchb000f386lxxpeu5na 0 0.303671875 0.10083333333333333 0.0265625 0.0375
ckz6rudsb000h386lkwwvc8dz 0 0.2846223021582734 0.21737859712230218 0.0265625 0.0375
ckz6ruf3e000j386lbyqpxw51 0 0.313449970657277 0.30695422535211264 0.0265625 0.0375
ckz6rugcj000l386lzjazem8c 0 0.39140625 0.20694444444444443 0.0265625 0.041666666666666664
ckz6rui7o000n386lh32dwmkr 0 0.579749853286385 0.8812793427230047 0.0265625 0.0375
ckz6ruj49000p386lndk3j9jv 0 0.6450821893063583 0.5653600674373797 0.0265625 0.0375
ckz6rup8s000r386lkjotnoh0 0 0.48828125 0.86875 0.0265625 0.0375
ckz6rurv1000t386llsdca8lh 0 0.60234375 0.8 0.0234375 0.0375
ckz6rut1n000v386l8rfix41j 0 0.8483860010518933 0.8399982468443198 0.0265625 0.0375
ckz6ruunj000x386l4qiqzsvd 0 0.8390110010518933 0.9649982468443198 0.0265625 0.0375
ckz6ruw8w000z386lc52x10qx 0 0.8548441882889201 0.7487494156147733 0.0265625 0.0375
ckz6ruxwl0011386lwhdpziws 0 0.9263020833333334 0.7649305555555556 0.0265625 0.04375
ckz6ruzco0013386lo3nqjmle 0 0.828125 0.43645833333333334 0.025 0.03958333333333333
ckz6rv4et0015386le3rdpw93 0 0.868375787815126 0.409375 0.025 0.03958333333333333
ckz6rv5s20017386lyas5kerj 0 0.66796875 0.140625 0.0234375 0.035416666666666666
ckz6rva9o0019386ll7e0plel 0 0.6721666186635945 0.1373751920122888 0.0265625 0.03333333333333333
ckz6rvlfq001d386lt59x4kz2 0 0.770676012210797 0.06555269922879177 0.0265625 0.033333333333333326
ckz6rvnb8001f386l63s6p1ys 0 0.711887470657277 0.6377249608763693 0.0265625 0.03333333333333333
ckz6rvpuj001h386lhrb15el1 0 0.589675029342723 0.48567097026604067 0.0265625 0.03333333333333333
ckz6rvrjs001j386lscfviwaz 0 0.499387470657277 0.38612089201877936 0.0265625 0.03333333333333333
ckz6rvtvy001l386li54we947 0 0.06515625 0.48166666666666663 0.0296875 0.0375
ckz6rvvx4001n386lwp0hh90g 0 0.016764322916666668 0.2259765625 0.0265625 0.03333333333333333
ckz6rvxvs001p386l9u5f2w3s 0 0.12482638888888889 0.2775462962962963 0.028125 0.0375
ckz6rw3in001v386l6bltg9jj 0 0.76328125 0.7572916666666667 0.0265625 0.03333333333333333
ckz6rw56s001x386l432ih3l6 0 0.9897007533482143 0.7727260044642856 0.02059849330357135 0.03421688988095243
cl4sse7t80004356hlgz3o2fx 0 0.59453125 0.3645833333333333 0.025 0.035416666666666666
cl4ssee0s0008356hd15z4qn8 0 0.58828125 0.11875 0.0296875 0.05
cl4ssegqi000c356hwxoota92 0 0.6015625 0.20625 0.025 0.04583333333333333
cl4sseopo000g356h6ldd8ms6 0 0.30703125 0.6729166666666667 0.0390625 0.041666666666666664
cl4swkq5u0003356p8vuhc7nn 0 0.575 0.6052083333333333 0.028125 0.035416666666666666
cl4uq6b5l0003356p4ou3mrfw 0 0.85625 0.22395833333333334 0.0375 0.04375
cl4uqbjp9000b356p2175vvqw 0 0.5119140625 0.7201822916666667 0.0421875 0.04375
