ckz3v9nzv00033867jsekqdcl 0 0.2732923119469027 0.4213495575221239 0.0265625 0.0375
ckz6ru2eb0001386lefk6js4m 0 0.23828125 0.5780516431924883 0.0265625 0.0375
ckz6ru3um0003386l39xwv0yk 0 0.24345290492957744 0.8549589201877935 0.0265625 0.0375
ckz6ru5610005386l8uoys4lc 0 0.19453125 0.8458333333333333 0.0265625 0.0375
ckz6ru6of0007386lhf2t4dtw 0 0.08359375 0.80625 0.0265625 0.0375
ckz6ru83f0009386lx7517dwf 0 0.0265074823943662 0.7306044600938967 0.0265625 0.0375
ckz6ru99l000b386l18xh2byu 0 0.13515625 0.18958333333333333 0.0265625 0.0375
ckz6rub67000d386ld3mx1dyi 0 0.21796875 0.1653532608695652 0.0265625 0.0375
ckz6ruchb000f386lxxpeu5na 0 0.2936355064655173 0.10681573275862069 0.0265625 0.0375
ckz6rudsb000h386lkwwvc8dz 0 0.284144559352518 0.21801558752997602 0.0265625 0.0375
ckz6ruf3e000j386lbyqpxw51 0 0.3122029049295775 0.30944835680751176 0.0265625 0.0375
ckz6rugcj000l386lzjazem8c 0 0.3546875 0.3416666666666667 0.0265625 0.041666666666666664
ckz6rui7o000n386lh32dwmkr 0 0.5735145246478873 0.8887617370892019 0.0265625 0.0375
ckz6ruj49000p386lndk3j9jv 0 0.6427790823699422 0.5679190751445087 0.0265625 0.0375
ckz6rup8s000r386lkjotnoh0 0 0.48828125 0.86875 0.0265625 0.0375
ckz6rurv1000t386llsdca8lh 0 0.76875 0.8291666666666667 0.0234375 0.0375
ckz6rut1n000v386l8rfix41j 0 0.8476409098877979 0.8422335203366059 0.0265625 0.0375
ckz6ruunj000x386l4qiqzsvd 0 0.838265909887798 0.9672335203366059 0.0265625 0.0375
ckz6ruw8w000z386lc52x10qx 0 0.8542853699158485 0.7494945067788686 0.0265625 0.0375
ckz6ruxwl0011386lwhdpziws 0 0.990625 0.9027777777777778 0.01875 0.041666666666666664
ckz6ruzco0013386lo3nqjmle 0 0.828125 0.43645833333333334 0.025 0.03958333333333333
ckz6rv4et0015386le3rdpw93 0 0.8680409663865547 0.409375 0.025 0.03958333333333333
ckz6rv5s20017386lyas5kerj 0 0.60546875 0.11979166666666667 0.0234375 0.035416666666666666
ckz6rva9o0019386ll7e0plel 0 0.6703305011520737 0.14471966205837175 0.0265625 0.03333333333333333
ckz6rvlfq001d386lt59x4kz2 0 0.7717002731362468 0.06828406169665809 0.0265625 0.033333333333333326
ckz6rvnb8001f386l63s6p1ys 0 0.7106404049295775 0.63606220657277 0.0265625 0.03333333333333333
ckz6rvpuj001h386lhrb15el1 0 0.5909220950704225 0.49149061032863844 0.0265625 0.03333333333333333
ckz6rvrjs001j386lscfviwaz 0 0.4981404049295775 0.3886150234741784 0.0265625 0.03333333333333333
ckz6rvtvy001l386li54we947 0 0.0078125 0.628125 0.0125 0.027083333333333334
ckz6rvvx4001n386lwp0hh90g 0 0.014360119047619047 0.2420138888888889 0.0265625 0.03333333333333333
ckz6rvxvs001p386l9u5f2w3s 0 0.19968750000000002 0.30416666666666664 0.02812500000000002 0.0375
ckz6rw3in001v386l6bltg9jj 0 0.76484375 0.6354166666666666 0.0265625 0.03333333333333333
ckz6rw56s001x386l432ih3l6 0 0.9923688616071429 0.7762834821428571 0.015262276785714235 0.03500744047619051
cl4sse7t80004356hlgz3o2fx 0 0.6510416666666667 0.5159722222222222 0.025 0.03611111111111107
cl4ssee0s0008356hd15z4qn8 0 0.58828125 0.11875 0.0296875 0.05
cl4ssegqi000c356hwxoota92 0 0.6015625 0.20625 0.025 0.04583333333333333
cl4sseopo000g356h6ldd8ms6 0 0.23932291666666666 0.56875 0.0359375 0.04583333333333333
cl4swkq5u0003356p8vuhc7nn 0 0.309765625 0.4875 0.0328125 0.0375
cl4uq6b5l0003356p4ou3mrfw 0 0.85625 0.22395833333333334 0.0375 0.04375
cl4uqbjp9000b356p2175vvqw 0 0.5092927631578947 0.7242598684210526 0.0421875 0.04375
cl53eq6de000f356i3cjd5jif 1 0.57109375 0.13333333333333333 0.0890625 0.1125
cl53eqa7m000l356ivf26125u 1 0.3203125 0.21041666666666667 0.103125 0.09583333333333334
