ckz3v9nzv00033867jsekqdcl 0 0.26484375 0.4354166666666667 0.0265625 0.0375
ckz6ru2eb0001386lefk6js4m 0 0.23828125 0.5770833333333333 0.0265625 0.0375
ckz6ru3um0003386l39xwv0yk 0 0.2419229332669323 0.85625 0.0265625 0.0375
ckz6ru5610005386l8uoys4lc 0 0.19453125 0.8458333333333333 0.0265625 0.0375
ckz6ru6of0007386lhf2t4dtw 0 0.08359375 0.80625 0.0265625 0.0375
ckz6ru83f0009386lx7517dwf 0 0.015567242217898836 0.7635943579766538 0.0265625 0.0375
ckz6ru99l000b386l18xh2byu 0 0.13515625 0.18958333333333333 0.0265625 0.0375
ckz6rub67000d386ld3mx1dyi 0 0.27013221153846156 0.2296474358974359 0.0265625 0.041666666666666664
ckz6ruchb000f386lxxpeu5na 0 0.24814453125 0.147265625 0.0265625 0.0375
ckz6rudsb000h386lkwwvc8dz 0 0.2815984712230216 0.22141037170263791 0.0265625 0.0375
ckz6ruf3e000j386lbyqpxw51 0 0.2759731359649123 0.350109649122807 0.0265625 0.0375
ckz6rugcj000l386lzjazem8c 0 0.06640625 0.5458333333333333 0.028125 0.05
ckz6rui7o000n386lh32dwmkr 0 0.5338957265739385 0.9733193020985846 0.0265625 0.0375
ckz6ruj49000p386lndk3j9jv 0 0.630078125 0.5979166666666667 0.0265625 0.0375
ckz6rup8s000r386lkjotnoh0 0 0.48828125 0.86875 0.0265625 0.0375
ckz6rut1n000v386l8rfix41j 0 0.8436700122720898 0.8541462131837307 0.0265625 0.0375
ckz6ruunj000x386l4qiqzsvd 0 0.8342950122720898 0.9791462131837307 0.0265625 0.0375
ckz6ruw8w000z386lc52x10qx 0 0.8513071967040673 0.7534654043945769 0.0265625 0.0375
ckz6ruzco0013386lo3nqjmle 0 0.828125 0.43645833333333334 0.025 0.03958333333333333
ckz6rv4et0015386le3rdpw93 0 0.8662565651260504 0.409375 0.025 0.03958333333333333
ckz6rva9o0019386ll7e0plel 0 0.6609949945887446 0.18566919191919193 0.0265625 0.03333333333333333
ckz6rvlfq001d386lt59x4kz2 0 0.768094252008032 0.08724899598393575 0.0265625 0.03333333333333333
ckz6rvnb8001f386l63s6p1ys 0 0.71015625 0.6354166666666666 0.0265625 0.03333333333333333
ckz6rvpuj001h386lhrb15el1 0 0.5641281011450381 0.5398616412213741 0.02867366412213741 0.033333333333333395
ckz6rvrjs001j386lscfviwaz 0 0.4807895281456954 0.40831953642384106 0.0265625 0.03333333333333333
ckz6rvxvs001p386l9u5f2w3s 0 0.61015625 0.5760416666666667 0.028125 0.0375
ckz6rw3in001v386l6bltg9jj 0 0.65546875 0.08177083333333333 0.0265625 0.03333333333333333
ckz6rw56s001x386l432ih3l6 0 0.9746594551282051 0.8647702991452991 0.0234375 0.035416666666666666
cl4ssee0s0008356hd15z4qn8 0 0.58828125 0.11875 0.0296875 0.05
cl4ssegqi000c356hwxoota92 0 0.6015625 0.20625 0.025 0.04583333333333333
cl4uq6b5l0003356p4ou3mrfw 0 0.85625 0.22395833333333334 0.0375 0.04375
cl4uq7un10007356p14ye3ifb 0 0.9299479166666667 0.21527777777777776 0.0328125 0.041666666666666664
cl4uqbjp9000b356p2175vvqw 0 0.4957619083737864 0.7452341221682848 0.0421875 0.04375
cl4ur3vs8000v356pe031p1yo 0 0.5052380952380953 0.02514219576719577 0.025 0.027083333333333338
cl4urtjol000z356puo72ztp3 0 0.08255208333333333 0.2940972222222222 0.0296875 0.03958333333333333
cl4uru0kq0013356pt4h9yjm1 0 0.5129024621212122 0.013667929292929292 0.0296875 0.01875
cl4urwkrx0017356pikpviaa9 0 0.36672211021505374 0.026624103942652334 0.0234375 0.027083333333333338
cl4urzbou001b356p2c0bz1ci 0 0.03515625 0.09166666666666666 0.0296875 0.03333333333333333
cl53eq6de000f356i3cjd5jif 1 0.57109375 0.13333333333333333 0.0890625 0.1125
cl53eqa7m000l356ivf26125u 1 0.3203125 0.21041666666666667 0.103125 0.09583333333333334
