ckz3v9nzv00033867jsekqdcl 0 0.27305724557522126 0.42218534906588 0.0265625 0.0375
ckz6ru2eb0001386lefk6js4m 0 0.23828125 0.5775528169014084 0.0265625 0.0375
ckz6ru3um0003386l39xwv0yk 0 0.24320349178403755 0.8556240219092331 0.0265625 0.0375
ckz6ru5610005386l8uoys4lc 0 0.19453125 0.8458333333333333 0.0265625 0.0375
ckz6ru6of0007386lhf2t4dtw 0 0.08359375 0.80625 0.0265625 0.0375
ckz6ru83f0009386lx7517dwf 0 0.026133362676056336 0.7309370109546165 0.0265625 0.0375
ckz6ru99l000b386l18xh2byu 0 0.13515625 0.18958333333333333 0.0265625 0.0375
ckz6rub67000d386ld3mx1dyi 0 0.21796875 0.16766304347826086 0.0265625 0.0375
ckz6ruchb000f386lxxpeu5na 0 0.2914601293103448 0.10818965517241379 0.0265625 0.0375
ckz6rudsb000h386lkwwvc8dz 0 0.2840490107913669 0.2181429856115108 0.0265625 0.0375
ckz6ruf3e000j386lbyqpxw51 0 0.31195349178403753 0.30994718309859154 0.0265625 0.0375
ckz6rugcj000l386lzjazem8c 0 0.37265625 0.3416666666666667 0.0265625 0.041666666666666664
ckz6rui7o000n386lh32dwmkr 0 0.5722674589201878 0.8902582159624414 0.0265625 0.0375
ckz6ruj49000p386lndk3j9jv 0 0.6423184609826589 0.5684308766859344 0.0265625 0.0375
ckz6rup8s000r386lkjotnoh0 0 0.48828125 0.86875 0.0265625 0.0375
ckz6rurv1000t386llsdca8lh 0 0.78984375 0.85 0.0234375 0.0375
ckz6rut1n000v386l8rfix41j 0 0.847491891654979 0.8426805750350631 0.0265625 0.0375
ckz6ruunj000x386l4qiqzsvd 0 0.8381168916549789 0.9676805750350631 0.0265625 0.0375
ckz6ruw8w000z386lc52x10qx 0 0.8541736062412342 0.7496435250116877 0.0265625 0.0375
ckz6ruzco0013386lo3nqjmle 0 0.828125 0.43645833333333334 0.025 0.03958333333333333
ckz6rv4et0015386le3rdpw93 0 0.8679740021008403 0.409375 0.025 0.03958333333333333
ckz6rv5s20017386lyas5kerj 0 0.62421875 0.075 0.0234375 0.035416666666666666
ckz6rva9o0019386ll7e0plel 0 0.6699632776497696 0.14618855606758832 0.0265625 0.03333333333333333
ckz6rvlfq001d386lt59x4kz2 0 0.7719051253213368 0.06883033419023137 0.0265625 0.03333333333333333
ckz6rvnb8001f386l63s6p1ys 0 0.7103909917840376 0.6357296557120501 0.0265625 0.03333333333333333
ckz6rvpuj001h386lhrb15el1 0 0.5911715082159624 0.4926545383411581 0.0265625 0.03333333333333333
ckz6rvrjs001j386lscfviwaz 0 0.4978909917840376 0.3891138497652582 0.0265625 0.03333333333333333
ckz6rvvx4001n386lwp0hh90g 0 0.014043898809523808 0.24496527777777777 0.0265625 0.03333333333333333
ckz6rvxvs001p386l9u5f2w3s 0 0.205859375 0.32838541666666665 0.028125 0.0375
ckz6rw3in001v386l6bltg9jj 0 0.7921875 0.6260416666666667 0.0265625 0.03333333333333333
ckz6rw56s001x386l432ih3l6 0 0.9929024832589285 0.7769949776785715 0.014195033482142882 0.03516555059523808
cl4sse7t80004356hlgz3o2fx 0 0.6640625 0.5395833333333333 0.025 0.041666666666666664
cl4ssee0s0008356hd15z4qn8 0 0.58828125 0.11875 0.0296875 0.05
cl4ssegqi000c356hwxoota92 0 0.6015625 0.20625 0.025 0.04583333333333333
cl4sseopo000g356h6ldd8ms6 0 0.268359375 0.5401041666666667 0.0359375 0.04583333333333333
cl4swkq5u0003356p8vuhc7nn 0 0.26953125 0.44583333333333336 0.0328125 0.0375
cl4uq6b5l0003356p4ou3mrfw 0 0.85625 0.22395833333333334 0.0375 0.04375
cl4uqbjp9000b356p2175vvqw 0 0.5087685032894738 0.7250753837719298 0.0421875 0.04375
cl53eq6de000f356i3cjd5jif 1 0.57109375 0.13333333333333333 0.0890625 0.1125
cl53eqa7m000l356ivf26125u 1 0.3203125 0.21041666666666667 0.103125 0.09583333333333334
