ckz3v9nzv00033867jsekqdcl 0 0.26484375 0.4354166666666667 0.0265625 0.0375
ckz6ru2eb0001386lefk6js4m 0 0.23828125 0.5770833333333333 0.0265625 0.0375
ckz6ru3um0003386l39xwv0yk 0 0.24038657868525895 0.85625 0.0265625 0.0375
ckz6ru5610005386l8uoys4lc 0 0.19453125 0.8458333333333333 0.0265625 0.0375
ckz6ru6of0007386lhf2t4dtw 0 0.08359375 0.80625 0.0265625 0.0375
ckz6ru99l000b386l18xh2byu 0 0.13515625 0.18958333333333333 0.0265625 0.0375
ckz6rub67000d386ld3mx1dyi 0 0.28255208333333337 0.20208333333333334 0.0265625 0.041666666666666664
ckz6ruchb000f386lxxpeu5na 0 0.21748383620689654 0.17765804597701151 0.0265625 0.0375
ckz6rudsb000h386lkwwvc8dz 0 0.2682559742647059 0.2509344362745098 0.0265625 0.03749999999999997
ckz6ruf3e000j386lbyqpxw51 0 0.227783203125 0.3879123263888889 0.0265625 0.0375
ckz6rui7o000n386lh32dwmkr 0 0.5395417734260615 0.980847364568082 0.0265625 0.0375
ckz6ruj49000p386lndk3j9jv 0 0.6316389905857741 0.611802649930265 0.0265625 0.0375
ckz6rup8s000r386lkjotnoh0 0 0.48828125 0.86875 0.0265625 0.0375
ckz6rut1n000v386l8rfix41j 0 0.84296875 0.85625 0.0265625 0.0375
ckz6ruunj000x386l4qiqzsvd 0 0.83359375 0.98125 0.0265625 0.0375
ckz6ruw8w000z386lc52x10qx 0 0.8368997012867647 0.7541666666666667 0.0265625 0.0375
ckz6ruzco0013386lo3nqjmle 0 0.828125 0.43645833333333334 0.025 0.03958333333333333
ckz6rv4et0015386le3rdpw93 0 0.8640625 0.409375 0.025 0.03958333333333333
ckz6rva9o0019386ll7e0plel 0 0.6297145640877598 0.2374759430331024 0.0265625 0.03333333333333333
ckz6rvlfq001d386lt59x4kz2 0 0.7509561567164179 0.12512437810945273 0.0265625 0.03333333333333333
ckz6rvnb8001f386l63s6p1ys 0 0.71015625 0.6354166666666666 0.0265625 0.03333333333333333
ckz6rvpuj001h386lhrb15el1 0 0.509749212184874 0.6031337535014006 0.0296875 0.03333333333333333
ckz6rvrjs001j386lscfviwaz 0 0.4598555177824267 0.4577754532775453 0.0265625 0.03333333333333333
ckz6rw56s001x386l432ih3l6 0 0.9105090725806452 0.992372311827957 0.026461693548387188 0.015255376344086002
cl4ssee0s0008356hd15z4qn8 0 0.58828125 0.11875 0.0296875 0.05
cl4ssegqi000c356hwxoota92 0 0.6015625 0.20625 0.025 0.04583333333333333
cl4uq6b5l0003356p4ou3mrfw 0 0.85625 0.22395833333333334 0.0375 0.04375
cl4uqbjp9000b356p2175vvqw 0 0.48757205703883494 0.7561539239482201 0.0421875 0.04375
cl4uqf5bj000f356p05tutl57 0 0.8095170454545455 0.8580492424242424 0.02968750000000009 0.03958333333333333
cl4uqu10i000j356pw85hd2yi 0 0.18244485294117646 0.8514093137254902 0.025 0.03958333333333333
cl4uqxtok000n356p228e7wni 0 0.024375 0.8452083333333333 0.03125 0.03958333333333333
cl4ur3vs8000v356pe031p1yo 0 0.48325892857142855 0.04836309523809524 0.025 0.027083333333333334
cl4uru0kq0013356pt4h9yjm1 0 0.5088090551181103 0.026615813648293966 0.0296875 0.03125000000000001
cl4urwkrx0017356pikpviaa9 0 0.35703125 0.06354166666666666 0.0234375 0.027083333333333334
cl4us4ype001h356pnyet3ts9 0 0.790625 0.18020833333333333 0.034375 0.03958333333333333
cl4us8aru001l356p2sc1k1bh 0 0.9797488839285714 0.02587053571428571 0.022555803571428612 0.029806547619047614
cl53eq6de000f356i3cjd5jif 1 0.57109375 0.13333333333333333 0.0890625 0.1125
cl53eqa7m000l356ivf26125u 1 0.3203125 0.21041666666666667 0.103125 0.09583333333333334
