ckz3v9nzv00033867jsekqdcl 0 0.2720340154867257 0.4258235004916421 0.0265625 0.0375
ckz6ru2eb0001386lefk6js4m 0 0.23828125 0.5770833333333333 0.0265625 0.0375
ckz6ru3um0003386l39xwv0yk 0 0.24282432768924306 0.85625 0.0265625 0.0375
ckz6ru5610005386l8uoys4lc 0 0.19453125 0.8458333333333333 0.0265625 0.0375
ckz6ru6of0007386lhf2t4dtw 0 0.08359375 0.80625 0.0265625 0.0375
ckz6ru83f0009386lx7517dwf 0 0.024370744163424125 0.7357166018158237 0.0265625 0.0375
ckz6ru99l000b386l18xh2byu 0 0.13515625 0.18958333333333333 0.0265625 0.0375
ckz6rub67000d386ld3mx1dyi 0 0.2219019396551724 0.17708333333333334 0.0265625 0.0375
ckz6ruchb000f386lxxpeu5na 0 0.2819908405172414 0.11417025862068965 0.0265625 0.0375
ckz6rudsb000h386lkwwvc8dz 0 0.28363309352517985 0.21869754196642688 0.0265625 0.0375
ckz6ruf3e000j386lbyqpxw51 0 0.3062447567114094 0.3144714765100671 0.0265625 0.0375
ckz6rugcj000l386lzjazem8c 0 0.2984375 0.39375 0.0265625 0.041666666666666664
ckz6rui7o000n386lh32dwmkr 0 0.5665482954545454 0.9049242424242424 0.0265625 0.0375
ckz6ruj49000p386lndk3j9jv 0 0.6403134031791907 0.5706587186897881 0.0265625 0.0375
ckz6rup8s000r386lkjotnoh0 0 0.48828125 0.86875 0.0265625 0.0375
ckz6rurv1000t386llsdca8lh 0 0.91953125 0.875 0.0234375 0.0375
ckz6rut1n000v386l8rfix41j 0 0.8468432240532959 0.8446265778401122 0.0265625 0.0375
ckz6ruunj000x386l4qiqzsvd 0 0.8374682240532959 0.9696265778401122 0.0265625 0.0375
ckz6ruw8w000z386lc52x10qx 0 0.853687105539972 0.7502921926133708 0.0265625 0.0375
ckz6ruzco0013386lo3nqjmle 0 0.828125 0.43645833333333334 0.025 0.03958333333333333
ckz6rv4et0015386le3rdpw93 0 0.8676825105042016 0.409375 0.025 0.03958333333333333
ckz6rva9o0019386ll7e0plel 0 0.6681648532388664 0.1538377192982456 0.0265625 0.03333333333333333
ckz6rvlfq001d386lt59x4kz2 0 0.7727968348329048 0.07120822622107968 0.0265625 0.03333333333333333
ckz6rvnb8001f386l63s6p1ys 0 0.71015625 0.6354166666666666 0.0265625 0.03333333333333333
ckz6rvpuj001h386lhrb15el1 0 0.5886806860902255 0.4982926065162907 0.0265625 0.03333333333333333
ckz6rvrjs001j386lscfviwaz 0 0.49765625 0.39594298245614035 0.0265625 0.03333333333333333
ckz6rvvx4001n386lwp0hh90g 0 0.01328125 0.2609543010752688 0.0265625 0.03333333333333333
ckz6rvxvs001p386l9u5f2w3s 0 0.27718750000000003 0.42375 0.028125 0.0375
ckz6rw3in001v386l6bltg9jj 0 0.76171875 0.5333333333333333 0.0265625 0.03333333333333333
ckz6rw56s001x386l432ih3l6 0 0.9927300347222221 0.7930844907407407 0.0125 0.035416666666666666
cl4sse7t80004356hlgz3o2fx 0 0.71796875 0.66875 0.0296875 0.041666666666666664
cl4ssee0s0008356hd15z4qn8 0 0.58828125 0.11875 0.0296875 0.05
cl4ssegqi000c356hwxoota92 0 0.6015625 0.20625 0.025 0.04583333333333333
cl4sseopo000g356h6ldd8ms6 0 0.20182291666666666 0.4409722222222222 0.035937499999999976 0.04583333333333333
cl4swkq5u0003356p8vuhc7nn 0 0.07890625 0.315625 0.0328125 0.0375
cl4uq6b5l0003356p4ou3mrfw 0 0.85625 0.22395833333333334 0.0375 0.04375
cl4uqbjp9000b356p2175vvqw 0 0.5064864309210526 0.728625274122807 0.0421875 0.04375
cl53eq6de000f356i3cjd5jif 1 0.57109375 0.13333333333333333 0.0890625 0.1125
cl53eqa7m000l356ivf26125u 1 0.3203125 0.21041666666666667 0.103125 0.09583333333333334
