ckz3v9nzv00033867jsekqdcl 0 0.27395602876106195 0.4189896755162242 0.0265625 0.0375
ckz6ru2eb0001386lefk6js4m 0 0.23828125 0.5794600938967136 0.0265625 0.0375
ckz6ru3um0003386l39xwv0yk 0 0.24415713028169014 0.853080985915493 0.0265625 0.0375
ckz6ru5610005386l8uoys4lc 0 0.19453125 0.8458333333333333 0.0265625 0.0375
ckz6ru6of0007386lhf2t4dtw 0 0.08359375 0.80625 0.0265625 0.0375
ckz6ru83f0009386lx7517dwf 0 0.02756382042253521 0.7296654929577465 0.0265625 0.0375
ckz6ru99l000b386l18xh2byu 0 0.13515625 0.18958333333333333 0.0265625 0.0375
ckz6rub67000d386ld3mx1dyi 0 0.21067708333333335 0.15248015873015872 0.026562500000000024 0.0375
ckz6ruchb000f386lxxpeu5na 0 0.2993359375 0.10340277777777777 0.0265625 0.0375
ckz6rudsb000h386lkwwvc8dz 0 0.28441434352517986 0.21765587529976022 0.0265625 0.0375
ckz6ruf3e000j386lbyqpxw51 0 0.31290713028169015 0.3080399061032864 0.0265625 0.0375
ckz6rugcj000l386lzjazem8c 0 0.35807291666666663 0.26319444444444445 0.0265625 0.0416666666666667
ckz6rui7o000n386lh32dwmkr 0 0.5770356514084507 0.8845363849765259 0.0265625 0.0375
ckz6ruj49000p386lndk3j9jv 0 0.6440796604046243 0.5664739884393063 0.0265625 0.0375
ckz6rup8s000r386lkjotnoh0 0 0.48828125 0.86875 0.0265625 0.0375
ckz6rurv1000t386llsdca8lh 0 0.67890625 0.7895833333333333 0.0234375 0.0375
ckz6rut1n000v386l8rfix41j 0 0.8480616672510519 0.8409712482468443 0.0265625 0.0375
ckz6ruunj000x386l4qiqzsvd 0 0.838686667251052 0.9659712482468443 0.0265625 0.0375
ckz6ruw8w000z386lc52x10qx 0 0.854600937938289 0.7490737494156148 0.0265625 0.0375
ckz6ruxwl0011386lwhdpziws 0 0.96953125 0.821875 0.0265625 0.04375
ckz6ruzco0013386lo3nqjmle 0 0.828125 0.43645833333333334 0.025 0.03958333333333333
ckz6rv4et0015386le3rdpw93 0 0.8682300420168068 0.409375 0.025 0.03958333333333333
ckz6rv5s20017386lyas5kerj 0 0.63046875 0.165625 0.0234375 0.035416666666666666
ckz6rva9o0019386ll7e0plel 0 0.6713673675115207 0.1405721966205837 0.0265625 0.03333333333333333
ckz6rvlfq001d386lt59x4kz2 0 0.7711218669665809 0.06674164524421594 0.0265625 0.03333333333333333
ckz6rvnb8001f386l63s6p1ys 0 0.7113446302816901 0.6370011737089202 0.0265625 0.03333333333333333
ckz6rvpuj001h386lhrb15el1 0 0.5902178697183099 0.48820422535211266 0.0265625 0.03333333333333333
ckz6rvrjs001j386lscfviwaz 0 0.4988446302816901 0.3872065727699531 0.0265625 0.03333333333333333
ckz6rvtvy001l386li54we947 0 0.009375 0.5114583333333333 0.01875 0.03958333333333333
ckz6rvvx4001n386lwp0hh90g 0 0.015559895833333332 0.233203125 0.0265625 0.03333333333333333
ckz6rvxvs001p386l9u5f2w3s 0 0.165625 0.2708333333333333 0.028125 0.0375
ckz6rw3in001v386l6bltg9jj 0 0.7815104166666667 0.70625 0.0265625 0.03333333333333333
ckz6rw56s001x386l432ih3l6 0 0.9908621651785715 0.7742745535714285 0.018275669642857116 0.03456101190476192
cl4sse7t80004356hlgz3o2fx 0 0.6296875 0.4529166666666667 0.025 0.035000000000000024
cl4ssee0s0008356hd15z4qn8 0 0.58828125 0.11875 0.0296875 0.05
cl4ssegqi000c356hwxoota92 0 0.6015625 0.20625 0.025 0.04583333333333333
cl4sseopo000g356h6ldd8ms6 0 0.29609375 0.5875 0.0359375 0.04583333333333333
cl4swkq5u0003356p8vuhc7nn 0 0.46953125 0.5479166666666667 0.0328125 0.0375
cl4uq6b5l0003356p4ou3mrfw 0 0.85625 0.22395833333333334 0.0375 0.04375
cl4uqbjp9000b356p2175vvqw 0 0.5107730263157895 0.7219572368421052 0.0421875 0.04375
cl53eq6de000f356i3cjd5jif 1 0.57109375 0.13333333333333333 0.0890625 0.1125
cl53eqa7m000l356ivf26125u 1 0.3203125 0.21041666666666667 0.103125 0.09583333333333334
