ckz3v9nzv00033867jsekqdcl 0 0.275739767699115 0.4126474926253687 0.0265625 0.0375
ckz6ru2eb0001386lefk6js4m 0 0.23828125 0.5832453051643192 0.0265625 0.0375
ckz6ru3um0003386l39xwv0yk 0 0.24604973591549295 0.8480340375586854 0.0265625 0.0375
ckz6ru5610005386l8uoys4lc 0 0.19453125 0.8458333333333333 0.0265625 0.0375
ckz6ru6of0007386lhf2t4dtw 0 0.08359375 0.80625 0.0265625 0.0375
ckz6ru83f0009386lx7517dwf 0 0.030402728873239436 0.7271420187793427 0.0265625 0.0375
ckz6ru99l000b386l18xh2byu 0 0.13515625 0.18958333333333333 0.0265625 0.0375
ckz6rub67000d386ld3mx1dyi 0 0.19036458333333334 0.10347222222222222 0.026562500000000024 0.0375
ckz6ruchb000f386lxxpeu5na 0 0.31448997641509435 0.09398584905660377 0.0265625 0.0375
ckz6rudsb000h386lkwwvc8dz 0 0.2851393884892086 0.21668914868105515 0.0265625 0.0375
ckz6ruf3e000j386lbyqpxw51 0 0.31479973591549293 0.30425469483568074 0.0265625 0.0375
ckz6rugcj000l386lzjazem8c 0 0.46578125000000004 0.10458333333333333 0.0265625 0.0375
ckz6rui7o000n386lh32dwmkr 0 0.5864986795774648 0.873180751173709 0.0265625 0.0375
ckz6ruj49000p386lndk3j9jv 0 0.6475749638728324 0.5625903179190751 0.0265625 0.0375
ckz6rup8s000r386lkjotnoh0 0 0.48828125 0.86875 0.0265625 0.0375
ckz6rurv1000t386llsdca8lh 0 0.426953125 0.7567708333333333 0.0265625 0.0375
ckz6rut1n000v386l8rfix41j 0 0.8491924526647967 0.8375788920056101 0.0265625 0.0375
ckz6ruunj000x386l4qiqzsvd 0 0.8398174526647967 0.9625788920056101 0.0265625 0.0375
ckz6ruw8w000z386lc52x10qx 0 0.8554490269985975 0.7479429640018701 0.0265625 0.0375
ckz6ruxwl0011386lwhdpziws 0 0.876953125 0.6171875 0.0265625 0.0375
ckz6ruzco0013386lo3nqjmle 0 0.828125 0.43645833333333334 0.025 0.03958333333333333
ckz6rv4et0015386le3rdpw93 0 0.8687381827731093 0.409375 0.025 0.03958333333333333
ckz6rv5s20017386lyas5kerj 0 0.673046875 0.19791666666666666 0.0234375 0.03333333333333333
ckz6rva9o0019386ll7e0plel 0 0.6741539458525345 0.1294258832565284 0.0265625 0.03333333333333333
ckz6rvjnr001b386l6bprt2rz 0 0.72421875 0.12202380952380952 0.0265625 0.03333333333333333
ckz6rvlfq001d386lt59x4kz2 0 0.7695674003856041 0.06259640102827763 0.0265625 0.033333333333333326
ckz6rvnb8001f386l63s6p1ys 0 0.713237235915493 0.639524647887324 0.0265625 0.03333333333333333
ckz6rvpuj001h386lhrb15el1 0 0.588325264084507 0.4793720657276995 0.0265625 0.03333333333333333
ckz6rvrjs001j386lscfviwaz 0 0.500737235915493 0.3834213615023474 0.0265625 0.03333333333333333
ckz6rvtvy001l386li54we947 0 0.20859375 0.65 0.0265625 0.03333333333333333
ckz6rvvx4001n386lwp0hh90g 0 0.01500538793103448 0.21479885057471262 0.0265625 0.03333333333333333
ckz6rvxvs001p386l9u5f2w3s 0 0.0296875 0.20390625 0.0265625 0.03333333333333333
ckz6rvzvz001r386lcw1fqa7h 0 0.74296875 0.9645833333333333 0.0265625 0.03333333333333333
ckz6rw1y9001t386ll8rr5ixq 0 0.68828125 0.9541666666666667 0.0265625 0.03333333333333333
ckz6rw3in001v386l6bltg9jj 0 0.732421875 0.859375 0.0265625 0.03333333333333333
ckz6rw56s001x386l432ih3l6 0 0.9868129185267858 0.7688755580357144 0.026374162946428647 0.033361235119047566
cl4sse7t80004356hlgz3o2fx 0 0.5609375 0.21145833333333333 0.025 0.035416666666666666
cl4ssee0s0008356hd15z4qn8 0 0.58828125 0.11875 0.0296875 0.05
cl4ssegqi000c356hwxoota92 0 0.6015625 0.20625 0.025 0.04583333333333333
cl4sseopo000g356h6ldd8ms6 0 0.40234375 0.7770833333333333 0.0328125 0.0375
cl4swkq5u0003356p8vuhc7nn 0 0.821875 0.7052083333333333 0.028125 0.03333333333333333
cl4uq6b5l0003356p4ou3mrfw 0 0.85625 0.22395833333333334 0.0375 0.04375
cl4uqbjp9000b356p2175vvqw 0 0.5147512335526316 0.7157689144736843 0.0421875 0.04375
