ckz3v9nzv00033867jsekqdcl 0 0.27419109513274337 0.41815388397246805 0.0265625 0.0375
ckz6ru2eb0001386lefk6js4m 0 0.23828125 0.5799589201877935 0.0265625 0.0375
ckz6ru3um0003386l39xwv0yk 0 0.24440654342723006 0.8524158841940532 0.0265625 0.0375
ckz6ru5610005386l8uoys4lc 0 0.19453125 0.8458333333333333 0.0265625 0.0375
ckz6ru6of0007386lhf2t4dtw 0 0.08359375 0.80625 0.0265625 0.0375
ckz6ru83f0009386lx7517dwf 0 0.02793794014084507 0.7293329420970267 0.0265625 0.0375
ckz6ru99l000b386l18xh2byu 0 0.13515625 0.18958333333333333 0.0265625 0.0375
ckz6rub67000d386ld3mx1dyi 0 0.20717329545454546 0.13996212121212123 0.0265625 0.03750000000000001
ckz6ruchb000f386lxxpeu5na 0 0.301328125 0.10222222222222223 0.0265625 0.0375
ckz6rudsb000h386lkwwvc8dz 0 0.28450989208633093 0.21752847721822544 0.0265625 0.0375
ckz6ruf3e000j386lbyqpxw51 0 0.31315654342723004 0.3075410798122066 0.0265625 0.0375
ckz6rugcj000l386lzjazem8c 0 0.35442708333333334 0.21319444444444444 0.0265625 0.041666666666666664
ckz6rui7o000n386lh32dwmkr 0 0.5782827171361502 0.8830399061032864 0.0265625 0.0375
ckz6ruj49000p386lndk3j9jv 0 0.6445402817919075 0.5659621868978806 0.0265625 0.0375
ckz6rup8s000r386lkjotnoh0 0 0.48828125 0.86875 0.0265625 0.0375
ckz6rurv1000t386llsdca8lh 0 0.64609375 0.8125 0.0234375 0.0375
ckz6rut1n000v386l8rfix41j 0 0.848210685483871 0.840524193548387 0.0265625 0.0375
ckz6ruunj000x386l4qiqzsvd 0 0.838835685483871 0.965524193548387 0.0265625 0.0375
ckz6ruw8w000z386lc52x10qx 0 0.8547127016129032 0.7489247311827957 0.0265625 0.0375
ckz6ruxwl0011386lwhdpziws 0 0.96875 0.7833333333333333 0.0265625 0.04375
ckz6ruzco0013386lo3nqjmle 0 0.828125 0.43645833333333334 0.025 0.03958333333333333
ckz6rv4et0015386le3rdpw93 0 0.868297006302521 0.409375 0.025 0.03958333333333333
ckz6rv5s20017386lyas5kerj 0 0.6549479166666667 0.14479166666666668 0.0234375 0.035416666666666666
ckz6rva9o0019386ll7e0plel 0 0.6717345910138249 0.13910330261136714 0.0265625 0.03333333333333335
ckz6rvlfq001d386lt59x4kz2 0 0.770917014781491 0.06619537275064266 0.0265625 0.033333333333333326
ckz6rvnb8001f386l63s6p1ys 0 0.71159404342723 0.63733372456964 0.0265625 0.03333333333333333
ckz6rvpuj001h386lhrb15el1 0 0.58996845657277 0.48704029733959314 0.0265625 0.03333333333333333
ckz6rvrjs001j386lscfviwaz 0 0.49909404342723 0.38670774647887324 0.0265625 0.03333333333333333
ckz6rvtvy001l386li54we947 0 0.024531249999999998 0.4708333333333333 0.0296875 0.0375
ckz6rvvx4001n386lwp0hh90g 0 0.01611328125 0.2298828125 0.0265625 0.03333333333333333
ckz6rvxvs001p386l9u5f2w3s 0 0.1296875 0.30885416666666665 0.028125 0.0375
ckz6rw3in001v386l6bltg9jj 0 0.753125 0.734375 0.0265625 0.03333333333333333
ckz6rw56s001x386l432ih3l6 0 0.9903285435267858 0.7735630580357143 0.019342912946428648 0.034402901785714236
cl4sse7t80004356hlgz3o2fx 0 0.634375 0.403125 0.025 0.035416666666666666
cl4ssee0s0008356hd15z4qn8 0 0.58828125 0.11875 0.0296875 0.05
cl4ssegqi000c356hwxoota92 0 0.6015625 0.20625 0.025 0.04583333333333333
cl4sseopo000g356h6ldd8ms6 0 0.29453125 0.61875 0.0390625 0.041666666666666664
cl4swkq5u0003356p8vuhc7nn 0 0.5359375 0.5822916666666667 0.028125 0.035416666666666666
cl4uq6b5l0003356p4ou3mrfw 0 0.85625 0.22395833333333334 0.0375 0.04375
cl4uqbjp9000b356p2175vvqw 0 0.5112972861842106 0.7211417214912281 0.0421875 0.04375
cl53eq6de000f356i3cjd5jif 1 0.57109375 0.13333333333333333 0.0890625 0.1125
cl53eqa7m000l356ivf26125u 1 0.3203125 0.21041666666666667 0.103125 0.09583333333333334
