ckz3v9nzv00033867jsekqdcl 0 0.2742878871681416 0.41780973451327436 0.0265625 0.0375
ckz6ru2eb0001386lefk6js4m 0 0.23828125 0.5801643192488263 0.0265625 0.0375
ckz6ru3um0003386l39xwv0yk 0 0.2445092429577465 0.8521420187793427 0.0265625 0.0375
ckz6ru5610005386l8uoys4lc 0 0.19453125 0.8458333333333333 0.0265625 0.0375
ckz6ru6of0007386lhf2t4dtw 0 0.08359375 0.80625 0.0265625 0.0375
ckz6ru83f0009386lx7517dwf 0 0.028091989436619717 0.7291960093896713 0.0265625 0.0375
ckz6ru99l000b386l18xh2byu 0 0.13515625 0.18958333333333333 0.0265625 0.0375
ckz6rub67000d386ld3mx1dyi 0 0.20551609848484848 0.1404040404040404 0.0265625 0.0375
ckz6ruchb000f386lxxpeu5na 0 0.3021484375 0.10173611111111111 0.0265625 0.0375
ckz6rudsb000h386lkwwvc8dz 0 0.2845492356115108 0.21747601918465226 0.0265625 0.0375
ckz6ruf3e000j386lbyqpxw51 0 0.3132592429577465 0.30733568075117373 0.0265625 0.0375
ckz6rugcj000l386lzjazem8c 0 0.36015625 0.19166666666666668 0.0265625 0.041666666666666664
ckz6rui7o000n386lh32dwmkr 0 0.5787962147887324 0.8824237089201877 0.0265625 0.0375
ckz6ruj49000p386lndk3j9jv 0 0.6447299494219653 0.5657514450867053 0.0265625 0.0375
ckz6rup8s000r386lkjotnoh0 0 0.48828125 0.86875 0.0265625 0.0375
ckz6rurv1000t386llsdca8lh 0 0.62578125 0.80625 0.0234375 0.0375
ckz6rut1n000v386l8rfix41j 0 0.8482720459326789 0.8403401122019635 0.0265625 0.0375
ckz6ruunj000x386l4qiqzsvd 0 0.8388970459326789 0.9653401122019635 0.0265625 0.0375
ckz6ruw8w000z386lc52x10qx 0 0.8547587219495091 0.7488633707339878 0.0265625 0.0375
ckz6ruxwl0011386lwhdpziws 0 0.95703125 0.7572916666666667 0.0265625 0.04375
ckz6ruzco0013386lo3nqjmle 0 0.828125 0.43645833333333334 0.025 0.03958333333333333
ckz6rv4et0015386le3rdpw93 0 0.8683245798319328 0.409375 0.025 0.03958333333333333
ckz6rv5s20017386lyas5kerj 0 0.65078125 0.15104166666666666 0.0234375 0.035416666666666666
ckz6rva9o0019386ll7e0plel 0 0.6718858006912443 0.1384984639016897 0.0265625 0.03333333333333333
ckz6rvlfq001d386lt59x4kz2 0 0.7708326638817481 0.06597043701799485 0.0265625 0.033333333333333326
ckz6rvnb8001f386l63s6p1ys 0 0.7116967429577465 0.6374706572769954 0.0265625 0.03333333333333333
ckz6rvpuj001h386lhrb15el1 0 0.5898657570422535 0.4865610328638497 0.0265625 0.03333333333333333
ckz6rvrjs001j386lscfviwaz 0 0.4991967429577465 0.3865023474178404 0.0265625 0.03333333333333333
ckz6rvtvy001l386li54we947 0 0.03671875 0.46041666666666664 0.0296875 0.0375
ckz6rvvx4001n386lwp0hh90g 0 0.01634114583333333 0.228515625 0.0265625 0.03333333333333333
ckz6rvxvs001p386l9u5f2w3s 0 0.12875 0.29916666666666664 0.028125 0.0375
ckz6rw3in001v386l6bltg9jj 0 0.7828125 0.7552083333333334 0.0265625 0.03333333333333333
ckz6rw56s001x386l432ih3l6 0 0.9901088169642858 0.7732700892857144 0.019782366071428647 0.034337797619047566
cl4sse7t80004356hlgz3o2fx 0 0.646875 0.3697916666666667 0.025 0.035416666666666666
cl4ssee0s0008356hd15z4qn8 0 0.58828125 0.11875 0.0296875 0.05
cl4ssegqi000c356hwxoota92 0 0.6015625 0.20625 0.025 0.04583333333333333
cl4sseopo000g356h6ldd8ms6 0 0.31953125 0.6375 0.0390625 0.041666666666666664
cl4swkq5u0003356p8vuhc7nn 0 0.55078125 0.5828125 0.028125 0.035416666666666666
cl4uq6b5l0003356p4ou3mrfw 0 0.85625 0.22395833333333334 0.0375 0.04375
cl4uqbjp9000b356p2175vvqw 0 0.5115131578947368 0.7208059210526316 0.0421875 0.04375
