ckz3v9nzv00033867jsekqdcl 0 0.2656972742290749 0.4345631424375918 0.0265625 0.0375
ckz6ru2eb0001386lefk6js4m 0 0.23828125 0.5770833333333333 0.0265625 0.0375
ckz6ru3um0003386l39xwv0yk 0 0.24216695717131476 0.85625 0.0265625 0.0375
ckz6ru5610005386l8uoys4lc 0 0.19453125 0.8458333333333333 0.0265625 0.0375
ckz6ru6of0007386lhf2t4dtw 0 0.08359375 0.80625 0.0265625 0.0375
ckz6ru83f0009386lx7517dwf 0 0.017950510700389104 0.7560473411154346 0.0265625 0.0375
ckz6ru99l000b386l18xh2byu 0 0.13515625 0.18958333333333333 0.0265625 0.0375
ckz6rub67000d386ld3mx1dyi 0 0.24640625 0.19083333333333333 0.0265625 0.041666666666666664
ckz6ruchb000f386lxxpeu5na 0 0.255322265625 0.1376953125 0.0265625 0.0375
ckz6rudsb000h386lkwwvc8dz 0 0.28214928057553956 0.2206759592326139 0.0265625 0.0375
ckz6ruf3e000j386lbyqpxw51 0 0.28365600099601596 0.3395003320053121 0.0265625 0.0375
ckz6rugcj000l386lzjazem8c 0 0.13515625 0.5302083333333333 0.028125 0.05
ckz6rui7o000n386lh32dwmkr 0 0.53994140625 0.960691550925926 0.0265625 0.0375
ckz6ruj49000p386lndk3j9jv 0 0.6346199682203391 0.5875353107344633 0.0265625 0.0375
ckz6rup8s000r386lkjotnoh0 0 0.48828125 0.86875 0.0265625 0.0375
ckz6rut1n000v386l8rfix41j 0 0.8445290585553996 0.8515690743338008 0.0265625 0.0375
ckz6ruunj000x386l4qiqzsvd 0 0.8351540585553996 0.9765690743338008 0.0265625 0.0375
ckz6ruw8w000z386lc52x10qx 0 0.8519514814165499 0.752606358111267 0.0265625 0.0375
ckz6ruzco0013386lo3nqjmle 0 0.828125 0.43645833333333334 0.025 0.03958333333333333
ckz6rv4et0015386le3rdpw93 0 0.8666425945378151 0.409375 0.025 0.03958333333333333
ckz6rva9o0019386ll7e0plel 0 0.6623207521645021 0.17948232323232324 0.0265625 0.03333333333333333
ckz6rvlfq001d386lt59x4kz2 0 0.7705540913654618 0.0823293172690763 0.0265625 0.03333333333333333
ckz6rvnb8001f386l63s6p1ys 0 0.71015625 0.6354166666666666 0.0265625 0.03333333333333333
ckz6rvpuj001h386lhrb15el1 0 0.572310353053435 0.5281727099236642 0.027504770992366458 0.03333333333333333
ckz6rvrjs001j386lscfviwaz 0 0.4861654912451362 0.4056987678339818 0.0265625 0.03333333333333333
ckz6rvvx4001n386lwp0hh90g 0 0.00546875 0.30520833333333336 0.0109375 0.035416666666666666
ckz6rvxvs001p386l9u5f2w3s 0 0.5109375 0.4784722222222222 0.028125 0.0375
ckz6rw3in001v386l6bltg9jj 0 0.7390625 0.13125 0.0265625 0.03333333333333333
ckz6rw56s001x386l432ih3l6 0 0.9765719126506024 0.8499121485943775 0.0234375 0.035416666666666666
cl4ssee0s0008356hd15z4qn8 0 0.58828125 0.11875 0.0296875 0.05
cl4ssegqi000c356hwxoota92 0 0.6015625 0.20625 0.025 0.04583333333333333
cl4sseopo000g356h6ldd8ms6 0 0.02421875 0.051041666666666666 0.0296875 0.03958333333333333
cl4uq6b5l0003356p4ou3mrfw 0 0.85625 0.22395833333333334 0.0375 0.04375
cl4uq7un10007356p14ye3ifb 0 0.9921875 0.30833333333333335 0.014583333333333216 0.0375
cl4uqbjp9000b356p2175vvqw 0 0.49834498355263157 0.7412897478070176 0.0421875 0.04375
cl4ur3vs8000v356pe031p1yo 0 0.5023214285714286 0.022549603174603174 0.025 0.02708333333333333
cl4urtjol000z356puo72ztp3 0 0.2375 0.2625 0.028125 0.0375
cl4uru0kq0013356pt4h9yjm1 0 0.5175426136363637 0.012121212121212121 0.0296875 0.01875
cl4urwkrx0017356pikpviaa9 0 0.36997767857142855 0.018191964285714287 0.0234375 0.02507440476190476
cl53eq6de000f356i3cjd5jif 1 0.57109375 0.13333333333333333 0.0890625 0.1125
cl53eqa7m000l356ivf26125u 1 0.3203125 0.21041666666666667 0.103125 0.09583333333333334
