ckz3v9nzv00033867jsekqdcl 0 0.26484375 0.4354166666666667 0.0265625 0.0375
ckz6ru2eb0001386lefk6js4m 0 0.23828125 0.5770833333333333 0.0265625 0.0375
ckz6ru3um0003386l39xwv0yk 0 0.24197024402390438 0.85625 0.0265625 0.0375
ckz6ru5610005386l8uoys4lc 0 0.19453125 0.8458333333333333 0.0265625 0.0375
ckz6ru6of0007386lhf2t4dtw 0 0.08359375 0.80625 0.0265625 0.0375
ckz6ru83f0009386lx7517dwf 0 0.016029304474708173 0.7621311608300908 0.0265625 0.0375
ckz6ru99l000b386l18xh2byu 0 0.13515625 0.18958333333333333 0.0265625 0.0375
ckz6rub67000d386ld3mx1dyi 0 0.26359374999999996 0.22708333333333333 0.0265625 0.041666666666666664
ckz6ruchb000f386lxxpeu5na 0 0.2495361328125 0.14541015625 0.0265625 0.0375
ckz6rudsb000h386lkwwvc8dz 0 0.28170526079136693 0.2212679856115108 0.0265625 0.0375
ckz6ruf3e000j386lbyqpxw51 0 0.2772752192982456 0.3480263157894737 0.0265625 0.0375
ckz6rugcj000l386lzjazem8c 0 0.087109375 0.5661458333333333 0.028125 0.05
ckz6rui7o000n386lh32dwmkr 0 0.5337218612737921 0.9730874816983894 0.0265625 0.0375
ckz6ruj49000p386lndk3j9jv 0 0.630958686440678 0.5959039548022599 0.0265625 0.0375
ckz6rup8s000r386lkjotnoh0 0 0.48828125 0.86875 0.0265625 0.0375
ckz6rut1n000v386l8rfix41j 0 0.8438365620617111 0.8536465638148667 0.0265625 0.0375
ckz6ruunj000x386l4qiqzsvd 0 0.8344615620617111 0.9786465638148667 0.0265625 0.0375
ckz6ruw8w000z386lc52x10qx 0 0.8514321090462833 0.7532988546049555 0.0265625 0.0375
ckz6ruzco0013386lo3nqjmle 0 0.828125 0.43645833333333334 0.025 0.03958333333333333
ckz6rv4et0015386le3rdpw93 0 0.8663314075630252 0.409375 0.025 0.03958333333333333
ckz6rva9o0019386ll7e0plel 0 0.6612520292207792 0.18446969696969698 0.0265625 0.03333333333333333
ckz6rvlfq001d386lt59x4kz2 0 0.7685711596385543 0.08629518072289157 0.0265625 0.03333333333333333
ckz6rvnb8001f386l63s6p1ys 0 0.71015625 0.6354166666666666 0.0265625 0.03333333333333333
ckz6rvpuj001h386lhrb15el1 0 0.5657144561068701 0.5375954198473283 0.028447041984732822 0.033333333333333395
ckz6rvrjs001j386lscfviwaz 0 0.48157595198675496 0.40700883002207505 0.0265625 0.03333333333333333
ckz6rvxvs001p386l9u5f2w3s 0 0.6078125 0.5275 0.028125 0.0375
ckz6rw3in001v386l6bltg9jj 0 0.67265625 0.08125 0.0265625 0.03333333333333333
ckz6rw56s001x386l432ih3l6 0 0.975040064102564 0.8622329059829059 0.0234375 0.035416666666666666
cl4ssee0s0008356hd15z4qn8 0 0.58828125 0.11875 0.0296875 0.05
cl4ssegqi000c356hwxoota92 0 0.6015625 0.20625 0.025 0.04583333333333333
cl4uq6b5l0003356p4ou3mrfw 0 0.85625 0.22395833333333334 0.0375 0.04375
cl4uq7un10007356p14ye3ifb 0 0.9166666666666666 0.2513888888888889 0.0328125 0.04166666666666664
cl4uqbjp9000b356p2175vvqw 0 0.49601410800970874 0.744897855987055 0.0421875 0.04375
cl4ur3vs8000v356pe031p1yo 0 0.5046726190476191 0.024639550264550263 0.025 0.02708333333333333
cl4urtjol000z356puo72ztp3 0 0.10390625 0.28854166666666664 0.0296875 0.03958333333333333
cl4uru0kq0013356pt4h9yjm1 0 0.5138020833333333 0.013368055555555555 0.0296875 0.01875
cl4urwkrx0017356pikpviaa9 0 0.3671690188172043 0.02492159498207885 0.0234375 0.02708333333333333
cl4urzbou001b356p2c0bz1ci 0 0.08203125 0.05416666666666667 0.0296875 0.03333333333333333
cl53eq6de000f356i3cjd5jif 1 0.57109375 0.13333333333333333 0.0890625 0.1125
cl53eqa7m000l356ivf26125u 1 0.3203125 0.21041666666666667 0.103125 0.09583333333333334
