ckz3v9nzv00033867jsekqdcl 0 0.2652842786343612 0.43497613803230545 0.0265625 0.0375
ckz6ru2eb0001386lefk6js4m 0 0.23828125 0.5770833333333333 0.0265625 0.0375
ckz6ru3um0003386l39xwv0yk 0 0.24212960657370516 0.85625 0.0265625 0.0375
ckz6ru5610005386l8uoys4lc 0 0.19453125 0.8458333333333333 0.0265625 0.0375
ckz6ru6of0007386lhf2t4dtw 0 0.08359375 0.80625 0.0265625 0.0375
ckz6ru83f0009386lx7517dwf 0 0.017585724708171206 0.7572024967574579 0.0265625 0.0375
ckz6ru99l000b386l18xh2byu 0 0.13515625 0.18958333333333333 0.0265625 0.0375
ckz6rub67000d386ld3mx1dyi 0 0.24874999999999997 0.19958333333333333 0.0265625 0.041666666666666664
ckz6ruchb000f386lxxpeu5na 0 0.2542236328125 0.13916015625 0.0265625 0.0375
ckz6rudsb000h386lkwwvc8dz 0 0.28206497302158273 0.22078836930455636 0.0265625 0.0375
ckz6ruf3e000j386lbyqpxw51 0 0.28244210657370517 0.3411188579017264 0.0265625 0.0375
ckz6rugcj000l386lzjazem8c 0 0.12589285714285714 0.5267857142857142 0.028125 0.04999999999999994
ckz6rui7o000n386lh32dwmkr 0 0.5384765625 0.9635127314814814 0.0265625 0.0375
ckz6ruj49000p386lndk3j9jv 0 0.6339247881355933 0.5891242937853107 0.0265625 0.0375
ckz6rup8s000r386lkjotnoh0 0 0.48828125 0.86875 0.0265625 0.0375
ckz6rut1n000v386l8rfix41j 0 0.8443975718793828 0.8519635343618513 0.0265625 0.0375
ckz6ruunj000x386l4qiqzsvd 0 0.8350225718793828 0.9769635343618513 0.0265625 0.0375
ckz6ruw8w000z386lc52x10qx 0 0.8518528664095373 0.7527378447872838 0.0265625 0.0375
ckz6ruzco0013386lo3nqjmle 0 0.828125 0.43645833333333334 0.025 0.03958333333333333
ckz6rv4et0015386le3rdpw93 0 0.8665835084033613 0.409375 0.025 0.03958333333333333
ckz6rva9o0019386ll7e0plel 0 0.6621178300865801 0.18042929292929294 0.0265625 0.03333333333333333
ckz6rvlfq001d386lt59x4kz2 0 0.7701775853413655 0.08308232931726908 0.0265625 0.03333333333333333
ckz6rvnb8001f386l63s6p1ys 0 0.71015625 0.6354166666666666 0.0265625 0.03333333333333333
ckz6rvpuj001h386lhrb15el1 0 0.5710579675572519 0.5299618320610687 0.027683683206106834 0.03333333333333333
ckz6rvrjs001j386lscfviwaz 0 0.48525352626459145 0.40582036316472114 0.0265625 0.03333333333333333
ckz6rvvx4001n386lwp0hh90g 0 0.00546875 0.30520833333333336 0.0109375 0.035416666666666666
ckz6rvxvs001p386l9u5f2w3s 0 0.525 0.45625 0.028125 0.0375
ckz6rw3in001v386l6bltg9jj 0 0.72265625 0.10625 0.0265625 0.03333333333333333
ckz6rw56s001x386l432ih3l6 0 0.9762895331325302 0.8525476907630521 0.0234375 0.035416666666666666
cl4ssee0s0008356hd15z4qn8 0 0.58828125 0.11875 0.0296875 0.05
cl4ssegqi000c356hwxoota92 0 0.6015625 0.20625 0.025 0.04583333333333333
cl4sseopo000g356h6ldd8ms6 0 0.02578125 0.028125 0.0265625 0.03125
cl4uq6b5l0003356p4ou3mrfw 0 0.85625 0.22395833333333334 0.0375 0.04375
cl4uq7un10007356p14ye3ifb 0 0.97484375 0.3070833333333333 0.022187500000000072 0.0375
cl4uqbjp9000b356p2175vvqw 0 0.4978824013157895 0.7420093201754386 0.0421875 0.04375
cl4ur3vs8000v356pe031p1yo 0 0.5027678571428571 0.02294642857142857 0.025 0.02708333333333333
cl4urtjol000z356puo72ztp3 0 0.2140625 0.2625 0.028125 0.0375
cl4uru0kq0013356pt4h9yjm1 0 0.5168323863636364 0.012357954545454545 0.0296875 0.01875
cl4urwkrx0017356pikpviaa9 0 0.3693080357142857 0.019419642857142858 0.0234375 0.02574404761904762
cl53eq6de000f356i3cjd5jif 1 0.57109375 0.13333333333333333 0.0890625 0.1125
cl53eqa7m000l356ivf26125u 1 0.3203125 0.21041666666666667 0.103125 0.09583333333333334
