ckz3v9nzv00033867jsekqdcl 0 0.27155005530973453 0.42754424778761063 0.0265625 0.0375
ckz6ru2eb0001386lefk6js4m 0 0.23828125 0.5770833333333333 0.0265625 0.0375
ckz6ru3um0003386l39xwv0yk 0 0.24273717629482072 0.85625 0.0265625 0.0375
ckz6ru5610005386l8uoys4lc 0 0.19453125 0.8458333333333333 0.0265625 0.0375
ckz6ru6of0007386lhf2t4dtw 0 0.08359375 0.80625 0.0265625 0.0375
ckz6ru83f0009386lx7517dwf 0 0.023519576848249023 0.7384119649805447 0.0265625 0.0375
ckz6ru99l000b386l18xh2byu 0 0.13515625 0.18958333333333333 0.0265625 0.0375
ckz6rub67000d386ld3mx1dyi 0 0.22213541666666664 0.17708333333333334 0.0265625 0.041666666666666664
ckz6ruchb000f386lxxpeu5na 0 0.27751212284482757 0.11699892241379309 0.0265625 0.037499999999999985
ckz6rudsb000h386lkwwvc8dz 0 0.28343637589928056 0.21895983213429257 0.0265625 0.0375
ckz6ruf3e000j386lbyqpxw51 0 0.3029414848993289 0.3169183445190156 0.0265625 0.0375
ckz6rugcj000l386lzjazem8c 0 0.26875 0.4125 0.0265625 0.041666666666666664
ckz6rui7o000n386lh32dwmkr 0 0.5616256208609272 0.9147902869757175 0.0265625 0.0375
ckz6ruj49000p386lndk3j9jv 0 0.6393650650289018 0.5717124277456648 0.0265625 0.0375
ckz6rup8s000r386lkjotnoh0 0 0.48828125 0.86875 0.0265625 0.0375
ckz6rurv1000t386llsdca8lh 0 0.98046875 0.940625 0.0234375 0.035416666666666666
ckz6rut1n000v386l8rfix41j 0 0.8465364218092567 0.8455469845722301 0.0265625 0.0375
ckz6ruunj000x386l4qiqzsvd 0 0.8371614218092567 0.9705469845722301 0.0265625 0.0375
ckz6ruw8w000z386lc52x10qx 0 0.8534570038569426 0.7505989948574101 0.0265625 0.0375
ckz6ruzco0013386lo3nqjmle 0 0.828125 0.43645833333333334 0.025 0.03958333333333333
ckz6rv4et0015386le3rdpw93 0 0.8675446428571428 0.409375 0.025 0.03958333333333333
ckz6rva9o0019386ll7e0plel 0 0.6672792257085021 0.15767543859649125 0.0265625 0.03333333333333333
ckz6rvlfq001d386lt59x4kz2 0 0.7732185893316196 0.07233290488431877 0.0265625 0.03333333333333333
ckz6rvnb8001f386l63s6p1ys 0 0.71015625 0.6354166666666666 0.0265625 0.03333333333333333
ckz6rvpuj001h386lhrb15el1 0 0.5870359492481203 0.5010338345864661 0.0265625 0.03333333333333333
ckz6rvrjs001j386lscfviwaz 0 0.49765625 0.39978070175438596 0.0265625 0.03333333333333333
ckz6rvvx4001n386lwp0hh90g 0 0.01328125 0.26875 0.0265625 0.03333333333333333
ckz6rvxvs001p386l9u5f2w3s 0 0.31796875 0.4270833333333333 0.028125 0.0375
ckz6rw3in001v386l6bltg9jj 0 0.78203125 0.5020833333333333 0.0265625 0.03333333333333333
ckz6rw56s001x386l432ih3l6 0 0.9914378156565657 0.8031460437710437 0.013052398989899138 0.035416666666666666
cl4sse7t80004356hlgz3o2fx 0 0.72421875 0.7375 0.0296875 0.041666666666666664
cl4ssee0s0008356hd15z4qn8 0 0.58828125 0.11875 0.0296875 0.05
cl4ssegqi000c356hwxoota92 0 0.6015625 0.20625 0.025 0.04583333333333333
cl4sseopo000g356h6ldd8ms6 0 0.17526041666666667 0.3902777777777778 0.0359375 0.04583333333333333
cl4swkq5u0003356p8vuhc7nn 0 0.01328125 0.21041666666666667 0.0265625 0.029166666666666667
cl4uq6b5l0003356p4ou3mrfw 0 0.85625 0.22395833333333334 0.0375 0.04375
cl4uqbjp9000b356p2175vvqw 0 0.5054070723684211 0.7303042763157895 0.0421875 0.04375
cl53eq6de000f356i3cjd5jif 1 0.57109375 0.13333333333333333 0.0890625 0.1125
cl53eqa7m000l356ivf26125u 1 0.3203125 0.21041666666666667 0.103125 0.09583333333333334
