ckz3v9nzv00033867jsekqdcl 0 0.26484375 0.4354166666666667 0.0265625 0.0375
ckz6ru2eb0001386lefk6js4m 0 0.23828125 0.5770833333333333 0.0265625 0.0375
ckz6ru3um0003386l39xwv0yk 0 0.2405359810756972 0.85625 0.0265625 0.0375
ckz6ru5610005386l8uoys4lc 0 0.19453125 0.8458333333333333 0.0265625 0.0375
ckz6ru6of0007386lhf2t4dtw 0 0.08359375 0.80625 0.0265625 0.0375
ckz6ru99l000b386l18xh2byu 0 0.13515625 0.18958333333333333 0.0265625 0.0375
ckz6rub67000d386ld3mx1dyi 0 0.29296875 0.2175 0.0265625 0.041666666666666664
ckz6ruchb000f386lxxpeu5na 0 0.22314116379310348 0.17442528735632182 0.0265625 0.0375
ckz6rudsb000h386lkwwvc8dz 0 0.2689453125 0.24817708333333333 0.0265625 0.0375
ckz6ruf3e000j386lbyqpxw51 0 0.23107421874999998 0.384453125 0.0265625 0.0375
ckz6rui7o000n386lh32dwmkr 0 0.5389927251098097 0.9801153001464128 0.0265625 0.0375
ckz6ruj49000p386lndk3j9jv 0 0.6316827369888476 0.6118804213135067 0.0265625 0.0375
ckz6rup8s000r386lkjotnoh0 0 0.48828125 0.86875 0.0265625 0.0375
ckz6rut1n000v386l8rfix41j 0 0.84296875 0.85625 0.0265625 0.0375
ckz6ruunj000x386l4qiqzsvd 0 0.83359375 0.98125 0.0265625 0.0375
ckz6ruw8w000z386lc52x10qx 0 0.8384507123161764 0.7541666666666667 0.0265625 0.0375
ckz6ruzco0013386lo3nqjmle 0 0.828125 0.43645833333333334 0.025 0.03958333333333333
ckz6rv4et0015386le3rdpw93 0 0.8640625 0.409375 0.025 0.03958333333333333
ckz6rva9o0019386ll7e0plel 0 0.6303641021939954 0.23689857582755966 0.0265625 0.03333333333333333
ckz6rvlfq001d386lt59x4kz2 0 0.7543105332167832 0.11759906759906762 0.0265625 0.03333333333333335
ckz6rvnb8001f386l63s6p1ys 0 0.71015625 0.6354166666666666 0.0265625 0.03333333333333333
ckz6rvpuj001h386lhrb15el1 0 0.5144599780701754 0.6013523391812865 0.0296875 0.03333333333333333
ckz6rvrjs001j386lscfviwaz 0 0.4604732789855072 0.4527576489533011 0.0265625 0.03333333333333333
ckz6rw56s001x386l432ih3l6 0 0.9175655241935484 0.9856518817204302 0.02444556451612918 0.028696236559139738
cl4ssee0s0008356hd15z4qn8 0 0.58828125 0.11875 0.0296875 0.05
cl4ssegqi000c356hwxoota92 0 0.6015625 0.20625 0.025 0.04583333333333333
cl4uq6b5l0003356p4ou3mrfw 0 0.85625 0.22395833333333334 0.0375 0.04375
cl4uqbjp9000b356p2175vvqw 0 0.4883684769417476 0.7550920307443365 0.0421875 0.04375
cl4uqf5bj000f356p05tutl57 0 0.84296875 0.8010416666666667 0.0296875 0.03958333333333333
cl4uqu10i000j356pw85hd2yi 0 0.14375 0.8516098484848484 0.025 0.03958333333333333
cl4uqxtok000n356p228e7wni 0 0.08125 0.9020833333333333 0.03125 0.03958333333333333
cl4ur3vs8000v356pe031p1yo 0 0.483809319960861 0.04762924005218526 0.025 0.027083333333333334
cl4uru0kq0013356pt4h9yjm1 0 0.5084399606299213 0.025631561679790024 0.0296875 0.031249999999999997
cl4urwkrx0017356pikpviaa9 0 0.35703125 0.06354166666666666 0.0234375 0.027083333333333334
cl4us4ype001h356pnyet3ts9 0 0.7752604166666667 0.09097222222222222 0.0296875 0.03333333333333333
cl4us8aru001l356p2sc1k1bh 0 0.9827622767857143 0.02125744047619048 0.02188616071428573 0.027127976190476192
cl53eq6de000f356i3cjd5jif 1 0.57109375 0.13333333333333333 0.0890625 0.1125
cl53eqa7m000l356ivf26125u 1 0.3203125 0.21041666666666667 0.103125 0.09583333333333334
