ckz3v9nzv00033867jsekqdcl 0 0.26484375 0.4354166666666667 0.0265625 0.0375
ckz6ru2eb0001386lefk6js4m 0 0.23828125 0.5770833333333333 0.0265625 0.0375
ckz6ru3um0003386l39xwv0yk 0 0.24170131972111553 0.85625 0.0265625 0.0375
ckz6ru5610005386l8uoys4lc 0 0.19453125 0.8458333333333333 0.0265625 0.0375
ckz6ru6of0007386lhf2t4dtw 0 0.08359375 0.80625 0.0265625 0.0375
ckz6ru83f0009386lx7517dwf 0 0.013402845330739299 0.7704482814526589 0.0265625 0.0375
ckz6ru99l000b386l18xh2byu 0 0.13515625 0.18958333333333333 0.0265625 0.0375
ckz6rub67000d386ld3mx1dyi 0 0.30328125 0.24750000000000003 0.0265625 0.0416666666666667
ckz6ruchb000f386lxxpeu5na 0 0.24482291666666667 0.15406666666666666 0.0265625 0.0375
ckz6rudsb000h386lkwwvc8dz 0 0.28109824640287767 0.2220773381294964 0.0265625 0.0375
ckz6ruf3e000j386lbyqpxw51 0 0.26987390350877194 0.35986842105263156 0.0265625 0.0375
ckz6rugcj000l386lzjazem8c 0 0.01484375 0.590625 0.0234375 0.052083333333333336
ckz6rui7o000n386lh32dwmkr 0 0.5347101482430454 0.9744051976573939 0.0265625 0.0375
ckz6ruj49000p386lndk3j9jv 0 0.6276051347583643 0.6046313506815365 0.0265625 0.0375
ckz6rup8s000r386lkjotnoh0 0 0.48828125 0.86875 0.0265625 0.0375
ckz6rut1n000v386l8rfix41j 0 0.84296875 0.85625 0.0265625 0.0375
ckz6ruunj000x386l4qiqzsvd 0 0.83359375 0.98125 0.0265625 0.0375
ckz6ruw8w000z386lc52x10qx 0 0.8505485983455883 0.7541666666666667 0.0265625 0.0375
ckz6ruzco0013386lo3nqjmle 0 0.828125 0.43645833333333334 0.025 0.03958333333333333
ckz6rv4et0015386le3rdpw93 0 0.865905987394958 0.409375 0.025 0.03958333333333333
ckz6rva9o0019386ll7e0plel 0 0.6595170454545454 0.19640151515151513 0.0265625 0.03333333333333333
ckz6rvlfq001d386lt59x4kz2 0 0.7658603162650602 0.09171686746987952 0.0265625 0.03333333333333333
ckz6rvnb8001f386l63s6p1ys 0 0.71015625 0.6354166666666666 0.0265625 0.03333333333333333
ckz6rvpuj001h386lhrb15el1 0 0.5567278519417476 0.5508899676375404 0.0296875 0.03333333333333333
ckz6rvrjs001j386lscfviwaz 0 0.47710575331125826 0.4144591611479029 0.0265625 0.03333333333333333
ckz6rvxvs001p386l9u5f2w3s 0 0.6546875 0.5159722222222223 0.028125 0.03750000000000006
ckz6rw3in001v386l6bltg9jj 0 0.56015625 0.009375 0.0171875 0.01875
ckz6rw56s001x386l432ih3l6 0 0.9649218749999999 0.8835416666666667 0.0234375 0.035416666666666666
cl4ssee0s0008356hd15z4qn8 0 0.58828125 0.11875 0.0296875 0.05
cl4ssegqi000c356hwxoota92 0 0.6015625 0.20625 0.025 0.04583333333333333
cl4uq6b5l0003356p4ou3mrfw 0 0.85625 0.22395833333333334 0.0375 0.04375
cl4uq7un10007356p14ye3ifb 0 0.87109375 0.15416666666666667 0.0328125 0.0375
cl4uqbjp9000b356p2175vvqw 0 0.494580552184466 0.7468092637540453 0.0421875 0.04375
cl4ur3vs8000v356pe031p1yo 0 0.5024108676975945 0.02958548109965636 0.025 0.027083333333333334
cl4uru0kq0013356pt4h9yjm1 0 0.508688446969697 0.01507260101010101 0.0296875 0.01875
cl4urwkrx0017356pikpviaa9 0 0.36462869623655914 0.03459901433691757 0.0234375 0.027083333333333338
cl53eq6de000f356i3cjd5jif 1 0.57109375 0.13333333333333333 0.0890625 0.1125
cl53eqa7m000l356ivf26125u 1 0.3203125 0.21041666666666667 0.103125 0.09583333333333334
