ckz3v9nzv00033867jsekqdcl 0 0.2738039269911504 0.4195304818092429 0.0265625 0.0375
ckz6ru2eb0001386lefk6js4m 0 0.23828125 0.579137323943662 0.0265625 0.0375
ckz6ru3um0003386l39xwv0yk 0 0.2439957453051643 0.8535113458528952 0.0265625 0.0375
ckz6ru5610005386l8uoys4lc 0 0.19453125 0.8458333333333333 0.0265625 0.0375
ckz6ru6of0007386lhf2t4dtw 0 0.08359375 0.80625 0.0265625 0.0375
ckz6ru83f0009386lx7517dwf 0 0.027321742957746475 0.7298806729264476 0.0265625 0.0375
ckz6ru99l000b386l18xh2byu 0 0.13515625 0.18958333333333333 0.0265625 0.0375
ckz6rub67000d386ld3mx1dyi 0 0.21640625 0.15357142857142855 0.0265625 0.0375
ckz6ruchb000f386lxxpeu5na 0 0.298046875 0.10416666666666667 0.0265625 0.0375
ckz6rudsb000h386lkwwvc8dz 0 0.2843525179856115 0.21773830935251798 0.0265625 0.0375
ckz6ruf3e000j386lbyqpxw51 0 0.3127457453051643 0.308362676056338 0.0265625 0.0375
ckz6rugcj000l386lzjazem8c 0 0.38140625 0.2725 0.0265625 0.0416666666666667
ckz6rui7o000n386lh32dwmkr 0 0.5762287265258216 0.8855046948356808 0.0265625 0.0375
ckz6ruj49000p386lndk3j9jv 0 0.6437816112716763 0.5668051541425819 0.0265625 0.0375
ckz6rup8s000r386lkjotnoh0 0 0.48828125 0.86875 0.0265625 0.0375
ckz6rurv1000t386llsdca8lh 0 0.70390625 0.8041666666666667 0.0234375 0.0375
ckz6rut1n000v386l8rfix41j 0 0.8479652436886396 0.8412605189340814 0.0265625 0.0375
ckz6ruunj000x386l4qiqzsvd 0 0.8385902436886395 0.9662605189340814 0.0265625 0.0375
ckz6ruw8w000z386lc52x10qx 0 0.8545286202664796 0.7491701729780271 0.0265625 0.0375
ckz6ruxwl0011386lwhdpziws 0 0.98203125 0.8177083333333334 0.0265625 0.04375
ckz6ruzco0013386lo3nqjmle 0 0.828125 0.43645833333333334 0.025 0.03958333333333333
ckz6rv4et0015386le3rdpw93 0 0.868186712184874 0.409375 0.025 0.03958333333333333
ckz6rv5s20017386lyas5kerj 0 0.62828125 0.153125 0.0234375 0.035416666666666666
ckz6rva9o0019386ll7e0plel 0 0.6711297523041475 0.1415226574500768 0.0265625 0.03333333333333333
ckz6rvlfq001d386lt59x4kz2 0 0.7712544183804627 0.06709511568123393 0.0265625 0.03333333333333333
ckz6rvnb8001f386l63s6p1ys 0 0.7111832453051643 0.636785993740219 0.0265625 0.03333333333333333
ckz6rvpuj001h386lhrb15el1 0 0.5903792546948357 0.4889573552425665 0.0265625 0.03333333333333333
ckz6rvrjs001j386lscfviwaz 0 0.4986832453051643 0.38752934272300466 0.0265625 0.03333333333333333
ckz6rvtvy001l386li54we947 0 0.01875 0.5692708333333333 0.028125 0.03854166666666667
ckz6rvvx4001n386lwp0hh90g 0 0.015201822916666668 0.2353515625 0.0265625 0.03333333333333333
ckz6rvxvs001p386l9u5f2w3s 0 0.175 0.25625 0.028125 0.0375
ckz6rw3in001v386l6bltg9jj 0 0.76328125 0.6854166666666667 0.0265625 0.03333333333333333
ckz6rw56s001x386l432ih3l6 0 0.9912074497767858 0.7747349330357144 0.017585100446428647 0.0346633184523809
cl4sse7t80004356hlgz3o2fx 0 0.6276041666666667 0.45625 0.025 0.03333333333333333
cl4ssee0s0008356hd15z4qn8 0 0.58828125 0.11875 0.0296875 0.05
cl4ssegqi000c356hwxoota92 0 0.6015625 0.20625 0.025 0.04583333333333333
cl4sseopo000g356h6ldd8ms6 0 0.26875 0.6072916666666667 0.0359375 0.04583333333333333
cl4swkq5u0003356p8vuhc7nn 0 0.418359375 0.5442708333333334 0.0328125 0.0375
cl4uq6b5l0003356p4ou3mrfw 0 0.85625 0.22395833333333334 0.0375 0.04375
cl4uqbjp9000b356p2175vvqw 0 0.5104337993421052 0.7224849232456141 0.0421875 0.04375
cl53eq6de000f356i3cjd5jif 1 0.57109375 0.13333333333333333 0.0890625 0.1125
cl53eqa7m000l356ivf26125u 1 0.3203125 0.21041666666666667 0.103125 0.09583333333333334
