ckz3v9nzv00033867jsekqdcl 0 0.2679825165198238 0.4322779001468429 0.0265625 0.0375
ckz6ru2eb0001386lefk6js4m 0 0.23828125 0.5770833333333333 0.0265625 0.0375
ckz6ru3um0003386l39xwv0yk 0 0.24237363047808763 0.85625 0.0265625 0.0375
ckz6ru5610005386l8uoys4lc 0 0.19453125 0.8458333333333333 0.0265625 0.0375
ckz6ru6of0007386lhf2t4dtw 0 0.08359375 0.80625 0.0265625 0.0375
ckz6ru83f0009386lx7517dwf 0 0.019968993190661477 0.7496554798962387 0.0265625 0.0375
ckz6ru99l000b386l18xh2byu 0 0.13515625 0.18958333333333333 0.0265625 0.0375
ckz6rub67000d386ld3mx1dyi 0 0.22747395833333334 0.18368055555555557 0.0265625 0.041666666666666664
ckz6ruchb000f386lxxpeu5na 0 0.2614013671875 0.12958984375 0.0265625 0.0375
ckz6rudsb000h386lkwwvc8dz 0 0.28261578237410073 0.22005395683453238 0.0265625 0.0375
ckz6ruf3e000j386lbyqpxw51 0 0.2903728834661355 0.33054448871181935 0.0265625 0.0375
ckz6rugcj000l386lzjazem8c 0 0.16640625 0.5213541666666667 0.028125 0.04583333333333333
ckz6rui7o000n386lh32dwmkr 0 0.5480287665562914 0.9450055187637969 0.0265625 0.0375
ckz6ruj49000p386lndk3j9jv 0 0.63828125 0.5789393939393939 0.0265625 0.0375
ckz6rup8s000r386lkjotnoh0 0 0.48828125 0.86875 0.0265625 0.0375
ckz6rut1n000v386l8rfix41j 0 0.8452566181626928 0.8493863955119214 0.0265625 0.0375
ckz6ruunj000x386l4qiqzsvd 0 0.8358816181626928 0.9743863955119214 0.0265625 0.0375
ckz6ruw8w000z386lc52x10qx 0 0.8524971511220196 0.7518787985039738 0.0265625 0.0375
ckz6ruzco0013386lo3nqjmle 0 0.828125 0.43645833333333334 0.025 0.03958333333333333
ckz6rv4et0015386le3rdpw93 0 0.8669695378151261 0.409375 0.025 0.03958333333333333
ckz6rva9o0019386ll7e0plel 0 0.6635848937246964 0.17368421052631577 0.0265625 0.03333333333333333
ckz6rvlfq001d386lt59x4kz2 0 0.7726374246987951 0.07816265060240964 0.0265625 0.03333333333333333
ckz6rvnb8001f386l63s6p1ys 0 0.71015625 0.6354166666666666 0.0265625 0.03333333333333333
ckz6rvpuj001h386lhrb15el1 0 0.5791335227272727 0.5182196969696969 0.0265625 0.03333333333333333
ckz6rvrjs001j386lscfviwaz 0 0.4912116974708171 0.4050259403372244 0.0265625 0.03333333333333333
ckz6rvvx4001n386lwp0hh90g 0 0.0078125 0.2875 0.015625 0.03333333333333333
ckz6rvxvs001p386l9u5f2w3s 0 0.425 0.4270833333333333 0.028125 0.0375
ckz6rw3in001v386l6bltg9jj 0 0.75703125 0.24583333333333332 0.0265625 0.03333333333333333
ckz6rw56s001x386l432ih3l6 0 0.9804924242424242 0.8338699494949495 0.021117424242424222 0.035416666666666666
cl4sse7t80004356hlgz3o2fx 0 0.806640625 0.9817708333333334 0.03046875 0.03229166666666667
cl4ssee0s0008356hd15z4qn8 0 0.58828125 0.11875 0.0296875 0.05
cl4ssegqi000c356hwxoota92 0 0.6015625 0.20625 0.025 0.04583333333333333
cl4sseopo000g356h6ldd8ms6 0 0.09609375 0.17847222222222223 0.0359375 0.04583333333333333
cl4uq6b5l0003356p4ou3mrfw 0 0.85625 0.22395833333333334 0.0375 0.04375
cl4uqbjp9000b356p2175vvqw 0 0.5009046052631578 0.7373081140350877 0.0421875 0.04375
cl4ur3vs8000v356pe031p1yo 0 0.49985119047619053 0.020353835978835978 0.025 0.027083333333333334
cl4urtjol000z356puo72ztp3 0 0.31205357142857143 0.12142857142857144 0.028125 0.03750000000000001
cl4uru0kq0013356pt4h9yjm1 0 0.5214725378787879 0.010811237373737374 0.0296875 0.01875
cl4urwkrx0017356pikpviaa9 0 0.3736830357142857 0.011398809523809525 0.0234375 0.021369047619047617
cl53eq6de000f356i3cjd5jif 1 0.57109375 0.13333333333333333 0.0890625 0.1125
cl53eqa7m000l356ivf26125u 1 0.3203125 0.21041666666666667 0.103125 0.09583333333333334
