ckz3v9nzv00033867jsekqdcl 0 0.270377890969163 0.4298825256975037 0.0265625 0.0375
ckz6ru2eb0001386lefk6js4m 0 0.23828125 0.5770833333333333 0.0265625 0.0375
ckz6ru3um0003386l39xwv0yk 0 0.2425902639442231 0.85625 0.0265625 0.0375
ckz6ru5610005386l8uoys4lc 0 0.19453125 0.8458333333333333 0.0265625 0.0375
ckz6ru6of0007386lhf2t4dtw 0 0.08359375 0.80625 0.0265625 0.0375
ckz6ru83f0009386lx7517dwf 0 0.022084751945525293 0.7429555771725033 0.0265625 0.0375
ckz6ru99l000b386l18xh2byu 0 0.13515625 0.18958333333333333 0.0265625 0.0375
ckz6rub67000d386ld3mx1dyi 0 0.22057291666666665 0.18472222222222223 0.0265625 0.041666666666666664
ckz6ruchb000f386lxxpeu5na 0 0.2699622844827586 0.12176724137931035 0.0265625 0.0375
ckz6rudsb000h386lkwwvc8dz 0 0.2831047661870504 0.2194019784172662 0.0265625 0.0375
ckz6ruf3e000j386lbyqpxw51 0 0.29741347111553784 0.32115703851261623 0.0265625 0.0375
ckz6rugcj000l386lzjazem8c 0 0.22879464285714285 0.4708333333333333 0.028125 0.04583333333333333
ckz6rui7o000n386lh32dwmkr 0 0.5561310016556291 0.9270005518763796 0.0265625 0.0375
ckz6ruj49000p386lndk3j9jv 0 0.63828125 0.5739962121212121 0.0265625 0.0375
ckz6rup8s000r386lkjotnoh0 0 0.48828125 0.86875 0.0265625 0.0375
ckz6rut1n000v386l8rfix41j 0 0.8460192408835905 0.8470985273492286 0.0265625 0.0375
ckz6ruunj000x386l4qiqzsvd 0 0.8366442408835905 0.9720985273492286 0.0265625 0.0375
ckz6ruw8w000z386lc52x10qx 0 0.8530691181626928 0.7511161757830762 0.0265625 0.0375
ckz6ruzco0013386lo3nqjmle 0 0.828125 0.43645833333333334 0.025 0.03958333333333333
ckz6rv4et0015386le3rdpw93 0 0.867312237394958 0.409375 0.025 0.03958333333333333
ckz6rva9o0019386ll7e0plel 0 0.665786310728745 0.16414473684210526 0.0265625 0.03333333333333333
ckz6rvlfq001d386lt59x4kz2 0 0.773929546915167 0.07422879177377892 0.0265625 0.03333333333333333
ckz6rvnb8001f386l63s6p1ys 0 0.71015625 0.6354166666666666 0.0265625 0.03333333333333333
ckz6rvpuj001h386lhrb15el1 0 0.5840767045454546 0.5066856060606061 0.0265625 0.03333333333333333
ckz6rvrjs001j386lscfviwaz 0 0.4965010943579767 0.40432068741893645 0.0265625 0.03333333333333333
ckz6rvvx4001n386lwp0hh90g 0 0.01120888157894737 0.2758552631578947 0.02241776315789474 0.03333333333333333
ckz6rvxvs001p386l9u5f2w3s 0 0.3689732142857143 0.4401785714285714 0.028125 0.0375
ckz6rw3in001v386l6bltg9jj 0 0.78359375 0.39895833333333336 0.0265625 0.03333333333333333
ckz6rw56s001x386l432ih3l6 0 0.9870146780303031 0.8155618686868688 0.01631155303030294 0.035416666666666666
cl4sse7t80004356hlgz3o2fx 0 0.775 0.8260416666666667 0.0296875 0.041666666666666664
cl4ssee0s0008356hd15z4qn8 0 0.58828125 0.11875 0.0296875 0.05
cl4ssegqi000c356hwxoota92 0 0.6015625 0.20625 0.025 0.04583333333333333
cl4sseopo000g356h6ldd8ms6 0 0.15703125 0.31666666666666665 0.0359375 0.04583333333333333
cl4uq6b5l0003356p4ou3mrfw 0 0.85625 0.22395833333333334 0.0375 0.04375
cl4uqbjp9000b356p2175vvqw 0 0.5035875822368421 0.7331345942982457 0.0421875 0.04375
cl4ur3tl4000r356p5yynq6lr 0 0.33125 0.057291666666666664 0.0234375 0.029166666666666667
cl4ur3vs8000v356pe031p1yo 0 0.49726190476190474 0.018052248677248677 0.025 0.027083333333333334
cl4urtjol000z356puo72ztp3 0 0.45 0.007291666666666667 0.028125 0.014583333333333334
cl4uru0kq0013356pt4h9yjm1 0 0.5255918560606061 0.009438131313131315 0.0296875 0.01875
cl53eq6de000f356i3cjd5jif 1 0.57109375 0.13333333333333333 0.0890625 0.1125
cl53eqa7m000l356ivf26125u 1 0.3203125 0.21041666666666667 0.103125 0.09583333333333334
