ckz3v9nzv00033867jsekqdcl 0 0.26484375 0.4354166666666667 0.0265625 0.0375
ckz6ru2eb0001386lefk6js4m 0 0.23828125 0.5770833333333333 0.0265625 0.0375
ckz6ru3um0003386l39xwv0yk 0 0.2420300049800797 0.85625 0.0265625 0.0375
ckz6ru5610005386l8uoys4lc 0 0.19453125 0.8458333333333333 0.0265625 0.0375
ckz6ru6of0007386lhf2t4dtw 0 0.08359375 0.80625 0.0265625 0.0375
ckz6ru83f0009386lx7517dwf 0 0.01661296206225681 0.7602829118028535 0.0265625 0.0375
ckz6ru99l000b386l18xh2byu 0 0.13515625 0.18958333333333333 0.0265625 0.0375
ckz6rub67000d386ld3mx1dyi 0 0.25546875 0.20717592592592593 0.0265625 0.041666666666666664
ckz6ruchb000f386lxxpeu5na 0 0.2512939453125 0.14306640625 0.0265625 0.0375
ckz6rudsb000h386lkwwvc8dz 0 0.2818401528776978 0.22108812949640289 0.0265625 0.0375
ckz6ruf3e000j386lbyqpxw51 0 0.27920505478087654 0.3454349269588313 0.0265625 0.0375
ckz6rugcj000l386lzjazem8c 0 0.11875 0.5229166666666667 0.028125 0.05
ckz6rui7o000n386lh32dwmkr 0 0.5345703125 0.9710358796296297 0.0265625 0.0375
ckz6ruj49000p386lndk3j9jv 0 0.6320709745762711 0.5933615819209039 0.0265625 0.0375
ckz6rup8s000r386lkjotnoh0 0 0.48828125 0.86875 0.0265625 0.0375
ckz6rut1n000v386l8rfix41j 0 0.844046940743338 0.853015427769986 0.0265625 0.0375
ckz6ruunj000x386l4qiqzsvd 0 0.834671940743338 0.978015427769986 0.0265625 0.0375
ckz6ruw8w000z386lc52x10qx 0 0.8515898930575035 0.7530884759233287 0.0265625 0.0375
ckz6ruzco0013386lo3nqjmle 0 0.828125 0.43645833333333334 0.025 0.03958333333333333
ckz6rv4et0015386le3rdpw93 0 0.8664259453781513 0.409375 0.025 0.03958333333333333
ckz6rva9o0019386ll7e0plel 0 0.6615767045454546 0.18295454545454545 0.0265625 0.03333333333333333
ckz6rvlfq001d386lt59x4kz2 0 0.7691735692771084 0.08509036144578314 0.0265625 0.03333333333333333
ckz6rvnb8001f386l63s6p1ys 0 0.71015625 0.6354166666666666 0.0265625 0.03333333333333333
ckz6rvpuj001h386lhrb15el1 0 0.5677182729007633 0.5347328244274809 0.02816078244274811 0.03333333333333333
ckz6rvrjs001j386lscfviwaz 0 0.48282161964980547 0.40614461738002594 0.0265625 0.03333333333333333
ckz6rvxvs001p386l9u5f2w3s 0 0.56171875 0.5354166666666667 0.028125 0.0375
ckz6rw3in001v386l6bltg9jj 0 0.68828125 0.10208333333333333 0.0265625 0.03333333333333333
ckz6rw56s001x386l432ih3l6 0 0.9755208333333334 0.8590277777777777 0.0234375 0.035416666666666666
cl4ssee0s0008356hd15z4qn8 0 0.58828125 0.11875 0.0296875 0.05
cl4ssegqi000c356hwxoota92 0 0.6015625 0.20625 0.025 0.04583333333333333
cl4uq6b5l0003356p4ou3mrfw 0 0.85625 0.22395833333333334 0.0375 0.04375
cl4uq7un10007356p14ye3ifb 0 0.94453125 0.2708333333333333 0.0328125 0.041666666666666664
cl4uqbjp9000b356p2175vvqw 0 0.49664884868421055 0.7439281798245614 0.0421875 0.04375
cl4ur3vs8000v356pe031p1yo 0 0.5039583333333334 0.02400462962962963 0.025 0.027083333333333334
cl4urtjol000z356puo72ztp3 0 0.14375 0.28072916666666664 0.028125 0.0375
cl4uru0kq0013356pt4h9yjm1 0 0.5149384469696969 0.012989267676767675 0.0296875 0.01875
cl4urwkrx0017356pikpviaa9 0 0.36773353494623656 0.02277105734767025 0.0234375 0.027083333333333334
cl4urzbou001b356p2c0bz1ci 0 0.12265625 0.011458333333333333 0.0265625 0.022916666666666665
cl53eq6de000f356i3cjd5jif 1 0.57109375 0.13333333333333333 0.0890625 0.1125
cl53eqa7m000l356ivf26125u 1 0.3203125 0.21041666666666667 0.103125 0.09583333333333334
