ckz3v9nzv00033867jsekqdcl 0 0.2740389933628319 0.4186946902654867 0.0265625 0.0375
ckz6ru2eb0001386lefk6js4m 0 0.23828125 0.5796361502347417 0.0265625 0.0375
ckz6ru3um0003386l39xwv0yk 0 0.24424515845070424 0.8528462441314554 0.0265625 0.0375
ckz6ru5610005386l8uoys4lc 0 0.19453125 0.8458333333333333 0.0265625 0.0375
ckz6ru6of0007386lhf2t4dtw 0 0.08359375 0.80625 0.0265625 0.0375
ckz6ru83f0009386lx7517dwf 0 0.027695862676056338 0.7295481220657277 0.0265625 0.0375
ckz6ru99l000b386l18xh2byu 0 0.13515625 0.18958333333333333 0.0265625 0.0375
ckz6rub67000d386ld3mx1dyi 0 0.20859375 0.14851190476190476 0.0265625 0.03750000000000001
ckz6ruchb000f386lxxpeu5na 0 0.3000390625 0.1029861111111111 0.0265625 0.0375
ckz6rudsb000h386lkwwvc8dz 0 0.2844480665467626 0.21761091127098323 0.0265625 0.0375
ckz6ruf3e000j386lbyqpxw51 0 0.31299515845070425 0.3078638497652582 0.0265625 0.0375
ckz6rugcj000l386lzjazem8c 0 0.37369791666666663 0.25 0.0265625 0.041666666666666664
ckz6rui7o000n386lh32dwmkr 0 0.5774757922535211 0.8840082159624413 0.0265625 0.0375
ckz6ruj49000p386lndk3j9jv 0 0.6442422326589595 0.566293352601156 0.0265625 0.0375
ckz6rup8s000r386lkjotnoh0 0 0.48828125 0.86875 0.0265625 0.0375
ckz6rurv1000t386llsdca8lh 0 0.659375 0.8145833333333333 0.0234375 0.0375
ckz6rut1n000v386l8rfix41j 0 0.8481142619214586 0.8408134642356242 0.0265625 0.0375
ckz6ruunj000x386l4qiqzsvd 0 0.8387392619214585 0.9658134642356242 0.0265625 0.0375
ckz6ruw8w000z386lc52x10qx 0 0.8546403839410941 0.749021154745208 0.0265625 0.0375
ckz6ruxwl0011386lwhdpziws 0 0.93671875 0.796875 0.0265625 0.04375
ckz6ruzco0013386lo3nqjmle 0 0.828125 0.43645833333333334 0.025 0.03958333333333333
ckz6rv4et0015386le3rdpw93 0 0.8682536764705882 0.409375 0.025 0.03958333333333333
ckz6rv5s20017386lyas5kerj 0 0.6361979166666667 0.15590277777777778 0.0234375 0.035416666666666666
ckz6rva9o0019386ll7e0plel 0 0.6714969758064516 0.1400537634408602 0.0265625 0.03333333333333332
ckz6rvlfq001d386lt59x4kz2 0 0.7710495661953727 0.06654884318766066 0.0265625 0.033333333333333326
ckz6rvnb8001f386l63s6p1ys 0 0.7114326584507042 0.637118544600939 0.0265625 0.03333333333333333
ckz6rvpuj001h386lhrb15el1 0 0.5901298415492958 0.4877934272300469 0.0265625 0.03333333333333333
ckz6rvrjs001j386lscfviwaz 0 0.4989326584507042 0.3870305164319249 0.0265625 0.03333333333333333
ckz6rvtvy001l386li54we947 0 0.01484375 0.5208333333333334 0.0296875 0.0375
ckz6rvvx4001n386lwp0hh90g 0 0.015755208333333333 0.23203125 0.0265625 0.03333333333333333
ckz6rvxvs001p386l9u5f2w3s 0 0.1484375 0.27291666666666664 0.028125 0.0375
ckz6rw3in001v386l6bltg9jj 0 0.78515625 0.7239583333333334 0.0265625 0.03333333333333333
ckz6rw56s001x386l432ih3l6 0 0.990673828125 0.7740234375 0.01865234375 0.034505208333333336
cl4sse7t80004356hlgz3o2fx 0 0.628125 0.428125 0.025 0.035416666666666666
cl4ssee0s0008356hd15z4qn8 0 0.58828125 0.11875 0.0296875 0.05
cl4ssegqi000c356hwxoota92 0 0.6015625 0.20625 0.025 0.04583333333333333
cl4sseopo000g356h6ldd8ms6 0 0.28359375 0.6 0.0390625 0.041666666666666664
cl4swkq5u0003356p8vuhc7nn 0 0.48671875 0.5631944444444446 0.0296875 0.03611111111111107
cl4uq6b5l0003356p4ou3mrfw 0 0.85625 0.22395833333333334 0.0375 0.04375
cl4uqbjp9000b356p2175vvqw 0 0.5109580592105263 0.7216694078947369 0.0421875 0.04375
cl53eq6de000f356i3cjd5jif 1 0.57109375 0.13333333333333333 0.0890625 0.1125
cl53eqa7m000l356ivf26125u 1 0.3203125 0.21041666666666667 0.103125 0.09583333333333334
