ckz3v9nzv00033867jsekqdcl 0 0.2712596792035398 0.42857669616519173 0.0265625 0.0375
ckz6ru2eb0001386lefk6js4m 0 0.23828125 0.5770833333333333 0.0265625 0.0375
ckz6ru3um0003386l39xwv0yk 0 0.2426848854581673 0.85625 0.0265625 0.0375
ckz6ru5610005386l8uoys4lc 0 0.19453125 0.8458333333333333 0.0265625 0.0375
ckz6ru6of0007386lhf2t4dtw 0 0.08359375 0.80625 0.0265625 0.0375
ckz6ru83f0009386lx7517dwf 0 0.023008876459143967 0.7400291828793775 0.0265625 0.0375
ckz6ru99l000b386l18xh2byu 0 0.13515625 0.18958333333333333 0.0265625 0.0375
ckz6rub67000d386ld3mx1dyi 0 0.22087053571428572 0.1806547619047619 0.0265625 0.041666666666666664
ckz6ruchb000f386lxxpeu5na 0 0.2748248922413793 0.11869612068965515 0.0265625 0.037499999999999985
ckz6rudsb000h386lkwwvc8dz 0 0.283318345323741 0.219117206235012 0.0265625 0.0375
ckz6ruf3e000j386lbyqpxw51 0 0.3009595218120805 0.3183864653243848 0.0265625 0.0375
ckz6rugcj000l386lzjazem8c 0 0.25546875 0.434375 0.0265625 0.035416666666666666
ckz6rui7o000n386lh32dwmkr 0 0.5596699089403974 0.9191363134657836 0.0265625 0.0375
ckz6ruj49000p386lndk3j9jv 0 0.6387960621387283 0.5723446531791907 0.0265625 0.0375
ckz6rup8s000r386lkjotnoh0 0 0.48828125 0.86875 0.0265625 0.0375
ckz6rurv1000t386llsdca8lh 0 0.99609375 0.990625 0.0078125 0.01875
ckz6rut1n000v386l8rfix41j 0 0.8463523404628331 0.8460992286115007 0.0265625 0.0375
ckz6ruunj000x386l4qiqzsvd 0 0.8369773404628331 0.9710992286115007 0.0265625 0.0375
ckz6ruw8w000z386lc52x10qx 0 0.8533189428471248 0.7507830762038336 0.0265625 0.0375
ckz6ruzco0013386lo3nqjmle 0 0.828125 0.43645833333333334 0.025 0.03958333333333333
ckz6rv4et0015386le3rdpw93 0 0.8674619222689076 0.409375 0.025 0.03958333333333333
ckz6rva9o0019386ll7e0plel 0 0.6667478491902834 0.15997807017543858 0.0265625 0.03333333333333333
ckz6rvlfq001d386lt59x4kz2 0 0.7734716420308484 0.07300771208226221 0.0265625 0.03333333333333333
ckz6rvnb8001f386l63s6p1ys 0 0.71015625 0.6354166666666666 0.0265625 0.03333333333333333
ckz6rvpuj001h386lhrb15el1 0 0.5860491071428571 0.5026785714285714 0.0265625 0.03333333333333333
ckz6rvrjs001j386lscfviwaz 0 0.49765625 0.40208333333333335 0.0265625 0.03333333333333333
ckz6rvvx4001n386lwp0hh90g 0 0.01328125 0.26875 0.0265625 0.03333333333333333
ckz6rvxvs001p386l9u5f2w3s 0 0.3265625 0.4583333333333333 0.028125 0.0375
ckz6rw3in001v386l6bltg9jj 0 0.77890625 0.4583333333333333 0.0265625 0.03333333333333333
ckz6rw56s001x386l432ih3l6 0 0.9898634785353535 0.8075652356902356 0.01421243686868685 0.035416666666666666
cl4sse7t80004356hlgz3o2fx 0 0.75984375 0.7595833333333334 0.0296875 0.041666666666666664
cl4ssee0s0008356hd15z4qn8 0 0.58828125 0.11875 0.0296875 0.05
cl4ssegqi000c356hwxoota92 0 0.6015625 0.20625 0.025 0.04583333333333333
cl4sseopo000g356h6ldd8ms6 0 0.16015625 0.3625 0.0359375 0.04583333333333333
cl4uq6b5l0003356p4ou3mrfw 0 0.85625 0.22395833333333334 0.0375 0.04375
cl4uqbjp9000b356p2175vvqw 0 0.5047594572368421 0.731311677631579 0.0421875 0.04375
cl53eq6de000f356i3cjd5jif 1 0.57109375 0.13333333333333333 0.0890625 0.1125
cl53eqa7m000l356ivf26125u 1 0.3203125 0.21041666666666667 0.103125 0.09583333333333334
