ckz3v9nzv00033867jsekqdcl 0 0.26745938876651987 0.43280102790014685 0.0265625 0.0375
ckz6ru2eb0001386lefk6js4m 0 0.23828125 0.5770833333333333 0.0265625 0.0375
ckz6ru3um0003386l39xwv0yk 0 0.24232631972111554 0.85625 0.0265625 0.0375
ckz6ru5610005386l8uoys4lc 0 0.19453125 0.8458333333333333 0.0265625 0.0375
ckz6ru6of0007386lhf2t4dtw 0 0.08359375 0.80625 0.0265625 0.0375
ckz6ru83f0009386lx7517dwf 0 0.01950693093385214 0.7511186770428016 0.0265625 0.0375
ckz6ru99l000b386l18xh2byu 0 0.13515625 0.18958333333333333 0.0265625 0.0375
ckz6rub67000d386ld3mx1dyi 0 0.22964154411764706 0.18700980392156863 0.0265625 0.041666666666666664
ckz6ruchb000f386lxxpeu5na 0 0.260009765625 0.1314453125 0.0265625 0.0375
ckz6rudsb000h386lkwwvc8dz 0 0.2825089928057554 0.22019634292565948 0.0265625 0.0375
ckz6ruf3e000j386lbyqpxw51 0 0.2888352838645418 0.33259462151394426 0.0265625 0.0375
ckz6rugcj000l386lzjazem8c 0 0.1640625 0.538888888888889 0.028125 0.05000000000000006
ckz6rui7o000n386lh32dwmkr 0 0.54619140625 0.9486545138888889 0.0265625 0.0375
ckz6ruj49000p386lndk3j9jv 0 0.6375860699152542 0.580755649717514 0.0265625 0.0375
ckz6rup8s000r386lkjotnoh0 0 0.48828125 0.86875 0.0265625 0.0375
ckz6rut1n000v386l8rfix41j 0 0.8450900683730715 0.8498860448807853 0.0265625 0.0375
ckz6ruunj000x386l4qiqzsvd 0 0.8357150683730715 0.9748860448807853 0.0265625 0.0375
ckz6ruw8w000z386lc52x10qx 0 0.8523722387798036 0.7520453482935952 0.0265625 0.0375
ckz6ruzco0013386lo3nqjmle 0 0.828125 0.43645833333333334 0.025 0.03958333333333333
ckz6rv4et0015386le3rdpw93 0 0.8668946953781512 0.409375 0.025 0.03958333333333333
ckz6rva9o0019386ll7e0plel 0 0.663186553030303 0.1754419191919192 0.0265625 0.03333333333333333
ckz6rvlfq001d386lt59x4kz2 0 0.7721605170682732 0.07911646586345382 0.0265625 0.03333333333333334
ckz6rvnb8001f386l63s6p1ys 0 0.71015625 0.6354166666666666 0.0265625 0.03333333333333333
ckz6rvpuj001h386lhrb15el1 0 0.5776538645038168 0.5205391221374046 0.02674141221374047 0.03333333333333333
ckz6rvrjs001j386lscfviwaz 0 0.49005654182879377 0.4051799610894941 0.0265625 0.03333333333333333
ckz6rvvx4001n386lwp0hh90g 0 0.0072968749999999995 0.29139583333333335 0.014593749999999999 0.033791666666666664
ckz6rvxvs001p386l9u5f2w3s 0 0.4365234375 0.40338541666666666 0.028125 0.0375
ckz6rw3in001v386l6bltg9jj 0 0.75859375 0.221875 0.0265625 0.03333333333333333
ckz6rw56s001x386l432ih3l6 0 0.979068023989899 0.837868265993266 0.022166982323232352 0.035416666666666666
cl4ssee0s0008356hd15z4qn8 0 0.58828125 0.11875 0.0296875 0.05
cl4ssegqi000c356hwxoota92 0 0.6015625 0.20625 0.025 0.04583333333333333
cl4sseopo000g356h6ldd8ms6 0 0.06953125 0.14375 0.0359375 0.04583333333333333
cl4uq6b5l0003356p4ou3mrfw 0 0.85625 0.22395833333333334 0.0375 0.04375
cl4uqbjp9000b356p2175vvqw 0 0.5003186677631579 0.738219572368421 0.0421875 0.04375
cl4ur3vs8000v356pe031p1yo 0 0.5004166666666666 0.020856481481481486 0.025 0.027083333333333338
cl4urtjol000z356puo72ztp3 0 0.2921875 0.14791666666666667 0.028125 0.0375
cl4uru0kq0013356pt4h9yjm1 0 0.5205729166666667 0.011111111111111112 0.0296875 0.01875
cl4urwkrx0017356pikpviaa9 0 0.37283482142857144 0.012953869047619049 0.0234375 0.022217261904761906
cl53eq6de000f356i3cjd5jif 1 0.57109375 0.13333333333333333 0.0890625 0.1125
cl53eqa7m000l356ivf26125u 1 0.3203125 0.21041666666666667 0.103125 0.09583333333333334
