ckz3v9nzv00033867jsekqdcl 0 0.2726700774336283 0.4235619469026549 0.0265625 0.0375
ckz6ru2eb0001386lefk6js4m 0 0.23828125 0.5770833333333333 0.0265625 0.0375
ckz6ru3um0003386l39xwv0yk 0 0.24293886952191235 0.85625 0.0265625 0.0375
ckz6ru5610005386l8uoys4lc 0 0.19453125 0.8458333333333333 0.0265625 0.0375
ckz6ru6of0007386lhf2t4dtw 0 0.08359375 0.80625 0.0265625 0.0375
ckz6ru83f0009386lx7517dwf 0 0.02548942120622568 0.7321741245136187 0.0265625 0.0375
ckz6ru99l000b386l18xh2byu 0 0.13515625 0.18958333333333333 0.0265625 0.0375
ckz6rub67000d386ld3mx1dyi 0 0.21707589285714285 0.17946428571428572 0.0265625 0.0375
ckz6ruchb000f386lxxpeu5na 0 0.2878771551724138 0.11045258620689655 0.0265625 0.0375
ckz6rudsb000h386lkwwvc8dz 0 0.2838916366906475 0.21835281774580337 0.0265625 0.0375
ckz6ruf3e000j386lbyqpxw51 0 0.3105861996644296 0.3112555928411633 0.0265625 0.0375
ckz6rugcj000l386lzjazem8c 0 0.32265625 0.37083333333333335 0.0265625 0.041666666666666664
ckz6rui7o000n386lh32dwmkr 0 0.5703125 0.8942708333333333 0.0265625 0.0375
ckz6ruj49000p386lndk3j9jv 0 0.6415597904624277 0.5692738439306358 0.0265625 0.0375
ckz6rup8s000r386lkjotnoh0 0 0.48828125 0.86875 0.0265625 0.0375
ckz6rurv1000t386llsdca8lh 0 0.8346354166666666 0.8451388888888889 0.0234375 0.0375
ckz6rut1n000v386l8rfix41j 0 0.8472464498597475 0.8434169004207573 0.0265625 0.0375
ckz6ruunj000x386l4qiqzsvd 0 0.8378714498597475 0.9684169004207573 0.0265625 0.0375
ckz6ruw8w000z386lc52x10qx 0 0.8539895248948106 0.7498889668069191 0.0265625 0.0375
ckz6ruzco0013386lo3nqjmle 0 0.828125 0.43645833333333334 0.025 0.03958333333333333
ckz6rv4et0015386le3rdpw93 0 0.8678637079831933 0.409375 0.025 0.03958333333333333
ckz6rv5s20017386lyas5kerj 0 0.5890625 0.06354166666666666 0.0234375 0.029166666666666667
ckz6rva9o0019386ll7e0plel 0 0.6693288208502024 0.1487938596491228 0.0265625 0.03333333333333333
ckz6rvlfq001d386lt59x4kz2 0 0.7722425289203085 0.06973007712082263 0.0265625 0.03333333333333334
ckz6rvnb8001f386l63s6p1ys 0 0.71015625 0.6354166666666666 0.0265625 0.03333333333333333
ckz6rvpuj001h386lhrb15el1 0 0.5908423402255639 0.49468984962406015 0.0265625 0.03333333333333333
ckz6rvrjs001j386lscfviwaz 0 0.49765625 0.3908991228070175 0.0265625 0.03333333333333333
ckz6rvvx4001n386lwp0hh90g 0 0.013523065476190477 0.2498263888888889 0.0265625 0.03333333333333333
ckz6rvxvs001p386l9u5f2w3s 0 0.2525 0.3545833333333333 0.028125 0.0375
ckz6rw3in001v386l6bltg9jj 0 0.77734375 0.5916666666666667 0.0265625 0.03333333333333333
ckz6rw56s001x386l432ih3l6 0 0.9937282986111111 0.778443287037037 0.0125 0.035416666666666666
cl4sse7t80004356hlgz3o2fx 0 0.68515625 0.5791666666666667 0.025 0.041666666666666664
cl4ssee0s0008356hd15z4qn8 0 0.58828125 0.11875 0.0296875 0.05
cl4ssegqi000c356hwxoota92 0 0.6015625 0.20625 0.025 0.04583333333333333
cl4sseopo000g356h6ldd8ms6 0 0.24953124999999998 0.4979166666666667 0.0359375 0.04583333333333333
cl4swkq5u0003356p8vuhc7nn 0 0.17630208333333333 0.41944444444444445 0.0328125 0.0375
cl4uq6b5l0003356p4ou3mrfw 0 0.85625 0.22395833333333334 0.0375 0.04375
cl4uqbjp9000b356p2175vvqw 0 0.5079050164473684 0.7264185855263158 0.0421875 0.04375
cl53eq6de000f356i3cjd5jif 1 0.57109375 0.13333333333333333 0.0890625 0.1125
cl53eqa7m000l356ivf26125u 1 0.3203125 0.21041666666666667 0.103125 0.09583333333333334
