ckz3v9nzv00033867jsekqdcl 0 0.2669637940528634 0.43329662261380325 0.0265625 0.0375
ckz6ru2eb0001386lefk6js4m 0 0.23828125 0.5770833333333333 0.0265625 0.0375
ckz6ru3um0003386l39xwv0yk 0 0.24228149900398405 0.85625 0.0265625 0.0375
ckz6ru5610005386l8uoys4lc 0 0.19453125 0.8458333333333333 0.0265625 0.0375
ckz6ru6of0007386lhf2t4dtw 0 0.08359375 0.80625 0.0265625 0.0375
ckz6ru83f0009386lx7517dwf 0 0.019069187743190663 0.7525048638132296 0.0265625 0.0375
ckz6ru99l000b386l18xh2byu 0 0.13515625 0.18958333333333333 0.0265625 0.0375
ckz6rub67000d386ld3mx1dyi 0 0.23129595588235294 0.18590686274509804 0.0265625 0.041666666666666664
ckz6ruchb000f386lxxpeu5na 0 0.25869140625 0.133203125 0.0265625 0.0375
ckz6rudsb000h386lkwwvc8dz 0 0.2824078237410072 0.22033123501199042 0.0265625 0.0375
ckz6ruf3e000j386lbyqpxw51 0 0.2873786105577689 0.33453685258964144 0.0265625 0.0375
ckz6rugcj000l386lzjazem8c 0 0.1625 0.5291666666666667 0.028125 0.05
ckz6rui7o000n386lh32dwmkr 0 0.54443359375 0.9520399305555556 0.0265625 0.0375
ckz6ruj49000p386lndk3j9jv 0 0.6367518538135594 0.5826624293785311 0.0265625 0.0375
ckz6rup8s000r386lkjotnoh0 0 0.48828125 0.86875 0.0265625 0.0375
ckz6rut1n000v386l8rfix41j 0 0.8449322843618514 0.850359396914446 0.0265625 0.0375
ckz6ruunj000x386l4qiqzsvd 0 0.8355572843618514 0.975359396914446 0.0265625 0.0375
ckz6ruw8w000z386lc52x10qx 0 0.8522539007713885 0.7522031323048154 0.0265625 0.0375
ckz6ruzco0013386lo3nqjmle 0 0.828125 0.43645833333333334 0.025 0.03958333333333333
ckz6rv4et0015386le3rdpw93 0 0.8668237920168067 0.409375 0.025 0.03958333333333333
ckz6rva9o0019386ll7e0plel 0 0.6629430465367966 0.1765782828282828 0.0265625 0.03333333333333333
ckz6rvlfq001d386lt59x4kz2 0 0.7717087098393575 0.08002008032128514 0.0265625 0.03333333333333333
ckz6rvnb8001f386l63s6p1ys 0 0.71015625 0.6354166666666666 0.0265625 0.03333333333333333
ckz6rvpuj001h386lhrb15el1 0 0.576151001908397 0.5226860687022901 0.02695610687022896 0.03333333333333333
ckz6rvrjs001j386lscfviwaz 0 0.4889621838521401 0.4053258754863813 0.0265625 0.03333333333333333
ckz6rvvx4001n386lwp0hh90g 0 0.006453125 0.2977708333333334 0.01290625 0.03454166666666669
ckz6rvxvs001p386l9u5f2w3s 0 0.4703125 0.45625 0.028125 0.0375
ckz6rw3in001v386l6bltg9jj 0 0.75625 0.18645833333333334 0.0265625 0.03333333333333333
ckz6rw56s001x386l432ih3l6 0 0.9777185921717171 0.8416561447811447 0.023161300505050518 0.035416666666666666
cl4ssee0s0008356hd15z4qn8 0 0.58828125 0.11875 0.0296875 0.05
cl4ssegqi000c356hwxoota92 0 0.6015625 0.20625 0.025 0.04583333333333333
cl4sseopo000g356h6ldd8ms6 0 0.05546875 0.14270833333333333 0.0296875 0.03958333333333333
cl4uq6b5l0003356p4ou3mrfw 0 0.85625 0.22395833333333334 0.0375 0.04375
cl4uqbjp9000b356p2175vvqw 0 0.49976356907894737 0.7390830592105264 0.0421875 0.04375
cl4ur3vs8000v356pe031p1yo 0 0.5009523809523809 0.02133267195767196 0.025 0.027083333333333334
cl4urtjol000z356puo72ztp3 0 0.283203125 0.1828125 0.028125 0.0375
cl4uru0kq0013356pt4h9yjm1 0 0.519720643939394 0.011395202020202019 0.0296875 0.01875
cl4urwkrx0017356pikpviaa9 0 0.37203125 0.014427083333333333 0.0234375 0.02302083333333333
cl53eq6de000f356i3cjd5jif 1 0.57109375 0.13333333333333333 0.0890625 0.1125
cl53eqa7m000l356ivf26125u 1 0.3203125 0.21041666666666667 0.103125 0.09583333333333334
