ckz3v9nzv00033867jsekqdcl 0 0.26484375 0.4354166666666667 0.0265625 0.0375
ckz6ru2eb0001386lefk6js4m 0 0.23828125 0.5770833333333333 0.0265625 0.0375
ckz6ru3um0003386l39xwv0yk 0 0.24008528386454184 0.85625 0.0265625 0.0375
ckz6ru5610005386l8uoys4lc 0 0.19453125 0.8458333333333333 0.0265625 0.0375
ckz6ru6of0007386lhf2t4dtw 0 0.08359375 0.80625 0.0265625 0.0375
ckz6ru99l000b386l18xh2byu 0 0.13515625 0.18958333333333333 0.0265625 0.0375
ckz6rub67000d386ld3mx1dyi 0 0.22473958333333335 0.21319444444444444 0.0265625 0.041666666666666664
ckz6ruchb000f386lxxpeu5na 0 0.21027895942408378 0.1893106457242583 0.026562500000000024 0.0375
ckz6rudsb000h386lkwwvc8dz 0 0.26497395833333337 0.2613888888888889 0.0265625 0.0375
ckz6ruf3e000j386lbyqpxw51 0 0.2201278409090909 0.39765151515151514 0.0265625 0.0375
ckz6rui7o000n386lh32dwmkr 0 0.53984375 0.98125 0.0265625 0.0375
ckz6ruj49000p386lndk3j9jv 0 0.6292658211297071 0.6075836820083682 0.0265625 0.0375
ckz6rup8s000r386lkjotnoh0 0 0.48828125 0.86875 0.0265625 0.0375
ckz6rut1n000v386l8rfix41j 0 0.84296875 0.85625 0.0265625 0.0375
ckz6ruunj000x386l4qiqzsvd 0 0.83359375 0.98125 0.0265625 0.0375
ckz6ruw8w000z386lc52x10qx 0 0.84140625 0.7738970588235294 0.0265625 0.0375
ckz6ruzco0013386lo3nqjmle 0 0.828125 0.43645833333333334 0.025 0.03958333333333333
ckz6rv4et0015386le3rdpw93 0 0.8640625 0.409375 0.025 0.03958333333333333
ckz6rva9o0019386ll7e0plel 0 0.6284046622401848 0.2386403002309469 0.0265625 0.03333333333333333
ckz6rvlfq001d386lt59x4kz2 0 0.73671875 0.14699074074074076 0.0265625 0.03333333333333333
ckz6rvnb8001f386l63s6p1ys 0 0.71015625 0.6354166666666666 0.0265625 0.03333333333333333
ckz6rvpuj001h386lhrb15el1 0 0.4978335084033613 0.6094887955182072 0.0296875 0.03333333333333333
ckz6rvrjs001j386lscfviwaz 0 0.4590644612970712 0.4672681311018131 0.0265625 0.03333333333333333
cl4ssee0s0008356hd15z4qn8 0 0.58828125 0.11875 0.0296875 0.05
cl4ssegqi000c356hwxoota92 0 0.6015625 0.20625 0.025 0.04583333333333333
cl4uq6b5l0003356p4ou3mrfw 0 0.85625 0.22395833333333334 0.0375 0.04375
cl4uqbjp9000b356p2175vvqw 0 0.48596594356796113 0.7582954085760518 0.0421875 0.04375
cl4uqf5bj000f356p05tutl57 0 0.7193274456521739 0.9391757246376812 0.0296875 0.03958333333333333
cl4uqu10i000j356pw85hd2yi 0 0.2194901315789474 0.7780153508771931 0.025 0.03958333333333333
cl4ur3vs8000v356pe031p1yo 0 0.4821489726027397 0.04984303652968036 0.025 0.027083333333333334
cl4uru0kq0013356pt4h9yjm1 0 0.5095533956692913 0.028600721784776906 0.0296875 0.03125000000000001
cl4urwkrx0017356pikpviaa9 0 0.35703125 0.06354166666666666 0.0234375 0.027083333333333334
cl4us4ype001h356pnyet3ts9 0 0.7984375 0.3229166666666667 0.034375 0.03958333333333333
cl4us8aru001l356p2sc1k1bh 0 0.973671875 0.03517361111111111 0.023906249999999928 0.035208333333333335
cl53eq6de000f356i3cjd5jif 1 0.57109375 0.13333333333333333 0.0890625 0.1125
cl53eqa7m000l356ivf26125u 1 0.3203125 0.21041666666666667 0.103125 0.09583333333333334
