ckz3v9nzv00033867jsekqdcl 0 0.268946172907489 0.4313142437591777 0.0265625 0.0375
ckz6ru2eb0001386lefk6js4m 0 0.23828125 0.5770833333333333 0.0265625 0.0375
ckz6ru3um0003386l39xwv0yk 0 0.24246078187250997 0.85625 0.0265625 0.0375
ckz6ru5610005386l8uoys4lc 0 0.19453125 0.8458333333333333 0.0265625 0.0375
ckz6ru6of0007386lhf2t4dtw 0 0.08359375 0.80625 0.0265625 0.0375
ckz6ru83f0009386lx7517dwf 0 0.020820160505836578 0.7469601167315175 0.0265625 0.0375
ckz6ru99l000b386l18xh2byu 0 0.13515625 0.18958333333333333 0.0265625 0.0375
ckz6rub67000d386ld3mx1dyi 0 0.22410714285714284 0.178125 0.0265625 0.041666666666666664
ckz6ruchb000f386lxxpeu5na 0 0.26396484375 0.126171875 0.0265625 0.0375
ckz6rudsb000h386lkwwvc8dz 0 0.2828125 0.21979166666666666 0.0265625 0.0375
ckz6ruf3e000j386lbyqpxw51 0 0.29320530378486054 0.32676792828685264 0.0265625 0.0375
ckz6rugcj000l386lzjazem8c 0 0.205859375 0.5161458333333333 0.028125 0.04583333333333333
ckz6rui7o000n386lh32dwmkr 0 0.5512882864238411 0.9377621412803533 0.0265625 0.0375
ckz6ruj49000p386lndk3j9jv 0 0.63828125 0.5769507575757575 0.0265625 0.0375
ckz6rup8s000r386lkjotnoh0 0 0.48828125 0.86875 0.0265625 0.0375
ckz6rut1n000v386l8rfix41j 0 0.8455634204067322 0.8484659887798036 0.0265625 0.0375
ckz6ruunj000x386l4qiqzsvd 0 0.8361884204067321 0.9734659887798036 0.0265625 0.0375
ckz6ruw8w000z386lc52x10qx 0 0.852727252805049 0.7515719962599345 0.0265625 0.0375
ckz6ruzco0013386lo3nqjmle 0 0.828125 0.43645833333333334 0.025 0.03958333333333333
ckz6rv4et0015386le3rdpw93 0 0.8671074054621849 0.409375 0.025 0.03958333333333333
ckz6rva9o0019386ll7e0plel 0 0.6644705212550608 0.1698464912280702 0.0265625 0.03333333333333333
ckz6rvlfq001d386lt59x4kz2 0 0.7735159387550201 0.07640562248995984 0.0265625 0.03333333333333333
ckz6rvnb8001f386l63s6p1ys 0 0.71015625 0.6354166666666666 0.0265625 0.03333333333333333
ckz6rvpuj001h386lhrb15el1 0 0.5811221590909091 0.5135795454545454 0.0265625 0.03333333333333333
ckz6rvrjs001j386lscfviwaz 0 0.49333961575875485 0.4047422178988327 0.0265625 0.03333333333333333
ckz6rvvx4001n386lwp0hh90g 0 0.00821546052631579 0.2861184210526316 0.01643092105263158 0.03333333333333333
ckz6rvxvs001p386l9u5f2w3s 0 0.403125 0.47291666666666665 0.028125 0.0375
ckz6rw3in001v386l6bltg9jj 0 0.78984375 0.30104166666666665 0.0265625 0.03333333333333333
ckz6rw56s001x386l432ih3l6 0 0.9831163194444444 0.8265046296296297 0.019184027777777855 0.035416666666666666
cl4sse7t80004356hlgz3o2fx 0 0.7888020833333333 0.9284722222222223 0.03281250000000009 0.041666666666666664
cl4ssee0s0008356hd15z4qn8 0 0.58828125 0.11875 0.0296875 0.05
cl4ssegqi000c356hwxoota92 0 0.6015625 0.20625 0.025 0.04583333333333333
cl4sseopo000g356h6ldd8ms6 0 0.10703125 0.25416666666666665 0.0359375 0.04583333333333333
cl4uq6b5l0003356p4ou3mrfw 0 0.85625 0.22395833333333334 0.0375 0.04375
cl4uqbjp9000b356p2175vvqw 0 0.5019839638157895 0.7356291118421052 0.0421875 0.04375
cl4ur3tl4000r356p5yynq6lr 0 0.41171875 0.06458333333333334 0.0234375 0.029166666666666667
cl4ur3vs8000v356pe031p1yo 0 0.4988095238095238 0.019427910052910054 0.025 0.027083333333333334
cl4urtjol000z356puo72ztp3 0 0.3546875 0.06041666666666667 0.028125 0.0375
cl4uru0kq0013356pt4h9yjm1 0 0.5231297348484849 0.010258838383838382 0.0296875 0.01875
cl4urwkrx0017356pikpviaa9 0 0.36484375 0.010416666666666666 0.0234375 0.020833333333333332
cl53eq6de000f356i3cjd5jif 1 0.57109375 0.13333333333333333 0.0890625 0.1125
cl53eqa7m000l356ivf26125u 1 0.3203125 0.21041666666666667 0.103125 0.09583333333333334
