ckz3v9nzv00033867jsekqdcl 0 0.27412195796460176 0.41839970501474927 0.0265625 0.0375
ckz6ru2eb0001386lefk6js4m 0 0.23828125 0.57981220657277 0.0265625 0.0375
ckz6ru3um0003386l39xwv0yk 0 0.2443331866197183 0.8526115023474179 0.0265625 0.0375
ckz6ru5610005386l8uoys4lc 0 0.19453125 0.8458333333333333 0.0265625 0.0375
ckz6ru6of0007386lhf2t4dtw 0 0.08359375 0.80625 0.0265625 0.0375
ckz6ru83f0009386lx7517dwf 0 0.027827904929577464 0.7294307511737089 0.0265625 0.0375
ckz6ru99l000b386l18xh2byu 0 0.13515625 0.18958333333333333 0.0265625 0.0375
ckz6rub67000d386ld3mx1dyi 0 0.20835700757575756 0.13964646464646466 0.0265625 0.0375
ckz6ruchb000f386lxxpeu5na 0 0.3007421875 0.10256944444444445 0.0265625 0.0375
ckz6rudsb000h386lkwwvc8dz 0 0.2844817895683453 0.2175659472422062 0.0265625 0.0375
ckz6ruf3e000j386lbyqpxw51 0 0.3130831866197183 0.30768779342723007 0.0265625 0.0375
ckz6rugcj000l386lzjazem8c 0 0.35546875 0.22708333333333333 0.0265625 0.041666666666666664
ckz6rui7o000n386lh32dwmkr 0 0.5779159330985915 0.8834800469483568 0.0265625 0.0375
ckz6ruj49000p386lndk3j9jv 0 0.6444048049132948 0.5661127167630057 0.0265625 0.0375
ckz6rup8s000r386lkjotnoh0 0 0.48828125 0.86875 0.0265625 0.0375
ckz6rurv1000t386llsdca8lh 0 0.653125 0.8302083333333333 0.0234375 0.0375
ckz6rut1n000v386l8rfix41j 0 0.8481668565918653 0.840655680224404 0.0265625 0.0375
ckz6ruunj000x386l4qiqzsvd 0 0.8387918565918653 0.965655680224404 0.0265625 0.0375
ckz6ruw8w000z386lc52x10qx 0 0.854679829943899 0.7489685600748014 0.0265625 0.0375
ckz6ruxwl0011386lwhdpziws 0 0.95546875 0.796875 0.0265625 0.04375
ckz6ruzco0013386lo3nqjmle 0 0.828125 0.43645833333333334 0.025 0.03958333333333333
ckz6rv4et0015386le3rdpw93 0 0.8682773109243698 0.409375 0.025 0.03958333333333333
ckz6rv5s20017386lyas5kerj 0 0.6513020833333333 0.15381944444444443 0.0234375 0.035416666666666666
ckz6rva9o0019386ll7e0plel 0 0.6716265841013824 0.1395353302611367 0.0265625 0.03333333333333333
ckz6rvlfq001d386lt59x4kz2 0 0.7709772654241644 0.06635604113110541 0.0265625 0.03333333333333334
ckz6rvnb8001f386l63s6p1ys 0 0.7115206866197183 0.6372359154929578 0.0265625 0.03333333333333333
ckz6rvpuj001h386lhrb15el1 0 0.5900418133802817 0.4873826291079812 0.0265625 0.03333333333333333
ckz6rvrjs001j386lscfviwaz 0 0.4990206866197183 0.38685446009389673 0.0265625 0.03333333333333333
ckz6rvtvy001l386li54we947 0 0.03125 0.5072916666666667 0.0296875 0.0375
ckz6rvvx4001n386lwp0hh90g 0 0.015950520833333332 0.230859375 0.0265625 0.03333333333333333
ckz6rvxvs001p386l9u5f2w3s 0 0.13854166666666667 0.3006944444444445 0.028125 0.0375
ckz6rw3in001v386l6bltg9jj 0 0.77109375 0.7145833333333333 0.0265625 0.03333333333333333
ckz6rw56s001x386l432ih3l6 0 0.9904854910714285 0.7737723214285716 0.019029017857142883 0.034449404761904744
cl4sse7t80004356hlgz3o2fx 0 0.6317708333333333 0.41631944444444446 0.025 0.035416666666666666
cl4ssee0s0008356hd15z4qn8 0 0.58828125 0.11875 0.0296875 0.05
cl4ssegqi000c356hwxoota92 0 0.6015625 0.20625 0.025 0.04583333333333333
cl4sseopo000g356h6ldd8ms6 0 0.27890625 0.6291666666666667 0.0390625 0.041666666666666664
cl4swkq5u0003356p8vuhc7nn 0 0.50625 0.5541666666666667 0.028125 0.035416666666666666
cl4uq6b5l0003356p4ou3mrfw 0 0.85625 0.22395833333333334 0.0375 0.04375
cl4uqbjp9000b356p2175vvqw 0 0.5111430921052632 0.7213815789473684 0.0421875 0.04375
cl53eq6de000f356i3cjd5jif 1 0.57109375 0.13333333333333333 0.0890625 0.1125
cl53eqa7m000l356ivf26125u 1 0.3203125 0.21041666666666667 0.103125 0.09583333333333334
