ckz3v9nzv00033867jsekqdcl 0 0.26484375 0.4354166666666667 0.0265625 0.0375
ckz6ru2eb0001386lefk6js4m 0 0.23828125 0.5770833333333333 0.0265625 0.0375
ckz6ru3um0003386l39xwv0yk 0 0.24187562250996017 0.85625 0.0265625 0.0375
ckz6ru5610005386l8uoys4lc 0 0.19453125 0.8458333333333333 0.0265625 0.0375
ckz6ru6of0007386lhf2t4dtw 0 0.08359375 0.80625 0.0265625 0.0375
ckz6ru83f0009386lx7517dwf 0 0.015105179961089493 0.7650575551232166 0.0265625 0.0375
ckz6ru99l000b386l18xh2byu 0 0.13515625 0.18958333333333333 0.0265625 0.0375
ckz6rub67000d386ld3mx1dyi 0 0.2766741071428572 0.23273809523809522 0.0265625 0.041666666666666664
ckz6ruchb000f386lxxpeu5na 0 0.2467529296875 0.14912109375 0.0265625 0.0375
ckz6rudsb000h386lkwwvc8dz 0 0.28149168165467625 0.221552757793765 0.0265625 0.0375
ckz6ruf3e000j386lbyqpxw51 0 0.2746710526315789 0.35219298245614034 0.0265625 0.0375
ckz6rugcj000l386lzjazem8c 0 0.052734375 0.5671875 0.028125 0.05
ckz6rui7o000n386lh32dwmkr 0 0.5340695918740849 0.9735511224987798 0.0265625 0.0375
ckz6ruj49000p386lndk3j9jv 0 0.6291975635593221 0.5999293785310734 0.0265625 0.0375
ckz6rup8s000r386lkjotnoh0 0 0.48828125 0.86875 0.0265625 0.0375
ckz6rut1n000v386l8rfix41j 0 0.8435034624824684 0.8546458625525947 0.0265625 0.0375
ckz6ruunj000x386l4qiqzsvd 0 0.8341284624824684 0.9796458625525947 0.0265625 0.0375
ckz6ruw8w000z386lc52x10qx 0 0.8511822843618514 0.7536319541841983 0.0265625 0.0375
ckz6ruzco0013386lo3nqjmle 0 0.828125 0.43645833333333334 0.025 0.03958333333333333
ckz6rv4et0015386le3rdpw93 0 0.8661817226890756 0.409375 0.025 0.03958333333333333
ckz6rva9o0019386ll7e0plel 0 0.66073795995671 0.18686868686868688 0.0265625 0.03333333333333333
ckz6rvlfq001d386lt59x4kz2 0 0.7676173443775101 0.08820281124497992 0.0265625 0.03333333333333333
ckz6rvnb8001f386l63s6p1ys 0 0.71015625 0.6354166666666666 0.0265625 0.03333333333333333
ckz6rvpuj001h386lhrb15el1 0 0.5625417461832061 0.5421278625954199 0.028900286259541996 0.033333333333333395
ckz6rvrjs001j386lscfviwaz 0 0.4800031043046357 0.40963024282560706 0.0265625 0.03333333333333333
ckz6rvxvs001p386l9u5f2w3s 0 0.6356770833333333 0.5829861111111111 0.028125 0.0375
ckz6rw3in001v386l6bltg9jj 0 0.64609375 0.04583333333333333 0.0265625 0.03333333333333333
ckz6rw56s001x386l432ih3l6 0 0.9742788461538462 0.8673076923076923 0.0234375 0.035416666666666666
cl4ssee0s0008356hd15z4qn8 0 0.58828125 0.11875 0.0296875 0.05
cl4ssegqi000c356hwxoota92 0 0.6015625 0.20625 0.025 0.04583333333333333
cl4uq6b5l0003356p4ou3mrfw 0 0.85625 0.22395833333333334 0.0375 0.04375
cl4uq7un10007356p14ye3ifb 0 0.89921875 0.23645833333333333 0.0328125 0.04375
cl4uqbjp9000b356p2175vvqw 0 0.49550970873786404 0.7455703883495146 0.0421875 0.04375
cl4ur3vs8000v356pe031p1yo 0 0.5058035714285715 0.025644841269841272 0.025 0.027083333333333334
cl4urtjol000z356puo72ztp3 0 0.04765625 0.2760416666666667 0.0296875 0.03958333333333333
cl4uru0kq0013356pt4h9yjm1 0 0.5120028409090909 0.013967803030303032 0.0296875 0.01875
cl4urwkrx0017356pikpviaa9 0 0.3662752016129032 0.028326612903225808 0.0234375 0.027083333333333334
cl53eq6de000f356i3cjd5jif 1 0.57109375 0.13333333333333333 0.0890625 0.1125
cl53eqa7m000l356ivf26125u 1 0.3203125 0.21041666666666667 0.103125 0.09583333333333334
