ckz3v9nzv00033867jsekqdcl 0 0.2707082874449339 0.42955212922173275 0.0265625 0.0375
ckz6ru2eb0001386lefk6js4m 0 0.23828125 0.5770833333333333 0.0265625 0.0375
ckz6ru3um0003386l39xwv0yk 0 0.24262014442231075 0.85625 0.0265625 0.0375
ckz6ru5610005386l8uoys4lc 0 0.19453125 0.8458333333333333 0.0265625 0.0375
ckz6ru6of0007386lhf2t4dtw 0 0.08359375 0.80625 0.0265625 0.0375
ckz6ru83f0009386lx7517dwf 0 0.02237658073929961 0.7420314526588846 0.0265625 0.0375
ckz6ru99l000b386l18xh2byu 0 0.13515625 0.18958333333333333 0.0265625 0.0375
ckz6rub67000d386ld3mx1dyi 0 0.22117598684210527 0.1820175438596491 0.0265625 0.041666666666666664
ckz6ruchb000f386lxxpeu5na 0 0.2714978448275862 0.12079741379310344 0.0265625 0.0375
ckz6rudsb000h386lkwwvc8dz 0 0.2831722122302158 0.21931205035971224 0.0265625 0.0375
ckz6ruf3e000j386lbyqpxw51 0 0.2985056627516779 0.32020413870246084 0.0265625 0.0375
ckz6rugcj000l386lzjazem8c 0 0.23125 0.45416666666666666 0.028125 0.04583333333333333
ckz6rui7o000n386lh32dwmkr 0 0.5572485513245033 0.9245171081677703 0.0265625 0.0375
ckz6ruj49000p386lndk3j9jv 0 0.63828125 0.573314393939394 0.0265625 0.0375
ckz6rup8s000r386lkjotnoh0 0 0.48828125 0.86875 0.0265625 0.0375
ckz6rut1n000v386l8rfix41j 0 0.8461244302244039 0.8467829593267882 0.0265625 0.0375
ckz6ruunj000x386l4qiqzsvd 0 0.8367494302244038 0.9717829593267882 0.0265625 0.0375
ckz6ruw8w000z386lc52x10qx 0 0.853148010168303 0.7510109864422627 0.0265625 0.0375
ckz6ruzco0013386lo3nqjmle 0 0.828125 0.43645833333333334 0.025 0.03958333333333333
ckz6rv4et0015386le3rdpw93 0 0.867359506302521 0.409375 0.025 0.03958333333333333
ckz6rva9o0019386ll7e0plel 0 0.6660899544534413 0.16282894736842107 0.0265625 0.03333333333333333
ckz6rvlfq001d386lt59x4kz2 0 0.7737849453727506 0.07384318766066839 0.0265625 0.03333333333333333
ckz6rvnb8001f386l63s6p1ys 0 0.71015625 0.6354166666666666 0.0265625 0.03333333333333333
ckz6rvpuj001h386lhrb15el1 0 0.5847585227272727 0.505094696969697 0.0265625 0.03333333333333333
ckz6rvrjs001j386lscfviwaz 0 0.4972306663424124 0.404223411154345 0.0265625 0.03333333333333333
ckz6rvvx4001n386lwp0hh90g 0 0.011899671052631578 0.27348684210526314 0.023799342105263157 0.03333333333333333
ckz6rvxvs001p386l9u5f2w3s 0 0.36484375 0.4270833333333333 0.028125 0.0375
ckz6rw3in001v386l6bltg9jj 0 0.75859375 0.4083333333333333 0.0265625 0.03333333333333333
ckz6rw56s001x386l432ih3l6 0 0.9879142992424242 0.8130366161616162 0.01564867424242422 0.035416666666666666
cl4sse7t80004356hlgz3o2fx 0 0.76015625 0.8159722222222222 0.0296875 0.041666666666666664
cl4ssee0s0008356hd15z4qn8 0 0.58828125 0.11875 0.0296875 0.05
cl4ssegqi000c356hwxoota92 0 0.6015625 0.20625 0.025 0.04583333333333333
cl4sseopo000g356h6ldd8ms6 0 0.16640625 0.30625 0.0359375 0.04583333333333333
cl4uq6b5l0003356p4ou3mrfw 0 0.85625 0.22395833333333334 0.0375 0.04375
cl4uqbjp9000b356p2175vvqw 0 0.5039576480263157 0.7325589364035088 0.0421875 0.04375
cl4ur3tl4000r356p5yynq6lr 0 0.32421875 0.018333333333333333 0.0234375 0.029166666666666667
cl4ur3vs8000v356pe031p1yo 0 0.4969047619047619 0.01773478835978836 0.025 0.027083333333333334
cl4urtjol000z356puo72ztp3 0 0.4765625 0.0125 0.0296875 0.025
cl53eq6de000f356i3cjd5jif 1 0.57109375 0.13333333333333333 0.0890625 0.1125
cl53eqa7m000l356ivf26125u 1 0.3203125 0.21041666666666667 0.103125 0.09583333333333334
