ckz3v9nzv00033867jsekqdcl 0 0.26993736233480176 0.4303230543318649 0.0265625 0.0375
ckz6ru2eb0001386lefk6js4m 0 0.23828125 0.5770833333333333 0.0265625 0.0375
ckz6ru3um0003386l39xwv0yk 0 0.24255042330677293 0.85625 0.0265625 0.0375
ckz6ru5610005386l8uoys4lc 0 0.19453125 0.8458333333333333 0.0265625 0.0375
ckz6ru6of0007386lhf2t4dtw 0 0.08359375 0.80625 0.0265625 0.0375
ckz6ru83f0009386lx7517dwf 0 0.021695646887159536 0.7441877431906615 0.0265625 0.0375
ckz6ru99l000b386l18xh2byu 0 0.13515625 0.18958333333333333 0.0265625 0.0375
ckz6rub67000d386ld3mx1dyi 0 0.22109375 0.18055555555555555 0.0265625 0.041666666666666664
ckz6ruchb000f386lxxpeu5na 0 0.26791487068965514 0.12306034482758621 0.0265625 0.0375
ckz6rudsb000h386lkwwvc8dz 0 0.2830148381294964 0.2195218824940048 0.0265625 0.0375
ckz6ruf3e000j386lbyqpxw51 0 0.2961186503984064 0.32288346613545815 0.0265625 0.0375
ckz6rugcj000l386lzjazem8c 0 0.1984375 0.49166666666666664 0.028125 0.04583333333333333
ckz6rui7o000n386lh32dwmkr 0 0.5546409354304636 0.9303118101545255 0.0265625 0.0375
ckz6ruj49000p386lndk3j9jv 0 0.63828125 0.574905303030303 0.0265625 0.0375
ckz6rup8s000r386lkjotnoh0 0 0.48828125 0.86875 0.0265625 0.0375
ckz6rut1n000v386l8rfix41j 0 0.8458789884291725 0.8475192847124825 0.0265625 0.0375
ckz6ruunj000x386l4qiqzsvd 0 0.8365039884291725 0.9725192847124825 0.0265625 0.0375
ckz6ruw8w000z386lc52x10qx 0 0.8529639288218794 0.7512564282374942 0.0265625 0.0375
ckz6ruzco0013386lo3nqjmle 0 0.828125 0.43645833333333334 0.025 0.03958333333333333
ckz6rv4et0015386le3rdpw93 0 0.8672492121848739 0.409375 0.025 0.03958333333333333
ckz6rva9o0019386ll7e0plel 0 0.6653814524291498 0.16589912280701755 0.0265625 0.03333333333333333
ckz6rvlfq001d386lt59x4kz2 0 0.7741223489717224 0.07474293059125964 0.0265625 0.033333333333333326
ckz6rvnb8001f386l63s6p1ys 0 0.71015625 0.6354166666666666 0.0265625 0.03333333333333333
ckz6rvpuj001h386lhrb15el1 0 0.5831676136363637 0.5088068181818182 0.0265625 0.03333333333333333
ckz6rvrjs001j386lscfviwaz 0 0.4955283317120623 0.40445038910505837 0.0265625 0.03333333333333333
ckz6rvvx4001n386lwp0hh90g 0 0.010287828947368422 0.27901315789473685 0.020575657894736844 0.033333333333333305
ckz6rvxvs001p386l9u5f2w3s 0 0.3890625 0.4395833333333333 0.028125 0.0375
ckz6rw3in001v386l6bltg9jj 0 0.79140625 0.37083333333333335 0.0265625 0.03333333333333333
ckz6rw56s001x386l432ih3l6 0 0.985815183080808 0.8189288720538721 0.017195391414141347 0.035416666666666666
cl4sse7t80004356hlgz3o2fx 0 0.76953125 0.8625 0.0328125 0.041666666666666664
cl4ssee0s0008356hd15z4qn8 0 0.58828125 0.11875 0.0296875 0.05
cl4ssegqi000c356hwxoota92 0 0.6015625 0.20625 0.025 0.04583333333333333
cl4sseopo000g356h6ldd8ms6 0 0.15703125 0.275 0.0359375 0.04583333333333333
cl4uq6b5l0003356p4ou3mrfw 0 0.85625 0.22395833333333334 0.0375 0.04375
cl4uqbjp9000b356p2175vvqw 0 0.5030941611842106 0.7339021381578947 0.0421875 0.04375
cl4ur3tl4000r356p5yynq6lr 0 0.36171875 0.09270833333333334 0.0234375 0.029166666666666667
cl4ur3vs8000v356pe031p1yo 0 0.4977380952380952 0.0184755291005291 0.025 0.027083333333333334
cl4urtjol000z356puo72ztp3 0 0.43828125 0.03333333333333333 0.0296875 0.029166666666666667
cl4uru0kq0013356pt4h9yjm1 0 0.5248342803030303 0.009690656565656567 0.0296875 0.01875
cl53eq6de000f356i3cjd5jif 1 0.57109375 0.13333333333333333 0.0890625 0.1125
cl53eqa7m000l356ivf26125u 1 0.3203125 0.21041666666666667 0.103125 0.09583333333333334
