ckz3v9nzv00033867jsekqdcl 0 0.2743708517699115 0.4175147492625369 0.0265625 0.0375
ckz6ru2eb0001386lefk6js4m 0 0.23828125 0.5803403755868544 0.0265625 0.0375
ckz6ru3um0003386l39xwv0yk 0 0.24459727112676055 0.8519072769953052 0.0265625 0.0375
ckz6ru5610005386l8uoys4lc 0 0.19453125 0.8458333333333333 0.0265625 0.0375
ckz6ru6of0007386lhf2t4dtw 0 0.08359375 0.80625 0.0265625 0.0375
ckz6ru83f0009386lx7517dwf 0 0.028224031690140844 0.7290786384976525 0.0265625 0.0375
ckz6ru99l000b386l18xh2byu 0 0.13515625 0.18958333333333333 0.0265625 0.0375
ckz6rub67000d386ld3mx1dyi 0 0.20409564393939394 0.1407828282828283 0.0265625 0.0375
ckz6ruchb000f386lxxpeu5na 0 0.3028515625 0.10131944444444445 0.0265625 0.0375
ckz6rudsb000h386lkwwvc8dz 0 0.2845829586330935 0.2174310551558753 0.0265625 0.0375
ckz6ruf3e000j386lbyqpxw51 0 0.31334727112676053 0.30715962441314554 0.0265625 0.0375
ckz6rugcj000l386lzjazem8c 0 0.37057291666666664 0.2138888888888889 0.0265625 0.041666666666666664
ckz6rui7o000n386lh32dwmkr 0 0.5792363556338028 0.8818955399061034 0.0265625 0.0375
ckz6ruj49000p386lndk3j9jv 0 0.6448925216763006 0.565570809248555 0.0265625 0.0375
ckz6rup8s000r386lkjotnoh0 0 0.48828125 0.86875 0.0265625 0.0375
ckz6rurv1000t386llsdca8lh 0 0.61796875 0.8182291666666667 0.0234375 0.0375
ckz6rut1n000v386l8rfix41j 0 0.8483246406030857 0.8401823281907433 0.0265625 0.0375
ckz6ruunj000x386l4qiqzsvd 0 0.8389496406030856 0.9651823281907433 0.0265625 0.0375
ckz6ruw8w000z386lc52x10qx 0 0.8547981679523142 0.748810776063581 0.0265625 0.0375
ckz6ruxwl0011386lwhdpziws 0 0.94765625 0.7885416666666667 0.0265625 0.04375
ckz6ruzco0013386lo3nqjmle 0 0.828125 0.43645833333333334 0.025 0.03958333333333333
ckz6rv4et0015386le3rdpw93 0 0.8683482142857143 0.409375 0.025 0.03958333333333333
ckz6rv5s20017386lyas5kerj 0 0.65796875 0.14520833333333333 0.0234375 0.035416666666666666
ckz6rva9o0019386ll7e0plel 0 0.6720154089861751 0.13798003072196618 0.0265625 0.03333333333333332
ckz6rvlfq001d386lt59x4kz2 0 0.7707603631105399 0.0657776349614396 0.0265625 0.03333333333333334
ckz6rvnb8001f386l63s6p1ys 0 0.7117847711267606 0.6375880281690142 0.0265625 0.03333333333333333
ckz6rvpuj001h386lhrb15el1 0 0.5897777288732394 0.48615023474178404 0.0265625 0.03333333333333333
ckz6rvrjs001j386lscfviwaz 0 0.4992847711267606 0.3863262910798122 0.0265625 0.03333333333333333
ckz6rvtvy001l386li54we947 0 0.044218749999999994 0.47708333333333336 0.029687499999999995 0.0375
ckz6rvvx4001n386lwp0hh90g 0 0.01653645833333333 0.22734375 0.0265625 0.03333333333333333
ckz6rvxvs001p386l9u5f2w3s 0 0.1345486111111111 0.280787037037037 0.028125 0.0375
ckz6rw3in001v386l6bltg9jj 0 0.780078125 0.75 0.0265625 0.03333333333333333
ckz6rw56s001x386l432ih3l6 0 0.9899204799107142 0.7730189732142857 0.020159040178571352 0.0342819940476191
cl4sse7t80004356hlgz3o2fx 0 0.6286458333333333 0.39479166666666665 0.025 0.035416666666666666
cl4ssee0s0008356hd15z4qn8 0 0.58828125 0.11875 0.0296875 0.05
cl4ssegqi000c356hwxoota92 0 0.6015625 0.20625 0.025 0.04583333333333333
cl4sseopo000g356h6ldd8ms6 0 0.29375 0.6614583333333334 0.0390625 0.041666666666666664
cl4swkq5u0003356p8vuhc7nn 0 0.5609375 0.5947916666666667 0.028125 0.035416666666666666
cl4uq6b5l0003356p4ou3mrfw 0 0.85625 0.22395833333333334 0.0375 0.04375
cl4uqbjp9000b356p2175vvqw 0 0.5116981907894738 0.7205180921052631 0.0421875 0.04375
